-3.189623413085937500e+02,-3.138479309082031250e+02,-3.222226867675781250e+02,-3.306568298339843750e+02,-3.198612976074218750e+02,-3.079497375488281250e+02,-3.159115295410156250e+02,-3.204289245605468750e+02,-3.178002624511718750e+02,-3.087292785644531250e+02,-3.036908569335937500e+02,-3.090191650390625000e+02,-3.158342895507812500e+02,-3.160184936523437500e+02,-3.114999084472656250e+02,-3.024205627441406250e+02,-3.000100708007812500e+02,-2.961250000000000000e+02,-2.084499359130859375e+02,-1.440554809570312500e+02,-1.216325149536132812e+02,-1.218065185546875000e+02,-1.162377319335937500e+02,-1.090128707885742188e+02,-9.600866699218750000e+01,-1.080295562744140625e+02,-1.520230102539062500e+02,-1.898086700439453125e+02,-2.026395568847656250e+02,-2.203889617919921875e+02,-2.242335357666015625e+02,-2.077742156982421875e+02,-2.116260833740234375e+02,-2.303400726318359375e+02,-2.510637512207031250e+02,-2.661836547851562500e+02,-2.637525634765625000e+02,-2.553056182861328125e+02,-2.549250640869140625e+02,-2.634534301757812500e+02,-2.744273986816406250e+02,-2.783628540039062500e+02,-2.689216308593750000e+02,-2.452733459472656250e+02,-2.312533111572265625e+02,-2.384805450439453125e+02,-2.464736175537109375e+02,-2.483240356445312500e+02,-2.518109283447265625e+02,-2.432891540527343750e+02,-2.371441345214843750e+02,-2.417039947509765625e+02,-2.508575592041015625e+02,-2.683992309570312500e+02,-2.752979736328125000e+02,-2.766574401855468750e+02,-2.933906555175781250e+02,-2.982234497070312500e+02,-3.044109802246093750e+02,-3.089600219726562500e+02,-3.133735351562500000e+02,-3.139508666992187500e+02,-3.098998413085937500e+02,-3.104977416992187500e+02,-3.106522827148437500e+02,-3.101375427246093750e+02,-3.135783081054687500e+02,-3.109015808105468750e+02,-3.055105590820312500e+02,-3.035258483886718750e+02,-3.095440673828125000e+02,-3.126019287109375000e+02,-3.099724121093750000e+02,-3.080216064453125000e+02,-3.074942016601562500e+02,-3.075982055664062500e+02,-3.185910644531250000e+02,-3.178955383300781250e+02,-3.097011718750000000e+02,-3.079607849121093750e+02,-3.111577148437500000e+02,-3.154973144531250000e+02,-3.125682678222656250e+02,-3.161336059570312500e+02,-3.137254943847656250e+02,-3.171231994628906250e+02,-3.112249450683593750e+02,-3.123747253417968750e+02,-3.130005798339843750e+02,-2.826318664550781250e+02,-2.320293731689453125e+02,-1.750983734130859375e+02,-1.317421112060546875e+02,-9.986970520019531250e+01,-1.022240066528320312e+02,-1.332830200195312500e+02,-1.616781311035156250e+02,-1.841768035888671875e+02,-1.699941864013671875e+02,-1.704966278076171875e+02,-1.844031066894531250e+02,-2.053432617187500000e+02,-2.301110687255859375e+02,-2.594128112792968750e+02,-2.437352294921875000e+02,-2.226426239013671875e+02,-2.275711822509765625e+02,-2.380241851806640625e+02,-2.338663635253906250e+02,-2.133515930175781250e+02,-1.997925720214843750e+02,-2.002794036865234375e+02,-2.074413146972656250e+02,-2.197538452148437500e+02,-2.217347717285156250e+02,-2.156898803710937500e+02,-2.135822753906250000e+02,-2.269002685546875000e+02,-2.460548095703125000e+02,-2.593513793945312500e+02,-2.545370941162109375e+02,-2.287927398681640625e+02,-2.172044372558593750e+02,-2.028386230468750000e+02,-1.933777313232421875e+02,-1.880725555419921875e+02,-1.927721405029296875e+02,-2.040970611572265625e+02,-2.179131774902343750e+02,-2.261532287597656250e+02,-2.449983825683593750e+02,-2.637478027343750000e+02,-2.769700622558593750e+02,-2.844521789550781250e+02,-2.890628967285156250e+02,-2.889803161621093750e+02,-2.808179321289062500e+02,-2.555449523925781250e+02,-2.305686645507812500e+02,-2.092036895751953125e+02,-1.941466369628906250e+02,-1.933142395019531250e+02,-2.071060028076171875e+02,-2.147235565185546875e+02,-2.169499511718750000e+02,-2.178726196289062500e+02,-2.119598236083984375e+02,-2.124644775390625000e+02,-2.316344299316406250e+02,-2.426553955078125000e+02,-2.612937622070312500e+02,-2.825660400390625000e+02,-2.930475769042968750e+02,-2.902305908203125000e+02,-2.863512268066406250e+02,-2.938443908691406250e+02,-3.062128906250000000e+02,-3.089670410156250000e+02,-3.049421386718750000e+02,-3.009217834472656250e+02,-3.024454040527343750e+02,-2.951763916015625000e+02,-2.705359191894531250e+02,-2.653601379394531250e+02,-2.838442382812500000e+02,-2.954704589843750000e+02,-2.884910583496093750e+02,-2.838313293457031250e+02,-2.881567077636718750e+02,-2.922062683105468750e+02,-2.877474975585937500e+02,-2.628967285156250000e+02,-2.556277008056640625e+02,-2.576789245605468750e+02,-2.589881896972656250e+02,-2.688799743652343750e+02,-2.839111022949218750e+02,-3.041174621582031250e+02,-3.049482421875000000e+02,-2.859565429687500000e+02,-2.548980102539062500e+02,-2.258286132812500000e+02,-2.192050018310546875e+02,-2.309841613769531250e+02,-2.578128662109375000e+02,-2.824820861816406250e+02,-2.905575561523437500e+02,-2.912023010253906250e+02,-2.910748291015625000e+02,-2.753346252441406250e+02,-2.772121887207031250e+02,-2.696754455566406250e+02,-2.558695526123046875e+02,-2.445754699707031250e+02,-2.497929534912109375e+02,-2.665038452148437500e+02,-2.727501525878906250e+02,-2.808662414550781250e+02,-2.710475158691406250e+02,-2.617151184082031250e+02,-2.648254089355468750e+02,-2.672299804687500000e+02,-2.676347351074218750e+02,-2.669290161132812500e+02,-2.670512084960937500e+02,-2.680621032714843750e+02,-2.714830017089843750e+02,-2.761755065917968750e+02,-2.834530639648437500e+02,-2.947178955078125000e+02,-3.022760925292968750e+02,-3.056536865234375000e+02,-3.147178039550781250e+02,-3.217657165527343750e+02,-3.009318237304687500e+02,-2.908443603515625000e+02,-3.073063354492187500e+02,-3.222936096191406250e+02,-3.271973571777343750e+02,-3.232834777832031250e+02,-3.237612609863281250e+02,-3.270331115722656250e+02,-3.272033081054687500e+02,-3.277424316406250000e+02,-3.307509460449218750e+02,-3.334853515625000000e+02,-3.246476745605468750e+02,-3.211916198730468750e+02,-3.235450744628906250e+02,-3.203154907226562500e+02,-3.165837097167968750e+02,-3.195527038574218750e+02,-3.150705871582031250e+02,-3.107131347656250000e+02,-3.066051330566406250e+02,-3.099868774414062500e+02,-3.101356201171875000e+02,-3.097096252441406250e+02,-3.056034545898437500e+02,-3.069596862792968750e+02,-3.018439025878906250e+02,-2.646856994628906250e+02,-2.328943939208984375e+02,-2.103986663818359375e+02,-2.004667510986328125e+02,-2.083116912841796875e+02,-1.875939025878906250e+02,-1.301131591796875000e+02,-9.360666656494140625e+01,-7.715419769287109375e+01,-7.682799530029296875e+01,-1.003692474365234375e+02,-1.336914367675781250e+02,-1.328473663330078125e+02,-1.178418197631835938e+02,-1.241230239868164062e+02,-1.530810241699218750e+02,-1.824721527099609375e+02,-1.857324066162109375e+02,-1.665348815917968750e+02,-1.669129333496093750e+02,-1.778930969238281250e+02,-1.891183929443359375e+02,-2.003994750976562500e+02,-2.153746948242187500e+02,-2.332101898193359375e+02,-2.492438659667968750e+02,-2.484663696289062500e+02,-2.696053466796875000e+02,-2.833522949218750000e+02,-2.911701049804687500e+02,-2.899040527343750000e+02,-2.168665313720703125e+02,-1.325008392333984375e+02,-1.032236709594726562e+02,-1.044500808715820312e+02,-1.199331893920898438e+02,-1.441102294921875000e+02,-1.752818756103515625e+02,-1.839374847412109375e+02,-1.636459045410156250e+02,-1.565655822753906250e+02,-1.620202789306640625e+02,-1.724232330322265625e+02,-1.784597015380859375e+02,-1.854346923828125000e+02,-2.044914398193359375e+02,-2.377284393310546875e+02,-2.555768280029296875e+02,-2.640008544921875000e+02,-2.793536682128906250e+02,-2.926423339843750000e+02,-3.022443542480468750e+02,-3.028048400878906250e+02,-3.015942993164062500e+02,-3.079845581054687500e+02,-3.007473449707031250e+02,-3.052702026367187500e+02,-3.140454101562500000e+02,-3.085517883300781250e+02,-3.114836425781250000e+02,-3.082631225585937500e+02,-3.099566650390625000e+02,-3.097277221679687500e+02,-3.135032043457031250e+02,-3.201396484375000000e+02,-3.188765258789062500e+02,-3.109666442871093750e+02,-3.126837768554687500e+02,-3.174776611328125000e+02,-3.134571838378906250e+02,-3.052528991699218750e+02,-3.010714721679687500e+02,-3.029682006835937500e+02,-3.028604125976562500e+02,-3.059424133300781250e+02,-3.073898925781250000e+02,-3.085880432128906250e+02,-3.034126892089843750e+02,-2.994681091308593750e+02,-3.020533752441406250e+02,-3.070263671875000000e+02,-3.085512390136718750e+02,-3.062808227539062500e+02,-3.012845764160156250e+02,-2.948416748046875000e+02,-2.918906860351562500e+02,-2.936319580078125000e+02,-2.919551696777343750e+02,-2.931029968261718750e+02,-2.887569580078125000e+02,-2.868583068847656250e+02,-2.875213012695312500e+02,-2.836428833007812500e+02,-2.546837615966796875e+02,-2.098343200683593750e+02,-1.690556335449218750e+02,-1.266433410644531250e+02,-9.505130767822265625e+01,-8.728193664550781250e+01,-8.201038360595703125e+01,-8.259346008300781250e+01,-8.175725555419921875e+01,-7.365145874023437500e+01,-8.868262481689453125e+01,-1.155361480712890625e+02,-1.598107299804687500e+02,-1.753523101806640625e+02,-1.528148803710937500e+02,-1.440502929687500000e+02,-1.646851043701171875e+02,-1.900519256591796875e+02,-2.221658782958984375e+02,-2.515938415527343750e+02,-2.525067138671875000e+02,-1.714292144775390625e+02,-1.262935638427734375e+02,-1.068978958129882812e+02,-8.896989440917968750e+01,-7.967583465576171875e+01,-7.869088745117187500e+01,-8.566445159912109375e+01,-1.058013458251953125e+02,-1.217969589233398438e+02,-1.240630569458007812e+02,-1.404105682373046875e+02,-1.552743682861328125e+02,-1.699188537597656250e+02,-1.994313354492187500e+02,-2.287010040283203125e+02,-1.921429290771484375e+02,-1.742411346435546875e+02,-1.953699188232421875e+02,-2.128812103271484375e+02,-2.393137817382812500e+02,-2.578066101074218750e+02,-2.486035308837890625e+02,-2.407906341552734375e+02,-2.468008270263671875e+02,-2.487790527343750000e+02,-2.513478240966796875e+02,-2.580606384277343750e+02,-2.652411499023437500e+02,-2.642614440917968750e+02,-2.645328979492187500e+02,-2.726520996093750000e+02,-2.755651855468750000e+02,-2.745176696777343750e+02,-2.636311950683593750e+02,-2.558452758789062500e+02,-2.514622497558593750e+02,-2.515728912353515625e+02,-2.443948974609375000e+02,-2.201284637451171875e+02,-1.864268035888671875e+02,-1.685221557617187500e+02,-1.614516448974609375e+02,-1.662149505615234375e+02,-1.939856109619140625e+02,-2.302534179687500000e+02,-2.650711669921875000e+02,-2.767430114746093750e+02,-2.861895141601562500e+02,-2.430216674804687500e+02,-2.221809844970703125e+02,-2.415300750732421875e+02,-2.716302185058593750e+02,-2.901851196289062500e+02,-2.872218322753906250e+02,-2.620404663085937500e+02,-2.592216186523437500e+02,-2.516238403320312500e+02,-2.358994750976562500e+02,-2.330164337158203125e+02,-2.419820404052734375e+02,-2.304942932128906250e+02,-2.046905364990234375e+02,-2.006280822753906250e+02,-1.956490783691406250e+02,-1.924182586669921875e+02,-1.939602355957031250e+02,-2.105211029052734375e+02,-2.421801452636718750e+02,-2.648638916015625000e+02,-2.715000305175781250e+02,-2.574825744628906250e+02,-2.458174896240234375e+02,-2.526877136230468750e+02,-2.588450927734375000e+02,-2.738262023925781250e+02,-2.920147399902343750e+02,-2.972461242675781250e+02,-2.945458374023437500e+02,-2.730270996093750000e+02,-2.454815368652343750e+02,-2.251054534912109375e+02,-2.216331329345703125e+02,-2.282730102539062500e+02,-2.381786651611328125e+02,-2.449212951660156250e+02,-2.585307617187500000e+02,-2.694400939941406250e+02,-2.700076904296875000e+02,-2.778723754882812500e+02,-2.928637390136718750e+02,-3.026367187500000000e+02,-3.027453613281250000e+02,-3.032011413574218750e+02,-3.094820251464843750e+02,-3.105360717773437500e+02,-3.075730285644531250e+02,-3.082925720214843750e+02,-3.093844299316406250e+02,-3.056633911132812500e+02,-3.079762573242187500e+02,-3.141965637207031250e+02,-3.140926818847656250e+02,-3.109606628417968750e+02,-3.123594055175781250e+02,-3.111932983398437500e+02,-3.058514404296875000e+02,-2.819821166992187500e+02,-2.319855346679687500e+02,-2.070244903564453125e+02,-2.122710876464843750e+02,-2.304654083251953125e+02,-2.515968475341796875e+02,-2.512692871093750000e+02,-2.205225830078125000e+02,-1.901730651855468750e+02,-1.769614410400390625e+02,-1.854576568603515625e+02,-1.946703033447265625e+02,-1.861862030029296875e+02,-1.781447448730468750e+02,-1.825740203857421875e+02,-1.930053405761718750e+02,-1.873091430664062500e+02,-1.894552764892578125e+02,-1.968923797607421875e+02,-2.007367553710937500e+02,-2.033737335205078125e+02,-2.226154632568359375e+02,-2.308972473144531250e+02,-2.189757995605468750e+02,-2.079523773193359375e+02,-1.970968170166015625e+02,-1.966655426025390625e+02,-1.953784179687500000e+02,-1.831419677734375000e+02,-1.717839202880859375e+02,-1.821072845458984375e+02,-1.954820251464843750e+02,-2.003146209716796875e+02,-2.038899688720703125e+02,-2.239836578369140625e+02,-2.463038635253906250e+02,-2.661160583496093750e+02,-2.732393798828125000e+02,-2.802107849121093750e+02,-2.885403747558593750e+02,-2.935936889648437500e+02,-3.022244567871093750e+02,-3.106576843261718750e+02,-3.035299072265625000e+02,-3.019797058105468750e+02,-2.998418884277343750e+02,-2.966929321289062500e+02,-2.953039550781250000e+02,-2.930822143554687500e+02,-2.897492675781250000e+02,-2.910907592773437500e+02,-2.918217163085937500e+02,-2.875934448242187500e+02,-2.902164916992187500e+02,-2.730146484375000000e+02,-1.797832946777343750e+02,-1.127702178955078125e+02,-8.769728851318359375e+01,-8.652057647705078125e+01,-9.940855407714843750e+01,-9.951037597656250000e+01,-9.837802124023437500e+01,-1.121109161376953125e+02,-1.308491058349609375e+02,-1.513776397705078125e+02,-1.692069702148437500e+02,-1.850661163330078125e+02,-1.995889739990234375e+02,-2.130309906005859375e+02,-2.071741638183593750e+02,-2.006918640136718750e+02,-1.768415222167968750e+02,-1.684293670654296875e+02,-1.751458435058593750e+02,-1.625971221923828125e+02,-1.583104705810546875e+02,-1.671049804687500000e+02,-1.722326202392578125e+02,-1.779291534423828125e+02,-1.845951995849609375e+02,-2.047089691162109375e+02,-2.184820556640625000e+02,-2.256087493896484375e+02,-2.303945617675781250e+02,-2.370750427246093750e+02,-2.459721679687500000e+02,-2.644461975097656250e+02,-2.737141418457031250e+02,-2.811072082519531250e+02,-2.919819335937500000e+02,-2.954448852539062500e+02,-3.003011474609375000e+02,-3.033395385742187500e+02,-3.011845092773437500e+02,-3.033992919921875000e+02,-3.008184204101562500e+02,-2.991759948730468750e+02,-3.001111450195312500e+02,-3.050944213867187500e+02,-3.008323669433593750e+02,-2.980355834960937500e+02,-3.070544433593750000e+02,-3.024314575195312500e+02,-2.954439086914062500e+02,-3.073829345703125000e+02,-3.131509094238281250e+02,-3.085975036621093750e+02,-3.077948608398437500e+02,-2.992156982421875000e+02,-2.329812774658203125e+02,-1.792630157470703125e+02,-1.680695953369140625e+02,-1.819206542968750000e+02,-1.993015289306640625e+02,-2.129963684082031250e+02,-2.136706542968750000e+02,-2.003961029052734375e+02,-2.027825012207031250e+02,-2.179124908447265625e+02,-2.405635986328125000e+02,-2.338540649414062500e+02,-1.890401000976562500e+02,-1.722128448486328125e+02,-1.832142791748046875e+02,-1.959481353759765625e+02,-1.899356079101562500e+02,-1.971736145019531250e+02,-2.074751739501953125e+02,-2.047115325927734375e+02,-2.066063842773437500e+02,-2.020169982910156250e+02,-1.755657501220703125e+02,-1.518730621337890625e+02,-1.495059814453125000e+02,-1.546298370361328125e+02,-1.635014801025390625e+02,-1.931387939453125000e+02,-2.222112731933593750e+02,-2.540126342773437500e+02,-2.755901794433593750e+02,-2.781601257324218750e+02,-2.632800903320312500e+02,-2.415492095947265625e+02,-2.367758941650390625e+02,-2.608024291992187500e+02,-2.786379699707031250e+02,-2.427347869873046875e+02,-2.116460723876953125e+02,-2.156792755126953125e+02,-2.328385925292968750e+02,-2.372095031738281250e+02,-2.454922943115234375e+02,-2.573141784667968750e+02,-2.318439483642578125e+02,-1.752206878662109375e+02,-1.413709411621093750e+02,-1.316839599609375000e+02,-1.282432861328125000e+02,-1.281821136474609375e+02,-1.418473205566406250e+02,-1.742489776611328125e+02,-2.140453338623046875e+02,-2.534149627685546875e+02,-2.882437438964843750e+02,-3.063205261230468750e+02,-3.085024719238281250e+02,-3.079089660644531250e+02,-2.658978576660156250e+02,-1.997918395996093750e+02,-1.889580993652343750e+02,-2.097984771728515625e+02,-2.301523284912109375e+02,-2.426611480712890625e+02,-2.514831695556640625e+02,-2.627676696777343750e+02,-2.719908447265625000e+02,-2.679001159667968750e+02,-2.442333068847656250e+02,-2.189064941406250000e+02,-1.962266845703125000e+02,-1.868026428222656250e+02,-1.889645996093750000e+02,-1.966690368652343750e+02,-1.942645111083984375e+02,-1.991447296142578125e+02,-2.069630126953125000e+02,-2.080921630859375000e+02,-2.153918762207031250e+02,-2.333560180664062500e+02,-2.591371154785156250e+02,-2.850866394042968750e+02,-3.047945556640625000e+02,-3.182349548339843750e+02,-2.974730224609375000e+02,-2.122038421630859375e+02,-1.569950714111328125e+02,-1.451720123291015625e+02,-1.393563537597656250e+02,-1.218135147094726562e+02,-1.044991912841796875e+02,-1.050826950073242188e+02,-1.137082748413085938e+02,-1.245485229492187500e+02,-1.611647033691406250e+02,-2.098847961425781250e+02,-2.354255523681640625e+02,-2.488678283691406250e+02,-2.472656250000000000e+02,-2.519913787841796875e+02,-2.678504943847656250e+02,-2.839988403320312500e+02,-2.861244506835937500e+02,-2.902130432128906250e+02,-2.971470642089843750e+02,-2.927101440429687500e+02,-2.932256774902343750e+02,-2.940612487792968750e+02,-2.984490356445312500e+02,-3.005699462890625000e+02,-3.069192810058593750e+02,-3.248000793457031250e+02,-3.097866210937500000e+02,-3.032936401367187500e+02,-3.059927673339843750e+02,-3.060836486816406250e+02,-3.046932678222656250e+02,-3.025770874023437500e+02,-3.042880249023437500e+02,-3.033293151855468750e+02,-3.026415100097656250e+02,-3.080296325683593750e+02,-3.076445922851562500e+02,-3.074407043457031250e+02,-3.084102783203125000e+02,-3.045172424316406250e+02,-3.097446899414062500e+02,-3.085433959960937500e+02,-3.096615295410156250e+02,-3.054073486328125000e+02,-3.029101562500000000e+02,-3.097247314453125000e+02,-2.969158630371093750e+02,-2.013223114013671875e+02,-1.599766082763671875e+02,-1.582711791992187500e+02,-1.700032348632812500e+02,-1.960728912353515625e+02,-2.064561004638671875e+02,-2.182120819091796875e+02,-2.183738555908203125e+02,-2.264067993164062500e+02,-2.318807373046875000e+02,-2.286641540527343750e+02,-2.185618438720703125e+02,-2.062090606689453125e+02,-1.994981079101562500e+02,-2.033683776855468750e+02,-2.099721679687500000e+02,-1.827249145507812500e+02,-1.544276733398437500e+02,-1.447971954345703125e+02,-1.565409545898437500e+02,-1.721617126464843750e+02,-1.837478637695312500e+02,-2.002841491699218750e+02,-2.118633728027343750e+02,-2.246374664306640625e+02,-2.224231872558593750e+02,-2.327192687988281250e+02,-2.402908782958984375e+02,-2.447565612792968750e+02,-2.569544372558593750e+02,-2.660309753417968750e+02,-2.726249084472656250e+02,-2.797178344726562500e+02,-2.876513366699218750e+02,-3.014562988281250000e+02,-3.041330871582031250e+02,-3.073068237304687500e+02,-3.101093444824218750e+02,-3.158777160644531250e+02,-3.124868164062500000e+02,-3.142738037109375000e+02,-3.166553649902343750e+02,-3.131876220703125000e+02,-3.132387695312500000e+02,-3.192084045410156250e+02,-3.157060546875000000e+02,-3.115718078613281250e+02,-3.119505310058593750e+02,-3.120183715820312500e+02,-3.150638732910156250e+02,-3.206445312500000000e+02,-3.108674621582031250e+02,-3.099603271484375000e+02,-3.126385192871093750e+02,-3.090248718261718750e+02,-3.110411682128906250e+02,-3.091163024902343750e+02,-3.102902832031250000e+02,-3.131714477539062500e+02,-3.060003051757812500e+02,-3.037768859863281250e+02,-3.117189941406250000e+02,-3.131581420898437500e+02,-3.105396423339843750e+02,-3.089164428710937500e+02,-3.112220153808593750e+02,-3.097800292968750000e+02,-3.040832214355468750e+02,-2.923970336914062500e+02,-2.523625030517578125e+02,-2.226024017333984375e+02,-2.232475128173828125e+02,-2.410222015380859375e+02,-2.593132019042968750e+02,-2.615798339843750000e+02,-2.459595794677734375e+02,-2.154835815429687500e+02,-1.925940246582031250e+02,-1.942154846191406250e+02,-2.227414398193359375e+02,-2.511353912353515625e+02,-2.539677276611328125e+02,-2.541943969726562500e+02,-2.650354919433593750e+02,-2.484215393066406250e+02,-2.286310272216796875e+02,-2.203241577148437500e+02,-2.186370391845703125e+02,-2.146145019531250000e+02,-1.934236297607421875e+02,-1.787844848632812500e+02,-1.761747894287109375e+02,-1.810204925537109375e+02,-1.923978881835937500e+02,-2.016949310302734375e+02,-2.028568878173828125e+02,-2.069743957519531250e+02,-2.050164184570312500e+02,-2.095131988525390625e+02,-2.195875244140625000e+02,-2.343089447021484375e+02,-2.457086334228515625e+02,-2.441627960205078125e+02,-2.303186035156250000e+02,-2.217882995605468750e+02,-2.203424835205078125e+02,-2.146125640869140625e+02,-2.042926635742187500e+02,-2.045853729248046875e+02,-1.879474639892578125e+02,-1.900156097412109375e+02,-1.978228149414062500e+02,-2.003502655029296875e+02,-2.088432769775390625e+02,-2.127438659667968750e+02,-1.964229431152343750e+02,-1.866676177978515625e+02,-1.906579742431640625e+02,-1.959482879638671875e+02,-2.108427429199218750e+02,-2.225989685058593750e+02,-2.346997222900390625e+02,-2.426268157958984375e+02,-2.379165039062500000e+02,-2.295545043945312500e+02,-2.177390441894531250e+02,-2.078839569091796875e+02,-1.968426666259765625e+02,-1.975776519775390625e+02,-1.985864715576171875e+02,-1.956004333496093750e+02,-1.944771423339843750e+02,-2.085601959228515625e+02,-2.288371887207031250e+02,-2.470714569091796875e+02,-2.525719451904296875e+02,-2.662207641601562500e+02,-2.570902709960937500e+02,-2.169388427734375000e+02,-1.938735809326171875e+02,-1.857582550048828125e+02,-1.854469451904296875e+02,-1.917894897460937500e+02,-2.003816680908203125e+02,-2.152600860595703125e+02,-2.345534667968750000e+02,-2.427495727539062500e+02,-2.150837249755859375e+02,-1.791975402832031250e+02,-1.714733734130859375e+02,-1.874050445556640625e+02,-2.024525604248046875e+02,-2.277403869628906250e+02,-2.491489868164062500e+02,-2.589778442382812500e+02,-2.752953491210937500e+02,-2.786760253906250000e+02,-2.798919372558593750e+02,-2.835175476074218750e+02,-2.839598388671875000e+02,-2.874952392578125000e+02,-2.823428649902343750e+02,-2.838048400878906250e+02,-2.858026123046875000e+02,-2.860790710449218750e+02,-2.844153137207031250e+02,-2.869607543945312500e+02,-2.934294128417968750e+02,-2.900072631835937500e+02,-2.934049987792968750e+02,-2.882274780273437500e+02,-2.888538513183593750e+02,-2.922545166015625000e+02,-2.924223632812500000e+02,-2.912344665527343750e+02,-2.884877319335937500e+02,-2.788658752441406250e+02,-2.777463073730468750e+02,-2.693574523925781250e+02,-2.433563537597656250e+02,-2.295953063964843750e+02,-2.340795745849609375e+02,-2.462951202392578125e+02,-2.323537597656250000e+02,-2.062688293457031250e+02,-1.854860076904296875e+02,-1.860410003662109375e+02,-1.976091308593750000e+02,-1.845102844238281250e+02,-1.659599761962890625e+02,-1.379076843261718750e+02,-1.193136520385742188e+02,-1.051796264648437500e+02,-9.787222290039062500e+01,-9.151654815673828125e+01,-9.742913818359375000e+01,-1.085297546386718750e+02,-1.230598068237304688e+02,-1.551720581054687500e+02,-1.838596496582031250e+02,-1.920821228027343750e+02,-1.840382537841796875e+02,-1.739720764160156250e+02,-1.735868530273437500e+02,-1.831466064453125000e+02,-1.723048858642578125e+02,-1.610520629882812500e+02,-1.525806274414062500e+02,-1.537120208740234375e+02,-1.572140045166015625e+02,-1.630106201171875000e+02,-1.654570617675781250e+02,-1.694442138671875000e+02,-1.755215148925781250e+02,-1.768856811523437500e+02,-1.788258666992187500e+02,-1.879605102539062500e+02,-1.989252166748046875e+02,-1.974242401123046875e+02,-1.850957641601562500e+02,-1.683744812011718750e+02,-1.548492889404296875e+02,-1.456376495361328125e+02,-1.350952301025390625e+02,-1.380207366943359375e+02,-1.488542327880859375e+02,-1.656609191894531250e+02,-1.888195343017578125e+02,-2.205122680664062500e+02,-2.466203613281250000e+02,-2.602534790039062500e+02,-2.672808837890625000e+02,-2.685274353027343750e+02,-2.573544616699218750e+02,-2.519514923095703125e+02,-2.623650207519531250e+02,-2.761625366210937500e+02,-2.868889160156250000e+02,-2.925688781738281250e+02,-2.932459411621093750e+02,-2.973229370117187500e+02,-2.957408447265625000e+02,-2.997299804687500000e+02,-3.051886596679687500e+02,-3.001034851074218750e+02,-2.898209533691406250e+02,-2.814698791503906250e+02,-2.562103881835937500e+02,-2.159383392333984375e+02,-2.037741241455078125e+02,-2.077676391601562500e+02,-2.137926788330078125e+02,-2.247521820068359375e+02,-2.501363830566406250e+02,-2.509385223388671875e+02,-2.402503204345703125e+02,-2.365443420410156250e+02,-2.428173370361328125e+02,-2.473573913574218750e+02,-2.494701080322265625e+02,-2.417938079833984375e+02,-2.306838989257812500e+02,-2.264344635009765625e+02,-2.393521881103515625e+02,-2.558185272216796875e+02,-2.445518188476562500e+02,-2.150933380126953125e+02,-1.881076202392578125e+02,-1.753008422851562500e+02,-1.915611114501953125e+02,-2.013821716308593750e+02,-2.016093902587890625e+02,-2.040221252441406250e+02,-2.053444671630859375e+02,-2.087043914794921875e+02,-2.194391174316406250e+02,-2.286311798095703125e+02,-2.367865600585937500e+02,-2.449212341308593750e+02,-2.483816528320312500e+02,-2.399522552490234375e+02,-2.278166046142578125e+02,-2.268438110351562500e+02,-2.349467926025390625e+02,-2.361218109130859375e+02,-2.240294494628906250e+02,-2.338343048095703125e+02,-2.541313781738281250e+02,-2.666932678222656250e+02,-2.810011901855468750e+02,-2.909678039550781250e+02,-2.925545043945312500e+02,-2.948802185058593750e+02,-2.964328308105468750e+02,-2.990066833496093750e+02,-2.948629760742187500e+02,-2.941287841796875000e+02,-3.019203491210937500e+02,-3.015813903808593750e+02,-2.975884094238281250e+02,-3.041501159667968750e+02,-3.016009826660156250e+02,-2.979109802246093750e+02,-2.856852111816406250e+02,-2.862682800292968750e+02,-3.002547912597656250e+02,-3.061824951171875000e+02,-3.057426147460937500e+02,-3.033457031250000000e+02,-3.052787170410156250e+02,-3.075999145507812500e+02,-3.074722290039062500e+02,-3.107928771972656250e+02,-3.175550231933593750e+02,-3.174590759277343750e+02,-3.099844055175781250e+02,-3.113833923339843750e+02,-3.017714233398437500e+02,-2.604317626953125000e+02,-1.973187866210937500e+02,-1.427892150878906250e+02,-1.095901107788085938e+02,-9.853919219970703125e+01,-1.205772857666015625e+02,-1.541768188476562500e+02,-1.798250427246093750e+02,-2.083754119873046875e+02,-2.101853790283203125e+02,-1.745694427490234375e+02,-1.485939788818359375e+02,-1.412329254150390625e+02,-1.455345916748046875e+02,-1.494014434814453125e+02,-1.567067413330078125e+02,-1.730535888671875000e+02,-1.951955261230468750e+02,-2.163330383300781250e+02,-2.350259552001953125e+02,-2.318014373779296875e+02,-2.222987823486328125e+02,-2.083894042968750000e+02,-2.056470031738281250e+02,-2.033813934326171875e+02,-2.082948455810546875e+02,-2.489556579589843750e+02,-2.887517700195312500e+02,-3.018479003906250000e+02,-2.617124938964843750e+02,-1.820490417480468750e+02,-1.513242645263671875e+02,-1.498440551757812500e+02,-1.551527252197265625e+02,-1.530927276611328125e+02,-1.590620117187500000e+02,-1.650423889160156250e+02,-1.851138610839843750e+02,-2.035342407226562500e+02,-2.279610290527343750e+02,-2.509007263183593750e+02,-2.610646362304687500e+02,-2.392450256347656250e+02,-2.203518524169921875e+02,-2.189569702148437500e+02,-2.246963653564453125e+02,-2.293182067871093750e+02,-2.210348663330078125e+02,-2.080292205810546875e+02,-2.012021789550781250e+02,-2.055520629882812500e+02,-2.083641967773437500e+02,-2.226684112548828125e+02,-2.560920410156250000e+02,-2.798583679199218750e+02,-2.434975433349609375e+02,-2.132011260986328125e+02,-2.139981384277343750e+02,-2.390489349365234375e+02,-2.492572326660156250e+02,-2.603856811523437500e+02,-2.611737976074218750e+02,-2.605679016113281250e+02,-2.675654907226562500e+02,-2.559019622802734375e+02,-2.436487274169921875e+02,-2.382351379394531250e+02,-2.342534332275390625e+02,-2.307443847656250000e+02,-2.279798736572265625e+02,-2.337416381835937500e+02,-2.413786010742187500e+02,-2.465295104980468750e+02,-2.514462432861328125e+02,-2.607620239257812500e+02,-2.722921752929687500e+02,-2.814181213378906250e+02,-2.873583679199218750e+02,-2.902960815429687500e+02,-2.923780212402343750e+02,-2.924833068847656250e+02,-2.962494201660156250e+02,-2.961954345703125000e+02,-3.027652282714843750e+02,-2.982677307128906250e+02,-2.890172424316406250e+02,-2.901788635253906250e+02,-2.898271484375000000e+02,-2.895132141113281250e+02,-2.846945190429687500e+02,-2.823966064453125000e+02,-2.777424621582031250e+02,-2.796023864746093750e+02,-2.833815917968750000e+02,-2.803136596679687500e+02,-2.842447509765625000e+02,-2.853690795898437500e+02,-2.848569946289062500e+02,-2.873047485351562500e+02,-2.872342834472656250e+02,-2.790409240722656250e+02,-2.636611328125000000e+02,-2.259729003906250000e+02,-1.703519744873046875e+02,-1.343003540039062500e+02,-1.197839279174804688e+02,-1.195545806884765625e+02,-1.251400222778320312e+02,-1.252034606933593750e+02,-1.275555267333984375e+02,-1.336256713867187500e+02,-1.592632904052734375e+02,-1.782071685791015625e+02,-1.628377532958984375e+02,-1.427169189453125000e+02,-1.410320892333984375e+02,-1.702660522460937500e+02,-2.075735168457031250e+02,-2.390696716308593750e+02,-2.438899536132812500e+02,-2.158415069580078125e+02,-1.992097625732421875e+02,-2.034407348632812500e+02,-2.214203643798828125e+02,-2.276515502929687500e+02,-2.018619384765625000e+02,-1.773909454345703125e+02,-1.842321777343750000e+02,-2.115160522460937500e+02,-2.323651428222656250e+02,-2.208916625976562500e+02,-1.994617614746093750e+02,-1.876711120605468750e+02,-2.028877868652343750e+02,-2.245831604003906250e+02,-2.454297485351562500e+02,-2.627124938964843750e+02,-2.783122863769531250e+02,-2.899641113281250000e+02,-3.006817321777343750e+02,-3.068664550781250000e+02,-3.072945556640625000e+02,-3.107760620117187500e+02,-3.102998962402343750e+02,-3.026058044433593750e+02,-3.023921203613281250e+02,-3.034210815429687500e+02,-3.027408142089843750e+02,-3.042162475585937500e+02,-2.996105651855468750e+02,-2.994858398437500000e+02,-3.074312744140625000e+02,-3.095056152343750000e+02,-3.089604797363281250e+02,-3.094856567382812500e+02,-3.011392517089843750e+02,-2.874641113281250000e+02,-2.351141052246093750e+02,-1.558043823242187500e+02,-1.106996459960937500e+02,-9.144464874267578125e+01,-8.385844421386718750e+01,-9.476248168945312500e+01,-1.226342086791992188e+02,-1.365909423828125000e+02,-1.446749420166015625e+02,-1.522764129638671875e+02,-1.343231201171875000e+02,-1.255067672729492188e+02,-1.459279479980468750e+02,-1.685931549072265625e+02,-1.929996490478515625e+02,-2.117139587402343750e+02,-2.025300750732421875e+02,-1.832738342285156250e+02,-1.622899322509765625e+02,-1.556740570068359375e+02,-1.699418487548828125e+02,-2.007503509521484375e+02,-2.292129058837890625e+02,-2.471518402099609375e+02,-2.126994323730468750e+02,-1.488096160888671875e+02,-1.100413360595703125e+02,-9.514864349365234375e+01,-8.329243469238281250e+01,-9.337106323242187500e+01,-1.291990661621093750e+02,-1.623634796142578125e+02,-1.639520721435546875e+02,-1.348148803710937500e+02,-1.360177917480468750e+02,-1.774327392578125000e+02,-2.154553527832031250e+02,-2.371146240234375000e+02,-2.206377716064453125e+02,-2.075590972900390625e+02,-2.190060729980468750e+02,-2.331191711425781250e+02,-2.314301300048828125e+02,-2.188723907470703125e+02,-2.015471343994140625e+02,-1.888002624511718750e+02,-1.897868194580078125e+02,-2.065285186767578125e+02,-2.262200012207031250e+02,-2.364930114746093750e+02,-2.442560577392578125e+02,-2.479823455810546875e+02,-2.433884735107421875e+02,-2.399181213378906250e+02,-2.523278808593750000e+02,-2.531881561279296875e+02,-2.557953491210937500e+02,-2.574556274414062500e+02,-2.542005615234375000e+02,-2.447350311279296875e+02,-2.405558471679687500e+02,-2.446101226806640625e+02,-2.499690551757812500e+02,-2.514288787841796875e+02,-2.545017089843750000e+02,-2.502367248535156250e+02,-2.401206207275390625e+02,-2.342166900634765625e+02,-2.317188110351562500e+02,-2.311464080810546875e+02,-2.410351867675781250e+02,-2.568122253417968750e+02,-2.561051330566406250e+02,-2.535886230468750000e+02,-2.616168823242187500e+02,-2.709208679199218750e+02,-2.769602966308593750e+02,-2.508845367431640625e+02,-2.298693847656250000e+02,-2.296362915039062500e+02,-2.284397735595703125e+02,-1.904465484619140625e+02,-1.563002929687500000e+02,-1.418068542480468750e+02,-1.333532257080078125e+02,-1.381554107666015625e+02,-1.448619995117187500e+02,-1.539403839111328125e+02,-1.658289184570312500e+02,-1.694256896972656250e+02,-1.712692108154296875e+02,-1.752925567626953125e+02,-1.792344360351562500e+02,-1.883486328125000000e+02,-1.928362731933593750e+02,-1.901541442871093750e+02,-1.780736999511718750e+02,-1.781160430908203125e+02,-1.729232788085937500e+02,-1.696418609619140625e+02,-1.657076873779296875e+02,-1.681933135986328125e+02,-1.798297119140625000e+02,-1.966987304687500000e+02,-2.176450347900390625e+02,-2.288408966064453125e+02,-2.192367401123046875e+02,-2.065479125976562500e+02,-1.941934051513671875e+02,-1.891443481445312500e+02,-1.994703521728515625e+02,-2.126906738281250000e+02,-2.303960113525390625e+02,-2.551993865966796875e+02,-2.692470092773437500e+02,-2.704575195312500000e+02,-2.715178833007812500e+02,-2.654502868652343750e+02,-2.487748870849609375e+02,-2.161621398925781250e+02,-1.952491912841796875e+02,-1.900156250000000000e+02,-1.817279357910156250e+02,-1.810169982910156250e+02,-1.931356811523437500e+02,-2.087239379882812500e+02,-2.219239959716796875e+02,-2.196789855957031250e+02,-2.098184814453125000e+02,-1.961442718505859375e+02,-1.885481872558593750e+02,-1.916925506591796875e+02,-2.018138732910156250e+02,-2.139215087890625000e+02,-2.245105438232421875e+02,-2.336491546630859375e+02,-2.509162597656250000e+02,-2.658423156738281250e+02,-2.744777832031250000e+02,-2.838976440429687500e+02,-2.909441528320312500e+02,-2.896344604492187500e+02,-2.845176391601562500e+02,-2.778327941894531250e+02,-2.752888793945312500e+02,-2.810302124023437500e+02,-2.832503356933593750e+02,-2.844499206542968750e+02,-2.864150695800781250e+02,-2.866897277832031250e+02,-2.837881164550781250e+02,-2.824652404785156250e+02,-2.841003112792968750e+02,-2.847022399902343750e+02,-2.782821960449218750e+02,-2.768010253906250000e+02,-2.700527648925781250e+02,-2.712153625488281250e+02,-2.796091613769531250e+02,-2.780165100097656250e+02,-2.735808715820312500e+02,-2.814095153808593750e+02,-2.811422119140625000e+02,-2.784299926757812500e+02,-2.804176025390625000e+02,-2.837689514160156250e+02,-2.836144104003906250e+02,-2.825412902832031250e+02,-2.818447875976562500e+02,-2.795999145507812500e+02,-2.805332641601562500e+02,-2.710078430175781250e+02,-2.350443725585937500e+02,-2.098771514892578125e+02,-2.055814514160156250e+02,-2.078578033447265625e+02,-2.166414794921875000e+02,-2.258650970458984375e+02,-2.154521636962890625e+02,-1.846542663574218750e+02,-1.362124938964843750e+02,-1.115915679931640625e+02,-1.238936157226562500e+02,-1.602755889892578125e+02,-1.943395385742187500e+02,-2.170935974121093750e+02,-2.279243621826171875e+02,-2.276725158691406250e+02,-2.031456146240234375e+02,-1.575856933593750000e+02,-1.292378692626953125e+02,-1.250974578857421875e+02,-1.372071380615234375e+02,-1.484517059326171875e+02,-1.718271331787109375e+02,-2.034689178466796875e+02,-2.074633789062500000e+02,-1.988225097656250000e+02,-1.908394622802734375e+02,-1.825276336669921875e+02,-1.647147979736328125e+02,-1.581954193115234375e+02,-1.625584411621093750e+02,-1.738509674072265625e+02,-1.868775482177734375e+02,-2.006374511718750000e+02,-2.100290069580078125e+02,-2.186543121337890625e+02,-1.710515899658203125e+02,-1.326710968017578125e+02,-1.271163177490234375e+02,-1.211367034912109375e+02,-1.117020034790039062e+02,-1.172663116455078125e+02,-1.252386169433593750e+02,-1.310863189697265625e+02,-1.333771209716796875e+02,-1.457333068847656250e+02,-1.570019531250000000e+02,-1.705770111083984375e+02,-2.028475799560546875e+02,-2.214802856445312500e+02,-2.364929504394531250e+02,-2.535289306640625000e+02,-2.380951080322265625e+02,-2.081454925537109375e+02,-1.955230560302734375e+02,-1.904200439453125000e+02,-2.033391418457031250e+02,-2.094774475097656250e+02,-1.974516296386718750e+02,-1.935702362060546875e+02,-2.022471923828125000e+02,-2.186861877441406250e+02,-2.412446441650390625e+02,-2.520172576904296875e+02,-2.315082244873046875e+02,-2.156469726562500000e+02,-1.991483917236328125e+02,-1.802320556640625000e+02,-1.690686645507812500e+02,-1.733553619384765625e+02,-1.829448852539062500e+02,-1.851384277343750000e+02,-2.004617462158203125e+02,-2.168840484619140625e+02,-2.186613769531250000e+02,-2.218039093017578125e+02,-2.316638336181640625e+02,-2.457758636474609375e+02,-2.585522155761718750e+02,-2.615526733398437500e+02,-2.675529479980468750e+02,-2.686005859375000000e+02,-2.694175109863281250e+02,-2.556134643554687500e+02,-2.182963409423828125e+02,-1.950254364013671875e+02,-1.778133087158203125e+02,-1.591056823730468750e+02,-1.544416503906250000e+02,-1.531643981933593750e+02,-1.597233123779296875e+02,-1.723003540039062500e+02,-1.793316192626953125e+02,-1.961827239990234375e+02,-2.157903900146484375e+02,-2.323343353271484375e+02,-2.191384429931640625e+02,-2.015448455810546875e+02,-1.956299133300781250e+02,-1.967464599609375000e+02,-1.986126708984375000e+02,-1.967272491455078125e+02,-2.061643981933593750e+02,-2.165638732910156250e+02,-2.334228973388671875e+02,-2.445126342773437500e+02,-2.542576599121093750e+02,-2.689744873046875000e+02,-2.812540893554687500e+02,-2.826321105957031250e+02,-2.839646911621093750e+02,-2.780280761718750000e+02,-2.787540893554687500e+02,-2.860387878417968750e+02,-2.853278198242187500e+02,-2.795957641601562500e+02,-2.800036621093750000e+02,-2.723720397949218750e+02,-2.673219909667968750e+02,-2.661138000488281250e+02,-2.644755554199218750e+02,-2.647072753906250000e+02,-2.663329467773437500e+02,-2.641081848144531250e+02,-2.616053466796875000e+02,-2.636209716796875000e+02,-2.656513671875000000e+02,-2.645418395996093750e+02,-2.638736877441406250e+02,-2.684003601074218750e+02,-2.718451843261718750e+02,-2.676070861816406250e+02,-2.637744140625000000e+02,-2.657576599121093750e+02,-2.711227111816406250e+02,-2.684324645996093750e+02,-2.718068847656250000e+02,-2.721877136230468750e+02,-2.713210144042968750e+02,-2.686051635742187500e+02,-2.483850860595703125e+02,-2.375593414306640625e+02,-2.330228576660156250e+02,-2.255119171142578125e+02,-2.184169311523437500e+02,-1.919599304199218750e+02,-1.565083160400390625e+02,-1.215880355834960938e+02,-1.006239166259765625e+02,-8.748400878906250000e+01,-7.963495635986328125e+01,-8.516850280761718750e+01,-1.010250930786132812e+02,-1.253170852661132812e+02,-1.558992462158203125e+02,-1.783499145507812500e+02,-1.924631805419921875e+02,-2.135411987304687500e+02,-2.284619903564453125e+02,-2.259264831542968750e+02,-2.178444061279296875e+02,-1.898540039062500000e+02,-1.688026885986328125e+02,-1.507662200927734375e+02,-1.394643554687500000e+02,-1.293141937255859375e+02,-1.239166412353515625e+02,-1.175731506347656250e+02,-1.157932662963867188e+02,-1.284506378173828125e+02,-1.596397857666015625e+02,-2.037180480957031250e+02,-2.165540008544921875e+02,-2.158397674560546875e+02,-2.321352081298828125e+02,-2.489323272705078125e+02,-2.615542907714843750e+02,-2.551046905517578125e+02,-2.508531188964843750e+02,-2.452354125976562500e+02,-2.318964233398437500e+02,-2.255163421630859375e+02,-2.217605590820312500e+02,-1.806689910888671875e+02,-1.253728485107421875e+02,-9.682110595703125000e+01,-8.998003387451171875e+01,-8.829609680175781250e+01,-9.819750213623046875e+01,-1.228125610351562500e+02,-1.432643585205078125e+02,-1.529213409423828125e+02,-1.602335510253906250e+02,-1.823189239501953125e+02,-2.033569641113281250e+02,-2.182064056396484375e+02,-2.229042968750000000e+02,-2.230022430419921875e+02,-2.279983215332031250e+02,-2.350967102050781250e+02,-2.380916137695312500e+02,-2.552093505859375000e+02,-2.253075408935546875e+02,-1.842533264160156250e+02,-1.848752746582031250e+02,-2.084332427978515625e+02,-2.296547546386718750e+02,-2.447772216796875000e+02,-2.580769348144531250e+02,-2.668574829101562500e+02,-2.707561645507812500e+02,-2.662403869628906250e+02,-2.466679229736328125e+02,-2.343478240966796875e+02,-2.322494354248046875e+02,-2.255198516845703125e+02,-2.214837646484375000e+02,-2.184502410888671875e+02,-2.155554351806640625e+02,-2.128952026367187500e+02,-2.192835845947265625e+02,-2.268682861328125000e+02,-2.242363586425781250e+02,-2.244133911132812500e+02,-2.222915954589843750e+02,-2.217832336425781250e+02,-2.211096649169921875e+02,-2.191703338623046875e+02,-2.221387329101562500e+02,-2.421777496337890625e+02,-2.618101501464843750e+02,-2.636482238769531250e+02,-2.582431640625000000e+02,-2.586989746093750000e+02,-2.592067565917968750e+02,-2.672572937011718750e+02,-2.783185119628906250e+02,-2.815151062011718750e+02,-2.846887207031250000e+02,-2.856202392578125000e+02,-2.813385620117187500e+02,-2.824089050292968750e+02,-2.805194091796875000e+02,-2.745633850097656250e+02,-2.504686584472656250e+02,-2.110050201416015625e+02,-1.853074645996093750e+02,-1.803483123779296875e+02,-1.806525268554687500e+02,-1.903017730712890625e+02,-2.082124938964843750e+02,-2.178148651123046875e+02,-2.315941925048828125e+02,-2.432833557128906250e+02,-2.028425750732421875e+02,-1.670982971191406250e+02,-1.799326019287109375e+02,-2.135623168945312500e+02,-2.431260375976562500e+02,-2.575372619628906250e+02,-2.426038208007812500e+02,-2.498925018310546875e+02,-2.775329895019531250e+02,-2.780299072265625000e+02,-2.225527954101562500e+02,-2.138290252685546875e+02,-2.473759307861328125e+02,-2.701133728027343750e+02,-2.796440124511718750e+02,-2.754885559082031250e+02,-2.653720703125000000e+02,-2.469702911376953125e+02,-2.148920593261718750e+02,-1.661442108154296875e+02,-1.236486740112304688e+02,-1.039373779296875000e+02,-1.079371795654296875e+02,-1.150908050537109375e+02,-1.098788833618164062e+02,-9.723308563232421875e+01,-9.680226135253906250e+01,-9.150172424316406250e+01,-7.938030242919921875e+01,-7.270001983642578125e+01,-7.075276947021484375e+01,-7.844792175292968750e+01,-8.625882720947265625e+01,-9.994488525390625000e+01,-1.221774215698242188e+02,-1.463492889404296875e+02,-1.577328491210937500e+02,-1.665613250732421875e+02,-1.688422241210937500e+02,-1.797367706298828125e+02,-1.997279663085937500e+02,-2.237113342285156250e+02,-2.649878845214843750e+02,-3.033093872070312500e+02,-3.084095458984375000e+02,-3.146727294921875000e+02,-3.298387756347656250e+02,-3.325294189453125000e+02,-3.248107604980468750e+02,-3.200163574218750000e+02,-3.201130676269531250e+02,-3.253460083007812500e+02,-3.199626770019531250e+02,-3.154141845703125000e+02,-3.179284362792968750e+02,-3.171602478027343750e+02,-3.169588012695312500e+02,-3.156972656250000000e+02,-3.164201965332031250e+02,-3.219287719726562500e+02,-3.162258300781250000e+02,-3.152960815429687500e+02,-3.224450988769531250e+02,-3.152601928710937500e+02,-3.130842590332031250e+02,-3.197901000976562500e+02,-3.190019226074218750e+02,-3.211628723144531250e+02,-3.168919372558593750e+02,-3.229121398925781250e+02,-3.194965515136718750e+02,-3.208748168945312500e+02,-3.182057800292968750e+02,-3.112767944335937500e+02,-3.011012573242187500e+02,-2.243484649658203125e+02,-1.640417175292968750e+02,-1.552748718261718750e+02,-1.729131622314453125e+02,-1.926688537597656250e+02,-2.022118377685546875e+02,-2.019954681396484375e+02,-1.963265228271484375e+02,-1.939170684814453125e+02,-1.947116699218750000e+02,-1.979177398681640625e+02,-2.091960906982421875e+02,-2.116386413574218750e+02,-2.129709930419921875e+02,-2.136147766113281250e+02,-2.087978668212890625e+02,-2.097957763671875000e+02,-2.161195678710937500e+02,-2.229236145019531250e+02,-2.269966583251953125e+02,-2.031161804199218750e+02,-1.878514251708984375e+02,-1.865308990478515625e+02,-1.875730590820312500e+02,-2.004655456542968750e+02,-2.233924407958984375e+02,-2.398094940185546875e+02,-2.521555938720703125e+02,-2.625459289550781250e+02,-2.545565185546875000e+02,-2.294250793457031250e+02,-2.092252349853515625e+02,-2.041036682128906250e+02,-2.168935699462890625e+02,-2.249684753417968750e+02,-2.276181640625000000e+02,-2.272654724121093750e+02,-2.316225738525390625e+02,-2.522514953613281250e+02,-2.660244445800781250e+02,-2.791192932128906250e+02,-2.896037292480468750e+02,-2.967864990234375000e+02,-3.025654602050781250e+02,-3.099149475097656250e+02,-3.124117126464843750e+02,-3.190638427734375000e+02,-3.158171691894531250e+02,-3.188822021484375000e+02,-3.255533752441406250e+02,-3.280576477050781250e+02,-3.278694458007812500e+02,-3.212017822265625000e+02,-3.169368591308593750e+02,-3.192444763183593750e+02,-3.225333557128906250e+02,-3.153309631347656250e+02,-3.166950073242187500e+02,-3.205388793945312500e+02,-3.203457641601562500e+02,-3.170277709960937500e+02,-3.185917053222656250e+02,-3.198243713378906250e+02,-3.182542724609375000e+02,-3.244253234863281250e+02,-3.213208618164062500e+02,-3.179798889160156250e+02,-3.163980712890625000e+02,-3.124228210449218750e+02,-3.187047119140625000e+02,-3.222415161132812500e+02,-3.177551879882812500e+02,-3.176703186035156250e+02,-3.202263183593750000e+02,-3.161189880371093750e+02,-3.149910278320312500e+02,-3.224186401367187500e+02,-3.269294433593750000e+02,-3.270751953125000000e+02,-3.284143371582031250e+02,-3.226849670410156250e+02,-3.227380065917968750e+02,-3.281271057128906250e+02,-3.283576660156250000e+02,-3.255058898925781250e+02,-3.181801452636718750e+02,-3.155321350097656250e+02,-3.134865417480468750e+02,-3.092949829101562500e+02,-3.122775878906250000e+02,-3.103773193359375000e+02,-3.159179382324218750e+02,-3.242362670898437500e+02,-3.202322692871093750e+02,-3.187052917480468750e+02,-3.200952148437500000e+02,-3.185371398925781250e+02,-3.143808898925781250e+02,-3.107164916992187500e+02,-3.171422729492187500e+02,-3.213898620605468750e+02,-3.197271118164062500e+02,-3.185368957519531250e+02,-3.193831176757812500e+02,-3.217807312011718750e+02,-3.230222473144531250e+02,-3.246506958007812500e+02,-3.203837585449218750e+02,-3.203112182617187500e+02,-3.178320617675781250e+02,-3.217570190429687500e+02,-3.178090515136718750e+02,-3.142447814941406250e+02,-3.107901611328125000e+02,-3.133612670898437500e+02,-3.153814392089843750e+02,-3.097508850097656250e+02,-3.078066406250000000e+02,-3.066177978515625000e+02,-3.111772155761718750e+02,-3.124797058105468750e+02,-3.100291137695312500e+02,-3.098777465820312500e+02,-3.066672058105468750e+02,-3.099395751953125000e+02,-3.032359313964843750e+02,-3.025125122070312500e+02,-3.052091064453125000e+02,-3.021810302734375000e+02,-3.028169860839843750e+02,-3.081547851562500000e+02,-3.045465393066406250e+02,-2.969940490722656250e+02,-2.960722351074218750e+02,-3.001331481933593750e+02,-3.043210144042968750e+02,-3.030560913085937500e+02,-3.032285766601562500e+02,-3.025921630859375000e+02,-3.042504577636718750e+02,-3.107606201171875000e+02,-3.115600585937500000e+02,-3.114346923828125000e+02,-3.064670104980468750e+02,-3.127102966308593750e+02,-3.142550048828125000e+02,-3.166732482910156250e+02,-3.180891723632812500e+02,-3.167532043457031250e+02,-3.220414733886718750e+02,-3.147073059082031250e+02,-3.078613891601562500e+02,-3.123117370605468750e+02,-3.161856994628906250e+02,-3.118501281738281250e+02,-3.129326477050781250e+02,-3.164623107910156250e+02,-3.099261779785156250e+02,-2.334819183349609375e+02,-1.357211761474609375e+02,-9.836856079101562500e+01,-1.201715850830078125e+02,-1.793678741455078125e+02,-2.082214965820312500e+02,-1.987041625976562500e+02,-1.846921997070312500e+02,-1.759621429443359375e+02,-1.642743988037109375e+02,-1.409484558105468750e+02,-1.300430755615234375e+02,-1.427277832031250000e+02,-1.548232574462890625e+02,-1.848427276611328125e+02,-2.225841674804687500e+02,-2.392296600341796875e+02,-2.368077850341796875e+02,-2.404365844726562500e+02,-2.377455902099609375e+02,-1.843616027832031250e+02,-1.276138763427734375e+02,-1.035101776123046875e+02,-1.138992614746093750e+02,-1.447526855468750000e+02,-1.802574615478515625e+02,-2.090004119873046875e+02,-2.059133148193359375e+02,-1.718632507324218750e+02,-1.632772674560546875e+02,-1.618570404052734375e+02,-1.745822753906250000e+02,-1.938347778320312500e+02,-2.144856872558593750e+02,-2.373283691406250000e+02,-2.548631286621093750e+02,-2.685444946289062500e+02,-2.774989624023437500e+02,-2.839790344238281250e+02,-2.924729309082031250e+02,-3.024470214843750000e+02,-3.024141845703125000e+02,-3.007465209960937500e+02,-3.060047912597656250e+02,-3.097791442871093750e+02,-3.093759155273437500e+02,-3.079710998535156250e+02,-3.069598083496093750e+02,-3.041776733398437500e+02,-3.114057617187500000e+02,-3.154420776367187500e+02,-3.126883544921875000e+02,-3.065093383789062500e+02,-3.054910278320312500e+02,-3.028375854492187500e+02,-3.043393249511718750e+02,-3.070810241699218750e+02,-3.074985351562500000e+02,-3.066859130859375000e+02,-3.014613037109375000e+02,-2.982237854003906250e+02,-2.970115966796875000e+02,-3.009799194335937500e+02,-3.046179504394531250e+02,-3.026278991699218750e+02,-2.989231262207031250e+02,-3.039002380371093750e+02,-3.077577209472656250e+02,-3.020544128417968750e+02,-2.970637512207031250e+02,-3.002391662597656250e+02,-2.982260742187500000e+02,-2.970294189453125000e+02,-2.901706848144531250e+02,-2.903946838378906250e+02,-2.935880126953125000e+02,-2.970699157714843750e+02,-2.969179992675781250e+02,-2.941244812011718750e+02,-2.881381835937500000e+02,-2.873904418945312500e+02,-2.909053344726562500e+02,-2.964793395996093750e+02,-2.932856140136718750e+02,-2.935213928222656250e+02,-2.960701599121093750e+02,-2.970553283691406250e+02,-3.103902587890625000e+02,-3.114040222167968750e+02,-3.126123046875000000e+02,-2.807778930664062500e+02,-2.123014221191406250e+02,-1.588476562500000000e+02,-1.323922729492187500e+02,-1.191576995849609375e+02,-1.261830520629882812e+02,-1.565793762207031250e+02,-1.954525299072265625e+02,-2.087359161376953125e+02,-1.807765045166015625e+02,-1.726548004150390625e+02,-1.857149658203125000e+02,-2.028141021728515625e+02,-2.188957214355468750e+02,-2.477144927978515625e+02,-2.606567077636718750e+02,-2.691865234375000000e+02,-2.649157409667968750e+02,-2.180411071777343750e+02,-1.776772766113281250e+02,-1.623289489746093750e+02,-1.718242950439453125e+02,-1.982938537597656250e+02,-2.289963836669921875e+02,-2.089036560058593750e+02,-1.919589385986328125e+02,-1.833361206054687500e+02,-1.932601013183593750e+02,-2.084271850585937500e+02,-1.915703430175781250e+02,-1.734614562988281250e+02,-1.741798248291015625e+02,-1.887063598632812500e+02,-1.904865570068359375e+02,-1.783782653808593750e+02,-1.662255096435546875e+02,-1.710655059814453125e+02,-1.852121734619140625e+02,-1.991374359130859375e+02,-2.015191345214843750e+02,-1.885576782226562500e+02,-1.738148498535156250e+02,-1.758346710205078125e+02,-1.893983154296875000e+02,-2.060089874267578125e+02,-2.170030212402343750e+02,-2.062416229248046875e+02,-1.937131347656250000e+02,-1.952865447998046875e+02,-1.903503417968750000e+02,-2.018743286132812500e+02,-2.350077819824218750e+02,-2.518064575195312500e+02,-2.163573455810546875e+02,-1.805827331542968750e+02,-1.480888977050781250e+02,-1.269808197021484375e+02,-1.261020278930664062e+02,-1.287935638427734375e+02,-1.231736450195312500e+02,-1.140717391967773438e+02,-1.243791732788085938e+02,-1.388290405273437500e+02,-1.465641021728515625e+02,-1.606806793212890625e+02,-1.907140808105468750e+02,-2.304808349609375000e+02,-2.552421875000000000e+02,-2.740036621093750000e+02,-2.747592468261718750e+02,-2.320798034667968750e+02,-2.118269500732421875e+02,-1.989870452880859375e+02,-2.027166900634765625e+02,-2.090526123046875000e+02,-2.096953582763671875e+02,-2.097060394287109375e+02,-2.299473114013671875e+02,-2.470368804931640625e+02,-2.187137756347656250e+02,-1.916870269775390625e+02,-1.814810180664062500e+02,-1.847586975097656250e+02,-1.890011901855468750e+02,-1.730948028564453125e+02,-1.612545623779296875e+02,-1.782533721923828125e+02,-2.116534881591796875e+02,-2.409900970458984375e+02,-2.597319946289062500e+02,-2.355615692138671875e+02,-2.240458068847656250e+02,-2.380480346679687500e+02,-2.544620056152343750e+02,-2.550076293945312500e+02,-2.594992980957031250e+02,-2.527182922363281250e+02,-2.406083831787109375e+02,-2.361317901611328125e+02,-2.534544067382812500e+02,-2.569941711425781250e+02,-2.435302581787109375e+02,-2.328451995849609375e+02,-2.354921875000000000e+02,-2.514200286865234375e+02,-2.593601989746093750e+02,-2.625312500000000000e+02,-2.743008422851562500e+02,-2.788846435546875000e+02,-2.755146789550781250e+02,-2.669749145507812500e+02,-2.493635101318359375e+02,-2.345843811035156250e+02,-2.196664428710937500e+02,-2.099538726806640625e+02,-2.054452514648437500e+02,-2.147289733886718750e+02,-2.349858703613281250e+02,-2.529328613281250000e+02,-2.753475952148437500e+02,-2.930281372070312500e+02,-3.015565490722656250e+02,-3.063475646972656250e+02,-3.058859863281250000e+02,-3.035401611328125000e+02,-3.073876342773437500e+02,-3.121103515625000000e+02,-3.145776977539062500e+02,-3.158075561523437500e+02,-3.151269531250000000e+02,-3.102117309570312500e+02,-3.066293640136718750e+02,-3.092227783203125000e+02,-3.031906433105468750e+02,-3.025095825195312500e+02,-3.015357055664062500e+02,-2.968957519531250000e+02,-3.053600158691406250e+02,-3.070415344238281250e+02,-3.014711914062500000e+02,-3.034184570312500000e+02,-2.997977905273437500e+02,-3.066380615234375000e+02,-3.116487731933593750e+02,-3.119572448730468750e+02,-3.171164855957031250e+02,-3.153238525390625000e+02,-3.163516845703125000e+02,-3.140863037109375000e+02,-3.140053405761718750e+02,-3.198112487792968750e+02,-3.237063293457031250e+02,-3.177071533203125000e+02,-3.110681762695312500e+02,-3.137569580078125000e+02,-3.134158935546875000e+02,-3.107624511718750000e+02,-3.141665039062500000e+02,-3.124292602539062500e+02,-3.035837707519531250e+02,-2.949970092773437500e+02,-2.898347778320312500e+02,-2.786347351074218750e+02,-2.217761077880859375e+02,-1.649126129150390625e+02,-1.363153381347656250e+02,-1.333489685058593750e+02,-1.407635192871093750e+02,-1.378816375732421875e+02,-1.464675140380859375e+02,-1.507539672851562500e+02,-1.571124267578125000e+02,-1.683531646728515625e+02,-1.839323577880859375e+02,-1.936451263427734375e+02,-2.045885009765625000e+02,-2.378498382568359375e+02,-2.653378601074218750e+02,-2.737117919921875000e+02,-2.878731079101562500e+02,-2.816210327148437500e+02,-2.754062194824218750e+02,-2.711276550292968750e+02,-2.354801635742187500e+02,-1.896662445068359375e+02,-1.754038391113281250e+02,-1.966121215820312500e+02,-2.344260101318359375e+02,-2.534851074218750000e+02,-2.550664825439453125e+02,-2.541707611083984375e+02,-2.618060913085937500e+02,-2.795526123046875000e+02,-2.998075866699218750e+02,-3.090564880371093750e+02,-3.200914916992187500e+02,-3.240438537597656250e+02,-3.318824462890625000e+02,-3.406472473144531250e+02,-3.415736694335937500e+02,-3.394468688964843750e+02,-3.396672973632812500e+02,-3.421413269042968750e+02,-3.436153564453125000e+02,-3.402873535156250000e+02,-3.345006408691406250e+02,-3.383224487304687500e+02,-3.406994323730468750e+02,-3.408074340820312500e+02,-3.431078186035156250e+02,-3.408452453613281250e+02,-3.412726135253906250e+02,-3.390714721679687500e+02,-3.397389526367187500e+02,-3.389624938964843750e+02,-3.335904235839843750e+02,-3.392807006835937500e+02,-3.412653503417968750e+02,-3.377256469726562500e+02,-3.199146423339843750e+02,-2.154379425048828125e+02,-1.693472747802734375e+02,-1.586802978515625000e+02,-1.540223236083984375e+02,-1.527660522460937500e+02,-1.369264526367187500e+02,-1.195454940795898438e+02,-1.188349456787109375e+02,-1.148085174560546875e+02,-1.220395355224609375e+02,-1.385864105224609375e+02,-1.692133331298828125e+02,-1.864576721191406250e+02,-1.861206665039062500e+02,-1.763279724121093750e+02,-1.837162170410156250e+02,-1.897051239013671875e+02,-1.980264892578125000e+02,-2.035754699707031250e+02,-2.037693176269531250e+02,-2.121038513183593750e+02,-2.220709686279296875e+02,-2.219721984863281250e+02,-2.342635650634765625e+02,-2.558463287353515625e+02,-2.789280700683593750e+02,-2.640781250000000000e+02,-2.485303344726562500e+02,-2.560641479492187500e+02,-2.677666320800781250e+02,-2.725463867187500000e+02,-2.659477233886718750e+02,-2.255172271728515625e+02,-1.981478118896484375e+02,-1.785626068115234375e+02,-1.620317382812500000e+02,-1.467542266845703125e+02,-1.497484436035156250e+02,-1.719837951660156250e+02,-2.000015563964843750e+02,-2.267274627685546875e+02,-2.441163177490234375e+02,-2.514143981933593750e+02,-2.664354553222656250e+02,-2.645626525878906250e+02,-2.438195495605468750e+02,-1.994062652587890625e+02,-1.636805114746093750e+02,-1.441620483398437500e+02,-1.387759857177734375e+02,-1.417843170166015625e+02,-1.354844512939453125e+02,-1.329942474365234375e+02,-1.558396148681640625e+02,-1.949253082275390625e+02,-2.245960845947265625e+02,-2.126656799316406250e+02,-2.039223632812500000e+02,-2.164460601806640625e+02,-2.341996154785156250e+02,-2.135668334960937500e+02,-1.848477325439453125e+02,-1.877382659912109375e+02,-2.075451812744140625e+02,-2.354655761718750000e+02,-2.662351379394531250e+02,-2.811311340332031250e+02,-2.815577392578125000e+02,-2.881953735351562500e+02,-2.855438537597656250e+02,-2.625265502929687500e+02,-2.196312255859375000e+02,-1.979783477783203125e+02,-1.982568054199218750e+02,-1.987411804199218750e+02,-1.898002929687500000e+02,-1.921537170410156250e+02,-2.211989135742187500e+02,-2.450362396240234375e+02,-2.694548645019531250e+02,-2.902115173339843750e+02,-3.042374877929687500e+02,-3.133080444335937500e+02,-2.884203491210937500e+02,-2.683333740234375000e+02,-2.420765228271484375e+02,-2.154917297363281250e+02,-1.984626159667968750e+02,-1.888619384765625000e+02,-1.839383239746093750e+02,-1.942395629882812500e+02,-2.287546691894531250e+02,-2.422066650390625000e+02,-2.524055175781250000e+02,-2.640021667480468750e+02,-2.731945495605468750e+02,-2.910077514648437500e+02,-3.081754760742187500e+02,-3.166936645507812500e+02,-3.069706726074218750e+02,-3.179236755371093750e+02,-3.342843322753906250e+02,-3.413931579589843750e+02,-3.423146972656250000e+02,-3.400422363281250000e+02,-3.459050598144531250e+02,-3.429274902343750000e+02,-3.437489624023437500e+02,-3.488834838867187500e+02,-3.496562500000000000e+02,-3.485616455078125000e+02,-3.484688415527343750e+02,-3.353276977539062500e+02,-3.257409667968750000e+02,-3.370845031738281250e+02,-3.430818786621093750e+02,-3.436871337890625000e+02,-3.425659790039062500e+02,-3.450563659667968750e+02,-3.464667968750000000e+02,-3.429253845214843750e+02,-3.442419128417968750e+02,-3.475569763183593750e+02,-3.468181457519531250e+02,-3.475461425781250000e+02,-3.483036804199218750e+02,-3.483679199218750000e+02,-2.683928222656250000e+02,-1.770747070312500000e+02,-1.235888748168945312e+02,-9.394755554199218750e+01,-9.160372924804687500e+01,-9.750837707519531250e+01,-9.529740905761718750e+01,-1.022048721313476562e+02,-1.221183166503906250e+02,-1.375230712890625000e+02,-1.565036468505859375e+02,-1.787538604736328125e+02,-1.930084228515625000e+02,-2.058041534423828125e+02,-2.314437866210937500e+02,-2.250036468505859375e+02,-2.105527801513671875e+02,-1.987495269775390625e+02,-1.954434661865234375e+02,-1.960696563720703125e+02,-1.806653900146484375e+02,-1.728413696289062500e+02,-1.790720062255859375e+02,-1.929220886230468750e+02,-2.120427398681640625e+02,-2.189956817626953125e+02,-2.066268615722656250e+02,-2.063774261474609375e+02,-2.193882446289062500e+02,-2.423015747070312500e+02,-2.680996398925781250e+02,-2.957461853027343750e+02,-3.249478454589843750e+02,-3.326920776367187500e+02,-3.334499206542968750e+02,-3.399846191406250000e+02,-3.483832702636718750e+02,-3.543806762695312500e+02,-3.524228210449218750e+02,-3.478350219726562500e+02,-3.413584289550781250e+02,-3.388207702636718750e+02,-3.388027648925781250e+02,-3.211964416503906250e+02,-2.766921081542968750e+02,-2.362868194580078125e+02,-2.034321594238281250e+02,-1.924495239257812500e+02,-1.996034851074218750e+02,-1.844730834960937500e+02,-1.616081390380859375e+02,-1.514167022705078125e+02,-1.372440032958984375e+02,-1.160708389282226562e+02,-1.113015365600585938e+02,-1.182446365356445312e+02,-1.164213562011718750e+02,-1.135156707763671875e+02,-1.181197280883789062e+02,-1.417336883544921875e+02,-1.726260681152343750e+02,-1.866981964111328125e+02,-1.690136413574218750e+02,-1.769389038085937500e+02,-2.089283142089843750e+02,-2.345415344238281250e+02,-2.306179962158203125e+02,-2.050181121826171875e+02,-1.771477966308593750e+02,-1.545902252197265625e+02,-1.477935333251953125e+02,-1.560834350585937500e+02,-1.666085968017578125e+02,-1.847541503906250000e+02,-2.013750000000000000e+02,-2.253390960693359375e+02,-2.454259490966796875e+02,-2.592693786621093750e+02,-2.699662475585937500e+02,-2.771503295898437500e+02,-2.733038940429687500e+02,-2.453672943115234375e+02,-2.038933563232421875e+02,-1.739186096191406250e+02,-1.567213592529296875e+02,-1.321107177734375000e+02,-1.171668701171875000e+02,-1.110196914672851562e+02,-1.102440719604492188e+02,-1.222886657714843750e+02,-1.425200195312500000e+02,-1.772092132568359375e+02,-2.142890625000000000e+02,-2.482095336914062500e+02,-2.494979858398437500e+02,-2.060393829345703125e+02,-1.820729217529296875e+02,-1.814187164306640625e+02,-2.055851440429687500e+02,-2.289252929687500000e+02,-2.525870513916015625e+02,-2.657196044921875000e+02,-2.536631164550781250e+02,-2.520190429687500000e+02,-2.563694152832031250e+02,-2.547760009765625000e+02,-2.421673889160156250e+02,-2.191448516845703125e+02,-2.121919403076171875e+02,-2.065086669921875000e+02,-2.100623779296875000e+02,-2.057560119628906250e+02,-1.979444122314453125e+02,-2.013610382080078125e+02,-2.175765686035156250e+02,-2.389928741455078125e+02,-2.598192443847656250e+02,-2.665298767089843750e+02,-2.575805053710937500e+02,-2.524228973388671875e+02,-2.497263641357421875e+02,-2.547542419433593750e+02,-2.586689147949218750e+02,-2.586658325195312500e+02,-2.694661560058593750e+02,-2.842322692871093750e+02,-3.121599731445312500e+02,-3.203063659667968750e+02,-3.145247802734375000e+02,-3.241665954589843750e+02,-3.412077941894531250e+02,-3.440771484375000000e+02,-3.460745239257812500e+02,-3.457568359375000000e+02,-3.449222412109375000e+02,-3.471608581542968750e+02,-3.473802795410156250e+02,-3.467742004394531250e+02,-3.455786132812500000e+02,-3.424595642089843750e+02,-3.394118957519531250e+02,-3.297128601074218750e+02,-3.176486816406250000e+02,-3.263958435058593750e+02,-3.287549743652343750e+02,-3.342146301269531250e+02,-3.441044311523437500e+02,-3.413450012207031250e+02,-3.129836120605468750e+02,-2.654003601074218750e+02,-2.280110778808593750e+02,-2.218843841552734375e+02,-2.417825164794921875e+02,-2.639435119628906250e+02,-2.835848999023437500e+02,-2.583360595703125000e+02,-1.844906463623046875e+02,-1.457916107177734375e+02,-1.322696685791015625e+02,-1.298720397949218750e+02,-1.535053253173828125e+02,-1.956088409423828125e+02,-2.215591125488281250e+02,-2.420374145507812500e+02,-2.488354797363281250e+02,-2.440847625732421875e+02,-2.426098480224609375e+02,-2.478212432861328125e+02,-2.574003295898437500e+02,-2.596053466796875000e+02,-2.503556671142578125e+02,-2.297171630859375000e+02,-2.409358367919921875e+02,-2.695825500488281250e+02,-2.846707763671875000e+02,-2.985131530761718750e+02,-2.759339904785156250e+02,-2.241859283447265625e+02,-1.862343750000000000e+02,-1.509296875000000000e+02,-1.177948837280273438e+02,-1.062829513549804688e+02,-1.084069976806640625e+02,-1.363197784423828125e+02,-1.834132690429687500e+02,-2.125215759277343750e+02,-2.330973968505859375e+02,-2.406625823974609375e+02,-1.971383361816406250e+02,-1.632344970703125000e+02,-1.564820556640625000e+02,-1.405537261962890625e+02,-1.398876190185546875e+02,-1.403162536621093750e+02,-1.562553253173828125e+02,-1.859576263427734375e+02,-2.048124542236328125e+02,-2.211570434570312500e+02,-2.441576995849609375e+02,-2.745254821777343750e+02,-2.535294799804687500e+02,-2.039146118164062500e+02,-2.046316833496093750e+02,-2.382467498779296875e+02,-2.654868774414062500e+02,-2.951063842773437500e+02,-2.985159606933593750e+02,-3.038614196777343750e+02,-3.095404052734375000e+02,-2.775211181640625000e+02,-2.204132537841796875e+02,-1.853078002929687500e+02,-1.792925720214843750e+02,-1.920880737304687500e+02,-2.254376220703125000e+02,-2.536999053955078125e+02,-2.860113525390625000e+02,-3.032542419433593750e+02,-2.786305236816406250e+02,-2.678092956542968750e+02,-2.782368164062500000e+02,-2.784157714843750000e+02,-2.724193115234375000e+02,-2.502585906982421875e+02,-2.238195800781250000e+02,-2.079807128906250000e+02,-2.069301452636718750e+02,-2.142469635009765625e+02,-2.104334259033203125e+02,-2.034894866943359375e+02,-2.121472473144531250e+02,-2.357259826660156250e+02,-2.604190063476562500e+02,-2.580037841796875000e+02,-2.555266571044921875e+02,-2.570867309570312500e+02,-2.617297058105468750e+02,-2.590868225097656250e+02,-2.488653106689453125e+02,-2.470901031494140625e+02,-2.515118255615234375e+02,-2.706629333496093750e+02,-3.010395812988281250e+02,-3.074256591796875000e+02,-2.676145324707031250e+02,-2.439155120849609375e+02,-2.452707061767578125e+02,-2.500163269042968750e+02,-2.342156524658203125e+02,-2.201757202148437500e+02,-2.112675933837890625e+02,-1.950013122558593750e+02,-1.935442810058593750e+02,-2.124266510009765625e+02,-2.411703643798828125e+02,-2.702906494140625000e+02,-2.938098144531250000e+02,-3.043311767578125000e+02,-3.150318908691406250e+02,-3.190455627441406250e+02,-3.248305969238281250e+02,-3.280019836425781250e+02,-3.332190246582031250e+02,-3.379095153808593750e+02,-3.387762451171875000e+02,-3.405688476562500000e+02,-3.396929321289062500e+02,-3.342844543457031250e+02,-3.375501403808593750e+02,-3.367861328125000000e+02,-3.403899841308593750e+02,-3.530965881347656250e+02,-3.575318908691406250e+02,-3.537224121093750000e+02,-3.196585388183593750e+02,-2.548948974609375000e+02,-2.046007690429687500e+02,-1.805144195556640625e+02,-1.695033264160156250e+02,-1.803245086669921875e+02,-2.125877685546875000e+02,-2.007279052734375000e+02,-1.813729705810546875e+02,-2.024684448242187500e+02,-2.159293670654296875e+02,-2.268497619628906250e+02,-2.436259460449218750e+02,-2.549884948730468750e+02,-2.625804443359375000e+02,-2.516203002929687500e+02,-2.404005889892578125e+02,-2.324882659912109375e+02,-2.165269317626953125e+02,-2.047712249755859375e+02,-1.957151641845703125e+02,-1.967881011962890625e+02,-1.973208618164062500e+02,-2.130253295898437500e+02,-2.346629486083984375e+02,-2.641390380859375000e+02,-2.783964538574218750e+02,-2.510908813476562500e+02,-2.347481231689453125e+02,-2.353075103759765625e+02,-2.369704284667968750e+02,-2.462147216796875000e+02,-2.597259826660156250e+02,-2.846496582031250000e+02,-2.381360321044921875e+02,-1.831440429687500000e+02,-1.623817596435546875e+02,-1.556943664550781250e+02,-1.456061248779296875e+02,-1.454311065673828125e+02,-1.456808624267578125e+02,-1.449756164550781250e+02,-1.656607208251953125e+02,-1.873013763427734375e+02,-2.041442108154296875e+02,-2.093156280517578125e+02,-2.104179382324218750e+02,-2.067090454101562500e+02,-2.195688629150390625e+02,-2.413699340820312500e+02,-2.472959594726562500e+02,-2.367420806884765625e+02,-2.322008514404296875e+02,-2.182326660156250000e+02,-2.204349670410156250e+02,-2.307612762451171875e+02,-2.277854003906250000e+02,-2.345635223388671875e+02,-2.523811187744140625e+02,-2.580212097167968750e+02,-2.461018981933593750e+02,-2.205608673095703125e+02,-2.067716674804687500e+02,-2.099282836914062500e+02,-2.167359924316406250e+02,-2.295879058837890625e+02,-2.448386535644531250e+02,-2.523495635986328125e+02,-2.609138793945312500e+02,-2.406697540283203125e+02,-2.379445190429687500e+02,-2.543899078369140625e+02,-2.666937866210937500e+02,-2.748575134277343750e+02,-2.704123229980468750e+02,-2.509973144531250000e+02,-2.347499542236328125e+02,-2.429815979003906250e+02,-2.729258728027343750e+02,-2.891865234375000000e+02,-2.928998718261718750e+02,-2.926552734375000000e+02,-2.695010375976562500e+02,-2.211368103027343750e+02,-1.748584594726562500e+02,-1.462072296142578125e+02,-1.342764892578125000e+02,-1.378756103515625000e+02,-1.403964233398437500e+02,-1.329745635986328125e+02,-1.489171752929687500e+02,-1.929824829101562500e+02,-2.459128723144531250e+02,-2.237514801025390625e+02,-1.924010772705078125e+02,-1.944878234863281250e+02,-2.134716033935546875e+02,-2.260927734375000000e+02,-2.388167724609375000e+02,-2.592742614746093750e+02,-2.727206420898437500e+02,-2.689807128906250000e+02,-2.885585937500000000e+02,-2.855149536132812500e+02,-2.314835052490234375e+02,-2.131342468261718750e+02,-2.267176971435546875e+02,-2.600251464843750000e+02,-2.871745910644531250e+02,-2.830853576660156250e+02,-2.470854187011718750e+02,-2.156258697509765625e+02,-2.102744445800781250e+02,-2.269654388427734375e+02,-2.441549835205078125e+02,-2.410043334960937500e+02,-2.054472351074218750e+02,-1.802303161621093750e+02,-1.679273529052734375e+02,-1.599598999023437500e+02,-1.637993927001953125e+02,-1.758823394775390625e+02,-1.830917510986328125e+02,-1.984480285644531250e+02,-2.312075958251953125e+02,-2.633607482910156250e+02,-2.787454223632812500e+02,-2.913332824707031250e+02,-2.858378906250000000e+02,-2.746087036132812500e+02,-2.575571289062500000e+02,-2.552751617431640625e+02,-2.727939147949218750e+02,-2.881813049316406250e+02,-2.956127624511718750e+02,-2.666225280761718750e+02,-2.479514312744140625e+02,-2.478235931396484375e+02,-2.597149963378906250e+02,-2.815144348144531250e+02,-2.874361877441406250e+02,-2.520879669189453125e+02,-2.122348785400390625e+02,-2.032099456787109375e+02,-2.037605133056640625e+02,-2.112683715820312500e+02,-2.278204803466796875e+02,-2.409008331298828125e+02,-2.313575134277343750e+02,-2.282123718261718750e+02,-2.474441833496093750e+02,-2.602828979492187500e+02,-2.728476257324218750e+02,-2.872060546875000000e+02,-2.827292480468750000e+02,-2.826466369628906250e+02,-3.032657775878906250e+02,-3.320793151855468750e+02,-3.025159301757812500e+02,-2.658184204101562500e+02,-2.837437133789062500e+02,-3.127189941406250000e+02,-3.263078613281250000e+02,-3.355806274414062500e+02,-3.456183166503906250e+02,-3.515135803222656250e+02,-3.502284545898437500e+02,-3.492850952148437500e+02,-3.576388244628906250e+02,-3.596423950195312500e+02,-3.535054931640625000e+02,-3.460199890136718750e+02,-3.495112609863281250e+02,-3.532410278320312500e+02,-3.516116943359375000e+02,-3.485096435546875000e+02,-3.476152954101562500e+02,-3.505171813964843750e+02,-3.504069213867187500e+02,-3.531329345703125000e+02,-3.479330749511718750e+02,-3.442243041992187500e+02,-3.452396240234375000e+02,-3.502543029785156250e+02,-3.563773193359375000e+02,-3.593364257812500000e+02,-3.559760437011718750e+02,-3.495940246582031250e+02,-3.553932189941406250e+02,-3.565891113281250000e+02,-3.582082214355468750e+02,-3.604450988769531250e+02,-3.198503723144531250e+02,-2.342122802734375000e+02,-1.572575225830078125e+02,-1.024619140625000000e+02,-6.754589843750000000e+01,-5.233411026000976562e+01,-7.514086151123046875e+01,-1.155838394165039062e+02,-1.472892761230468750e+02,-1.774660034179687500e+02,-1.863129272460937500e+02,-1.442042236328125000e+02,-1.006075134277343750e+02,-7.847650909423828125e+01,-7.064736175537109375e+01,-8.294110107421875000e+01,-9.568096923828125000e+01,-1.120025558471679688e+02,-1.369927825927734375e+02,-1.744637451171875000e+02,-2.129126739501953125e+02,-2.460809478759765625e+02,-2.712169494628906250e+02,-2.953111267089843750e+02,-3.160967102050781250e+02,-3.221427612304687500e+02,-2.916878356933593750e+02,-2.441148834228515625e+02,-2.286630401611328125e+02,-2.361194610595703125e+02,-2.569042663574218750e+02,-2.594849853515625000e+02,-2.406485748291015625e+02,-2.059399414062500000e+02,-1.789465179443359375e+02,-1.482368774414062500e+02,-1.296242523193359375e+02,-1.176216354370117188e+02,-1.097262039184570312e+02,-1.120337142944335938e+02,-1.237224044799804688e+02,-1.492983551025390625e+02,-1.853017730712890625e+02,-2.001335754394531250e+02,-1.944264831542968750e+02,-1.942993621826171875e+02,-1.972253875732421875e+02,-1.863329772949218750e+02,-1.890444183349609375e+02,-2.178785400390625000e+02,-2.260408477783203125e+02,-2.209136810302734375e+02,-2.282541351318359375e+02,-2.379182586669921875e+02,-2.352758789062500000e+02,-2.276919250488281250e+02,-2.359800567626953125e+02,-2.450157165527343750e+02,-2.492132263183593750e+02,-2.556457214355468750e+02,-2.801524963378906250e+02,-2.996332702636718750e+02,-3.048941650390625000e+02,-2.985586547851562500e+02,-2.714945068359375000e+02,-2.269675903320312500e+02,-1.918352508544921875e+02,-1.681583099365234375e+02,-1.602693786621093750e+02,-1.822172851562500000e+02,-2.087840270996093750e+02,-2.302430725097656250e+02,-2.640104675292968750e+02,-2.958984985351562500e+02,-3.052052917480468750e+02,-2.917225036621093750e+02,-2.848807678222656250e+02,-2.732591552734375000e+02,-2.580514831542968750e+02,-2.553692932128906250e+02,-2.559835205078125000e+02,-2.523683166503906250e+02,-2.405876617431640625e+02,-2.368237762451171875e+02,-2.408859100341796875e+02,-2.507841033935546875e+02,-2.585016784667968750e+02,-2.491880645751953125e+02,-2.398858795166015625e+02,-2.518737030029296875e+02,-2.895946960449218750e+02,-3.274775390625000000e+02,-3.145914916992187500e+02,-3.153744201660156250e+02,-3.167280578613281250e+02,-2.865896606445312500e+02,-2.792016906738281250e+02,-3.113472290039062500e+02,-3.292229309082031250e+02,-3.239455566406250000e+02,-3.209446105957031250e+02,-3.104683532714843750e+02,-2.852144470214843750e+02,-2.755098266601562500e+02,-2.729834594726562500e+02,-2.712026672363281250e+02,-2.565971374511718750e+02,-2.431056365966796875e+02,-2.247692260742187500e+02,-2.219255676269531250e+02,-2.372989044189453125e+02,-2.539796905517578125e+02,-2.751388854980468750e+02,-2.995822753906250000e+02,-3.106968994140625000e+02,-3.195335388183593750e+02,-3.308062133789062500e+02,-3.045182189941406250e+02,-2.929785461425781250e+02,-3.099245910644531250e+02,-3.248018493652343750e+02,-3.373892822265625000e+02,-3.450584411621093750e+02,-3.508297729492187500e+02,-3.508354492187500000e+02,-3.461901245117187500e+02,-3.462238769531250000e+02,-3.520836791992187500e+02,-3.504348449707031250e+02,-3.426608886718750000e+02,-3.409169311523437500e+02,-3.389836120605468750e+02,-3.399131774902343750e+02,-3.385578002929687500e+02,-3.380170593261718750e+02,-3.421511535644531250e+02,-3.473129882812500000e+02,-3.482070617675781250e+02,-3.401450805664062500e+02,-3.409361572265625000e+02,-3.468362121582031250e+02,-3.494093017578125000e+02,-3.536966552734375000e+02,-3.549170532226562500e+02,-3.493817138671875000e+02,-3.482462768554687500e+02,-3.505933227539062500e+02,-3.459925537109375000e+02,-3.431371459960937500e+02,-3.453406066894531250e+02,-3.400862426757812500e+02,-3.369270019531250000e+02,-3.438051147460937500e+02,-3.506080932617187500e+02,-3.465976867675781250e+02,-2.821481018066406250e+02,-2.024137573242187500e+02,-1.730708770751953125e+02,-1.809038085937500000e+02,-2.080620422363281250e+02,-2.339577789306640625e+02,-2.425580749511718750e+02,-2.238271789550781250e+02,-2.183418273925781250e+02,-2.079507141113281250e+02,-1.977559814453125000e+02,-2.064078674316406250e+02,-2.165417327880859375e+02,-2.045422821044921875e+02,-2.055971221923828125e+02,-2.060570220947265625e+02,-2.250576782226562500e+02,-2.614699707031250000e+02,-2.831388549804687500e+02,-2.925704040527343750e+02,-3.052286987304687500e+02,-3.144027099609375000e+02,-3.225053405761718750e+02,-3.233276062011718750e+02,-3.228457336425781250e+02,-3.266973876953125000e+02,-3.350803527832031250e+02,-3.389925842285156250e+02,-3.413109436035156250e+02,-3.386751098632812500e+02,-3.350998229980468750e+02,-3.374390258789062500e+02,-3.358042602539062500e+02,-3.360594787597656250e+02,-3.342626342773437500e+02,-3.326863403320312500e+02,-3.283100585937500000e+02,-3.339165954589843750e+02,-3.411154785156250000e+02,-3.381127624511718750e+02,-3.361058044433593750e+02,-3.388457336425781250e+02,-3.399270324707031250e+02,-3.355466308593750000e+02,-3.403486633300781250e+02,-3.393621520996093750e+02,-3.366936645507812500e+02,-3.406427612304687500e+02,-3.452729492187500000e+02,-3.404758300781250000e+02,-3.375166625976562500e+02,-3.342070312500000000e+02,-3.226035461425781250e+02,-3.175777893066406250e+02,-3.189035949707031250e+02,-2.833808593750000000e+02,-2.338359375000000000e+02,-2.095542907714843750e+02,-1.762602233886718750e+02,-1.362459106445312500e+02,-1.120909423828125000e+02,-1.119755401611328125e+02,-1.261495666503906250e+02,-1.409069061279296875e+02,-1.411748046875000000e+02,-1.485022888183593750e+02,-1.679551239013671875e+02,-1.910632324218750000e+02,-2.175036315917968750e+02,-2.431757354736328125e+02,-2.648029174804687500e+02,-2.816868286132812500e+02,-2.931242370605468750e+02,-2.555425415039062500e+02,-2.238592376708984375e+02,-2.180748138427734375e+02,-2.306333770751953125e+02,-2.428524780273437500e+02,-2.440301666259765625e+02,-2.207638702392578125e+02,-1.807465820312500000e+02,-1.504923553466796875e+02,-1.417229003906250000e+02,-1.515556335449218750e+02,-1.698521423339843750e+02,-1.780615539550781250e+02,-1.822382965087890625e+02,-1.907257537841796875e+02,-1.938553619384765625e+02,-1.836735687255859375e+02,-1.799395751953125000e+02,-1.903344268798828125e+02,-2.098651580810546875e+02,-2.236664123535156250e+02,-2.291823425292968750e+02,-2.340639038085937500e+02,-2.190545043945312500e+02,-2.143076171875000000e+02,-2.077062225341796875e+02,-2.014898834228515625e+02,-2.155121917724609375e+02,-2.304086456298828125e+02,-2.426480712890625000e+02,-2.454858093261718750e+02,-2.571938476562500000e+02,-2.707602233886718750e+02,-2.740377502441406250e+02,-2.729325561523437500e+02,-2.721986999511718750e+02,-2.477921905517578125e+02,-2.034015655517578125e+02,-1.696981964111328125e+02,-1.568539733886718750e+02,-1.628623962402343750e+02,-1.755105133056640625e+02,-1.908414001464843750e+02,-1.893428802490234375e+02,-1.858886718750000000e+02,-1.909174499511718750e+02,-2.121386413574218750e+02,-2.393940124511718750e+02,-2.662563781738281250e+02,-2.803903503417968750e+02,-2.868836364746093750e+02,-3.051189270019531250e+02,-3.161552429199218750e+02,-3.164972534179687500e+02,-3.183711853027343750e+02,-3.254705200195312500e+02,-3.104042968750000000e+02,-2.755671691894531250e+02,-2.827950134277343750e+02,-3.147058410644531250e+02,-3.265791931152343750e+02,-3.276271057128906250e+02,-3.313434753417968750e+02,-3.294192504882812500e+02,-3.288902587890625000e+02,-3.303702087402343750e+02,-3.287356872558593750e+02,-3.314227294921875000e+02,-3.269343566894531250e+02,-3.291824340820312500e+02,-3.259711303710937500e+02,-3.246296386718750000e+02,-3.274008789062500000e+02,-3.271839904785156250e+02,-3.297765197753906250e+02,-3.334152221679687500e+02,-3.384699096679687500e+02,-3.366146240234375000e+02,-3.361718139648437500e+02,-3.319444274902343750e+02,-3.270705871582031250e+02,-3.293894348144531250e+02,-3.300074462890625000e+02,-3.275024719238281250e+02,-3.185621948242187500e+02,-3.096391296386718750e+02,-2.897417602539062500e+02,-2.539456939697265625e+02,-2.428657073974609375e+02,-2.427711486816406250e+02,-2.574750061035156250e+02,-2.711984558105468750e+02,-2.697717590332031250e+02,-2.499670715332031250e+02,-2.241200408935546875e+02,-1.932987976074218750e+02,-1.615250244140625000e+02,-1.471244964599609375e+02,-1.497056884765625000e+02,-1.603655853271484375e+02,-1.791625671386718750e+02,-2.072214355468750000e+02,-2.342766418457031250e+02,-2.333433990478515625e+02,-2.288853149414062500e+02,-2.364722290039062500e+02,-2.549209289550781250e+02,-2.621101989746093750e+02,-2.604379577636718750e+02,-2.674328918457031250e+02,-2.794320678710937500e+02,-2.950522460937500000e+02,-3.161295471191406250e+02,-3.253949584960937500e+02,-3.192354125976562500e+02,-3.184990234375000000e+02,-3.183446044921875000e+02,-3.224976196289062500e+02,-3.261342773437500000e+02,-3.252386169433593750e+02,-3.320936889648437500e+02,-3.346253051757812500e+02,-3.455928955078125000e+02,-3.395967407226562500e+02,-3.242204589843750000e+02,-3.097796936035156250e+02,-2.880832214355468750e+02,-2.695847473144531250e+02,-2.239912567138671875e+02,-1.669094543457031250e+02,-1.264494094848632812e+02,-1.054907913208007812e+02,-1.183579101562500000e+02,-1.612844696044921875e+02,-1.992567596435546875e+02,-2.268003082275390625e+02,-2.405242462158203125e+02,-2.469266967773437500e+02,-2.321609191894531250e+02,-2.045723724365234375e+02,-2.019594726562500000e+02,-2.187446441650390625e+02,-2.412863464355468750e+02,-2.541719970703125000e+02,-2.620534667968750000e+02,-2.612821350097656250e+02,-2.643074035644531250e+02,-2.472116241455078125e+02,-2.311963195800781250e+02,-2.399619293212890625e+02,-2.547343444824218750e+02,-2.621330261230468750e+02,-2.640600280761718750e+02,-2.405973052978515625e+02,-2.064718170166015625e+02,-1.925007171630859375e+02,-1.950052795410156250e+02,-1.938385620117187500e+02,-1.891287689208984375e+02,-2.013739166259765625e+02,-2.241266937255859375e+02,-2.418712615966796875e+02,-2.531606597900390625e+02,-2.630438232421875000e+02,-2.682201232910156250e+02,-2.762246398925781250e+02,-2.858125305175781250e+02,-2.942773437500000000e+02,-2.995848388671875000e+02,-3.075934448242187500e+02,-3.088874511718750000e+02,-3.155424804687500000e+02,-3.210893859863281250e+02,-3.167642822265625000e+02,-3.198851928710937500e+02,-3.225531005859375000e+02,-3.255104370117187500e+02,-3.208769226074218750e+02,-3.141392517089843750e+02,-3.130963745117187500e+02,-3.193107910156250000e+02,-3.188643188476562500e+02,-3.194758911132812500e+02,-3.219869995117187500e+02,-3.277304687500000000e+02,-3.281426696777343750e+02,-3.137314453125000000e+02,-2.635996704101562500e+02,-2.398790588378906250e+02,-2.534837493896484375e+02,-2.829839782714843750e+02,-3.015036010742187500e+02,-3.219481201171875000e+02,-2.978786010742187500e+02,-2.203489685058593750e+02,-1.899278411865234375e+02,-1.866050567626953125e+02,-1.826501312255859375e+02,-1.773043365478515625e+02,-1.673884887695312500e+02,-1.675435943603515625e+02,-1.717287902832031250e+02,-1.732385253906250000e+02,-1.806491394042968750e+02,-2.029996185302734375e+02,-2.364438323974609375e+02,-2.475596771240234375e+02,-2.568385009765625000e+02,-2.512033538818359375e+02,-2.263856506347656250e+02,-2.104735260009765625e+02,-2.035449218750000000e+02,-2.076356658935546875e+02,-2.121213989257812500e+02,-2.098357391357421875e+02,-2.232357330322265625e+02,-2.359123382568359375e+02,-2.368084106445312500e+02,-2.346037292480468750e+02,-2.450419464111328125e+02,-2.544334564208984375e+02,-2.297063751220703125e+02,-1.908785552978515625e+02,-1.542097167968750000e+02,-1.367145080566406250e+02,-1.298007965087890625e+02,-1.240177383422851562e+02,-1.272443161010742188e+02,-1.282900695800781250e+02,-1.399923400878906250e+02,-1.493051300048828125e+02,-1.754231414794921875e+02,-2.092865600585937500e+02,-2.314669799804687500e+02,-2.460611419677734375e+02,-2.721907043457031250e+02,-2.899865722656250000e+02,-2.688822021484375000e+02,-2.209251861572265625e+02,-2.062174377441406250e+02,-2.167775726318359375e+02,-2.260334320068359375e+02,-2.340399322509765625e+02,-2.261823730468750000e+02,-2.126965484619140625e+02,-2.193289031982421875e+02,-2.207441101074218750e+02,-2.350346069335937500e+02,-2.529250183105468750e+02,-2.518114776611328125e+02,-2.402704010009765625e+02,-2.281563415527343750e+02,-2.257140502929687500e+02,-2.268456268310546875e+02,-2.308499908447265625e+02,-2.481167449951171875e+02,-2.709511108398437500e+02,-2.418557128906250000e+02,-1.731852722167968750e+02,-1.349012298583984375e+02,-1.391872406005859375e+02,-1.548601226806640625e+02,-1.566067504882812500e+02,-1.516017303466796875e+02,-1.456140136718750000e+02,-1.375761260986328125e+02,-1.390615234375000000e+02,-1.544923248291015625e+02,-1.743055725097656250e+02,-1.948350219726562500e+02,-2.189568634033203125e+02,-2.384356384277343750e+02,-2.450519409179687500e+02,-2.327321624755859375e+02,-2.112507324218750000e+02,-1.901849670410156250e+02,-1.692407379150390625e+02,-1.463576202392578125e+02,-1.280544128417968750e+02,-1.182792510986328125e+02,-1.223130035400390625e+02,-1.456763458251953125e+02,-1.751501007080078125e+02,-2.049844360351562500e+02,-2.362370147705078125e+02,-2.543517761230468750e+02,-2.661468811035156250e+02,-2.719668273925781250e+02,-2.702624206542968750e+02,-2.757869262695312500e+02,-2.714826049804687500e+02,-2.668784790039062500e+02,-2.800563049316406250e+02,-2.895950622558593750e+02,-2.953308105468750000e+02,-3.037822570800781250e+02,-3.113759460449218750e+02,-3.081346435546875000e+02,-3.105700988769531250e+02,-3.095225524902343750e+02,-3.088903503417968750e+02,-3.055039672851562500e+02,-3.066378173828125000e+02,-3.156199035644531250e+02,-3.185957641601562500e+02,-3.131123657226562500e+02,-3.147513427734375000e+02,-3.251290588378906250e+02,-3.231724243164062500e+02,-3.160037841796875000e+02,-2.988271789550781250e+02,-2.806470336914062500e+02,-2.601305847167968750e+02,-2.334756011962890625e+02,-2.071545715332031250e+02,-2.084216766357421875e+02,-2.214729461669921875e+02,-2.445508728027343750e+02,-2.694178771972656250e+02,-2.547767791748046875e+02,-2.195492248535156250e+02,-2.039644165039062500e+02,-2.311329345703125000e+02,-2.765413513183593750e+02,-2.881148986816406250e+02,-2.689297790527343750e+02,-2.422385711669921875e+02,-2.578439636230468750e+02,-2.910335693359375000e+02,-3.061677856445312500e+02,-2.901387023925781250e+02,-2.745061645507812500e+02,-2.700902404785156250e+02,-2.517826995849609375e+02,-1.983243560791015625e+02,-1.656528625488281250e+02,-1.574445190429687500e+02,-1.473468322753906250e+02,-1.524257965087890625e+02,-1.699941406250000000e+02,-1.787767791748046875e+02,-2.028793487548828125e+02,-2.112421112060546875e+02,-2.164599914550781250e+02,-2.352233581542968750e+02,-2.317431945800781250e+02,-2.200604400634765625e+02,-2.139824066162109375e+02,-2.146777648925781250e+02,-2.160922851562500000e+02,-2.221432189941406250e+02,-2.337750549316406250e+02,-2.519313507080078125e+02,-2.496125335693359375e+02,-2.354285125732421875e+02,-2.114990539550781250e+02,-1.926934204101562500e+02,-1.791595306396484375e+02,-1.486832733154296875e+02,-1.259724044799804688e+02,-1.180503692626953125e+02,-1.334544525146484375e+02,-1.678032989501953125e+02,-1.979498901367187500e+02,-1.930744628906250000e+02,-1.767335357666015625e+02,-1.790232086181640625e+02,-2.077035217285156250e+02,-2.322680053710937500e+02,-2.409279022216796875e+02,-2.590792846679687500e+02,-2.886890563964843750e+02,-2.450872497558593750e+02,-1.710745697021484375e+02,-1.334843597412109375e+02,-1.316177215576171875e+02,-1.549444274902343750e+02,-1.876533355712890625e+02,-2.172275848388671875e+02,-2.340896301269531250e+02,-2.479895172119140625e+02,-2.346044464111328125e+02,-2.164804077148437500e+02,-2.129464111328125000e+02,-2.167149810791015625e+02,-2.258808135986328125e+02,-2.300994873046875000e+02,-2.294892425537109375e+02,-2.163549957275390625e+02,-1.975046844482421875e+02,-1.794340667724609375e+02,-1.697232666015625000e+02,-1.774636383056640625e+02,-1.908946990966796875e+02,-1.999034576416015625e+02,-2.143228149414062500e+02,-2.362547607421875000e+02,-2.484704742431640625e+02,-2.653634338378906250e+02,-2.681304016113281250e+02,-2.692440490722656250e+02,-2.755803527832031250e+02,-2.827510375976562500e+02,-2.926081848144531250e+02,-3.043714599609375000e+02,-3.153366394042968750e+02,-3.279825744628906250e+02,-3.403229064941406250e+02,-3.440036010742187500e+02,-3.516194152832031250e+02,-3.531453247070312500e+02,-3.503576354980468750e+02,-3.476376953125000000e+02,-3.359485168457031250e+02,-3.322241821289062500e+02,-3.227899780273437500e+02,-3.059631958007812500e+02,-2.843515930175781250e+02,-2.815098876953125000e+02,-2.876955566406250000e+02,-2.926266174316406250e+02,-2.977651062011718750e+02,-3.001900024414062500e+02,-2.966808776855468750e+02,-2.939258728027343750e+02,-2.938059387207031250e+02,-2.939733886718750000e+02,-2.902090759277343750e+02,-2.836542053222656250e+02,-2.852003784179687500e+02,-2.840939331054687500e+02,-2.798521728515625000e+02,-2.737991638183593750e+02,-2.761307373046875000e+02,-2.762514648437500000e+02,-2.771573791503906250e+02,-2.946967163085937500e+02,-3.026609497070312500e+02,-3.022316284179687500e+02,-3.233990173339843750e+02,-3.314071350097656250e+02,-3.184798583984375000e+02,-3.307829895019531250e+02,-3.419160461425781250e+02,-3.357916870117187500e+02,-3.306324768066406250e+02,-3.159893188476562500e+02,-3.151571044921875000e+02,-3.229805603027343750e+02,-3.262810668945312500e+02,-3.317242126464843750e+02,-3.349176940917968750e+02,-3.301903381347656250e+02,-3.334387817382812500e+02,-3.346347351074218750e+02,-3.363015136718750000e+02,-3.027111511230468750e+02,-2.770209350585937500e+02,-2.987638854980468750e+02,-3.060518798828125000e+02,-2.923760375976562500e+02,-2.170205383300781250e+02,-1.457706451416015625e+02,-1.172994613647460938e+02,-1.143559951782226562e+02,-1.206091384887695312e+02,-1.369806823730468750e+02,-1.566660308837890625e+02,-1.694045715332031250e+02,-1.640554656982421875e+02,-1.489251251220703125e+02,-1.303970489501953125e+02,-1.009579162597656250e+02,-8.121695709228515625e+01,-6.848655700683593750e+01,-6.227358245849609375e+01,-5.241036605834960938e+01,-4.650215148925781250e+01,-4.583030319213867188e+01,-4.787889862060546875e+01,-5.496817398071289062e+01,-7.237977600097656250e+01,-9.334249877929687500e+01,-9.676083374023437500e+01,-1.152235870361328125e+02,-1.225857467651367188e+02,-1.293336639404296875e+02,-1.557075042724609375e+02,-1.989443054199218750e+02,-2.382298278808593750e+02,-2.409175872802734375e+02,-1.930705718994140625e+02,-1.854287414550781250e+02,-2.227613830566406250e+02,-2.566910705566406250e+02,-2.778114013671875000e+02,-2.909785461425781250e+02,-3.116738891601562500e+02,-3.281708374023437500e+02,-3.284510803222656250e+02,-3.132537536621093750e+02,-3.002588500976562500e+02,-3.150422668457031250e+02,-3.280419006347656250e+02,-3.251662597656250000e+02,-3.084275512695312500e+02,-2.601667480468750000e+02,-1.751128692626953125e+02,-1.191324844360351562e+02,-9.955579376220703125e+01,-9.624505615234375000e+01,-1.160855560302734375e+02,-1.213456115722656250e+02,-1.128535308837890625e+02,-1.387569580078125000e+02,-1.719479827880859375e+02,-2.020657653808593750e+02,-2.233798828125000000e+02,-2.278946990966796875e+02,-2.145393218994140625e+02,-1.985977172851562500e+02,-1.892017211914062500e+02,-1.888357238769531250e+02,-2.254632263183593750e+02,-2.596537170410156250e+02,-2.801250000000000000e+02,-2.709985961914062500e+02,-2.490118255615234375e+02,-2.232102203369140625e+02,-2.075872344970703125e+02,-2.007727966308593750e+02,-1.984539489746093750e+02,-1.932668609619140625e+02,-1.757740783691406250e+02,-1.607416381835937500e+02,-1.467357940673828125e+02,-1.255187530517578125e+02,-1.104940414428710938e+02,-1.159363327026367188e+02,-1.363307342529296875e+02,-1.598078155517578125e+02,-1.611526641845703125e+02,-1.739937591552734375e+02,-1.857595825195312500e+02,-1.928506774902343750e+02,-2.068328247070312500e+02,-2.192301177978515625e+02,-2.262735443115234375e+02,-2.382047576904296875e+02,-2.468226928710937500e+02,-2.383014526367187500e+02,-2.381123352050781250e+02,-2.632470397949218750e+02,-3.032728271484375000e+02,-3.228263854980468750e+02,-3.272524719238281250e+02,-3.282185974121093750e+02,-3.117694702148437500e+02,-2.662906188964843750e+02,-2.324704589843750000e+02,-2.202077026367187500e+02,-2.144080352783203125e+02,-2.127407989501953125e+02,-2.232754821777343750e+02,-2.450291748046875000e+02,-2.610907897949218750e+02,-2.780796508789062500e+02,-2.665883483886718750e+02,-2.442724761962890625e+02,-2.350461425781250000e+02,-2.345850677490234375e+02,-2.501778564453125000e+02,-2.755502319335937500e+02,-2.915720214843750000e+02,-2.826845397949218750e+02,-2.414352264404296875e+02,-2.052173309326171875e+02,-1.857878570556640625e+02,-1.852071990966796875e+02,-1.855720214843750000e+02,-1.835353088378906250e+02,-1.939776306152343750e+02,-2.225651855468750000e+02,-2.362829437255859375e+02,-2.346819305419921875e+02,-2.302271270751953125e+02,-2.357593841552734375e+02,-2.490184936523437500e+02,-2.687796325683593750e+02,-2.882977905273437500e+02,-3.048197631835937500e+02,-3.161425476074218750e+02,-3.243827209472656250e+02,-3.287905883789062500e+02,-3.310007324218750000e+02,-3.334214782714843750e+02,-3.384244384765625000e+02,-2.774249877929687500e+02,-2.281922302246093750e+02,-2.114641113281250000e+02,-2.059810638427734375e+02,-2.133318328857421875e+02,-2.338344268798828125e+02,-2.551659698486328125e+02,-2.724908447265625000e+02,-2.583839111328125000e+02,-2.391084747314453125e+02,-2.513647003173828125e+02,-2.779673156738281250e+02,-2.988103027343750000e+02,-3.143834838867187500e+02,-2.775013732910156250e+02,-2.325843048095703125e+02,-2.129458618164062500e+02,-2.087481536865234375e+02,-2.104438323974609375e+02,-2.018476562500000000e+02,-1.985653533935546875e+02,-2.063242034912109375e+02,-2.153987274169921875e+02,-2.310382080078125000e+02,-2.518946228027343750e+02,-2.630126342773437500e+02,-2.460117340087890625e+02,-2.159671478271484375e+02,-2.118202056884765625e+02,-2.128365325927734375e+02,-1.966433715820312500e+02,-2.015113983154296875e+02,-2.346089782714843750e+02,-2.675537719726562500e+02,-2.953312377929687500e+02,-3.116842346191406250e+02,-3.011096496582031250e+02,-2.161267242431640625e+02,-1.590764770507812500e+02,-1.398218994140625000e+02,-1.369867401123046875e+02,-1.276404037475585938e+02,-1.115209960937500000e+02,-1.216279983520507812e+02,-1.306420288085937500e+02,-1.363256225585937500e+02,-1.477885284423828125e+02,-1.671003723144531250e+02,-2.005302429199218750e+02,-2.185452117919921875e+02,-2.396941375732421875e+02,-2.567739868164062500e+02,-2.481269531250000000e+02,-2.291856231689453125e+02,-2.191874694824218750e+02,-2.350914154052734375e+02,-2.666871032714843750e+02,-2.724121398925781250e+02,-2.769281921386718750e+02,-2.803320617675781250e+02,-2.901048278808593750e+02,-3.040117187500000000e+02,-3.080354614257812500e+02,-2.916614379882812500e+02,-2.396681976318359375e+02,-1.915495452880859375e+02,-1.701139831542968750e+02,-1.502258605957031250e+02,-1.395557708740234375e+02,-1.415192871093750000e+02,-1.595223999023437500e+02,-1.768209838867187500e+02,-1.706950988769531250e+02,-1.762857055664062500e+02,-1.851197204589843750e+02,-1.898945922851562500e+02,-1.989061431884765625e+02,-2.041405487060546875e+02,-2.140654144287109375e+02,-2.354695739746093750e+02,-2.590347900390625000e+02,-2.709453125000000000e+02,-2.559154205322265625e+02,-2.338983459472656250e+02,-2.256257476806640625e+02,-2.247841644287109375e+02,-2.291763458251953125e+02,-2.379370727539062500e+02,-2.561590576171875000e+02,-2.394467926025390625e+02,-2.356677398681640625e+02,-2.618443603515625000e+02,-2.793233032226562500e+02,-2.767178649902343750e+02,-2.713341674804687500e+02,-2.714816894531250000e+02,-2.768198852539062500e+02,-2.842170715332031250e+02,-2.853864135742187500e+02,-2.641526184082031250e+02,-2.370692901611328125e+02,-2.252021942138671875e+02,-2.280980224609375000e+02,-2.263087310791015625e+02,-2.141282806396484375e+02,-2.120707702636718750e+02,-2.130657196044921875e+02,-2.126203613281250000e+02,-2.168462371826171875e+02,-2.283910217285156250e+02,-2.524571228027343750e+02,-2.670997619628906250e+02,-2.820952453613281250e+02,-2.917984313964843750e+02,-3.018548889160156250e+02,-3.124841003417968750e+02,-3.113022155761718750e+02,-3.113426513671875000e+02,-3.089911804199218750e+02,-3.109911804199218750e+02,-3.094761352539062500e+02,-3.138746643066406250e+02,-3.118104248046875000e+02,-3.130665893554687500e+02,-3.132213745117187500e+02,-3.095036926269531250e+02,-3.030133361816406250e+02,-3.004831237792968750e+02,-3.019848327636718750e+02,-3.034501342773437500e+02,-3.025461730957031250e+02,-3.041101684570312500e+02,-3.028600158691406250e+02,-3.011560974121093750e+02,-3.002637939453125000e+02,-3.021141357421875000e+02,-3.050122680664062500e+02,-3.052453613281250000e+02,-3.008855285644531250e+02,-2.981013183593750000e+02,-2.901922912597656250e+02,-2.430863647460937500e+02,-2.123672485351562500e+02,-2.134726867675781250e+02,-2.265526733398437500e+02,-2.460257263183593750e+02,-2.359370880126953125e+02,-2.038274383544921875e+02,-1.599430236816406250e+02,-1.168512496948242188e+02,-9.819670867919921875e+01,-9.487477874755859375e+01,-8.655570220947265625e+01,-8.592186737060546875e+01,-7.965680694580078125e+01,-6.662397003173828125e+01,-6.598815917968750000e+01,-8.173044586181640625e+01,-1.082381362915039062e+02,-1.203624649047851562e+02,-1.250439376831054688e+02,-1.270549468994140625e+02,-1.306792144775390625e+02,-1.281216583251953125e+02,-1.354436340332031250e+02,-1.503285369873046875e+02,-1.546088714599609375e+02,-1.579495391845703125e+02,-1.553801574707031250e+02,-1.665386352539062500e+02,-1.869071350097656250e+02,-1.739349060058593750e+02,-1.526197814941406250e+02,-1.283557434082031250e+02,-1.161352539062500000e+02,-1.126443786621093750e+02,-1.268322525024414062e+02,-1.624837341308593750e+02,-1.982510681152343750e+02,-2.310540924072265625e+02,-2.560595703125000000e+02,-2.733294067382812500e+02,-2.716190795898437500e+02,-2.581734924316406250e+02,-2.594505310058593750e+02,-2.716408996582031250e+02,-2.890868225097656250e+02,-3.044344482421875000e+02,-3.108196411132812500e+02,-3.090567932128906250e+02,-3.136949157714843750e+02,-3.092645874023437500e+02,-3.078620300292968750e+02,-3.109347534179687500e+02,-3.091005554199218750e+02,-3.107027893066406250e+02,-3.050873107910156250e+02,-2.930367126464843750e+02,-2.897874450683593750e+02,-2.920847473144531250e+02,-2.947842102050781250e+02,-2.922894897460937500e+02,-2.879463500976562500e+02,-2.808325805664062500e+02,-2.858139953613281250e+02,-2.869318542480468750e+02,-2.795947875976562500e+02,-2.688496704101562500e+02,-2.252284545898437500e+02,-1.848590087890625000e+02,-1.661645202636718750e+02,-1.655292510986328125e+02,-1.769457702636718750e+02,-1.949272766113281250e+02,-2.063199310302734375e+02,-2.136633300781250000e+02,-2.249149169921875000e+02,-2.448662719726562500e+02,-2.532872467041015625e+02,-2.091276397705078125e+02,-1.637728576660156250e+02,-1.140159378051757812e+02,-9.622270965576171875e+01,-1.021772537231445312e+02,-9.723032379150390625e+01,-7.851140594482421875e+01,-7.785636901855468750e+01,-7.204727935791015625e+01,-6.673854064941406250e+01,-7.619429016113281250e+01,-9.737257385253906250e+01,-1.220746994018554688e+02,-1.437674865722656250e+02,-1.745053558349609375e+02,-1.993426513671875000e+02,-1.919430694580078125e+02,-1.674781951904296875e+02,-1.731485900878906250e+02,-1.990550384521484375e+02,-2.228945465087890625e+02,-2.355029602050781250e+02,-2.304245758056640625e+02,-2.064030609130859375e+02,-1.714580688476562500e+02,-1.337535095214843750e+02,-9.762821197509765625e+01,-9.845945739746093750e+01,-1.261787033081054688e+02,-1.416860198974609375e+02,-1.259463500976562500e+02,-1.290803070068359375e+02,-1.632863769531250000e+02,-2.000725250244140625e+02,-2.181702117919921875e+02,-1.992601318359375000e+02,-1.770578765869140625e+02,-1.734346160888671875e+02,-1.786011962890625000e+02,-1.804661254882812500e+02,-1.962532501220703125e+02,-2.165322875976562500e+02,-2.257780456542968750e+02,-2.178348083496093750e+02,-1.841585235595703125e+02,-1.684930267333984375e+02,-1.696087493896484375e+02,-1.744491882324218750e+02,-1.741118621826171875e+02,-1.740933380126953125e+02,-1.744604492187500000e+02,-1.486066436767578125e+02,-1.438867340087890625e+02,-1.499997558593750000e+02,-1.491694946289062500e+02,-1.665734100341796875e+02,-2.000957489013671875e+02,-2.134406738281250000e+02,-1.942074584960937500e+02,-1.878128509521484375e+02,-1.885253753662109375e+02,-1.830153198242187500e+02,-1.784176330566406250e+02,-1.797191925048828125e+02,-1.797514648437500000e+02,-1.667254791259765625e+02,-1.599439697265625000e+02,-1.613974456787109375e+02,-1.619801330566406250e+02,-1.619604492187500000e+02,-1.597896575927734375e+02,-1.818764953613281250e+02,-2.121416320800781250e+02,-2.224881439208984375e+02,-2.262387390136718750e+02,-2.471127929687500000e+02,-2.493977966308593750e+02,-2.317545013427734375e+02,-2.143371276855468750e+02,-1.977300872802734375e+02,-1.885223083496093750e+02,-1.855795745849609375e+02,-1.914403533935546875e+02,-1.988618621826171875e+02,-2.054994506835937500e+02,-2.242335968017578125e+02,-2.411323242187500000e+02,-2.492769775390625000e+02,-2.647017822265625000e+02,-2.717435302734375000e+02,-2.727410888671875000e+02,-2.875277099609375000e+02,-2.907538452148437500e+02,-2.752406311035156250e+02,-2.568945007324218750e+02,-2.483767700195312500e+02,-2.566719055175781250e+02,-2.636240844726562500e+02,-2.677980957031250000e+02,-2.752312011718750000e+02,-2.785117187500000000e+02,-2.874647216796875000e+02,-2.972921142578125000e+02,-2.997306518554687500e+02,-3.005131530761718750e+02,-2.896895751953125000e+02,-2.569677429199218750e+02,-2.344394226074218750e+02,-2.345709075927734375e+02,-2.324349365234375000e+02,-2.304589385986328125e+02,-2.236303558349609375e+02,-2.189487609863281250e+02,-2.154174652099609375e+02,-2.222544403076171875e+02,-2.351849670410156250e+02,-2.433595123291015625e+02,-2.401911468505859375e+02,-2.339129333496093750e+02,-2.403723907470703125e+02,-2.660830688476562500e+02,-2.921900024414062500e+02,-2.945485229492187500e+02,-2.567178955078125000e+02,-2.259641113281250000e+02,-2.118722381591796875e+02,-2.148688354492187500e+02,-2.355578765869140625e+02,-2.619715881347656250e+02,-2.657050781250000000e+02,-2.731494140625000000e+02,-2.758170471191406250e+02,-2.676509094238281250e+02,-2.341847991943359375e+02,-2.051921691894531250e+02,-2.009502563476562500e+02,-2.065185089111328125e+02,-2.031037750244140625e+02,-1.973045349121093750e+02,-1.847523956298828125e+02,-1.717531433105468750e+02,-1.798700866699218750e+02,-2.112212982177734375e+02,-2.466886749267578125e+02,-2.608252563476562500e+02,-2.761797790527343750e+02,-2.851278076171875000e+02,-2.862362365722656250e+02,-2.845712585449218750e+02,-2.935979309082031250e+02,-3.136902465820312500e+02,-3.257338867187500000e+02,-3.344802246093750000e+02,-3.399236145019531250e+02,-3.412076721191406250e+02,-3.407131347656250000e+02,-3.378914184570312500e+02,-3.397107238769531250e+02,-3.458396606445312500e+02,-3.442073669433593750e+02,-3.411956787109375000e+02,-3.421028747558593750e+02,-3.428557739257812500e+02,-3.421063842773437500e+02,-3.430109863281250000e+02,-3.406394348144531250e+02,-3.277947692871093750e+02,-3.278459167480468750e+02,-3.389614868164062500e+02,-3.456079711914062500e+02,-3.455706787109375000e+02,-3.388222961425781250e+02,-3.367015380859375000e+02,-3.395846252441406250e+02,-3.420663452148437500e+02,-3.400577087402343750e+02,-3.399206237792968750e+02,-3.408353881835937500e+02,-3.388783264160156250e+02,-3.403530578613281250e+02,-3.404104919433593750e+02,-3.372107238769531250e+02,-3.389242553710937500e+02,-3.440848388671875000e+02,-3.450300292968750000e+02,-3.447704772949218750e+02,-3.388374938964843750e+02,-3.386010437011718750e+02,-3.434996948242187500e+02,-3.382315368652343750e+02,-3.201514282226562500e+02,-2.931948547363281250e+02,-2.320730133056640625e+02,-1.785089111328125000e+02,-1.666766815185546875e+02,-1.596127777099609375e+02,-1.528739471435546875e+02,-1.568553619384765625e+02,-1.687274627685546875e+02,-1.924092102050781250e+02,-2.295153198242187500e+02,-2.448593750000000000e+02,-2.306684265136718750e+02,-2.117714385986328125e+02,-1.874384460449218750e+02,-1.552383270263671875e+02,-1.487989349365234375e+02,-1.690208282470703125e+02,-1.991393737792968750e+02,-2.244605712890625000e+02,-2.449923400878906250e+02,-2.648720092773437500e+02,-2.873756408691406250e+02,-3.063848876953125000e+02,-3.162041625976562500e+02,-2.881804199218750000e+02,-2.202881011962890625e+02,-1.844662628173828125e+02,-1.744684143066406250e+02,-1.694512329101562500e+02,-1.750104827880859375e+02,-1.979190368652343750e+02,-2.290926666259765625e+02,-2.318360748291015625e+02,-2.142267150878906250e+02,-2.053690643310546875e+02,-2.095967407226562500e+02,-2.091370697021484375e+02,-2.151637573242187500e+02,-2.216439666748046875e+02,-2.319826354980468750e+02,-2.419246826171875000e+02,-2.560981445312500000e+02,-2.720594482421875000e+02,-2.796059875488281250e+02,-2.743599548339843750e+02,-2.729904785156250000e+02,-2.791295776367187500e+02,-2.907438049316406250e+02,-3.007481994628906250e+02,-2.841534423828125000e+02,-2.657257080078125000e+02,-2.205188293457031250e+02,-1.988264160156250000e+02,-2.039190979003906250e+02,-2.161269836425781250e+02,-2.296646270751953125e+02,-2.435065765380859375e+02,-2.412382507324218750e+02,-2.435708923339843750e+02,-2.527285156250000000e+02,-2.685210571289062500e+02,-2.837229309082031250e+02,-2.940531311035156250e+02,-3.001042175292968750e+02,-3.028273315429687500e+02,-3.070409545898437500e+02,-3.168826293945312500e+02,-3.177149047851562500e+02,-3.210398864746093750e+02,-3.267427673339843750e+02,-3.329526977539062500e+02,-3.348076477050781250e+02,-3.379678955078125000e+02,-3.374085693359375000e+02,-3.353235168457031250e+02,-3.375459594726562500e+02,-3.369075012207031250e+02,-3.310469970703125000e+02,-3.299577331542968750e+02,-3.241116638183593750e+02,-3.268171691894531250e+02,-3.314489746093750000e+02,-3.331379394531250000e+02,-3.325137939453125000e+02,-3.286890563964843750e+02,-3.218487243652343750e+02,-3.208450927734375000e+02,-3.201900939941406250e+02,-3.226640014648437500e+02,-3.143332214355468750e+02,-2.749337768554687500e+02,-2.283807220458984375e+02,-2.104475097656250000e+02,-2.146283569335937500e+02,-2.316524353027343750e+02,-2.463179779052734375e+02,-2.483048706054687500e+02,-2.006773681640625000e+02,-1.555566101074218750e+02,-1.517227630615234375e+02,-1.536058654785156250e+02,-1.502740936279296875e+02,-1.604919586181640625e+02,-1.773192138671875000e+02,-2.022801971435546875e+02,-2.380026245117187500e+02,-2.526954345703125000e+02,-2.553588562011718750e+02,-2.475776977539062500e+02,-1.831013336181640625e+02,-1.516570739746093750e+02,-1.541811523437500000e+02,-1.670165710449218750e+02,-1.903204803466796875e+02,-2.055012207031250000e+02,-2.341121978759765625e+02,-2.499906463623046875e+02,-2.520066070556640625e+02,-2.344595184326171875e+02,-2.269019622802734375e+02,-2.263018798828125000e+02,-2.186970672607421875e+02,-1.990708770751953125e+02,-2.001504516601562500e+02,-2.055651397705078125e+02,-2.152629089355468750e+02,-2.378521728515625000e+02,-2.652389221191406250e+02,-2.803522033691406250e+02,-2.838229064941406250e+02,-2.799869995117187500e+02,-2.751842041015625000e+02,-2.491294555664062500e+02,-1.990516815185546875e+02,-1.663511962890625000e+02,-1.552222900390625000e+02,-1.655499267578125000e+02,-1.832264099121093750e+02,-2.074436340332031250e+02,-2.295352325439453125e+02,-2.510949554443359375e+02,-2.385797576904296875e+02,-2.315259399414062500e+02,-2.309719543457031250e+02,-2.322459869384765625e+02,-2.412973632812500000e+02,-2.510808868408203125e+02,-2.637506103515625000e+02,-2.888951416015625000e+02,-3.026869812011718750e+02,-3.079377746582031250e+02,-3.121941223144531250e+02,-3.233650512695312500e+02,-3.226707763671875000e+02,-3.207132873535156250e+02,-3.269626159667968750e+02,-3.314614257812500000e+02,-3.291423339843750000e+02,-3.335213317871093750e+02,-3.335679626464843750e+02,-3.334291992187500000e+02,-3.328960266113281250e+02,-3.300744018554687500e+02,-3.336797790527343750e+02,-3.404860839843750000e+02,-3.405547790527343750e+02,-3.467143249511718750e+02,-3.380047302246093750e+02,-3.192382812500000000e+02,-3.213176269531250000e+02,-3.261241149902343750e+02,-3.268188781738281250e+02,-3.394973449707031250e+02,-3.450344238281250000e+02,-3.463722534179687500e+02,-3.493323364257812500e+02,-3.386231689453125000e+02,-3.058524780273437500e+02,-2.796924438476562500e+02,-2.606491394042968750e+02,-2.330293121337890625e+02,-2.061672210693359375e+02,-1.864449462890625000e+02,-1.673071746826171875e+02,-1.874277648925781250e+02,-2.169088439941406250e+02,-1.824828796386718750e+02,-1.495251770019531250e+02,-1.405757446289062500e+02,-1.543918457031250000e+02,-1.668059387207031250e+02,-1.774448699951171875e+02,-1.932778930664062500e+02,-1.898072814941406250e+02,-1.920409240722656250e+02,-1.963742980957031250e+02,-1.803047332763671875e+02,-1.667700805664062500e+02,-1.589556274414062500e+02,-1.679036254882812500e+02,-1.898668823242187500e+02,-2.184910125732421875e+02,-2.541885681152343750e+02,-2.748663024902343750e+02,-2.718080749511718750e+02,-2.266380310058593750e+02,-1.775277709960937500e+02,-1.413681945800781250e+02,-1.300861206054687500e+02,-1.324152526855468750e+02,-1.389594726562500000e+02,-1.596454315185546875e+02,-1.993677520751953125e+02,-2.356144561767578125e+02,-2.290172729492187500e+02,-2.198042907714843750e+02,-2.219686584472656250e+02,-2.257364196777343750e+02,-2.150076904296875000e+02,-2.234999389648437500e+02,-2.546255035400390625e+02,-2.750903320312500000e+02,-2.848015136718750000e+02,-2.309361572265625000e+02,-1.567464141845703125e+02,-1.110687866210937500e+02,-9.297521972656250000e+01,-9.281319427490234375e+01,-9.768172454833984375e+01,-1.109752349853515625e+02,-1.435858764648437500e+02,-1.764515380859375000e+02,-2.046345520019531250e+02,-2.235792694091796875e+02,-2.171356353759765625e+02,-2.119693603515625000e+02,-2.109921722412109375e+02,-2.153775024414062500e+02,-2.314380798339843750e+02,-2.657882995605468750e+02,-2.902936401367187500e+02,-2.468629760742187500e+02,-2.360808258056640625e+02,-2.532306060791015625e+02,-2.578680725097656250e+02,-2.571701660156250000e+02,-2.524036712646484375e+02,-2.474289398193359375e+02,-2.443247222900390625e+02,-2.455488739013671875e+02,-2.358978118896484375e+02,-2.109667053222656250e+02,-1.992364196777343750e+02,-2.078569335937500000e+02,-2.029783172607421875e+02,-1.947200622558593750e+02,-2.038752441406250000e+02,-2.394803466796875000e+02,-2.639683227539062500e+02,-2.394210052490234375e+02,-2.192282409667968750e+02,-2.150289459228515625e+02,-2.374750366210937500e+02,-2.644149780273437500e+02,-2.898070983886718750e+02,-2.958923645019531250e+02,-2.722807006835937500e+02,-2.547440643310546875e+02,-2.538473205566406250e+02,-2.488140106201171875e+02,-2.341065979003906250e+02,-2.316679229736328125e+02,-2.420023651123046875e+02,-2.508747863769531250e+02,-2.781402587890625000e+02,-2.952385559082031250e+02,-2.801210327148437500e+02,-2.533595886230468750e+02,-2.460594024658203125e+02,-2.541312103271484375e+02,-2.611610412597656250e+02,-2.662066345214843750e+02,-2.761192016601562500e+02,-2.829144897460937500e+02,-2.949917602539062500e+02,-2.986323852539062500e+02,-2.936485595703125000e+02,-2.899032592773437500e+02,-2.603351135253906250e+02,-2.195537109375000000e+02,-2.013373718261718750e+02,-2.021085052490234375e+02,-2.137237396240234375e+02,-2.271464843750000000e+02,-2.386556701660156250e+02,-2.418631896972656250e+02,-2.442899017333984375e+02,-2.555389556884765625e+02,-2.718839416503906250e+02,-2.910966186523437500e+02,-3.078951721191406250e+02,-3.193134765625000000e+02,-3.279535522460937500e+02,-3.347210083007812500e+02,-3.402431335449218750e+02,-3.384070129394531250e+02,-3.318858642578125000e+02,-3.392104797363281250e+02,-3.466943054199218750e+02,-3.424543762207031250e+02,-3.438598022460937500e+02,-3.477751770019531250e+02,-3.603059082031250000e+02,-3.618354187011718750e+02,-3.505859375000000000e+02,-3.520792541503906250e+02,-3.522103271484375000e+02,-3.515859375000000000e+02,-3.512671203613281250e+02,-3.480634155273437500e+02,-3.515463562011718750e+02,-3.512048339843750000e+02,-3.519683532714843750e+02,-3.478163757324218750e+02,-3.470659179687500000e+02,-3.472451477050781250e+02,-3.410028381347656250e+02,-3.434480895996093750e+02,-3.479230041503906250e+02,-3.439631958007812500e+02,-3.429239807128906250e+02,-3.363114929199218750e+02,-3.292561340332031250e+02,-3.225453796386718750e+02,-3.328082885742187500e+02,-3.404451599121093750e+02,-3.406952209472656250e+02,-3.457272949218750000e+02,-3.486281738281250000e+02,-3.494017333984375000e+02,-3.513095092773437500e+02,-3.350469360351562500e+02,-2.790130004882812500e+02,-2.088946533203125000e+02,-1.681761322021484375e+02,-1.661371002197265625e+02,-1.838489685058593750e+02,-2.093808593750000000e+02,-2.391043243408203125e+02,-2.334133148193359375e+02,-1.712584686279296875e+02,-1.479819183349609375e+02,-1.492042846679687500e+02,-1.584881591796875000e+02,-1.813925170898437500e+02,-2.032026062011718750e+02,-1.823655700683593750e+02,-1.283027343750000000e+02,-1.009246444702148438e+02,-9.911473083496093750e+01,-1.033895492553710938e+02,-1.133968353271484375e+02,-1.329645538330078125e+02,-1.535403900146484375e+02,-1.931445007324218750e+02,-2.346578063964843750e+02,-2.587998352050781250e+02,-2.778182373046875000e+02,-2.786088256835937500e+02,-2.688882751464843750e+02,-2.345213623046875000e+02,-2.153793334960937500e+02,-2.156795196533203125e+02,-2.195887603759765625e+02,-2.195304565429687500e+02,-2.217765045166015625e+02,-2.392283020019531250e+02,-2.620060729980468750e+02,-2.190725708007812500e+02,-1.760644989013671875e+02,-1.618546142578125000e+02,-1.523798675537109375e+02,-1.458152923583984375e+02,-1.589193572998046875e+02,-1.884135284423828125e+02,-2.160584869384765625e+02,-1.974752044677734375e+02,-1.839345092773437500e+02,-1.980174713134765625e+02,-2.415787658691406250e+02,-2.739250793457031250e+02,-2.684782104492187500e+02,-2.630317687988281250e+02,-2.535071868896484375e+02,-2.241265563964843750e+02,-2.102314147949218750e+02,-2.143977966308593750e+02,-2.310609893798828125e+02,-2.499457092285156250e+02,-2.672616577148437500e+02,-2.845552368164062500e+02,-2.962327270507812500e+02,-2.746695861816406250e+02,-2.258278808593750000e+02,-2.003209686279296875e+02,-1.810798034667968750e+02,-1.614866485595703125e+02,-1.521042785644531250e+02,-1.533993835449218750e+02,-1.519954833984375000e+02,-1.475938415527343750e+02,-1.572006988525390625e+02,-1.891826782226562500e+02,-2.171157836914062500e+02,-2.510503082275390625e+02,-2.713713073730468750e+02,-2.693128967285156250e+02,-2.518028564453125000e+02,-2.529481048583984375e+02,-2.666007995605468750e+02,-2.693444213867187500e+02,-2.475355529785156250e+02,-2.262658386230468750e+02,-2.290167083740234375e+02,-2.386743927001953125e+02,-2.301322174072265625e+02,-2.188888854980468750e+02,-2.181655731201171875e+02,-2.157388153076171875e+02,-2.071858215332031250e+02,-2.110543518066406250e+02,-2.327376708984375000e+02,-2.561585083007812500e+02,-2.753898620605468750e+02,-2.798553161621093750e+02,-2.561308593750000000e+02,-2.203773956298828125e+02,-2.121386566162109375e+02,-2.191322326660156250e+02,-2.366386108398437500e+02,-2.538897399902343750e+02,-2.583860778808593750e+02,-2.318194122314453125e+02,-2.056716766357421875e+02,-2.075009155273437500e+02,-2.301665802001953125e+02,-2.532918243408203125e+02,-2.743224487304687500e+02,-2.896140136718750000e+02,-2.953642578125000000e+02,-2.976666564941406250e+02,-2.444747467041015625e+02,-1.852427520751953125e+02,-1.611822967529296875e+02,-1.592710266113281250e+02,-1.710032806396484375e+02,-1.755993041992187500e+02,-1.879344329833984375e+02,-1.897571411132812500e+02,-1.956996917724609375e+02,-2.069700775146484375e+02,-2.135413208007812500e+02,-2.304747924804687500e+02,-2.432373046875000000e+02,-2.618376464843750000e+02,-2.810085144042968750e+02,-2.627539672851562500e+02,-2.487508544921875000e+02,-2.597622070312500000e+02,-2.786375732421875000e+02,-2.933784484863281250e+02,-2.965430603027343750e+02,-2.777871704101562500e+02,-2.534067535400390625e+02,-2.350813293457031250e+02,-2.241246795654296875e+02,-2.115859527587890625e+02,-2.011410675048828125e+02,-2.034232788085937500e+02,-2.052165069580078125e+02,-2.162005004882812500e+02,-2.332431488037109375e+02,-2.428097381591796875e+02,-2.618155822753906250e+02,-2.455789031982421875e+02,-2.477360839843750000e+02,-2.762468261718750000e+02,-3.015233459472656250e+02,-3.213476562500000000e+02,-3.211979064941406250e+02,-3.120277404785156250e+02,-2.966954345703125000e+02,-2.954047241210937500e+02,-3.045961303710937500e+02,-3.059226684570312500e+02,-2.837243041992187500e+02,-2.659609985351562500e+02,-2.640498352050781250e+02,-2.681982421875000000e+02,-2.984317932128906250e+02,-3.241617431640625000e+02,-3.239008789062500000e+02,-3.185290527343750000e+02,-2.931469116210937500e+02,-2.665701599121093750e+02,-2.577737426757812500e+02,-2.573793640136718750e+02,-2.708603515625000000e+02,-2.891930236816406250e+02,-2.929657897949218750e+02,-2.765868530273437500e+02,-2.488526000976562500e+02,-2.420421600341796875e+02,-2.708930053710937500e+02,-3.006051635742187500e+02,-3.127388916015625000e+02,-2.961131591796875000e+02,-2.466943511962890625e+02,-2.154392547607421875e+02,-2.134280700683593750e+02,-2.224619598388671875e+02,-2.268151397705078125e+02,-2.194638671875000000e+02,-2.078016967773437500e+02,-2.027821960449218750e+02,-1.796273956298828125e+02,-1.649730987548828125e+02,-1.723323364257812500e+02,-1.772463531494140625e+02,-1.870816955566406250e+02,-1.970596313476562500e+02,-2.203589172363281250e+02,-2.507908020019531250e+02,-2.730411987304687500e+02,-2.901307373046875000e+02,-2.984165039062500000e+02,-3.109338378906250000e+02,-3.240492553710937500e+02,-3.281899414062500000e+02,-3.333180541992187500e+02,-3.315594177246093750e+02,-3.296147460937500000e+02,-3.285651550292968750e+02,-3.304229125976562500e+02,-3.292959289550781250e+02,-3.272237548828125000e+02,-3.311599426269531250e+02,-3.314963073730468750e+02,-3.252565917968750000e+02,-3.201726379394531250e+02,-3.235564575195312500e+02,-3.245911865234375000e+02,-3.236559753417968750e+02,-3.247135009765625000e+02,-3.121440734863281250e+02,-3.024105834960937500e+02,-2.902884216308593750e+02,-2.837353515625000000e+02,-2.694284362792968750e+02,-2.417097625732421875e+02,-2.171168060302734375e+02,-2.020588684082031250e+02,-1.973716735839843750e+02,-2.040557250976562500e+02,-2.069009399414062500e+02,-2.243406677246093750e+02,-2.619966430664062500e+02,-2.825491333007812500e+02,-2.963956298828125000e+02,-2.765129089355468750e+02,-2.492873077392578125e+02,-2.410767059326171875e+02,-2.279039611816406250e+02,-2.089768981933593750e+02,-1.835725860595703125e+02,-1.797590484619140625e+02,-1.927963409423828125e+02,-2.047833099365234375e+02,-2.026205444335937500e+02,-2.100197296142578125e+02,-2.095889739990234375e+02,-2.039097290039062500e+02,-2.264217224121093750e+02,-2.542395629882812500e+02,-2.721845397949218750e+02,-2.850117492675781250e+02,-3.009370727539062500e+02,-3.127300109863281250e+02,-3.121909179687500000e+02,-3.126507263183593750e+02,-3.159055175781250000e+02,-3.188553771972656250e+02,-3.210656127929687500e+02,-3.228075256347656250e+02,-3.197885742187500000e+02,-3.207734375000000000e+02,-3.165145263671875000e+02,-3.144463806152343750e+02,-3.172637634277343750e+02,-3.179427490234375000e+02,-3.215091552734375000e+02,-3.164540100097656250e+02,-3.059421997070312500e+02,-3.066277770996093750e+02,-3.088263549804687500e+02,-3.021043701171875000e+02,-3.044237060546875000e+02,-3.032898864746093750e+02,-3.094029846191406250e+02,-3.126284179687500000e+02,-3.087250061035156250e+02,-3.027035522460937500e+02,-3.030083007812500000e+02,-3.000015258789062500e+02,-2.974347534179687500e+02,-2.945270690917968750e+02,-2.988132019042968750e+02,-3.046659240722656250e+02,-3.039423217773437500e+02,-3.017860717773437500e+02,-3.028814086914062500e+02,-3.060880737304687500e+02,-3.066824035644531250e+02,-3.052470092773437500e+02,-3.001219787597656250e+02,-2.955751953125000000e+02,-2.948315429687500000e+02,-2.962096252441406250e+02,-2.973865051269531250e+02,-3.005473022460937500e+02,-2.987580871582031250e+02,-3.036885681152343750e+02,-3.084420471191406250e+02,-3.053336181640625000e+02,-2.993001708984375000e+02,-3.047496948242187500e+02,-3.109635314941406250e+02,-3.118286132812500000e+02,-3.045484008789062500e+02,-3.062702941894531250e+02,-3.074263610839843750e+02,-2.992206420898437500e+02,-2.854071044921875000e+02,-2.389015502929687500e+02,-2.005869750976562500e+02,-1.860884399414062500e+02,-2.009235229492187500e+02,-2.424477691650390625e+02,-2.715876159667968750e+02,-2.875607910156250000e+02,-2.930538635253906250e+02,-2.616304626464843750e+02,-2.244192657470703125e+02,-2.195285491943359375e+02,-2.246609497070312500e+02,-2.332601470947265625e+02,-2.542359619140625000e+02,-2.737300415039062500e+02,-2.935537414550781250e+02,-3.113899536132812500e+02,-3.205446166992187500e+02,-3.214599609375000000e+02,-3.032061462402343750e+02,-2.705326232910156250e+02,-2.385633239746093750e+02,-2.138479156494140625e+02,-2.050485992431640625e+02,-1.977680206298828125e+02,-1.925261077880859375e+02,-1.951408386230468750e+02,-1.905143432617187500e+02,-1.956358184814453125e+02,-1.921369934082031250e+02,-1.840537261962890625e+02,-1.756013641357421875e+02,-1.616258544921875000e+02,-1.587272644042968750e+02,-1.549838256835937500e+02,-1.753539581298828125e+02,-2.005058135986328125e+02,-2.205962066650390625e+02,-2.425041351318359375e+02,-2.320925140380859375e+02,-1.811040496826171875e+02,-1.727225494384765625e+02,-1.961795806884765625e+02,-2.193624420166015625e+02,-2.450525054931640625e+02,-2.532620086669921875e+02,-2.770129699707031250e+02,-2.906588745117187500e+02,-2.752205810546875000e+02,-2.591397705078125000e+02,-2.454557342529296875e+02,-2.307946624755859375e+02,-2.194721984863281250e+02,-2.148725891113281250e+02,-2.232511596679687500e+02,-2.420602264404296875e+02,-2.493553466796875000e+02,-2.572443237304687500e+02,-2.730251464843750000e+02,-2.752418823242187500e+02,-2.695091552734375000e+02,-2.783659362792968750e+02,-2.881648559570312500e+02,-2.890573425292968750e+02,-2.440948333740234375e+02,-1.960704193115234375e+02,-1.837754211425781250e+02,-2.100961151123046875e+02,-2.540660247802734375e+02,-2.366151275634765625e+02,-2.119739837646484375e+02,-2.154859466552734375e+02,-2.376534118652343750e+02,-2.691231384277343750e+02,-2.846370544433593750e+02,-2.603119201660156250e+02,-2.335832061767578125e+02,-2.204729003906250000e+02,-2.107045288085937500e+02,-2.048306274414062500e+02,-1.976424255371093750e+02,-1.846937866210937500e+02,-1.919456329345703125e+02,-2.020523071289062500e+02,-2.152824859619140625e+02,-2.413984985351562500e+02,-2.638254089355468750e+02,-2.701018066406250000e+02,-2.622491149902343750e+02,-2.654230957031250000e+02,-2.793781127929687500e+02,-2.985151367187500000e+02,-3.202283020019531250e+02,-3.341037292480468750e+02,-3.361004333496093750e+02,-3.418273925781250000e+02,-3.496603698730468750e+02,-3.520685119628906250e+02,-3.494858093261718750e+02,-3.460967712402343750e+02,-3.515688781738281250e+02,-3.549846496582031250e+02,-3.536216735839843750e+02,-3.601527709960937500e+02,-3.563366394042968750e+02,-3.538399963378906250e+02,-3.585329589843750000e+02,-3.581910400390625000e+02,-3.624906311035156250e+02,-3.653356323242187500e+02,-3.578020935058593750e+02,-3.554161071777343750e+02,-3.561117553710937500e+02,-3.542091674804687500e+02,-3.566878967285156250e+02,-3.638562011718750000e+02,-3.600333862304687500e+02,-3.589851684570312500e+02,-3.617138061523437500e+02,-3.623739929199218750e+02,-3.587406005859375000e+02,-3.583750915527343750e+02,-3.557340087890625000e+02,-3.597064819335937500e+02,-3.618340454101562500e+02,-3.476847839355468750e+02,-3.334521484375000000e+02,-3.326457519531250000e+02,-3.383909301757812500e+02,-3.428780822753906250e+02,-3.495372009277343750e+02,-3.496692504882812500e+02,-3.522723083496093750e+02,-3.539479370117187500e+02,-3.597670288085937500e+02,-3.560857543945312500e+02,-3.496050415039062500e+02,-3.507686462402343750e+02,-3.492877807617187500e+02,-2.568858032226562500e+02,-1.800188140869140625e+02,-1.630888366699218750e+02,-1.698993377685546875e+02,-1.840852661132812500e+02,-2.269559020996093750e+02,-2.693191223144531250e+02,-2.920820617675781250e+02,-2.945415039062500000e+02,-2.416826171875000000e+02,-1.705868682861328125e+02,-1.237611236572265625e+02,-1.030761947631835938e+02,-9.486941528320312500e+01,-1.104559555053710938e+02,-1.409612884521484375e+02,-1.660293884277343750e+02,-1.880430145263671875e+02,-1.789960021972656250e+02,-1.682337036132812500e+02,-1.668931427001953125e+02,-1.899763183593750000e+02,-2.230803527832031250e+02,-2.636281127929687500e+02,-2.997865905761718750e+02,-3.045114135742187500e+02,-2.697759704589843750e+02,-2.642468566894531250e+02,-2.757772216796875000e+02,-2.899067382812500000e+02,-2.524873046875000000e+02,-2.022877807617187500e+02,-1.839078826904296875e+02,-1.884636535644531250e+02,-2.035135650634765625e+02,-2.287888336181640625e+02,-2.381392822265625000e+02,-2.331406555175781250e+02,-2.391754150390625000e+02,-2.598653564453125000e+02,-2.839195861816406250e+02,-2.942297058105468750e+02,-3.041165771484375000e+02,-3.282465209960937500e+02,-3.439380798339843750e+02,-3.156848144531250000e+02,-2.415605163574218750e+02,-1.952100677490234375e+02,-1.800409393310546875e+02,-1.778613128662109375e+02,-1.838789672851562500e+02,-1.998915863037109375e+02,-2.163533782958984375e+02,-2.394905548095703125e+02,-2.711701049804687500e+02,-2.920551757812500000e+02,-3.032232666015625000e+02,-2.826639099121093750e+02,-2.583359069824218750e+02,-2.615906982421875000e+02,-2.654685363769531250e+02,-2.640398559570312500e+02,-2.655440979003906250e+02,-2.641981506347656250e+02,-2.614961547851562500e+02,-2.628056640625000000e+02,-2.542397613525390625e+02,-2.320348968505859375e+02,-2.166524658203125000e+02,-2.045217437744140625e+02,-1.956631469726562500e+02,-2.094222412109375000e+02,-2.119032287597656250e+02,-1.870168151855468750e+02,-1.758121032714843750e+02,-1.825065917968750000e+02,-2.062617187500000000e+02,-2.440624084472656250e+02,-2.646123962402343750e+02,-2.724933776855468750e+02,-2.852853393554687500e+02,-2.960431518554687500e+02,-3.046461486816406250e+02,-3.103647155761718750e+02,-3.139834289550781250e+02,-2.999049682617187500e+02,-2.739182128906250000e+02,-2.579844665527343750e+02,-2.260161895751953125e+02,-1.835980682373046875e+02,-1.676114349365234375e+02,-1.705362548828125000e+02,-1.843970336914062500e+02,-2.095467529296875000e+02,-2.329006652832031250e+02,-2.199264526367187500e+02,-1.847633361816406250e+02,-1.837522888183593750e+02,-1.954514465332031250e+02,-2.093464965820312500e+02,-2.363122406005859375e+02,-2.429319610595703125e+02,-2.499403991699218750e+02,-2.498123931884765625e+02,-2.295907592773437500e+02,-1.987031555175781250e+02,-1.868915710449218750e+02,-1.853312683105468750e+02,-1.818829345703125000e+02,-1.775965576171875000e+02,-1.751228637695312500e+02,-1.784005432128906250e+02,-1.811550598144531250e+02,-1.848693847656250000e+02,-1.887186584472656250e+02,-1.956301422119140625e+02,-2.123817901611328125e+02,-2.319470825195312500e+02,-2.500523529052734375e+02,-2.716781005859375000e+02,-2.985852661132812500e+02,-3.181228027343750000e+02,-3.345003356933593750e+02,-3.449243469238281250e+02,-3.498266296386718750e+02,-3.509003906250000000e+02,-3.571367492675781250e+02,-3.666119384765625000e+02,-3.742546386718750000e+02,-3.762122192382812500e+02,-3.721146850585937500e+02,-3.706683654785156250e+02,-3.702000122070312500e+02,-3.657279357910156250e+02,-3.641971740722656250e+02,-3.635096740722656250e+02,-3.667017211914062500e+02,-3.680748901367187500e+02,-3.605531005859375000e+02,-3.571763916015625000e+02,-3.599238281250000000e+02,-3.675001525878906250e+02,-3.653116149902343750e+02,-3.608204040527343750e+02,-3.570948181152343750e+02,-3.616553649902343750e+02,-3.654234619140625000e+02,-3.614873046875000000e+02,-3.570211486816406250e+02,-3.267774658203125000e+02,-2.924649353027343750e+02,-2.883163757324218750e+02,-2.998680725097656250e+02,-3.158903198242187500e+02,-3.209897766113281250e+02,-2.736881408691406250e+02,-2.043661804199218750e+02,-1.534322052001953125e+02,-1.233496780395507812e+02,-1.063862075805664062e+02,-9.087453460693359375e+01,-7.975495910644531250e+01,-8.301383209228515625e+01,-9.862248229980468750e+01,-1.301271820068359375e+02,-1.695559082031250000e+02,-2.100731964111328125e+02,-2.212835845947265625e+02,-2.059902496337890625e+02,-1.904900970458984375e+02,-1.899639892578125000e+02,-2.141388092041015625e+02,-2.585231323242187500e+02,-2.874992675781250000e+02,-3.037299499511718750e+02,-2.943329467773437500e+02,-2.893921203613281250e+02,-2.910488891601562500e+02,-2.620382080078125000e+02,-2.030608062744140625e+02,-1.623566741943359375e+02,-1.475362701416015625e+02,-1.475780944824218750e+02,-1.471407928466796875e+02,-1.485139007568359375e+02,-1.565576171875000000e+02,-1.582126770019531250e+02,-1.626416168212890625e+02,-1.724918975830078125e+02,-1.856705169677734375e+02,-2.122542572021484375e+02,-2.328713531494140625e+02,-2.254582977294921875e+02,-2.243172149658203125e+02,-2.247095489501953125e+02,-2.029683837890625000e+02,-1.809107055664062500e+02,-1.658983917236328125e+02,-1.602793121337890625e+02,-1.696946105957031250e+02,-1.825249786376953125e+02,-1.897942504882812500e+02,-2.102022857666015625e+02,-2.248013916015625000e+02,-2.417642211914062500e+02,-2.595187988281250000e+02,-2.772710571289062500e+02,-2.863880310058593750e+02,-3.023718566894531250e+02,-2.776721801757812500e+02,-2.404022369384765625e+02,-2.331184387207031250e+02,-2.246840972900390625e+02,-2.161668701171875000e+02,-2.176655426025390625e+02,-2.231470794677734375e+02,-2.314221343994140625e+02,-2.538245239257812500e+02,-2.800629272460937500e+02,-2.941938476562500000e+02,-2.835758972167968750e+02,-2.481309509277343750e+02,-2.307880401611328125e+02,-2.357554626464843750e+02,-2.368395080566406250e+02,-2.376457061767578125e+02,-2.382985382080078125e+02,-2.453133544921875000e+02,-2.584764099121093750e+02,-2.665162963867187500e+02,-2.764761047363281250e+02,-2.783948974609375000e+02,-2.710667114257812500e+02,-2.740202636718750000e+02,-2.850383605957031250e+02,-2.993409729003906250e+02,-2.970669555664062500e+02,-2.730128173828125000e+02,-2.543284606933593750e+02,-2.563270568847656250e+02,-2.753777465820312500e+02,-2.855856933593750000e+02,-3.048583679199218750e+02,-3.305928649902343750e+02,-3.390183715820312500e+02,-3.475601196289062500e+02,-3.574932250976562500e+02,-3.729556579589843750e+02,-3.765549011230468750e+02,-3.632963562011718750e+02,-3.597126159667968750e+02,-3.631766662597656250e+02,-3.665080566406250000e+02,-3.605349121093750000e+02,-3.595781860351562500e+02,-3.588764038085937500e+02,-3.572500305175781250e+02,-3.576867370605468750e+02,-3.612803344726562500e+02,-3.628326416015625000e+02,-3.655136108398437500e+02,-3.629801330566406250e+02,-3.480528259277343750e+02,-3.477499084472656250e+02,-3.418747253417968750e+02,-3.359849548339843750e+02,-3.221229553222656250e+02,-2.911381835937500000e+02,-2.621294555664062500e+02,-2.377255096435546875e+02,-2.409271850585937500e+02,-2.693999023437500000e+02,-2.888606872558593750e+02,-2.658959045410156250e+02,-2.448733673095703125e+02,-2.375229644775390625e+02,-2.334988403320312500e+02,-2.422670593261718750e+02,-2.811704711914062500e+02,-3.125828857421875000e+02,-2.742498168945312500e+02,-2.239282531738281250e+02,-2.136122283935546875e+02,-2.203010864257812500e+02,-2.127632598876953125e+02,-2.110963134765625000e+02,-2.114775085449218750e+02,-2.163364715576171875e+02,-2.454595489501953125e+02,-2.511585540771484375e+02,-2.607410888671875000e+02,-2.834892883300781250e+02,-2.918077697753906250e+02,-2.382569732666015625e+02,-1.891650848388671875e+02,-1.749773101806640625e+02,-1.852608032226562500e+02,-2.150388183593750000e+02,-2.439462280273437500e+02,-2.424644470214843750e+02,-2.309985198974609375e+02,-2.355526580810546875e+02,-2.586784362792968750e+02,-2.747344055175781250e+02,-2.687243041992187500e+02,-2.741406860351562500e+02,-2.949940185546875000e+02,-3.099675598144531250e+02,-2.878417968750000000e+02,-2.392182006835937500e+02,-2.208993682861328125e+02,-2.218624267578125000e+02,-2.160001831054687500e+02,-2.014540863037109375e+02,-1.819334259033203125e+02,-1.797212219238281250e+02,-1.804187774658203125e+02,-1.847378540039062500e+02,-1.935335388183593750e+02,-1.915274505615234375e+02,-1.865559844970703125e+02,-2.004458618164062500e+02,-2.233747863769531250e+02,-2.247611236572265625e+02,-2.172155303955078125e+02,-2.209653472900390625e+02,-2.338081970214843750e+02,-2.532065582275390625e+02,-2.638829345703125000e+02,-2.560145263671875000e+02,-2.328453674316406250e+02,-2.157187652587890625e+02,-2.083965454101562500e+02,-2.073778839111328125e+02,-1.977242126464843750e+02,-1.866963195800781250e+02,-1.775117187500000000e+02,-1.803837432861328125e+02,-1.903779602050781250e+02,-2.056832580566406250e+02,-2.279541320800781250e+02,-2.473824310302734375e+02,-2.589771728515625000e+02,-2.747269592285156250e+02,-2.823839111328125000e+02,-2.805670471191406250e+02,-2.462458038330078125e+02,-2.124470062255859375e+02,-1.963364562988281250e+02,-1.889042816162109375e+02,-1.902605743408203125e+02,-1.883612213134765625e+02,-1.868978881835937500e+02,-1.867938842773437500e+02,-1.929379882812500000e+02,-1.996889343261718750e+02,-2.081140899658203125e+02,-2.250436401367187500e+02,-2.409894866943359375e+02,-2.527625732421875000e+02,-2.585618591308593750e+02,-2.576057739257812500e+02,-2.546073303222656250e+02,-2.650869750976562500e+02,-2.874148559570312500e+02,-2.937437438964843750e+02,-3.056894226074218750e+02,-3.205617065429687500e+02,-3.203284606933593750e+02,-3.196064453125000000e+02,-3.188002929687500000e+02,-3.147520141601562500e+02,-3.036904602050781250e+02,-2.962820434570312500e+02,-2.919786376953125000e+02,-2.926039123535156250e+02,-2.898193969726562500e+02,-2.781763916015625000e+02,-2.648248596191406250e+02,-2.791656494140625000e+02,-2.877208251953125000e+02,-2.915416259765625000e+02,-2.229247131347656250e+02,-1.794405822753906250e+02,-1.644575653076171875e+02,-1.466193084716796875e+02,-1.464340057373046875e+02,-1.777255554199218750e+02,-2.186542053222656250e+02,-2.461498107910156250e+02,-2.686660766601562500e+02,-2.902631530761718750e+02,-2.887639465332031250e+02,-2.796163024902343750e+02,-2.800570373535156250e+02,-2.788586730957031250e+02,-2.775114135742187500e+02,-2.907999877929687500e+02,-3.121663818359375000e+02,-3.215887756347656250e+02,-3.249192199707031250e+02,-3.177896423339843750e+02,-2.894480895996093750e+02,-2.731163940429687500e+02,-2.508640136718750000e+02,-1.886398925781250000e+02,-1.662618408203125000e+02,-1.812651214599609375e+02,-2.008974304199218750e+02,-2.172367858886718750e+02,-2.161945648193359375e+02,-1.941290740966796875e+02,-1.904822845458984375e+02,-1.971942901611328125e+02,-1.991899719238281250e+02,-2.249377288818359375e+02,-2.463796234130859375e+02,-2.682831420898437500e+02,-2.876631774902343750e+02,-2.843258361816406250e+02,-2.889065856933593750e+02,-2.918861694335937500e+02,-2.909717712402343750e+02,-2.966452331542968750e+02,-2.988075866699218750e+02,-2.916212768554687500e+02,-2.971506347656250000e+02,-3.062678527832031250e+02,-3.133493347167968750e+02,-3.129136352539062500e+02,-3.140631408691406250e+02,-3.129881286621093750e+02,-3.045965881347656250e+02,-3.023215942382812500e+02,-3.070738220214843750e+02,-3.069574584960937500e+02,-3.082113952636718750e+02,-3.117559814453125000e+02,-3.087931823730468750e+02,-3.118117675781250000e+02,-3.131818847656250000e+02,-3.120705566406250000e+02,-3.153848571777343750e+02,-3.194468688964843750e+02,-3.152927551269531250e+02,-3.163061218261718750e+02,-3.226952209472656250e+02,-3.053054199218750000e+02,-2.706416320800781250e+02,-2.394665527343750000e+02,-2.161211395263671875e+02,-1.978549346923828125e+02,-1.636898040771484375e+02,-1.372754669189453125e+02,-1.093933334350585938e+02,-9.495255279541015625e+01,-9.747735595703125000e+01,-1.062601547241210938e+02,-1.148294982910156250e+02,-1.369899749755859375e+02,-1.553253021240234375e+02,-1.705760040283203125e+02,-1.873306121826171875e+02,-2.084333953857421875e+02,-2.426752929687500000e+02,-2.747251892089843750e+02,-2.924620056152343750e+02,-2.579239807128906250e+02,-2.029333343505859375e+02,-1.736291503906250000e+02,-1.591109161376953125e+02,-1.520329895019531250e+02,-1.550979766845703125e+02,-1.702957916259765625e+02,-1.898985900878906250e+02,-2.058287963867187500e+02,-2.245773468017578125e+02,-2.402113037109375000e+02,-2.396863250732421875e+02,-2.305265960693359375e+02,-2.386074676513671875e+02,-2.509606628417968750e+02,-2.450732574462890625e+02,-2.257721405029296875e+02,-2.180070343017578125e+02,-2.034252166748046875e+02,-1.898482208251953125e+02,-1.730467224121093750e+02,-1.611848449707031250e+02,-1.599664611816406250e+02,-1.686772003173828125e+02,-1.804450073242187500e+02,-1.913750915527343750e+02,-2.074067077636718750e+02,-2.351045379638671875e+02,-2.473978118896484375e+02,-2.412789764404296875e+02,-2.449987640380859375e+02,-2.649092712402343750e+02,-2.782403564453125000e+02,-2.688073120117187500e+02,-2.339660491943359375e+02,-1.919629516601562500e+02,-1.711981964111328125e+02,-1.604041137695312500e+02,-1.390623321533203125e+02,-1.182968139648437500e+02,-1.118168792724609375e+02,-1.112627487182617188e+02,-1.263344573974609375e+02,-1.635672760009765625e+02,-1.982720184326171875e+02,-2.238157501220703125e+02,-2.493206329345703125e+02,-2.645374755859375000e+02,-2.857676391601562500e+02,-2.893720092773437500e+02,-2.899293823242187500e+02,-2.891319885253906250e+02,-2.638198852539062500e+02,-1.984181518554687500e+02,-1.596619415283203125e+02,-1.458389434814453125e+02,-1.479046020507812500e+02,-1.647858886718750000e+02,-1.942894744873046875e+02,-2.345620880126953125e+02,-2.587088317871093750e+02,-2.329396362304687500e+02,-2.154577331542968750e+02,-2.208154907226562500e+02,-2.257437286376953125e+02,-2.237669677734375000e+02,-2.195209655761718750e+02,-2.088130035400390625e+02,-1.819051513671875000e+02,-1.643357238769531250e+02,-1.382383880615234375e+02,-1.173727188110351562e+02,-1.128359451293945312e+02,-1.188043365478515625e+02,-1.302576141357421875e+02,-1.432508087158203125e+02,-1.616927490234375000e+02,-1.895443267822265625e+02,-2.269541015625000000e+02,-2.596502990722656250e+02,-2.715745239257812500e+02,-2.868830261230468750e+02,-2.992749023437500000e+02,-2.852709655761718750e+02,-2.500439453125000000e+02,-2.386078338623046875e+02,-2.549167175292968750e+02,-2.774783020019531250e+02,-2.880235290527343750e+02,-2.846707763671875000e+02,-2.751809387207031250e+02,-2.373278808593750000e+02,-2.036058959960937500e+02,-1.857094573974609375e+02,-1.777370910644531250e+02,-1.838434295654296875e+02,-1.986829376220703125e+02,-2.151093597412109375e+02,-2.363570251464843750e+02,-2.503585662841796875e+02,-2.626298522949218750e+02,-2.540726470947265625e+02,-2.063385162353515625e+02,-1.756728057861328125e+02,-1.626525726318359375e+02,-1.662219085693359375e+02,-1.641997985839843750e+02,-1.669652252197265625e+02,-1.819406738281250000e+02,-1.941242370605468750e+02,-2.034272003173828125e+02,-2.188622589111328125e+02,-2.307686309814453125e+02,-2.505103759765625000e+02,-2.751863708496093750e+02,-2.813690185546875000e+02,-2.703025207519531250e+02,-2.642424011230468750e+02,-2.674789428710937500e+02,-2.661219177246093750e+02,-2.618858947753906250e+02,-2.753629150390625000e+02,-2.933577575683593750e+02,-3.066291503906250000e+02,-3.161074218750000000e+02,-3.203081359863281250e+02,-3.247502746582031250e+02,-3.291758117675781250e+02,-3.258877258300781250e+02,-3.275047607421875000e+02,-3.244444274902343750e+02,-3.252112426757812500e+02,-3.298384704589843750e+02,-3.309942321777343750e+02,-3.288323669433593750e+02,-3.268210754394531250e+02,-3.253135986328125000e+02,-3.258221740722656250e+02,-3.260945129394531250e+02,-3.266893310546875000e+02,-3.226792907714843750e+02,-3.213365173339843750e+02,-3.226168518066406250e+02,-3.237008361816406250e+02,-3.200855407714843750e+02,-3.188818969726562500e+02,-3.174649047851562500e+02,-3.204242858886718750e+02,-3.175694885253906250e+02,-3.088924560546875000e+02,-2.448645935058593750e+02,-1.792760162353515625e+02,-1.303723754882812500e+02,-8.822901916503906250e+01,-6.061116409301757812e+01,-6.098021697998046875e+01,-7.943201446533203125e+01,-1.061989212036132812e+02,-1.404575500488281250e+02,-1.690088348388671875e+02,-1.826755371093750000e+02,-1.774597473144531250e+02,-1.657405090332031250e+02,-1.757504730224609375e+02,-1.719977264404296875e+02,-1.804254608154296875e+02,-2.036250000000000000e+02,-2.295707550048828125e+02,-2.466142272949218750e+02,-2.245136871337890625e+02,-1.882086181640625000e+02,-1.879896697998046875e+02,-2.177000579833984375e+02,-2.301238555908203125e+02,-2.247427520751953125e+02,-2.254838104248046875e+02,-2.283385162353515625e+02,-2.369379882812500000e+02,-2.431322174072265625e+02,-2.461065368652343750e+02,-2.478427734375000000e+02,-2.553766937255859375e+02,-2.598815002441406250e+02,-2.534441986083984375e+02,-2.558495788574218750e+02,-2.613278808593750000e+02,-2.685255737304687500e+02,-2.752111511230468750e+02,-2.841716308593750000e+02,-2.813316040039062500e+02,-2.589478149414062500e+02,-2.472012786865234375e+02,-2.083284454345703125e+02,-1.867244415283203125e+02,-1.886352691650390625e+02,-1.978453216552734375e+02,-2.001138458251953125e+02,-1.964200286865234375e+02,-2.093971252441406250e+02,-2.190325317382812500e+02,-2.181639709472656250e+02,-2.111242370605468750e+02,-2.150845184326171875e+02,-2.163568267822265625e+02,-2.190071411132812500e+02,-2.382948150634765625e+02,-2.646511535644531250e+02,-2.898940429687500000e+02,-3.036061706542968750e+02,-2.967322082519531250e+02,-2.648625488281250000e+02,-2.525987396240234375e+02,-2.515986328125000000e+02,-2.538062744140625000e+02,-2.733426513671875000e+02,-2.930022888183593750e+02,-3.064826354980468750e+02,-3.157084960937500000e+02,-3.215734252929687500e+02,-3.232134399414062500e+02,-3.286885070800781250e+02,-3.330762023925781250e+02,-3.309863891601562500e+02,-3.301690673828125000e+02,-3.324777526855468750e+02,-3.348063354492187500e+02,-3.289326477050781250e+02,-3.240104980468750000e+02,-3.290872802734375000e+02,-3.370410461425781250e+02,-3.330057678222656250e+02,-3.394574279785156250e+02,-3.434192810058593750e+02,-3.316343078613281250e+02,-3.311284790039062500e+02,-3.212489929199218750e+02,-3.130838928222656250e+02,-3.172066650390625000e+02,-3.174839172363281250e+02,-3.264263305664062500e+02,-3.284580078125000000e+02,-3.267014160156250000e+02,-3.274656677246093750e+02,-3.306475524902343750e+02,-3.324519653320312500e+02,-3.374633483886718750e+02,-3.399404296875000000e+02,-3.366738281250000000e+02,-3.391486816406250000e+02,-3.443802795410156250e+02,-3.434092712402343750e+02,-3.308480224609375000e+02,-3.341022949218750000e+02,-3.307563171386718750e+02,-3.031899719238281250e+02,-2.703786621093750000e+02,-2.634570922851562500e+02,-2.725592041015625000e+02,-2.798752136230468750e+02,-2.780585937500000000e+02,-2.563907775878906250e+02,-2.280712738037109375e+02,-2.054401245117187500e+02,-2.002615356445312500e+02,-2.125221405029296875e+02,-2.316672363281250000e+02,-2.547056427001953125e+02,-2.528528137207031250e+02,-2.016051788330078125e+02,-1.419935455322265625e+02,-9.782244110107421875e+01,-7.250725555419921875e+01,-5.700255966186523438e+01,-6.131213378906250000e+01,-8.431134033203125000e+01,-1.141620483398437500e+02,-1.540329284667968750e+02,-1.943986053466796875e+02,-2.169575653076171875e+02,-2.034065704345703125e+02,-1.713112945556640625e+02,-1.566201629638671875e+02,-1.540609130859375000e+02,-1.568939971923828125e+02,-1.735469207763671875e+02,-2.027235107421875000e+02,-2.277886199951171875e+02,-2.211861419677734375e+02,-1.870275115966796875e+02,-1.509246215820312500e+02,-1.385395812988281250e+02,-1.558878021240234375e+02,-1.866442260742187500e+02,-2.108928680419921875e+02,-2.166376953125000000e+02,-2.021872253417968750e+02,-1.898175506591796875e+02,-1.894785003662109375e+02,-1.917785797119140625e+02,-1.978913269042968750e+02,-1.936020050048828125e+02,-1.848938598632812500e+02,-1.857119903564453125e+02,-1.867587432861328125e+02,-1.889093017578125000e+02,-1.861221160888671875e+02,-1.822906951904296875e+02,-1.907764892578125000e+02,-2.018617858886718750e+02,-2.168117828369140625e+02,-2.395934906005859375e+02,-2.595196533203125000e+02,-2.794682617187500000e+02,-2.940874633789062500e+02,-3.129665222167968750e+02,-3.278845825195312500e+02,-3.312014160156250000e+02,-3.291071777343750000e+02,-3.239721069335937500e+02,-2.789012756347656250e+02,-2.426181945800781250e+02,-2.299870758056640625e+02,-2.363948516845703125e+02,-2.525094451904296875e+02,-2.794686584472656250e+02,-2.843290405273437500e+02,-2.829784545898437500e+02,-2.869761657714843750e+02,-2.902716064453125000e+02,-2.923126525878906250e+02,-2.879436340332031250e+02,-2.800412597656250000e+02,-2.512756652832031250e+02,-2.284196777343750000e+02,-2.317365722656250000e+02,-2.565915527343750000e+02,-2.744132385253906250e+02,-2.537155151367187500e+02,-1.967645416259765625e+02,-1.556104431152343750e+02,-1.317263488769531250e+02,-1.136476593017578125e+02,-1.064713363647460938e+02,-1.145633773803710938e+02,-1.316561431884765625e+02,-1.614815826416015625e+02,-2.065981750488281250e+02,-2.403876800537109375e+02,-2.637266235351562500e+02,-2.488390045166015625e+02,-2.245858917236328125e+02,-2.359178619384765625e+02,-2.604512329101562500e+02,-2.860057373046875000e+02,-2.930425720214843750e+02,-2.502094573974609375e+02,-2.422696533203125000e+02,-2.546728210449218750e+02,-2.462303009033203125e+02,-2.373282623291015625e+02,-2.222637329101562500e+02,-1.792870483398437500e+02,-1.480979003906250000e+02,-1.324631500244140625e+02,-1.333662719726562500e+02,-1.470086212158203125e+02,-1.822401733398437500e+02,-2.230854034423828125e+02,-2.607213134765625000e+02,-2.753129882812500000e+02,-2.753861694335937500e+02,-2.527921447753906250e+02,-2.333404846191406250e+02,-2.295491485595703125e+02,-2.312944793701171875e+02,-2.175435791015625000e+02,-1.912671966552734375e+02,-1.632533569335937500e+02,-1.441583251953125000e+02,-1.421982574462890625e+02,-1.524207458496093750e+02,-1.767911987304687500e+02,-2.093288574218750000e+02,-2.452335968017578125e+02,-2.635081787109375000e+02,-2.476572418212890625e+02,-2.426108856201171875e+02,-2.428974761962890625e+02,-2.420056915283203125e+02,-2.183495941162109375e+02,-1.919584503173828125e+02,-1.675069427490234375e+02,-1.583627929687500000e+02,-1.545967559814453125e+02,-1.502049713134765625e+02,-1.557732238769531250e+02,-1.783709259033203125e+02,-2.112035217285156250e+02,-2.226832122802734375e+02,-2.355070648193359375e+02,-2.444719390869140625e+02,-2.281804046630859375e+02,-2.305440216064453125e+02,-2.488860015869140625e+02,-2.661389160156250000e+02,-2.844343261718750000e+02,-3.043946533203125000e+02,-3.015249633789062500e+02,-2.939559936523437500e+02,-3.101708374023437500e+02,-3.252705688476562500e+02,-3.348854370117187500e+02,-3.385906372070312500e+02,-3.326615905761718750e+02,-3.313055114746093750e+02,-3.372836303710937500e+02,-3.456752014160156250e+02,-3.472022705078125000e+02,-3.387066650390625000e+02,-3.409024963378906250e+02,-3.431968688964843750e+02,-3.432712402343750000e+02,-3.407847595214843750e+02,-3.390023803710937500e+02,-3.356547546386718750e+02,-3.230553588867187500e+02,-3.207124023437500000e+02,-3.233404235839843750e+02,-3.323126525878906250e+02,-3.362827758789062500e+02,-3.400535888671875000e+02,-3.346233825683593750e+02,-3.328680114746093750e+02,-3.395186767578125000e+02,-3.381980590820312500e+02,-3.358693847656250000e+02,-3.375586547851562500e+02,-3.328865356445312500e+02,-3.259038085937500000e+02,-3.272422790527343750e+02,-3.243952941894531250e+02,-3.296635742187500000e+02,-3.278443603515625000e+02,-3.188484497070312500e+02,-2.830090026855468750e+02,-2.636660156250000000e+02,-2.714300231933593750e+02,-2.909161376953125000e+02,-3.161404724121093750e+02,-3.272631835937500000e+02,-3.100331726074218750e+02,-2.454185791015625000e+02,-2.073287658691406250e+02,-1.799618988037109375e+02,-1.461130828857421875e+02,-1.191740875244140625e+02,-1.110643692016601562e+02,-1.182446060180664062e+02,-1.380486145019531250e+02,-1.481490783691406250e+02,-1.629198455810546875e+02,-1.746467590332031250e+02,-1.819969635009765625e+02,-1.831992645263671875e+02,-1.915988159179687500e+02,-1.976000671386718750e+02,-2.117723846435546875e+02,-2.441020660400390625e+02,-2.780594177246093750e+02,-2.966609497070312500e+02,-3.186239013671875000e+02,-2.930481262207031250e+02,-2.731460876464843750e+02,-2.847114562988281250e+02,-3.030221252441406250e+02,-3.208161621093750000e+02,-3.340221252441406250e+02,-3.358467712402343750e+02,-3.399202270507812500e+02,-3.401513061523437500e+02,-3.415898437500000000e+02,-3.457787780761718750e+02,-3.443537597656250000e+02,-3.418836975097656250e+02,-3.461994628906250000e+02,-3.440168762207031250e+02,-3.415596618652343750e+02,-3.369606323242187500e+02,-3.254675903320312500e+02,-3.116129760742187500e+02,-2.800356750488281250e+02,-2.531762542724609375e+02,-2.317866058349609375e+02,-2.129596099853515625e+02,-2.009937591552734375e+02,-1.957443695068359375e+02,-2.008129272460937500e+02,-2.178990936279296875e+02,-2.482832946777343750e+02,-2.327761840820312500e+02,-1.811154479980468750e+02,-1.601601257324218750e+02,-1.591592559814453125e+02,-1.699564971923828125e+02,-1.872078399658203125e+02,-2.143883361816406250e+02,-2.423857421875000000e+02,-2.454261627197265625e+02,-2.087807159423828125e+02,-1.760425262451171875e+02,-1.453720245361328125e+02,-1.302528991699218750e+02,-1.367103576660156250e+02,-1.602498779296875000e+02,-1.696043548583984375e+02,-1.679277343750000000e+02,-1.803378448486328125e+02,-1.890655670166015625e+02,-2.202427368164062500e+02,-2.613120727539062500e+02,-2.865714721679687500e+02,-2.765718078613281250e+02,-2.014120941162109375e+02,-1.447089843750000000e+02,-1.282990112304687500e+02,-1.223038330078125000e+02,-1.222439422607421875e+02,-1.340010223388671875e+02,-1.418806610107421875e+02,-1.432523803710937500e+02,-1.508104553222656250e+02,-1.607528076171875000e+02,-1.770529327392578125e+02,-2.041020050048828125e+02,-2.235709381103515625e+02,-2.405935974121093750e+02,-2.584596557617187500e+02,-2.669377136230468750e+02,-2.576925048828125000e+02,-2.759029846191406250e+02,-3.019720764160156250e+02,-3.207006530761718750e+02,-3.434867858886718750e+02,-3.386899719238281250e+02,-3.263096618652343750e+02,-3.298844604492187500e+02,-3.335574645996093750e+02,-3.336974792480468750e+02,-3.387685852050781250e+02,-3.418239746093750000e+02,-3.407087097167968750e+02,-3.375183105468750000e+02,-3.382572326660156250e+02,-3.354411315917968750e+02,-3.358153381347656250e+02,-3.376176757812500000e+02,-3.397262268066406250e+02,-3.383473205566406250e+02,-3.350146484375000000e+02,-3.384055175781250000e+02,-3.352321472167968750e+02,-3.270670166015625000e+02,-3.237750854492187500e+02,-3.329203796386718750e+02,-3.423801574707031250e+02,-3.378612976074218750e+02,-3.375547790527343750e+02,-3.406277465820312500e+02,-3.343901672363281250e+02,-3.333843078613281250e+02,-3.371018981933593750e+02,-3.370321350097656250e+02,-3.382178039550781250e+02,-3.428135681152343750e+02,-3.384062500000000000e+02,-3.355571594238281250e+02,-3.313056640625000000e+02,-3.306838989257812500e+02,-3.301300048828125000e+02,-3.246751098632812500e+02,-3.190487060546875000e+02,-3.223106384277343750e+02,-3.303506164550781250e+02,-3.283951721191406250e+02,-3.297222290039062500e+02,-3.330981140136718750e+02,-3.292826843261718750e+02,-3.247203674316406250e+02,-3.320854187011718750e+02,-3.366002197265625000e+02,-3.286587524414062500e+02,-3.244717102050781250e+02,-3.238339233398437500e+02,-3.248345336914062500e+02,-3.246806030273437500e+02,-3.297114868164062500e+02,-3.251216125488281250e+02,-3.218392639160156250e+02,-3.295214233398437500e+02,-3.342980041503906250e+02,-3.380724182128906250e+02,-3.391301879882812500e+02,-3.386877136230468750e+02,-3.330803833007812500e+02,-3.312834167480468750e+02,-3.311608276367187500e+02,-3.286301269531250000e+02,-3.287373962402343750e+02,-3.308997192382812500e+02,-3.340393676757812500e+02,-3.337065429687500000e+02,-3.295111389160156250e+02,-3.281238098144531250e+02,-3.299848632812500000e+02,-3.233381958007812500e+02,-3.138282470703125000e+02,-2.645911254882812500e+02,-1.886925048828125000e+02,-1.380556335449218750e+02,-1.189318084716796875e+02,-9.679036712646484375e+01,-7.323738098144531250e+01,-7.694553375244140625e+01,-8.845112609863281250e+01,-9.444651031494140625e+01,-1.135133132934570312e+02,-1.387836608886718750e+02,-1.691999969482421875e+02,-1.917213745117187500e+02,-2.161532897949218750e+02,-2.135635528564453125e+02,-1.914326324462890625e+02,-1.927956542968750000e+02,-2.055982055664062500e+02,-2.270288543701171875e+02,-2.407544708251953125e+02,-2.318816528320312500e+02,-2.091585540771484375e+02,-2.009528961181640625e+02,-1.956979064941406250e+02,-1.932250213623046875e+02,-1.907814941406250000e+02,-1.959122009277343750e+02,-2.009697418212890625e+02,-2.014358062744140625e+02,-2.311925201416015625e+02,-2.595421447753906250e+02,-2.800260925292968750e+02,-2.949606628417968750e+02,-2.902258911132812500e+02,-2.289163208007812500e+02,-1.927497558593750000e+02,-1.923677368164062500e+02,-1.947794036865234375e+02,-1.972645568847656250e+02,-2.123929290771484375e+02,-2.389845275878906250e+02,-2.613802185058593750e+02,-2.799979553222656250e+02,-2.333262023925781250e+02,-1.981799468994140625e+02,-1.972460784912109375e+02,-2.003126373291015625e+02,-2.147990417480468750e+02,-2.327620391845703125e+02,-2.326400299072265625e+02,-2.153209381103515625e+02,-1.921615142822265625e+02,-1.834988250732421875e+02,-1.933178253173828125e+02,-2.204818115234375000e+02,-2.577207336425781250e+02,-2.754860229492187500e+02,-2.750875244140625000e+02,-2.774576110839843750e+02,-2.735095825195312500e+02,-2.617913513183593750e+02,-2.536914215087890625e+02,-2.533761749267578125e+02,-2.489340820312500000e+02,-2.326622924804687500e+02,-2.268188934326171875e+02,-2.210718536376953125e+02,-2.162658233642578125e+02,-2.183827056884765625e+02,-2.291350708007812500e+02,-2.429937591552734375e+02,-2.631155395507812500e+02,-2.572640686035156250e+02,-2.653923645019531250e+02,-2.901751708984375000e+02,-2.969533386230468750e+02,-2.584369812011718750e+02,-2.184114074707031250e+02,-1.940252380371093750e+02,-1.751081848144531250e+02,-1.640884399414062500e+02,-1.567666931152343750e+02,-1.663342285156250000e+02,-1.864210357666015625e+02,-2.163463134765625000e+02,-2.425999908447265625e+02,-2.638888549804687500e+02,-2.856502685546875000e+02,-2.922923889160156250e+02,-2.841371459960937500e+02,-2.807184448242187500e+02,-2.726801757812500000e+02,-2.741423645019531250e+02,-2.756182250976562500e+02,-2.545299377441406250e+02,-2.348609619140625000e+02,-2.288847045898437500e+02,-2.236824340820312500e+02,-2.243213348388671875e+02,-2.295014343261718750e+02,-2.119892883300781250e+02,-2.077599334716796875e+02,-2.146443634033203125e+02,-2.135068664550781250e+02,-2.192153625488281250e+02,-2.272566680908203125e+02,-2.375907592773437500e+02,-2.558359222412109375e+02,-2.595952453613281250e+02,-2.432751922607421875e+02,-2.286282653808593750e+02,-2.391892852783203125e+02,-2.558027801513671875e+02,-2.593051757812500000e+02,-2.700754394531250000e+02,-2.793232727050781250e+02,-2.926399841308593750e+02,-3.092616271972656250e+02,-3.083094177246093750e+02,-3.125793151855468750e+02,-3.128453369140625000e+02,-3.124994506835937500e+02,-3.164133911132812500e+02,-3.152865600585937500e+02,-3.181917419433593750e+02,-3.120895080566406250e+02,-3.111480407714843750e+02,-3.101347351074218750e+02,-3.089554138183593750e+02,-3.018341979980468750e+02,-2.962035522460937500e+02,-2.994369201660156250e+02,-3.024927062988281250e+02,-3.030422363281250000e+02,-3.095325927734375000e+02,-3.042022705078125000e+02,-3.002621459960937500e+02,-3.023365783691406250e+02,-3.059666748046875000e+02,-3.063147888183593750e+02,-2.993905029296875000e+02,-2.954078063964843750e+02,-2.948547058105468750e+02,-2.941160583496093750e+02,-2.431613464355468750e+02,-1.698145294189453125e+02,-1.409814147949218750e+02,-1.504969940185546875e+02,-1.759775848388671875e+02,-2.036665191650390625e+02,-2.399664764404296875e+02,-2.606239013671875000e+02,-2.612401733398437500e+02,-2.593065185546875000e+02,-2.486395416259765625e+02,-2.062611083984375000e+02,-1.862767639160156250e+02,-1.706447143554687500e+02,-1.553486633300781250e+02,-1.338347320556640625e+02,-1.258202590942382812e+02,-1.343186798095703125e+02,-1.544835815429687500e+02,-1.650755004882812500e+02,-1.639735107421875000e+02,-1.632346343994140625e+02,-1.696556396484375000e+02,-1.735638122558593750e+02,-1.726300811767578125e+02,-1.787911682128906250e+02,-1.997087707519531250e+02,-2.315901336669921875e+02,-2.649751892089843750e+02,-2.726186523437500000e+02,-2.630254211425781250e+02,-2.538405761718750000e+02,-2.363549652099609375e+02,-2.155899047851562500e+02,-2.011778564453125000e+02,-1.939565734863281250e+02,-1.959051971435546875e+02,-2.065510559082031250e+02,-2.266324920654296875e+02,-2.521558532714843750e+02,-2.531758575439453125e+02,-2.399073638916015625e+02,-2.448136444091796875e+02,-2.515239257812500000e+02,-2.647120361328125000e+02,-2.833678894042968750e+02,-2.987944946289062500e+02,-3.006990051269531250e+02,-2.971478576660156250e+02,-3.047685852050781250e+02,-3.077391357421875000e+02,-3.171396179199218750e+02,-3.232304077148437500e+02,-3.240917053222656250e+02,-3.241424255371093750e+02,-3.276883239746093750e+02,-3.289241027832031250e+02,-3.240859375000000000e+02,-3.229816894531250000e+02,-3.257610778808593750e+02,-3.277463073730468750e+02,-3.262337036132812500e+02,-3.229383544921875000e+02,-3.223901672363281250e+02,-3.166628112792968750e+02,-3.187818908691406250e+02,-3.244285583496093750e+02,-3.246330566406250000e+02,-3.195059509277343750e+02,-3.133395690917968750e+02,-3.097830505371093750e+02,-3.075682678222656250e+02,-3.134104309082031250e+02,-3.173498229980468750e+02,-3.177171020507812500e+02,-3.176838684082031250e+02,-3.213807678222656250e+02,-3.187546997070312500e+02,-3.151231384277343750e+02,-3.177695617675781250e+02,-3.217469177246093750e+02,-3.241179199218750000e+02,-3.199730834960937500e+02,-3.230645751953125000e+02,-3.174837036132812500e+02,-3.185609741210937500e+02,-3.173708801269531250e+02,-3.155018615722656250e+02,-3.119309082031250000e+02,-3.118377685546875000e+02,-3.168658752441406250e+02,-3.178929138183593750e+02,-3.143451538085937500e+02,-3.162115173339843750e+02,-3.171213378906250000e+02,-3.170736083984375000e+02,-3.128922424316406250e+02,-3.062533264160156250e+02,-3.081842346191406250e+02,-3.051452331542968750e+02,-2.613839416503906250e+02,-2.033122253417968750e+02,-1.571361083984375000e+02,-1.324860839843750000e+02,-1.253480072021484375e+02,-1.344178009033203125e+02,-1.563013916015625000e+02,-1.692634429931640625e+02,-1.714600372314453125e+02,-1.834355316162109375e+02,-1.978474273681640625e+02,-2.155317077636718750e+02,-2.294521179199218750e+02,-2.457700958251953125e+02,-2.528217010498046875e+02,-2.228017272949218750e+02,-2.167014160156250000e+02,-2.207698822021484375e+02,-2.141100463867187500e+02,-2.055112304687500000e+02,-2.028058929443359375e+02,-1.987998046875000000e+02,-2.131729278564453125e+02,-2.407117156982421875e+02,-2.595433654785156250e+02,-2.533103027343750000e+02,-2.343723144531250000e+02,-2.341647949218750000e+02,-2.313973083496093750e+02,-2.349369201660156250e+02,-2.467970123291015625e+02,-2.536030426025390625e+02,-2.188550262451171875e+02,-1.795905761718750000e+02,-1.506233825683593750e+02,-1.421660766601562500e+02,-1.509122467041015625e+02,-1.718512268066406250e+02,-1.682348632812500000e+02,-1.511441955566406250e+02,-1.462400665283203125e+02,-1.525698242187500000e+02,-1.516174926757812500e+02,-1.468221435546875000e+02,-1.613557739257812500e+02,-1.842650604248046875e+02,-2.056276702880859375e+02,-2.337048797607421875e+02,-2.363361511230468750e+02,-2.287475280761718750e+02,-2.285536804199218750e+02,-2.414622192382812500e+02,-2.699541625976562500e+02,-2.975941162109375000e+02,-3.096496582031250000e+02,-2.977432861328125000e+02,-2.827508239746093750e+02,-2.702437438964843750e+02,-2.556105499267578125e+02,-2.309720001220703125e+02,-2.055687255859375000e+02,-1.975820312500000000e+02,-1.967233734130859375e+02,-2.019263763427734375e+02,-2.173255004882812500e+02,-2.282494964599609375e+02,-2.372657623291015625e+02,-2.437695312500000000e+02,-2.613239440917968750e+02,-2.904438171386718750e+02,-3.037950134277343750e+02,-3.003143005371093750e+02,-3.083913879394531250e+02,-2.977881164550781250e+02,-2.796138916015625000e+02,-2.818852539062500000e+02,-2.919553527832031250e+02,-2.993512268066406250e+02,-3.107455749511718750e+02,-3.240216369628906250e+02,-3.320056152343750000e+02,-3.338500976562500000e+02,-3.367958374023437500e+02,-3.445579528808593750e+02,-3.467525939941406250e+02,-3.420158386230468750e+02,-3.395769348144531250e+02,-3.394277038574218750e+02,-3.407301025390625000e+02,-3.395615844726562500e+02,-3.408059692382812500e+02,-3.395266418457031250e+02,-3.401909790039062500e+02,-3.387714233398437500e+02,-3.370192565917968750e+02,-3.372181701660156250e+02,-3.394430847167968750e+02,-3.308828125000000000e+02,-3.275066528320312500e+02,-3.314256591796875000e+02,-3.339968261718750000e+02,-3.363577575683593750e+02,-3.444018249511718750e+02,-3.447309570312500000e+02,-3.420522460937500000e+02,-3.444287414550781250e+02,-3.434921264648437500e+02,-3.389681396484375000e+02,-3.464132690429687500e+02,-3.490170593261718750e+02,-3.464330749511718750e+02,-3.371344604492187500e+02,-3.349173889160156250e+02,-3.419176635742187500e+02,-3.474202270507812500e+02,-3.465139465332031250e+02,-3.408973083496093750e+02,-3.466999511718750000e+02,-3.469190979003906250e+02,-3.438024902343750000e+02,-3.411388244628906250e+02,-3.374753417968750000e+02,-3.326085205078125000e+02,-3.293960571289062500e+02,-3.353823242187500000e+02,-3.345849914550781250e+02,-3.323356018066406250e+02,-3.284178771972656250e+02,-3.261641235351562500e+02,-3.217936706542968750e+02,-2.932026672363281250e+02,-2.542444305419921875e+02,-2.215203399658203125e+02,-2.078802185058593750e+02,-2.167894439697265625e+02,-2.348645019531250000e+02,-2.607994079589843750e+02,-2.652591552734375000e+02,-2.746325988769531250e+02,-2.866466369628906250e+02,-2.150036163330078125e+02,-1.357618560791015625e+02,-8.512143707275390625e+01,-4.888712310791015625e+01,-4.280146408081054688e+01,-5.099898529052734375e+01,-6.383546829223632812e+01,-7.277928924560546875e+01,-8.080114746093750000e+01,-9.739537811279296875e+01,-1.179882659912109375e+02,-1.423106994628906250e+02,-1.766202850341796875e+02,-2.113259887695312500e+02,-2.357564544677734375e+02,-2.542606811523437500e+02,-2.684914245605468750e+02,-2.525649566650390625e+02,-2.192155761718750000e+02,-2.202631378173828125e+02,-2.369634399414062500e+02,-2.447297058105468750e+02,-2.489670104980468750e+02,-2.544849853515625000e+02,-2.483410644531250000e+02,-2.281573791503906250e+02,-2.205438385009765625e+02,-2.236156921386718750e+02,-2.233297576904296875e+02,-2.225415344238281250e+02,-2.188069000244140625e+02,-2.357730255126953125e+02,-2.657601928710937500e+02,-2.844185485839843750e+02,-2.976842346191406250e+02,-2.898589782714843750e+02,-2.440321502685546875e+02,-2.265787811279296875e+02,-2.319931030273437500e+02,-2.361023254394531250e+02,-2.497768554687500000e+02,-2.825473327636718750e+02,-2.869948120117187500e+02,-2.975631103515625000e+02,-3.078440856933593750e+02,-3.161881103515625000e+02,-3.278349914550781250e+02,-3.311941223144531250e+02,-3.293544921875000000e+02,-3.285883789062500000e+02,-3.326140136718750000e+02,-3.339648437500000000e+02,-3.293365173339843750e+02,-3.234389038085937500e+02,-3.226398315429687500e+02,-3.189435729980468750e+02,-3.179814453125000000e+02,-3.318991088867187500e+02,-3.297200317382812500e+02,-3.285241088867187500e+02,-3.284005432128906250e+02,-3.232640075683593750e+02,-3.226992492675781250e+02,-3.220359191894531250e+02,-3.262009887695312500e+02,-3.274193420410156250e+02,-3.279528808593750000e+02,-3.266635742187500000e+02,-3.228580322265625000e+02,-3.208947448730468750e+02,-3.212505798339843750e+02,-3.230897827148437500e+02,-3.192991943359375000e+02,-3.199627380371093750e+02,-3.162826232910156250e+02,-3.135884399414062500e+02,-3.166045227050781250e+02,-3.193850402832031250e+02,-3.267238464355468750e+02,-3.312230834960937500e+02,-3.305600585937500000e+02,-3.260907897949218750e+02,-3.230305786132812500e+02,-3.213010559082031250e+02,-3.234995422363281250e+02,-3.316170654296875000e+02,-3.340031127929687500e+02,-3.343745117187500000e+02,-3.332232971191406250e+02,-3.345590515136718750e+02,-3.380732116699218750e+02,-3.347984313964843750e+02,-3.322762756347656250e+02,-3.267110900878906250e+02,-3.291271667480468750e+02,-3.351846923828125000e+02,-3.441620483398437500e+02,-3.378581237792968750e+02,-3.328250732421875000e+02,-3.359620056152343750e+02,-3.322341003417968750e+02,-3.361713562011718750e+02,-3.406379699707031250e+02,-3.393220825195312500e+02,-3.338242187500000000e+02,-3.253965454101562500e+02,-3.282679748535156250e+02,-3.360417175292968750e+02,-3.314488830566406250e+02,-3.314197387695312500e+02,-3.322088928222656250e+02,-3.279558715820312500e+02,-3.225856628417968750e+02,-3.219302978515625000e+02,-3.253392639160156250e+02,-3.261577148437500000e+02,-3.246353759765625000e+02,-3.314723510742187500e+02,-3.340677795410156250e+02,-3.335291442871093750e+02,-3.382042541503906250e+02,-3.390978393554687500e+02,-3.452306823730468750e+02,-3.436159057617187500e+02,-3.411882934570312500e+02,-3.419103698730468750e+02,-3.401411437988281250e+02,-3.412797851562500000e+02,-3.403837890625000000e+02,-3.374923400878906250e+02,-3.377953491210937500e+02,-3.470794067382812500e+02,-3.439525451660156250e+02,-3.368717956542968750e+02,-3.357214965820312500e+02,-3.389379882812500000e+02,-3.406814575195312500e+02,-3.421122436523437500e+02,-3.400691528320312500e+02,-3.422979431152343750e+02,-3.475505371093750000e+02,-3.421820068359375000e+02,-3.452915344238281250e+02,-3.424632263183593750e+02,-3.399236450195312500e+02,-3.402789001464843750e+02,-3.403603515625000000e+02,-3.399329223632812500e+02,-3.358936462402343750e+02,-3.367431640625000000e+02,-3.353207702636718750e+02,-3.321020202636718750e+02,-3.358605957031250000e+02,-3.390725097656250000e+02,-3.379440917968750000e+02,-3.347265014648437500e+02,-3.313179321289062500e+02,-3.312607727050781250e+02,-3.297357788085937500e+02,-3.309766235351562500e+02,-3.369093017578125000e+02,-3.371449584960937500e+02,-3.333010864257812500e+02,-3.309306335449218750e+02,-3.358381958007812500e+02,-3.339399414062500000e+02,-3.365211486816406250e+02,-3.357182312011718750e+02,-3.389205932617187500e+02,-3.438694152832031250e+02,-3.418101501464843750e+02,-3.398347473144531250e+02,-3.427504882812500000e+02,-3.490459289550781250e+02,-3.454565429687500000e+02,-3.411506958007812500e+02,-3.426608886718750000e+02,-3.415188903808593750e+02,-3.425285034179687500e+02,-3.441733398437500000e+02,-3.482253112792968750e+02,-3.486248168945312500e+02,-3.192925720214843750e+02,-2.708393554687500000e+02,-2.480775146484375000e+02,-2.355351104736328125e+02,-2.466221313476562500e+02,-2.756884765625000000e+02,-2.975079345703125000e+02,-3.000584106445312500e+02,-2.863578186035156250e+02,-2.659257507324218750e+02,-2.461659393310546875e+02,-2.415981750488281250e+02,-2.503392028808593750e+02,-2.537752838134765625e+02,-2.541495056152343750e+02,-2.581896972656250000e+02,-2.633496704101562500e+02,-2.586495971679687500e+02,-2.417932281494140625e+02,-2.303162231445312500e+02,-2.224637603759765625e+02,-2.322828216552734375e+02,-2.799358520507812500e+02,-2.671178283691406250e+02,-2.417121582031250000e+02,-2.575976562500000000e+02,-2.722587585449218750e+02,-2.727869873046875000e+02,-2.777167053222656250e+02,-2.857322082519531250e+02,-3.077055664062500000e+02,-3.146944885253906250e+02,-3.023978576660156250e+02,-3.002128295898437500e+02,-3.186202392578125000e+02,-3.323684997558593750e+02,-3.247702941894531250e+02,-3.056755065917968750e+02,-2.935920410156250000e+02,-2.887527770996093750e+02,-2.865072937011718750e+02,-2.915223999023437500e+02,-2.945010070800781250e+02,-2.997222900390625000e+02,-3.207203369140625000e+02,-3.395238952636718750e+02,-3.420847778320312500e+02,-2.932469482421875000e+02,-2.674565734863281250e+02,-2.850416870117187500e+02,-2.992532348632812500e+02,-2.988605957031250000e+02,-2.947999877929687500e+02,-2.956346740722656250e+02,-3.053410034179687500e+02,-3.174461364746093750e+02,-3.304285278320312500e+02,-3.309053039550781250e+02,-3.390221862792968750e+02,-3.467913208007812500e+02,-3.407860717773437500e+02,-3.345444946289062500e+02,-3.269526672363281250e+02,-3.238968811035156250e+02,-3.263261413574218750e+02,-3.339014587402343750e+02,-3.293169250488281250e+02,-3.333151245117187500e+02,-3.363286743164062500e+02,-3.285067138671875000e+02,-3.330702819824218750e+02,-3.340058898925781250e+02,-3.289039001464843750e+02,-3.227701721191406250e+02,-3.226276855468750000e+02,-3.335074768066406250e+02,-3.341855773925781250e+02,-3.271726684570312500e+02,-3.223482971191406250e+02,-3.207866210937500000e+02,-3.226254882812500000e+02,-3.195165710449218750e+02,-3.225678100585937500e+02,-3.211455383300781250e+02,-3.215578918457031250e+02,-3.221826782226562500e+02,-3.215736694335937500e+02,-3.197834167480468750e+02,-3.201047973632812500e+02,-3.250523376464843750e+02,-3.234910278320312500e+02,-3.203982238769531250e+02,-3.282600402832031250e+02,-3.384096984863281250e+02,-3.431971740722656250e+02,-3.406378173828125000e+02,-3.416881103515625000e+02,-3.401702270507812500e+02,-3.268489990234375000e+02,-3.305198364257812500e+02,-3.362194519042968750e+02,-3.354601745605468750e+02,-3.495548095703125000e+02,-3.530343322753906250e+02,-3.474983215332031250e+02,-3.499890441894531250e+02,-3.632100830078125000e+02,-3.877980041503906250e+02,-3.798800659179687500e+02,-3.658868103027343750e+02,-3.538570556640625000e+02,-3.453485107421875000e+02,-3.335987854003906250e+02,-3.134598388671875000e+02,-3.045153503417968750e+02,-3.104297180175781250e+02,-3.096874389648437500e+02,-3.054468994140625000e+02,-2.936897583007812500e+02,-2.849366149902343750e+02,-2.869248352050781250e+02,-2.998689575195312500e+02,-3.129047546386718750e+02,-3.108715209960937500e+02,-3.098555908203125000e+02,-3.042498168945312500e+02,-2.990445251464843750e+02,-3.127475891113281250e+02,-3.267670898437500000e+02,-3.341910400390625000e+02,-3.373337707519531250e+02,-3.422553710937500000e+02,-3.459584960937500000e+02,-3.469934997558593750e+02,-3.463582458496093750e+02,-3.414098815917968750e+02,-3.425394897460937500e+02,-3.427126159667968750e+02,-3.523152770996093750e+02,-3.506749877929687500e+02,-3.465442199707031250e+02,-3.355411376953125000e+02,-3.309614257812500000e+02,-3.325441894531250000e+02,-3.288261413574218750e+02,-3.301599121093750000e+02,-3.320626525878906250e+02,-3.300100708007812500e+02,-3.264577331542968750e+02,-3.274325866699218750e+02,-3.344965820312500000e+02,-3.464789428710937500e+02,-3.466860046386718750e+02,-3.394226989746093750e+02,-3.376233825683593750e+02,-3.416986999511718750e+02,-3.465362548828125000e+02,-3.419823303222656250e+02,-3.410321960449218750e+02,-3.363998107910156250e+02,-3.408183898925781250e+02,-3.424442138671875000e+02,-3.351122436523437500e+02,-3.356932373046875000e+02,-3.408559570312500000e+02,-3.391484069824218750e+02,-3.340848083496093750e+02,-3.352945861816406250e+02,-3.352880554199218750e+02,-3.278488769531250000e+02,-3.206282043457031250e+02,-3.215086669921875000e+02,-3.236223144531250000e+02,-3.179119262695312500e+02,-3.180516357421875000e+02,-3.262886962890625000e+02,-3.290013122558593750e+02,-3.288365478515625000e+02,-3.324977111816406250e+02,-3.309527282714843750e+02,-3.254297485351562500e+02,-3.140662841796875000e+02,-2.421201019287109375e+02,-1.611768341064453125e+02,-1.226072158813476562e+02,-1.089426727294921875e+02,-1.135857543945312500e+02,-1.148466491699218750e+02,-1.157412719726562500e+02,-1.266396789550781250e+02,-1.539239654541015625e+02,-2.005771331787109375e+02,-2.245834197998046875e+02,-2.209551544189453125e+02,-2.093121490478515625e+02,-1.995445251464843750e+02,-1.959325408935546875e+02,-2.091432495117187500e+02,-2.288166198730468750e+02,-2.026760253906250000e+02,-1.742599182128906250e+02,-1.670815124511718750e+02,-1.803997497558593750e+02,-1.976993103027343750e+02,-2.171160888671875000e+02,-2.322190093994140625e+02,-2.423039398193359375e+02,-2.532884521484375000e+02,-2.483198547363281250e+02,-2.405128479003906250e+02,-2.114343719482421875e+02,-1.935697021484375000e+02,-1.999048614501953125e+02,-2.214882049560546875e+02,-2.532867584228515625e+02,-2.814688110351562500e+02,-2.791836547851562500e+02,-2.508177642822265625e+02,-2.381206665039062500e+02,-2.512935028076171875e+02,-2.805021972656250000e+02,-3.105534362792968750e+02,-2.889112548828125000e+02,-2.444179077148437500e+02,-2.192391815185546875e+02,-2.024011993408203125e+02,-1.978087615966796875e+02,-1.985031738281250000e+02,-1.984645996093750000e+02,-1.959989624023437500e+02,-1.815654754638671875e+02,-1.507754058837890625e+02,-1.261161651611328125e+02,-1.116330108642578125e+02,-1.123681488037109375e+02,-1.196530456542968750e+02,-1.317365875244140625e+02,-1.494092102050781250e+02,-1.764710845947265625e+02,-2.051164245605468750e+02,-2.331052703857421875e+02,-2.362490081787109375e+02,-2.449471130371093750e+02,-2.750021667480468750e+02,-3.008061828613281250e+02,-3.013673400878906250e+02,-2.487236175537109375e+02,-2.186835632324218750e+02,-2.275045318603515625e+02,-2.348573303222656250e+02,-2.386455993652343750e+02,-2.513031463623046875e+02,-2.527477416992187500e+02,-2.557086486816406250e+02,-2.588101501464843750e+02,-2.692372741699218750e+02,-2.845996704101562500e+02,-2.791866455078125000e+02,-2.682342529296875000e+02,-2.671571350097656250e+02,-2.592684326171875000e+02,-2.436115264892578125e+02,-2.302129669189453125e+02,-2.363316192626953125e+02,-2.381927185058593750e+02,-2.336388397216796875e+02,-2.399021606445312500e+02,-2.590471191406250000e+02,-2.715947265625000000e+02,-2.967474365234375000e+02,-3.167851562500000000e+02,-3.223140563964843750e+02,-3.218429870605468750e+02,-3.289873046875000000e+02,-3.308303833007812500e+02,-3.259392395019531250e+02,-3.221825256347656250e+02,-3.189717102050781250e+02,-3.162659301757812500e+02,-3.164304504394531250e+02,-3.232602233886718750e+02,-3.177132263183593750e+02,-3.122016296386718750e+02,-3.122012634277343750e+02,-3.143064270019531250e+02,-3.153117980957031250e+02,-3.186698608398437500e+02,-3.299697570800781250e+02,-3.309284362792968750e+02,-3.342920837402343750e+02,-3.307096252441406250e+02,-3.293961181640625000e+02,-3.323343200683593750e+02,-3.378451538085937500e+02,-3.390582275390625000e+02,-3.399243164062500000e+02,-3.396749877929687500e+02,-3.453970947265625000e+02,-3.417747497558593750e+02,-3.342182312011718750e+02,-3.297573547363281250e+02,-3.306068725585937500e+02,-3.335609741210937500e+02,-3.388192138671875000e+02,-3.386342773437500000e+02,-3.359983825683593750e+02,-3.367525329589843750e+02,-3.365719604492187500e+02,-3.349469604492187500e+02,-3.325028991699218750e+02,-3.331907043457031250e+02,-3.266583251953125000e+02,-3.303421325683593750e+02,-3.265424194335937500e+02,-3.218043823242187500e+02,-3.228825073242187500e+02,-3.301994934082031250e+02,-3.267925720214843750e+02,-3.256141357421875000e+02,-3.250581970214843750e+02,-3.221048583984375000e+02,-3.191108093261718750e+02,-3.179612121582031250e+02,-3.186375732421875000e+02,-3.228650512695312500e+02,-3.238565979003906250e+02,-3.280403137207031250e+02,-3.287942810058593750e+02,-3.332147521972656250e+02,-3.280900878906250000e+02,-3.267015991210937500e+02,-3.249016113281250000e+02,-3.286158447265625000e+02,-3.299519348144531250e+02,-3.281272888183593750e+02,-3.253402709960937500e+02,-3.250913696289062500e+02,-3.233618469238281250e+02,-3.196482238769531250e+02,-3.180530090332031250e+02,-3.164487609863281250e+02,-3.083246154785156250e+02,-3.013333740234375000e+02,-2.988938293457031250e+02,-3.015698242187500000e+02,-3.065537109375000000e+02,-3.089904174804687500e+02,-3.117971191406250000e+02,-3.122571411132812500e+02,-3.134202270507812500e+02,-3.163268432617187500e+02,-3.075392150878906250e+02,-3.071105346679687500e+02,-3.100986633300781250e+02,-3.063664550781250000e+02,-3.047582397460937500e+02,-3.136808471679687500e+02,-3.232506713867187500e+02,-3.222644348144531250e+02,-3.308943786621093750e+02,-3.348220214843750000e+02,-3.319928283691406250e+02,-3.342215270996093750e+02,-3.366137084960937500e+02,-3.317356262207031250e+02,-3.282299194335937500e+02,-3.184961853027343750e+02,-3.233621520996093750e+02,-3.238552551269531250e+02,-3.161932678222656250e+02,-3.192634582519531250e+02,-3.213707275390625000e+02,-3.142118835449218750e+02,-3.101515197753906250e+02,-3.063112487792968750e+02,-3.025311584472656250e+02,-2.973330993652343750e+02,-2.987002258300781250e+02,-2.989819641113281250e+02,-3.014676818847656250e+02,-2.952114868164062500e+02,-2.938080749511718750e+02,-2.916942443847656250e+02,-2.859400024414062500e+02,-2.810956726074218750e+02,-2.878515930175781250e+02,-2.927605895996093750e+02,-2.885420837402343750e+02,-2.843182983398437500e+02,-2.770419921875000000e+02,-2.740080871582031250e+02,-2.752932739257812500e+02,-2.728522033691406250e+02,-2.802734985351562500e+02,-2.928684997558593750e+02,-2.979168395996093750e+02,-3.017179260253906250e+02,-3.032879333496093750e+02,-3.137833557128906250e+02,-3.176444091796875000e+02,-3.270054931640625000e+02,-3.225153503417968750e+02,-3.176549377441406250e+02,-3.195453491210937500e+02,-3.197313232421875000e+02,-3.176406555175781250e+02,-3.128676757812500000e+02,-3.172250061035156250e+02,-3.206632080078125000e+02,-3.277402343750000000e+02,-3.233567810058593750e+02,-3.277462158203125000e+02,-3.319222106933593750e+02,-3.335399475097656250e+02,-3.298412170410156250e+02,-3.259660339355468750e+02,-3.233376770019531250e+02,-3.205630187988281250e+02,-3.130328063964843750e+02,-3.133193664550781250e+02,-3.170859985351562500e+02,-3.118124389648437500e+02,-3.061217651367187500e+02,-3.104982299804687500e+02,-3.105846557617187500e+02,-3.028313903808593750e+02,-3.013366699218750000e+02,-2.955317993164062500e+02,-2.886280822753906250e+02,-2.830019531250000000e+02,-2.839331054687500000e+02,-2.818788452148437500e+02,-2.796749572753906250e+02,-2.824698486328125000e+02,-2.846536865234375000e+02,-2.887940368652343750e+02,-2.974975280761718750e+02,-3.046290893554687500e+02,-3.074564514160156250e+02,-3.058846740722656250e+02,-3.117224426269531250e+02,-3.106062316894531250e+02,-3.139967651367187500e+02,-3.200455627441406250e+02,-3.198782653808593750e+02,-3.180392761230468750e+02,-3.168990783691406250e+02,-3.154329223632812500e+02,-3.213705444335937500e+02,-3.218895263671875000e+02,-3.228375244140625000e+02,-3.264849243164062500e+02,-3.272111206054687500e+02,-3.310202636718750000e+02,-3.421655883789062500e+02,-3.418077392578125000e+02,-3.316184082031250000e+02,-3.328311462402343750e+02,-3.312947692871093750e+02,-3.254987182617187500e+02,-3.260508728027343750e+02,-3.331561889648437500e+02,-3.315580749511718750e+02,-3.259384460449218750e+02,-3.335937500000000000e+02,-3.368811340332031250e+02,-3.271300964355468750e+02,-3.258936462402343750e+02,-3.277349853515625000e+02,-3.271890258789062500e+02,-3.256992797851562500e+02,-3.233585815429687500e+02,-3.229744262695312500e+02,-3.278647460937500000e+02,-3.262274780273437500e+02,-3.181650085449218750e+02,-3.182450561523437500e+02,-3.132561950683593750e+02,-2.926719360351562500e+02,-2.835079040527343750e+02,-2.975645141601562500e+02,-3.026555175781250000e+02,-3.128990783691406250e+02,-3.187947082519531250e+02,-3.147868041992187500e+02,-3.147525329589843750e+02,-3.240411682128906250e+02,-3.219300842285156250e+02,-3.175962524414062500e+02,-3.159936828613281250e+02,-3.083237609863281250e+02,-3.043765869140625000e+02,-3.103740234375000000e+02,-3.077473449707031250e+02,-3.020164794921875000e+02,-3.043939208984375000e+02,-3.150979614257812500e+02,-3.125683593750000000e+02,-3.077349548339843750e+02,-3.069155578613281250e+02,-3.070625915527343750e+02,-3.087023620605468750e+02,-3.136060791015625000e+02,-3.161703491210937500e+02,-2.041903686523437500e+02,-1.089549484252929688e+02,-6.954185485839843750e+01,-7.189438629150390625e+01,-9.512773132324218750e+01,-1.230700454711914062e+02,-1.495404663085937500e+02,-1.692712249755859375e+02,-1.906761932373046875e+02,-2.031184692382812500e+02,-1.835207214355468750e+02,-1.732656860351562500e+02,-1.589147644042968750e+02,-1.247482833862304688e+02,-9.991886138916015625e+01,-1.020672378540039062e+02,-1.315797119140625000e+02,-1.694444274902343750e+02,-1.946208648681640625e+02,-1.854881286621093750e+02,-1.829039306640625000e+02,-1.851246643066406250e+02,-1.879008483886718750e+02,-1.918486328125000000e+02,-1.987268676757812500e+02,-1.923017272949218750e+02,-1.919629516601562500e+02,-1.774223175048828125e+02,-1.672119445800781250e+02,-1.696913909912109375e+02,-1.692166442871093750e+02,-1.772644958496093750e+02,-2.051593170166015625e+02,-2.427789611816406250e+02,-2.628034667968750000e+02,-2.454472656250000000e+02,-2.263768005371093750e+02,-2.380875854492187500e+02,-2.326737365722656250e+02,-2.173313598632812500e+02,-2.063063812255859375e+02,-2.060053405761718750e+02,-2.049886322021484375e+02,-1.916651153564453125e+02,-1.802103271484375000e+02,-1.656184997558593750e+02,-1.712788696289062500e+02,-2.013580017089843750e+02,-2.230865783691406250e+02,-1.942523345947265625e+02,-1.560378570556640625e+02,-1.386678009033203125e+02,-1.346436920166015625e+02,-1.233376312255859375e+02,-1.210771636962890625e+02,-1.348617095947265625e+02,-1.594412078857421875e+02,-1.923014526367187500e+02,-2.243781738281250000e+02,-2.288613739013671875e+02,-2.338693847656250000e+02,-2.462568359375000000e+02,-2.596713256835937500e+02,-2.628312377929687500e+02,-2.412110443115234375e+02,-2.183855133056640625e+02,-2.076056518554687500e+02,-2.119973754882812500e+02,-2.177225036621093750e+02,-2.345339050292968750e+02,-2.502082214355468750e+02,-2.583811035156250000e+02,-2.661896972656250000e+02,-2.508818206787109375e+02,-2.364828033447265625e+02,-2.304754638671875000e+02,-2.216389312744140625e+02,-2.143679351806640625e+02,-2.083007812500000000e+02,-2.035369110107421875e+02,-1.989229736328125000e+02,-1.965197448730468750e+02,-2.065985260009765625e+02,-2.239190826416015625e+02,-2.438346557617187500e+02,-2.555690307617187500e+02,-2.267910308837890625e+02,-2.263084106445312500e+02,-2.370640106201171875e+02,-2.385732269287109375e+02,-2.401780090332031250e+02,-2.530381469726562500e+02,-2.728104248046875000e+02,-2.728541870117187500e+02,-2.724853515625000000e+02,-2.792463378906250000e+02,-2.916243896484375000e+02,-2.940472106933593750e+02,-2.965482177734375000e+02,-2.966949462890625000e+02,-2.943171691894531250e+02,-2.964654846191406250e+02,-2.951721191406250000e+02,-2.913577575683593750e+02,-2.840625915527343750e+02,-2.891020202636718750e+02,-2.919234924316406250e+02,-2.939314270019531250e+02,-2.919175720214843750e+02,-2.939968872070312500e+02,-2.975787048339843750e+02,-2.974306030273437500e+02,-2.919826049804687500e+02,-2.848205261230468750e+02,-2.814812316894531250e+02,-2.751592102050781250e+02,-2.725122680664062500e+02,-2.685262451171875000e+02,-2.720375671386718750e+02,-2.740762023925781250e+02,-2.717237854003906250e+02,-2.353690185546875000e+02,-2.057438201904296875e+02,-2.030577087402343750e+02,-2.207228393554687500e+02,-2.358085784912109375e+02,-2.505417785644531250e+02,-2.481067810058593750e+02,-2.199412384033203125e+02,-1.667734680175781250e+02,-1.246461257934570312e+02,-1.197625427246093750e+02,-1.369750061035156250e+02,-1.521240692138671875e+02,-1.635153808593750000e+02,-1.819022521972656250e+02,-1.991572875976562500e+02,-2.134983673095703125e+02,-2.238397979736328125e+02,-2.348735656738281250e+02,-2.394696502685546875e+02,-2.416083068847656250e+02,-2.512132263183593750e+02,-2.742018432617187500e+02,-2.934384765625000000e+02,-2.981528320312500000e+02,-2.954514770507812500e+02,-2.916405944824218750e+02,-2.785928955078125000e+02,-2.192461242675781250e+02,-1.849898223876953125e+02,-1.816115722656250000e+02,-1.839013366699218750e+02,-1.697173614501953125e+02,-1.646235504150390625e+02,-1.778983612060546875e+02,-1.814531555175781250e+02,-1.779170379638671875e+02,-1.906102600097656250e+02,-2.026748199462890625e+02,-2.179017028808593750e+02,-2.371009216308593750e+02,-2.458602142333984375e+02,-2.567593994140625000e+02,-2.555463256835937500e+02,-2.647033691406250000e+02,-2.671088562011718750e+02,-2.689911193847656250e+02,-2.705335998535156250e+02,-2.686012268066406250e+02,-2.727272338867187500e+02,-2.825802917480468750e+02,-2.871502075195312500e+02,-2.862888488769531250e+02,-2.880339660644531250e+02,-2.923530578613281250e+02,-2.937883605957031250e+02,-2.941648559570312500e+02,-2.934294433593750000e+02,-2.951843566894531250e+02,-2.886711730957031250e+02,-2.886857299804687500e+02,-2.902817993164062500e+02,-2.901517028808593750e+02,-2.878797607421875000e+02,-2.894938964843750000e+02,-2.847213439941406250e+02,-2.776080017089843750e+02,-2.696317443847656250e+02,-2.255391998291015625e+02,-1.674857025146484375e+02,-1.401553497314453125e+02,-1.156380233764648438e+02,-1.069349899291992188e+02,-1.025597457885742188e+02,-1.030528488159179688e+02,-1.183849868774414062e+02,-1.506177825927734375e+02,-1.909694976806640625e+02,-2.181951293945312500e+02,-2.292496948242187500e+02,-2.468074951171875000e+02,-2.622698974609375000e+02,-2.603465270996093750e+02,-2.575889892578125000e+02,-2.447183074951171875e+02,-2.307246093750000000e+02,-2.209017181396484375e+02,-2.134678955078125000e+02,-2.195883331298828125e+02,-2.449168853759765625e+02,-2.605130920410156250e+02,-2.641911926269531250e+02,-2.710994567871093750e+02,-2.548160858154296875e+02,-1.981622924804687500e+02,-1.643349761962890625e+02,-1.434620361328125000e+02,-1.325096282958984375e+02,-1.438018951416015625e+02,-1.575847625732421875e+02,-1.543621520996093750e+02,-1.606488342285156250e+02,-1.807945251464843750e+02,-1.946781616210937500e+02,-2.093870239257812500e+02,-2.197346191406250000e+02,-2.227226409912109375e+02,-2.279153442382812500e+02,-2.276670532226562500e+02,-2.275490570068359375e+02,-2.319912719726562500e+02,-2.284843139648437500e+02,-2.129799652099609375e+02,-2.046848449707031250e+02,-2.073728637695312500e+02,-2.224720153808593750e+02,-2.342805175781250000e+02,-2.392092437744140625e+02,-2.543878784179687500e+02,-2.728260192871093750e+02,-2.852088317871093750e+02,-2.943022766113281250e+02,-2.907784729003906250e+02,-2.865834045410156250e+02,-2.877057189941406250e+02,-2.897744750976562500e+02,-2.917857971191406250e+02,-2.915283508300781250e+02,-2.955930175781250000e+02,-3.005239562988281250e+02,-2.946547241210937500e+02,-2.908158569335937500e+02,-2.903931579589843750e+02,-2.842083740234375000e+02,-2.787651062011718750e+02,-2.850783996582031250e+02,-2.858952331542968750e+02,-2.844619140625000000e+02,-2.892418518066406250e+02,-2.883183288574218750e+02,-2.831562194824218750e+02,-2.748825378417968750e+02,-2.732644348144531250e+02,-2.657649841308593750e+02,-2.614484863281250000e+02,-2.699459838867187500e+02,-2.768648071289062500e+02,-2.683199462890625000e+02,-2.666147155761718750e+02,-2.458869628906250000e+02,-1.822355346679687500e+02,-1.269794006347656250e+02,-8.643711090087890625e+01,-6.832811737060546875e+01,-5.900440597534179688e+01,-5.974269866943359375e+01,-7.538153839111328125e+01,-8.759489440917968750e+01,-9.670771789550781250e+01,-1.139282608032226562e+02,-1.264193496704101562e+02,-1.453250122070312500e+02,-1.626631317138671875e+02,-1.666791687011718750e+02,-1.611668853759765625e+02,-1.521134490966796875e+02,-1.578495178222656250e+02,-1.786500091552734375e+02,-2.096060943603515625e+02,-2.302243652343750000e+02,-2.430657043457031250e+02,-2.301277313232421875e+02,-2.109566497802734375e+02,-2.082339172363281250e+02,-2.142274322509765625e+02,-2.192321624755859375e+02,-2.120213470458984375e+02,-2.157055816650390625e+02,-2.046537170410156250e+02,-1.951676635742187500e+02,-1.943204345703125000e+02,-1.966821899414062500e+02,-2.034859771728515625e+02,-2.103397979736328125e+02,-2.245448150634765625e+02,-2.415309906005859375e+02,-2.413761444091796875e+02,-2.336458740234375000e+02,-2.463279876708984375e+02,-2.486819000244140625e+02,-2.396764373779296875e+02,-2.270803070068359375e+02,-1.998322448730468750e+02,-1.734321289062500000e+02,-1.597378387451171875e+02,-1.515136566162109375e+02,-1.476509246826171875e+02,-1.319302062988281250e+02,-1.285417327880859375e+02,-1.284892272949218750e+02,-1.440362396240234375e+02,-1.772173156738281250e+02,-2.094479675292968750e+02,-2.329533081054687500e+02,-2.491838226318359375e+02,-2.644192199707031250e+02,-2.726291809082031250e+02,-2.706923828125000000e+02,-2.712988281250000000e+02,-2.803907165527343750e+02,-2.880631103515625000e+02,-2.864253845214843750e+02,-2.903545532226562500e+02,-2.832850036621093750e+02,-2.457802429199218750e+02,-2.006835327148437500e+02,-1.924111938476562500e+02,-2.079137725830078125e+02,-2.312588043212890625e+02,-2.569115295410156250e+02,-2.550107421875000000e+02,-2.242242279052734375e+02,-2.175644836425781250e+02,-2.091970672607421875e+02,-2.030251007080078125e+02,-1.961256408691406250e+02,-1.635982208251953125e+02,-1.382818145751953125e+02,-1.256683425903320312e+02,-1.240165100097656250e+02,-1.259128036499023438e+02,-1.279356231689453125e+02,-1.496483612060546875e+02,-1.853243408203125000e+02,-2.157533569335937500e+02,-2.374762268066406250e+02,-2.511132812500000000e+02,-2.506108245849609375e+02,-2.175845031738281250e+02,-1.903868103027343750e+02,-1.681007232666015625e+02,-1.616702728271484375e+02,-1.711681060791015625e+02,-1.882459869384765625e+02,-2.178118286132812500e+02,-2.431245117187500000e+02,-2.456646575927734375e+02,-2.401347351074218750e+02,-2.510926971435546875e+02,-2.572510681152343750e+02,-2.517551422119140625e+02,-2.406886596679687500e+02,-2.326109313964843750e+02,-2.413567504882812500e+02,-2.523119506835937500e+02,-2.517122650146484375e+02,-2.418495941162109375e+02,-2.466259002685546875e+02,-2.457541656494140625e+02,-2.519145965576171875e+02,-2.691023254394531250e+02,-2.772178344726562500e+02,-2.627413024902343750e+02,-2.495856628417968750e+02,-2.543764343261718750e+02,-2.687621459960937500e+02,-2.800734558105468750e+02,-2.524285736083984375e+02,-2.025003356933593750e+02,-1.902636871337890625e+02,-2.016270904541015625e+02,-2.153973541259765625e+02,-2.168862762451171875e+02,-2.181086425781250000e+02,-2.216974792480468750e+02,-2.169199523925781250e+02,-2.046474151611328125e+02,-2.014338226318359375e+02,-2.016147308349609375e+02,-2.183784790039062500e+02,-2.428126525878906250e+02,-2.525650024414062500e+02,-2.456898803710937500e+02,-2.457672271728515625e+02,-2.490685577392578125e+02,-2.461851959228515625e+02,-2.424674835205078125e+02,-2.325039062500000000e+02,-2.186378326416015625e+02,-2.217879028320312500e+02,-2.260298004150390625e+02,-2.303254852294921875e+02,-2.320379180908203125e+02,-2.414703979492187500e+02,-2.560656433105468750e+02,-2.793594055175781250e+02,-2.881115112304687500e+02,-2.913550415039062500e+02,-2.996783142089843750e+02,-3.083638000488281250e+02,-3.070408630371093750e+02,-3.058469543457031250e+02,-3.013981628417968750e+02,-2.966703491210937500e+02,-2.964112548828125000e+02,-2.923973388671875000e+02,-2.923440246582031250e+02,-2.937432556152343750e+02,-2.956929016113281250e+02,-2.959352722167968750e+02,-2.920060119628906250e+02,-2.910934143066406250e+02,-2.879967346191406250e+02,-2.758724975585937500e+02,-2.714014587402343750e+02,-2.772009887695312500e+02,-2.843237609863281250e+02,-2.838880310058593750e+02,-2.838432617187500000e+02,-2.757598876953125000e+02,-2.782700500488281250e+02,-2.759756164550781250e+02,-2.757828979492187500e+02,-2.698517761230468750e+02,-2.733457641601562500e+02,-2.746656188964843750e+02,-2.768756713867187500e+02,-2.828153686523437500e+02,-2.793003234863281250e+02,-2.828208618164062500e+02,-2.833919067382812500e+02,-2.879270324707031250e+02,-2.941482238769531250e+02,-2.856764526367187500e+02,-2.841567382812500000e+02,-2.744265441894531250e+02,-2.379911041259765625e+02,-1.678555908203125000e+02,-1.139036407470703125e+02,-7.894046020507812500e+01,-4.903681182861328125e+01,-3.388881301879882812e+01,-4.200735473632812500e+01,-5.830858612060546875e+01,-8.588032531738281250e+01,-1.114911422729492188e+02,-1.396360473632812500e+02,-1.808354797363281250e+02,-2.056861114501953125e+02,-2.219476928710937500e+02,-2.363451690673828125e+02,-2.489721832275390625e+02,-2.360259704589843750e+02,-1.853753356933593750e+02,-1.511636047363281250e+02,-1.498958587646484375e+02,-1.758992156982421875e+02,-2.114127960205078125e+02,-2.306134796142578125e+02,-2.335948638916015625e+02,-1.836881408691406250e+02,-1.413030395507812500e+02,-1.179223785400390625e+02,-1.071636199951171875e+02,-1.045531539916992188e+02,-1.061301956176757812e+02,-1.165768356323242188e+02,-1.312394256591796875e+02,-1.503050689697265625e+02,-1.717140960693359375e+02,-2.010318298339843750e+02,-2.268054962158203125e+02,-2.395841674804687500e+02,-2.319795227050781250e+02,-2.348327484130859375e+02,-2.400041961669921875e+02,-2.539348449707031250e+02,-2.626892700195312500e+02,-2.686309814453125000e+02,-2.713111267089843750e+02,-2.581229248046875000e+02,-2.457947845458984375e+02,-2.047229003906250000e+02,-1.524879302978515625e+02,-1.320728759765625000e+02,-1.334695281982421875e+02,-1.408310089111328125e+02,-1.519330902099609375e+02,-1.793724517822265625e+02,-2.059616394042968750e+02,-2.214529876708984375e+02,-2.340196075439453125e+02,-2.401421661376953125e+02,-2.273469696044921875e+02,-2.139535675048828125e+02,-2.101529998779296875e+02,-2.098790740966796875e+02,-2.033728637695312500e+02,-2.038700561523437500e+02,-2.099016418457031250e+02,-2.288228912353515625e+02,-2.415067138671875000e+02,-2.513025665283203125e+02,-2.588907775878906250e+02,-2.655464172363281250e+02,-2.675712280273437500e+02,-2.623782958984375000e+02,-2.638320922851562500e+02,-2.664713439941406250e+02,-2.717699279785156250e+02,-2.634704589843750000e+02,-2.676921997070312500e+02,-2.679955139160156250e+02,-2.640068054199218750e+02,-2.554255981445312500e+02,-2.559741821289062500e+02,-2.607380981445312500e+02,-2.586115112304687500e+02,-2.567088928222656250e+02,-2.608335876464843750e+02,-2.635890808105468750e+02,-2.656431579589843750e+02,-2.668220520019531250e+02,-2.604235839843750000e+02,-2.632076721191406250e+02,-2.660187072753906250e+02,-2.597166442871093750e+02,-2.624857177734375000e+02,-2.651888427734375000e+02,-2.636893005371093750e+02,-2.540330657958984375e+02,-2.518128356933593750e+02,-2.478739624023437500e+02,-2.451807708740234375e+02,-2.437244720458984375e+02,-2.383697814941406250e+02,-2.305520629882812500e+02,-2.003504791259765625e+02,-1.388538360595703125e+02,-1.072847824096679688e+02,-9.553737640380859375e+01,-8.445018768310546875e+01,-6.712255859375000000e+01,-4.880463027954101562e+01,-3.579097747802734375e+01,-3.333130645751953125e+01,-4.410070419311523438e+01,-7.196328735351562500e+01,-1.009352798461914062e+02,-1.346874847412109375e+02,-1.614518890380859375e+02,-1.860557250976562500e+02,-2.099225616455078125e+02,-2.237377319335937500e+02,-2.268475952148437500e+02,-2.093197937011718750e+02,-1.819995422363281250e+02,-1.647658843994140625e+02,-1.617108001708984375e+02,-1.654906005859375000e+02,-1.800381011962890625e+02,-1.915339050292968750e+02,-2.048271942138671875e+02,-2.242897644042968750e+02,-2.418471374511718750e+02,-2.609069519042968750e+02,-2.712181396484375000e+02,-2.737545166015625000e+02,-2.800508422851562500e+02,-2.816612548828125000e+02,-2.761354980468750000e+02,-2.805044250488281250e+02,-2.816925659179687500e+02,-2.830183715820312500e+02,-2.831250000000000000e+02,-2.815292968750000000e+02,-2.829933471679687500e+02,-2.825183105468750000e+02,-2.770744934082031250e+02,-2.810097656250000000e+02,-2.830256042480468750e+02,-2.774952697753906250e+02,-2.798904113769531250e+02,-2.776908874511718750e+02,-2.768917846679687500e+02,-2.769421081542968750e+02,-2.810986022949218750e+02,-2.793402404785156250e+02,-2.605606384277343750e+02,-2.602028503417968750e+02,-2.597539367675781250e+02,-2.545201110839843750e+02,-2.434718933105468750e+02,-2.327348480224609375e+02,-2.324721374511718750e+02,-2.241761474609375000e+02,-2.055600433349609375e+02,-1.992997589111328125e+02,-2.145802612304687500e+02,-2.283445587158203125e+02,-2.131703338623046875e+02,-2.071082305908203125e+02,-2.181997070312500000e+02,-2.292064971923828125e+02,-2.511854858398437500e+02,-2.598297729492187500e+02,-2.272920989990234375e+02,-2.032720031738281250e+02,-1.960807800292968750e+02,-1.840135955810546875e+02,-1.795307312011718750e+02,-1.766507568359375000e+02,-1.618318176269531250e+02,-1.545172882080078125e+02,-1.442279205322265625e+02,-1.415522460937500000e+02,-1.558800659179687500e+02,-1.664045410156250000e+02,-1.690926666259765625e+02,-1.768251647949218750e+02,-1.955567932128906250e+02,-2.069875488281250000e+02,-2.142564086914062500e+02,-2.242673492431640625e+02,-2.393928680419921875e+02,-2.550066833496093750e+02,-2.594519348144531250e+02,-2.678263549804687500e+02,-2.639631347656250000e+02,-2.472692108154296875e+02,-2.134429626464843750e+02,-1.836156158447265625e+02,-1.734167022705078125e+02,-1.753956146240234375e+02,-1.800230712890625000e+02,-1.861411743164062500e+02,-1.875904693603515625e+02,-1.886864776611328125e+02,-1.877646636962890625e+02,-1.893709564208984375e+02,-1.844306945800781250e+02,-1.817629089355468750e+02,-1.927163238525390625e+02,-2.154801025390625000e+02,-2.418253936767578125e+02,-2.560232849121093750e+02,-2.666177062988281250e+02,-2.824936828613281250e+02,-2.947908935546875000e+02,-2.970512390136718750e+02,-2.977238159179687500e+02,-2.993930969238281250e+02,-3.026773071289062500e+02,-2.964371643066406250e+02,-2.980061950683593750e+02,-3.032551574707031250e+02,-3.058689575195312500e+02,-3.074816589355468750e+02,-3.038343811035156250e+02,-3.036181335449218750e+02,-3.034256591796875000e+02,-2.981891784667968750e+02,-3.029510192871093750e+02,-3.083281250000000000e+02,-3.103665161132812500e+02,-3.050211791992187500e+02,-2.759336853027343750e+02,-2.027145690917968750e+02,-1.552956237792968750e+02,-1.198194808959960938e+02,-9.624161529541015625e+01,-8.458390045166015625e+01,-7.772844696044921875e+01,-9.306438446044921875e+01,-1.261357269287109375e+02,-1.667732543945312500e+02,-1.809497680664062500e+02,-1.650682067871093750e+02,-1.578356781005859375e+02,-1.592309722900390625e+02,-1.748453216552734375e+02,-1.979962615966796875e+02,-2.147456207275390625e+02,-2.360781555175781250e+02,-2.536563873291015625e+02,-2.235738983154296875e+02,-1.673833312988281250e+02,-1.475362548828125000e+02,-1.506959838867187500e+02,-1.684470825195312500e+02,-1.822444305419921875e+02,-2.011348419189453125e+02,-2.102114257812500000e+02,-2.186354370117187500e+02,-2.313174438476562500e+02,-2.546027221679687500e+02,-2.650051574707031250e+02,-2.513044891357421875e+02,-2.223028869628906250e+02,-2.234267425537109375e+02,-2.413803253173828125e+02,-2.509328308105468750e+02,-2.491961822509765625e+02,-2.378400726318359375e+02,-2.080067596435546875e+02,-1.695741577148437500e+02,-1.541919250488281250e+02,-1.526237487792968750e+02,-1.486354217529296875e+02,-1.417909851074218750e+02,-1.397353973388671875e+02,-1.388218994140625000e+02,-1.467590789794921875e+02,-1.614252624511718750e+02,-1.689210662841796875e+02,-1.780929870605468750e+02,-1.829194946289062500e+02,-1.890484924316406250e+02,-2.106171722412109375e+02,-2.363018188476562500e+02,-2.547010345458984375e+02,-2.542848052978515625e+02,-2.335583038330078125e+02,-2.043945922851562500e+02,-1.858547058105468750e+02,-1.873055725097656250e+02,-1.941075897216796875e+02,-1.855004272460937500e+02,-1.791104736328125000e+02,-1.894922485351562500e+02,-2.048816223144531250e+02,-2.239633789062500000e+02,-2.514163360595703125e+02,-2.499721221923828125e+02,-2.302799377441406250e+02,-2.308798980712890625e+02,-2.407305450439453125e+02,-2.499548187255859375e+02,-2.421473693847656250e+02,-1.981654357910156250e+02,-1.576911926269531250e+02,-1.349249420166015625e+02,-1.358169250488281250e+02,-1.306288604736328125e+02,-1.196949615478515625e+02,-1.277064743041992188e+02,-1.470931243896484375e+02,-1.668037414550781250e+02,-1.876432952880859375e+02,-2.024869384765625000e+02,-2.136450805664062500e+02,-2.153540344238281250e+02,-2.078465270996093750e+02,-1.920857238769531250e+02,-1.896575622558593750e+02,-1.900969238281250000e+02,-1.866388702392578125e+02,-1.997425994873046875e+02,-2.205602416992187500e+02,-2.216984252929687500e+02,-2.173729248046875000e+02,-2.204056396484375000e+02,-2.224452056884765625e+02,-1.773582000732421875e+02,-1.424358825683593750e+02,-1.360659790039062500e+02,-1.647822570800781250e+02,-1.948306121826171875e+02,-2.118265991210937500e+02,-2.361138458251953125e+02,-2.519033355712890625e+02,-2.506837158203125000e+02,-2.443640441894531250e+02,-2.598073730468750000e+02,-2.816312561035156250e+02,-2.885138549804687500e+02,-2.908998718261718750e+02,-2.935373535156250000e+02,-2.970403747558593750e+02,-2.957235107421875000e+02,-2.923499450683593750e+02,-2.873226623535156250e+02,-2.843522949218750000e+02,-2.829377746582031250e+02,-2.889114685058593750e+02,-2.957048645019531250e+02,-2.945423583984375000e+02,-2.931567077636718750e+02,-2.900232238769531250e+02,-2.920717773437500000e+02,-2.953912353515625000e+02,-2.925476379394531250e+02,-2.841032714843750000e+02,-2.876808166503906250e+02,-2.960359497070312500e+02,-3.042197265625000000e+02,-3.052947387695312500e+02,-3.048437805175781250e+02,-3.023979492187500000e+02,-2.985910949707031250e+02,-2.849099121093750000e+02,-2.685277099609375000e+02,-2.322342987060546875e+02,-1.714174957275390625e+02,-1.275382156372070312e+02,-1.028975830078125000e+02,-7.589993286132812500e+01,-6.719625091552734375e+01,-7.867168426513671875e+01,-9.586131286621093750e+01,-1.211604537963867188e+02,-1.633218688964843750e+02,-1.999847869873046875e+02,-2.243529052734375000e+02,-2.469269866943359375e+02,-2.551222991943359375e+02,-2.580763244628906250e+02,-2.439359741210937500e+02,-2.095898895263671875e+02,-1.776692047119140625e+02,-1.445315856933593750e+02,-1.163577575683593750e+02,-1.091285552978515625e+02,-1.105000762939453125e+02,-1.317458038330078125e+02,-1.753729705810546875e+02,-2.084942321777343750e+02,-2.114144439697265625e+02,-1.763675994873046875e+02,-1.510277862548828125e+02,-1.504820861816406250e+02,-1.633660736083984375e+02,-1.818545532226562500e+02,-2.128106079101562500e+02,-2.489014129638671875e+02,-2.700177307128906250e+02,-2.630386047363281250e+02,-2.399187469482421875e+02,-2.319176788330078125e+02,-2.453315277099609375e+02,-2.664660339355468750e+02,-2.795449829101562500e+02,-2.824568176269531250e+02,-2.942140502929687500e+02,-3.074299011230468750e+02,-3.072177124023437500e+02,-3.089300842285156250e+02,-3.086843566894531250e+02,-3.056029663085937500e+02,-3.053891296386718750e+02,-3.026659240722656250e+02,-2.984516601562500000e+02,-2.957880249023437500e+02,-2.926473693847656250e+02,-2.884520874023437500e+02,-2.925596008300781250e+02,-2.918150634765625000e+02,-2.859887695312500000e+02,-2.887703247070312500e+02,-2.895054016113281250e+02,-2.881827697753906250e+02,-2.890611877441406250e+02,-2.844885559082031250e+02,-2.760597534179687500e+02,-2.679548950195312500e+02,-2.755740051269531250e+02,-2.835018615722656250e+02,-2.847986755371093750e+02,-2.875278015136718750e+02,-2.918855590820312500e+02,-2.881990966796875000e+02,-2.874786376953125000e+02,-2.853712158203125000e+02,-2.860393676757812500e+02,-2.888431396484375000e+02,-2.873966979980468750e+02,-2.847005310058593750e+02,-2.906153564453125000e+02,-2.898271789550781250e+02,-2.879868469238281250e+02,-2.856982116699218750e+02,-2.896448059082031250e+02,-2.964005126953125000e+02,-3.007707519531250000e+02,-3.037512817382812500e+02,-2.986341552734375000e+02,-2.977453308105468750e+02,-2.973404541015625000e+02,-2.955673217773437500e+02,-2.668940124511718750e+02,-1.615174713134765625e+02,-9.661293792724609375e+01,-7.402484893798828125e+01,-7.609455108642578125e+01,-9.185124206542968750e+01,-1.184539108276367188e+02,-1.493199462890625000e+02,-1.648853454589843750e+02,-1.883541412353515625e+02,-1.929248657226562500e+02,-1.647299194335937500e+02,-1.581108093261718750e+02,-1.742470092773437500e+02,-2.010017395019531250e+02,-2.342630767822265625e+02,-2.486861419677734375e+02,-2.145016021728515625e+02,-1.581297760009765625e+02,-1.234378890991210938e+02,-9.612863922119140625e+01,-7.838291168212890625e+01,-7.534080505371093750e+01,-1.018034362792968750e+02,-1.482034759521484375e+02,-1.840780944824218750e+02,-2.034703979492187500e+02,-1.827467956542968750e+02,-1.561739654541015625e+02,-1.517094268798828125e+02,-1.636335449218750000e+02,-1.825769805908203125e+02,-1.972362670898437500e+02,-2.186766052246093750e+02,-2.361672363281250000e+02,-1.879532012939453125e+02,-1.559807434082031250e+02,-1.609716644287109375e+02,-1.924223327636718750e+02,-2.233668060302734375e+02,-2.312277526855468750e+02,-2.438001708984375000e+02,-2.449079284667968750e+02,-2.186827392578125000e+02,-2.055495605468750000e+02,-2.039735870361328125e+02,-1.966483459472656250e+02,-1.828521118164062500e+02,-1.732803497314453125e+02,-1.647649993896484375e+02,-1.674056091308593750e+02,-1.644048309326171875e+02,-1.539010467529296875e+02,-1.515061950683593750e+02,-1.580072326660156250e+02,-1.596855621337890625e+02,-1.767262115478515625e+02,-2.039739990234375000e+02,-2.319708557128906250e+02,-2.378209686279296875e+02,-2.411745758056640625e+02,-2.397995300292968750e+02,-2.252056579589843750e+02,-1.992974243164062500e+02,-1.909452819824218750e+02,-1.957244262695312500e+02,-2.093525085449218750e+02,-2.240788116455078125e+02,-2.291001739501953125e+02,-2.302758941650390625e+02,-2.164049682617187500e+02,-2.177004089355468750e+02,-2.347070465087890625e+02,-2.574376220703125000e+02,-2.748936767578125000e+02,-2.201024780273437500e+02,-2.023361968994140625e+02,-2.275277709960937500e+02,-2.496918487548828125e+02,-2.602792663574218750e+02,-2.603912353515625000e+02,-2.592570800781250000e+02,-2.660261230468750000e+02,-2.722694091796875000e+02,-2.765643920898437500e+02,-2.493654327392578125e+02,-1.965321807861328125e+02,-1.810828247070312500e+02,-1.936475982666015625e+02,-2.124542083740234375e+02,-2.219587860107421875e+02,-2.233580017089843750e+02,-2.189652557373046875e+02,-1.928701934814453125e+02,-1.792998809814453125e+02,-1.754143371582031250e+02,-1.743176727294921875e+02,-1.775484466552734375e+02,-1.862252960205078125e+02,-2.051597595214843750e+02,-2.147153778076171875e+02,-2.291541748046875000e+02,-2.544960937500000000e+02,-2.704155883789062500e+02,-2.779107360839843750e+02,-2.754560546875000000e+02,-2.816689453125000000e+02,-2.905603027343750000e+02,-2.916361389160156250e+02,-2.954949340820312500e+02,-2.954365234375000000e+02,-2.958659362792968750e+02,-2.983299255371093750e+02,-2.992730102539062500e+02,-2.987908630371093750e+02,-2.951795349121093750e+02,-2.922533874511718750e+02,-3.035902404785156250e+02,-3.019471130371093750e+02,-3.001300659179687500e+02,-3.053055725097656250e+02,-3.011652832031250000e+02,-3.001174926757812500e+02,-3.050033264160156250e+02,-3.056210632324218750e+02,-3.081789245605468750e+02,-3.039263610839843750e+02,-3.012544555664062500e+02,-3.040980224609375000e+02,-2.647477722167968750e+02,-1.962725524902343750e+02,-1.732964477539062500e+02,-1.823998413085937500e+02,-2.140358734130859375e+02,-2.483873138427734375e+02,-2.690038452148437500e+02,-2.781815795898437500e+02,-2.731406555175781250e+02,-2.334653625488281250e+02,-1.832413024902343750e+02,-1.582965087890625000e+02,-1.554686889648437500e+02,-1.558077545166015625e+02,-1.679631500244140625e+02,-1.948902130126953125e+02,-1.885693054199218750e+02,-1.773140411376953125e+02,-1.837205047607421875e+02,-2.068154144287109375e+02,-2.494371337890625000e+02,-2.762249450683593750e+02,-2.683011474609375000e+02,-2.480260009765625000e+02,-2.310997467041015625e+02,-2.250634460449218750e+02,-2.164854125976562500e+02,-2.054746856689453125e+02,-2.069445037841796875e+02,-2.136221160888671875e+02,-2.162479400634765625e+02,-2.214584960937500000e+02,-2.271438903808593750e+02,-2.292324981689453125e+02,-2.420144958496093750e+02,-2.570242004394531250e+02,-2.746297302246093750e+02,-2.939450988769531250e+02,-3.044828186035156250e+02,-3.025303344726562500e+02,-3.055065612792968750e+02,-3.184355773925781250e+02,-3.165434265136718750e+02,-3.093833007812500000e+02,-3.162997741699218750e+02,-3.212162780761718750e+02,-3.243887329101562500e+02,-3.300382995605468750e+02,-3.281082153320312500e+02,-3.295292968750000000e+02,-3.312325744628906250e+02,-3.293526306152343750e+02,-3.239697570800781250e+02,-3.246156005859375000e+02,-3.249127197265625000e+02,-3.196026000976562500e+02,-3.185649719238281250e+02,-3.213344726562500000e+02,-3.167148132324218750e+02,-3.166811523437500000e+02,-3.215088500976562500e+02,-3.304274597167968750e+02,-3.295206909179687500e+02,-3.261943054199218750e+02,-3.251607971191406250e+02,-3.248826904296875000e+02,-3.267359619140625000e+02,-3.274652099609375000e+02,-3.239314575195312500e+02,-3.209146118164062500e+02,-2.680698242187500000e+02,-1.920604705810546875e+02,-1.501149597167968750e+02,-1.183283691406250000e+02,-9.826587677001953125e+01,-1.019936218261718750e+02,-1.205247802734375000e+02,-1.424206695556640625e+02,-1.672897338867187500e+02,-1.831845855712890625e+02,-1.954507598876953125e+02,-2.014308624267578125e+02,-2.209048156738281250e+02,-2.436719970703125000e+02,-2.593281555175781250e+02,-2.712644042968750000e+02,-2.699390869140625000e+02,-2.538817291259765625e+02,-2.298753662109375000e+02,-2.230595092773437500e+02,-2.293011016845703125e+02,-2.339054870605468750e+02,-2.396095428466796875e+02,-2.458882293701171875e+02,-2.329937591552734375e+02,-1.948839569091796875e+02,-1.643801727294921875e+02,-1.449101867675781250e+02,-1.540334777832031250e+02,-1.738331146240234375e+02,-1.925532836914062500e+02,-2.073705902099609375e+02,-2.179762115478515625e+02,-2.378695678710937500e+02,-2.573943176269531250e+02,-2.779382324218750000e+02,-2.926649780273437500e+02,-3.037084960937500000e+02,-3.047709960937500000e+02,-3.026719360351562500e+02,-3.056974487304687500e+02,-3.112926330566406250e+02,-3.146231994628906250e+02,-3.159406127929687500e+02,-3.158265075683593750e+02,-3.134287109375000000e+02,-3.103580322265625000e+02,-3.192966918945312500e+02,-3.245176696777343750e+02,-3.226334838867187500e+02,-3.263594970703125000e+02,-3.165531921386718750e+02,-2.800656433105468750e+02,-2.515338592529296875e+02,-2.561429748535156250e+02,-2.853059387207031250e+02,-2.886829833984375000e+02,-2.428356323242187500e+02,-2.187007141113281250e+02,-2.089711151123046875e+02,-2.109418487548828125e+02,-2.200972137451171875e+02,-2.139043731689453125e+02,-2.029308166503906250e+02,-2.007763977050781250e+02,-2.055877532958984375e+02,-2.274344787597656250e+02,-2.450771636962890625e+02,-2.601337280273437500e+02,-2.697025451660156250e+02,-2.644158630371093750e+02,-1.949196472167968750e+02,-1.354340972900390625e+02,-1.075892868041992188e+02,-1.024276962280273438e+02,-1.129650726318359375e+02,-1.373101043701171875e+02,-1.731648712158203125e+02,-1.853113403320312500e+02,-1.960835113525390625e+02,-1.943945922851562500e+02,-1.967319183349609375e+02,-2.084107666015625000e+02,-2.281593627929687500e+02,-2.495934600830078125e+02,-2.681606445312500000e+02,-2.765802612304687500e+02,-2.784882507324218750e+02,-2.696632690429687500e+02,-2.402095031738281250e+02,-2.162560729980468750e+02,-2.055077819824218750e+02,-2.043936920166015625e+02,-2.063370971679687500e+02,-2.012454681396484375e+02,-1.979482879638671875e+02,-2.133218231201171875e+02,-2.481913757324218750e+02,-2.726452331542968750e+02,-2.587014160156250000e+02,-2.101876831054687500e+02,-1.748214263916015625e+02,-1.491636962890625000e+02,-1.367437286376953125e+02,-1.395194854736328125e+02,-1.518488922119140625e+02,-1.778143310546875000e+02,-2.161061859130859375e+02,-2.414866790771484375e+02,-2.434733123779296875e+02,-2.360122528076171875e+02,-2.436486511230468750e+02,-2.531953430175781250e+02,-2.659293823242187500e+02,-2.737399597167968750e+02,-2.711815185546875000e+02,-2.774104919433593750e+02,-2.772034606933593750e+02,-2.697930908203125000e+02,-2.659394226074218750e+02,-2.566619567871093750e+02,-2.550968780517578125e+02,-2.701175537109375000e+02,-2.746012878417968750e+02,-2.765062255859375000e+02,-2.892698059082031250e+02,-2.968941650390625000e+02,-3.012584838867187500e+02,-3.064278869628906250e+02,-3.063061218261718750e+02,-3.051298522949218750e+02,-3.064720458984375000e+02,-3.055743408203125000e+02,-3.041583862304687500e+02,-3.027848205566406250e+02,-2.976955566406250000e+02,-3.033232421875000000e+02,-3.070712280273437500e+02,-3.057938232421875000e+02,-3.055788269042968750e+02,-3.050332336425781250e+02,-3.013558044433593750e+02,-2.749481201171875000e+02,-2.723150634765625000e+02,-2.854748840332031250e+02,-2.587230529785156250e+02,-1.841872253417968750e+02,-1.480236358642578125e+02,-1.517498474121093750e+02,-1.762221984863281250e+02,-2.069093933105468750e+02,-2.225360107421875000e+02,-2.210528869628906250e+02,-2.146933135986328125e+02,-1.932395324707031250e+02,-1.751324768066406250e+02,-1.870305328369140625e+02,-2.205250244140625000e+02,-2.404043273925781250e+02,-2.357993469238281250e+02,-1.905210571289062500e+02,-1.422284851074218750e+02,-1.167051391601562500e+02,-1.135974502563476562e+02,-1.192440795898437500e+02,-1.429182434082031250e+02,-1.774232635498046875e+02,-2.107228393554687500e+02,-2.208345336914062500e+02,-2.030543212890625000e+02,-1.907571716308593750e+02,-1.877973175048828125e+02,-1.959781951904296875e+02,-2.210444488525390625e+02,-2.534903259277343750e+02,-2.676634521484375000e+02,-2.707785034179687500e+02,-2.140034637451171875e+02,-1.575986480712890625e+02,-1.278704376220703125e+02,-1.211268234252929688e+02,-1.178595581054687500e+02,-1.115288314819335938e+02,-1.156441345214843750e+02,-1.432407531738281250e+02,-1.812193756103515625e+02,-2.178226318359375000e+02,-2.355684509277343750e+02,-2.456072235107421875e+02,-2.296364135742187500e+02,-1.812712860107421875e+02,-1.692341461181640625e+02,-1.983606262207031250e+02,-2.248171386718750000e+02,-2.303905487060546875e+02,-2.319147033691406250e+02,-2.216902770996093750e+02,-1.915888214111328125e+02,-1.722847290039062500e+02,-1.629850616455078125e+02,-1.622516326904296875e+02,-1.769130706787109375e+02,-1.937330932617187500e+02,-2.084864654541015625e+02,-2.267752380371093750e+02,-2.380902862548828125e+02,-2.390953063964843750e+02,-2.267249603271484375e+02,-2.076150817871093750e+02,-1.875487213134765625e+02,-1.799006195068359375e+02,-1.815713500976562500e+02,-1.853273773193359375e+02,-1.887623291015625000e+02,-1.946818237304687500e+02,-2.121153259277343750e+02,-2.054665679931640625e+02,-1.949141540527343750e+02,-2.005432739257812500e+02,-2.103770141601562500e+02,-2.295897216796875000e+02,-2.508159637451171875e+02,-2.704906616210937500e+02,-2.776531677246093750e+02,-2.797071533203125000e+02,-2.810214538574218750e+02,-2.841025695800781250e+02,-2.842741394042968750e+02,-2.581340332031250000e+02,-2.003613586425781250e+02,-1.671320953369140625e+02,-1.588218688964843750e+02,-1.711216735839843750e+02,-1.901689147949218750e+02,-2.126360931396484375e+02,-2.274396514892578125e+02,-2.165133209228515625e+02,-2.148936462402343750e+02,-2.301476898193359375e+02,-2.455255126953125000e+02,-2.536973571777343750e+02,-2.382191314697265625e+02,-2.171238555908203125e+02,-2.056260986328125000e+02,-2.051003265380859375e+02,-2.152835388183593750e+02,-2.193189392089843750e+02,-2.185348815917968750e+02,-2.074705352783203125e+02,-1.962201690673828125e+02,-1.905270385742187500e+02,-1.888606872558593750e+02,-1.827720642089843750e+02,-1.861539306640625000e+02,-1.797528228759765625e+02,-1.786986846923828125e+02,-1.746925811767578125e+02,-1.675906524658203125e+02,-1.757823486328125000e+02,-1.796951446533203125e+02,-1.857341308593750000e+02,-1.929327545166015625e+02,-2.218395385742187500e+02,-2.540229644775390625e+02,-2.575428466796875000e+02,-2.634658203125000000e+02,-2.801054382324218750e+02,-2.913479309082031250e+02,-2.889766235351562500e+02,-2.918897094726562500e+02,-2.982809143066406250e+02,-2.944089050292968750e+02,-2.933938598632812500e+02,-2.902546691894531250e+02,-2.922827758789062500e+02,-2.934922485351562500e+02,-2.920161132812500000e+02,-2.884165344238281250e+02,-2.892606201171875000e+02,-2.872377929687500000e+02,-2.807713623046875000e+02,-2.792477111816406250e+02,-2.878546752929687500e+02,-2.939649658203125000e+02,-2.937098693847656250e+02,-2.873867187500000000e+02,-2.858680419921875000e+02,-2.899789733886718750e+02,-2.878914489746093750e+02,-2.896662902832031250e+02,-2.917703247070312500e+02,-2.930764465332031250e+02,-2.946249389648437500e+02,-2.955631103515625000e+02,-2.943701171875000000e+02,-2.916317749023437500e+02,-2.945891723632812500e+02,-2.962837219238281250e+02,-2.964629821777343750e+02,-2.957151184082031250e+02,-2.913448486328125000e+02,-2.905394287109375000e+02,-2.946268005371093750e+02,-2.938341064453125000e+02,-2.960011901855468750e+02,-2.950152587890625000e+02,-2.929551391601562500e+02,-2.970862731933593750e+02,-3.019147033691406250e+02,-3.017546081542968750e+02,-3.033121643066406250e+02,-3.037609558105468750e+02,-3.014786987304687500e+02,-3.020021362304687500e+02,-3.028098754882812500e+02,-3.006899108886718750e+02,-3.022151489257812500e+02,-3.056128845214843750e+02,-3.051696472167968750e+02,-3.070106201171875000e+02,-3.065411682128906250e+02,-3.066364135742187500e+02,-2.999965820312500000e+02,-2.966967468261718750e+02,-3.005039062500000000e+02,-2.956468505859375000e+02,-2.969034118652343750e+02,-3.012782897949218750e+02,-3.017262268066406250e+02,-3.038834838867187500e+02,-3.040199584960937500e+02,-3.067197875976562500e+02,-3.108710021972656250e+02,-3.075393066406250000e+02,-3.015588989257812500e+02,-3.039294433593750000e+02,-3.038399963378906250e+02,-3.004249877929687500e+02,-3.021683349609375000e+02,-3.068684692382812500e+02,-3.092980346679687500e+02,-3.107813720703125000e+02,-3.116877136230468750e+02,-3.079690246582031250e+02,-3.057722778320312500e+02,-3.069568481445312500e+02,-3.086739807128906250e+02,-3.080978088378906250e+02,-3.065879821777343750e+02,-3.065292358398437500e+02,-3.083419189453125000e+02,-3.033112487792968750e+02,-2.966900024414062500e+02,-3.000028991699218750e+02,-3.023671569824218750e+02,-3.014149780273437500e+02,-2.974096679687500000e+02,-2.955693664550781250e+02,-2.994956665039062500e+02,-3.011881103515625000e+02,-3.023413391113281250e+02,-3.021996154785156250e+02,-3.018556823730468750e+02,-3.008718566894531250e+02,-3.060054626464843750e+02,-3.115813598632812500e+02,-3.074593811035156250e+02,-3.033610534667968750e+02,-3.038300170898437500e+02,-2.975897827148437500e+02,-2.952418823242187500e+02,-2.916434020996093750e+02,-2.949087219238281250e+02,-2.954424438476562500e+02,-2.992588195800781250e+02,-2.946742858886718750e+02,-2.965055541992187500e+02,-2.967405700683593750e+02,-2.933532714843750000e+02,-2.962203674316406250e+02,-3.000144348144531250e+02,-2.994297180175781250e+02,-3.035886840820312500e+02,-3.056293640136718750e+02,-2.978149108886718750e+02,-2.927515563964843750e+02,-2.434858093261718750e+02,-1.914894714355468750e+02,-1.437108459472656250e+02,-1.204024734497070312e+02,-1.284656372070312500e+02,-1.410763854980468750e+02,-1.699801330566406250e+02,-1.792454833984375000e+02,-1.740565643310546875e+02,-1.675618896484375000e+02,-1.686786956787109375e+02,-1.696781921386718750e+02,-1.714630737304687500e+02,-1.848165283203125000e+02,-2.094234924316406250e+02,-2.512112731933593750e+02,-2.804903564453125000e+02,-2.854913024902343750e+02,-2.912116699218750000e+02,-2.973616638183593750e+02,-3.019966125488281250e+02,-3.020491027832031250e+02,-3.022236938476562500e+02,-3.020134277343750000e+02,-3.036829223632812500e+02,-3.017156372070312500e+02,-2.956211547851562500e+02,-2.967671813964843750e+02,-2.859121398925781250e+02,-2.151031036376953125e+02,-1.616728363037109375e+02,-1.466003112792968750e+02,-1.424258880615234375e+02,-1.414114532470703125e+02,-1.463030242919921875e+02,-1.599251556396484375e+02,-1.881258697509765625e+02,-2.265906219482421875e+02,-2.504930725097656250e+02,-2.646773986816406250e+02,-2.717867126464843750e+02,-2.723569641113281250e+02,-2.725891418457031250e+02,-2.487621002197265625e+02,-2.028230285644531250e+02,-1.813488464355468750e+02,-1.827817840576171875e+02,-1.874993896484375000e+02,-1.790966033935546875e+02,-1.650008544921875000e+02,-1.568824768066406250e+02,-1.663098754882812500e+02,-1.798959045410156250e+02,-1.919450225830078125e+02,-2.176830139160156250e+02,-1.995262908935546875e+02,-1.901522064208984375e+02,-2.212149658203125000e+02,-2.413380584716796875e+02,-2.497029113769531250e+02,-2.229769134521484375e+02,-1.961983947753906250e+02,-1.924548187255859375e+02,-2.044466857910156250e+02,-2.273827056884765625e+02,-2.576488037109375000e+02,-2.543998718261718750e+02,-2.197514038085937500e+02,-1.913108367919921875e+02,-1.627786865234375000e+02,-1.548942565917968750e+02,-1.762612762451171875e+02,-2.048869934082031250e+02,-2.305131988525390625e+02,-2.589743041992187500e+02,-2.589070739746093750e+02,-2.338460845947265625e+02,-2.016863250732421875e+02,-1.939845123291015625e+02,-2.112077941894531250e+02,-2.240285034179687500e+02,-2.356514434814453125e+02,-2.473381958007812500e+02,-2.533881072998046875e+02,-2.544344024658203125e+02,-2.278379821777343750e+02,-1.842787322998046875e+02,-1.612252349853515625e+02,-1.556012573242187500e+02,-1.561190490722656250e+02,-1.474692382812500000e+02,-1.413102874755859375e+02,-1.460233459472656250e+02,-1.475667572021484375e+02,-1.489304351806640625e+02,-1.660858612060546875e+02,-1.866511077880859375e+02,-2.060349578857421875e+02,-2.203089904785156250e+02,-2.370295104980468750e+02,-2.554302520751953125e+02,-2.720372924804687500e+02,-2.846895446777343750e+02,-2.930882568359375000e+02,-2.965888366699218750e+02,-2.821850585937500000e+02,-2.754227905273437500e+02,-2.949830322265625000e+02,-3.048338317871093750e+02,-3.104574279785156250e+02,-3.158133544921875000e+02,-3.153970336914062500e+02,-3.138749694824218750e+02,-3.142453308105468750e+02,-3.135912475585937500e+02,-3.090240783691406250e+02,-3.042861938476562500e+02,-3.071791381835937500e+02,-3.103376770019531250e+02,-3.147879638671875000e+02,-3.183897705078125000e+02,-3.205949401855468750e+02,-3.240027465820312500e+02,-3.185537109375000000e+02,-3.162611083984375000e+02,-3.163652343750000000e+02,-3.239305419921875000e+02,-3.236335754394531250e+02,-3.257149963378906250e+02,-3.259502868652343750e+02,-3.084263610839843750e+02,-2.664593505859375000e+02,-2.086727142333984375e+02,-1.515161132812500000e+02,-9.298352813720703125e+01,-5.304298782348632812e+01,-3.335038375854492188e+01,-4.774357223510742188e+01,-8.639669799804687500e+01,-1.316036376953125000e+02,-1.704464111328125000e+02,-2.009012298583984375e+02,-2.142478637695312500e+02,-2.092788696289062500e+02,-1.783472290039062500e+02,-1.579981994628906250e+02,-1.556778564453125000e+02,-1.631980590820312500e+02,-1.798144531250000000e+02,-1.877672729492187500e+02,-2.010893554687500000e+02,-2.305123138427734375e+02,-2.608810424804687500e+02,-2.802885437011718750e+02,-2.589755249023437500e+02,-2.370526275634765625e+02,-2.347901153564453125e+02,-2.420119781494140625e+02,-2.482284851074218750e+02,-2.589161987304687500e+02,-2.524372100830078125e+02,-2.428423461914062500e+02,-2.395682678222656250e+02,-2.351320495605468750e+02,-2.396318969726562500e+02,-2.416814422607421875e+02,-2.330890045166015625e+02,-2.326246185302734375e+02,-2.518228454589843750e+02,-2.834577941894531250e+02,-3.040931396484375000e+02,-3.114903869628906250e+02,-3.226857910156250000e+02,-3.240168457031250000e+02,-3.111463928222656250e+02,-2.649844360351562500e+02,-2.292054901123046875e+02,-2.114340667724609375e+02,-2.200858612060546875e+02,-2.529776611328125000e+02,-2.796541137695312500e+02,-3.095421447753906250e+02,-3.113908996582031250e+02,-3.054064941406250000e+02,-2.973813781738281250e+02,-2.877698059082031250e+02,-2.829955139160156250e+02,-2.813324890136718750e+02,-2.827601013183593750e+02,-2.546414031982421875e+02,-2.102945404052734375e+02,-1.844130859375000000e+02,-1.843345794677734375e+02,-1.824536132812500000e+02,-1.687425079345703125e+02,-1.619285430908203125e+02,-1.811096649169921875e+02,-2.095831909179687500e+02,-2.352983856201171875e+02,-2.532574310302734375e+02,-2.542402801513671875e+02,-2.314588623046875000e+02,-2.213595733642578125e+02,-2.124947814941406250e+02,-2.097893371582031250e+02,-2.115941009521484375e+02,-2.153201141357421875e+02,-2.221924591064453125e+02,-2.413966217041015625e+02,-2.701773681640625000e+02,-2.906603088378906250e+02,-2.951237182617187500e+02,-3.001609191894531250e+02,-3.089607238769531250e+02,-3.047912902832031250e+02,-3.010053710937500000e+02,-2.974280700683593750e+02,-2.972967529296875000e+02,-2.991627807617187500e+02,-2.992155761718750000e+02,-2.965725402832031250e+02,-2.934107360839843750e+02,-2.883023376464843750e+02,-2.847814636230468750e+02,-2.875187988281250000e+02,-2.911667785644531250e+02,-2.898371276855468750e+02,-2.794670715332031250e+02,-2.457776031494140625e+02,-2.140626983642578125e+02,-1.774430084228515625e+02,-1.435798492431640625e+02,-1.228122329711914062e+02,-1.060483856201171875e+02,-9.678227996826171875e+01,-8.749137115478515625e+01,-8.953645324707031250e+01,-9.830241394042968750e+01,-1.055376281738281250e+02,-1.283111114501953125e+02,-1.626954345703125000e+02,-1.948884887695312500e+02,-2.144198303222656250e+02,-2.354842071533203125e+02,-2.462800292968750000e+02,-2.288768768310546875e+02,-2.285943145751953125e+02,-2.427390136718750000e+02,-2.481430969238281250e+02,-2.366985168457031250e+02,-2.295772857666015625e+02,-2.276701660156250000e+02,-2.294192504882812500e+02,-2.379920959472656250e+02,-2.432155761718750000e+02,-2.488818206787109375e+02,-2.582712097167968750e+02,-2.739792785644531250e+02,-2.873950195312500000e+02,-2.870143737792968750e+02,-2.856557617187500000e+02,-2.792578735351562500e+02,-2.511077270507812500e+02,-2.332279968261718750e+02,-2.275206298828125000e+02,-2.139864959716796875e+02,-1.991980285644531250e+02,-2.002612915039062500e+02,-2.096120300292968750e+02,-2.163906555175781250e+02,-2.275890502929687500e+02,-2.277338714599609375e+02,-2.304235992431640625e+02,-2.404095001220703125e+02,-2.504824371337890625e+02,-2.577104187011718750e+02,-2.650493469238281250e+02,-2.782588500976562500e+02,-2.543221893310546875e+02,-2.387963562011718750e+02,-2.304417572021484375e+02,-2.151237640380859375e+02,-2.177038421630859375e+02,-2.263537902832031250e+02,-2.326016082763671875e+02,-2.399309387207031250e+02,-2.609897460937500000e+02,-2.814674987792968750e+02,-2.958312683105468750e+02,-3.062830505371093750e+02,-3.119540710449218750e+02,-3.096728515625000000e+02,-3.054848327636718750e+02,-2.846365661621093750e+02,-2.295240783691406250e+02,-1.564007568359375000e+02,-1.064858627319335938e+02,-8.381054687500000000e+01,-7.543498229980468750e+01,-8.010726928710937500e+01,-8.756592559814453125e+01,-9.645464324951171875e+01,-1.222803268432617188e+02,-1.524779663085937500e+02,-1.823267364501953125e+02,-2.008780517578125000e+02,-2.184890594482421875e+02,-2.465889892578125000e+02,-2.736283569335937500e+02,-2.864645690917968750e+02,-2.744331665039062500e+02,-2.378646087646484375e+02,-2.314289550781250000e+02,-2.380898895263671875e+02,-2.251429443359375000e+02,-2.199223785400390625e+02,-2.221224212646484375e+02,-2.310933837890625000e+02,-2.338258514404296875e+02,-2.348996276855468750e+02,-2.388655548095703125e+02,-2.404126281738281250e+02,-2.453578491210937500e+02,-2.396281433105468750e+02,-2.567777404785156250e+02,-2.889696350097656250e+02,-3.081120300292968750e+02,-3.176375122070312500e+02,-3.285610046386718750e+02,-3.344181213378906250e+02,-3.296631469726562500e+02,-3.289255676269531250e+02,-3.277528381347656250e+02,-3.310187683105468750e+02,-3.299780883789062500e+02,-3.272818908691406250e+02,-3.182125549316406250e+02,-3.185064086914062500e+02,-3.231051635742187500e+02,-3.230165100097656250e+02,-3.241186523437500000e+02,-3.282498779296875000e+02,-3.075613403320312500e+02,-2.678047790527343750e+02,-2.383352966308593750e+02,-2.231068878173828125e+02,-2.183155670166015625e+02,-2.228882141113281250e+02,-2.288376007080078125e+02,-2.202911224365234375e+02,-2.021863555908203125e+02,-1.703456268310546875e+02,-1.575669250488281250e+02,-1.550537719726562500e+02,-1.490797424316406250e+02,-1.448056793212890625e+02,-1.517471313476562500e+02,-1.759776000976562500e+02,-1.839918212890625000e+02,-1.915791473388671875e+02,-2.050307769775390625e+02,-2.125328063964843750e+02,-2.193476715087890625e+02,-2.330278320312500000e+02,-2.477542877197265625e+02,-2.531398620605468750e+02,-2.521123962402343750e+02,-2.627694091796875000e+02,-2.941135559082031250e+02,-3.129569702148437500e+02,-3.246907653808593750e+02,-3.281910705566406250e+02,-3.313270263671875000e+02,-3.415858154296875000e+02,-3.419210815429687500e+02,-3.382123413085937500e+02,-3.359667663574218750e+02,-3.372875976562500000e+02,-3.415145568847656250e+02,-3.445534057617187500e+02,-3.407828674316406250e+02,-3.410307312011718750e+02,-3.340000915527343750e+02,-2.673470153808593750e+02,-2.067622680664062500e+02,-1.917723999023437500e+02,-2.049065704345703125e+02,-2.211010894775390625e+02,-2.180203399658203125e+02,-1.896194000244140625e+02,-1.478069763183593750e+02,-1.221210174560546875e+02,-1.139266662597656250e+02,-1.251523284912109375e+02,-1.471171722412109375e+02,-1.712702026367187500e+02,-1.926288452148437500e+02,-2.242911682128906250e+02,-2.451884155273437500e+02,-2.596118164062500000e+02,-2.541582946777343750e+02,-2.253240356445312500e+02,-2.053005828857421875e+02,-1.821921691894531250e+02,-1.778603973388671875e+02,-1.852854461669921875e+02,-1.757142486572265625e+02,-1.680941619873046875e+02,-1.807513275146484375e+02,-2.072733001708984375e+02,-2.387619171142578125e+02,-2.528182525634765625e+02,-2.567395629882812500e+02,-2.629980163574218750e+02,-2.728498229980468750e+02,-2.860737915039062500e+02,-2.935162963867187500e+02,-3.070471496582031250e+02,-3.159114379882812500e+02,-3.329943237304687500e+02,-3.389333190917968750e+02,-3.431803283691406250e+02,-3.520482788085937500e+02,-3.590668334960937500e+02,-3.587026672363281250e+02,-3.514563293457031250e+02,-3.511567687988281250e+02,-3.562035217285156250e+02,-3.517663879394531250e+02,-3.458533935546875000e+02,-3.454276733398437500e+02,-3.480123291015625000e+02,-3.544119873046875000e+02,-3.493249816894531250e+02,-3.353572692871093750e+02,-3.345976562500000000e+02,-3.473500671386718750e+02,-3.444178771972656250e+02,-3.376365661621093750e+02,-3.200121765136718750e+02,-2.890682067871093750e+02,-2.052740325927734375e+02,-1.323270111083984375e+02,-9.843997192382812500e+01,-1.050650863647460938e+02,-1.450955810546875000e+02,-1.960000305175781250e+02,-1.892919464111328125e+02,-1.697564697265625000e+02,-1.681120300292968750e+02,-1.873334503173828125e+02,-2.187645721435546875e+02,-2.361184387207031250e+02,-2.453647918701171875e+02,-2.674299316406250000e+02,-2.762293395996093750e+02,-2.759826354980468750e+02,-2.569180297851562500e+02,-2.315056915283203125e+02,-2.199281616210937500e+02,-2.103066253662109375e+02,-2.162280883789062500e+02,-2.103736114501953125e+02,-1.918914489746093750e+02,-1.898082580566406250e+02,-1.921805267333984375e+02,-1.861450195312500000e+02,-1.967632904052734375e+02,-2.155185852050781250e+02,-2.428571166992187500e+02,-2.633671569824218750e+02,-2.824272155761718750e+02,-3.041841430664062500e+02,-3.169689331054687500e+02,-3.283372497558593750e+02,-3.175642700195312500e+02,-2.929062805175781250e+02,-2.644107055664062500e+02,-2.650511779785156250e+02,-2.856001892089843750e+02,-3.082068481445312500e+02,-3.175708312988281250e+02,-3.064329528808593750e+02,-2.746493530273437500e+02,-2.364441528320312500e+02,-2.321693878173828125e+02,-2.503315429687500000e+02,-2.619596557617187500e+02,-2.647994995117187500e+02,-2.661107788085937500e+02,-2.754239196777343750e+02,-2.934885253906250000e+02,-3.102140197753906250e+02,-3.185450134277343750e+02,-3.232303466796875000e+02,-3.046265869140625000e+02,-2.536992340087890625e+02,-2.162756195068359375e+02,-1.899821777343750000e+02,-1.676849365234375000e+02,-1.611499786376953125e+02,-1.575059967041015625e+02,-1.446263122558593750e+02,-1.460084228515625000e+02,-1.617454833984375000e+02,-1.894196319580078125e+02,-2.313659515380859375e+02,-2.556670684814453125e+02,-2.578945922851562500e+02,-2.449468688964843750e+02,-2.388840332031250000e+02,-2.451366424560546875e+02,-2.655987243652343750e+02,-2.908665466308593750e+02,-3.152283630371093750e+02,-2.712586059570312500e+02,-2.421133728027343750e+02,-2.508513641357421875e+02,-2.503457946777343750e+02,-2.399210815429687500e+02,-2.331341857910156250e+02,-2.287407531738281250e+02,-2.260835723876953125e+02,-2.393997650146484375e+02,-2.585682678222656250e+02,-2.768883972167968750e+02,-2.880177001953125000e+02,-2.926918029785156250e+02,-3.058512878417968750e+02,-3.201271057128906250e+02,-3.281453247070312500e+02,-3.380202026367187500e+02,-3.421607055664062500e+02,-3.431663208007812500e+02,-3.436815490722656250e+02,-3.359667053222656250e+02,-3.331303100585937500e+02,-3.323641662597656250e+02,-3.347875976562500000e+02,-3.357182617187500000e+02,-3.360032348632812500e+02,-3.386297302246093750e+02,-3.352121887207031250e+02,-3.257471923828125000e+02,-3.310425720214843750e+02,-3.391158752441406250e+02,-3.345112304687500000e+02,-3.393229370117187500e+02,-3.423109130859375000e+02,-3.394083251953125000e+02,-3.439855957031250000e+02,-3.463388671875000000e+02,-3.460250244140625000e+02,-3.480687255859375000e+02,-3.502771606445312500e+02,-3.506505432128906250e+02,-3.495065612792968750e+02,-3.448613281250000000e+02,-3.405419921875000000e+02,-3.435556030273437500e+02,-3.464264831542968750e+02,-3.425841369628906250e+02,-3.409743652343750000e+02,-3.381999511718750000e+02,-3.265789489746093750e+02,-3.246217041015625000e+02,-3.343552246093750000e+02,-3.369047546386718750e+02,-3.389427185058593750e+02,-3.408822631835937500e+02,-3.446483154296875000e+02,-3.381408691406250000e+02,-3.234074401855468750e+02,-3.343099670410156250e+02,-3.402329101562500000e+02,-3.341571960449218750e+02,-3.253766174316406250e+02,-3.307363586425781250e+02,-3.410097961425781250e+02,-3.398636779785156250e+02,-3.270653991699218750e+02,-3.177377624511718750e+02,-2.864641723632812500e+02,-2.470950317382812500e+02,-2.328146820068359375e+02,-2.334417419433593750e+02,-2.384620971679687500e+02,-2.407292175292968750e+02,-2.048287506103515625e+02,-1.660033416748046875e+02,-1.348711700439453125e+02,-1.224561920166015625e+02,-1.379451599121093750e+02,-1.706128234863281250e+02,-1.996554260253906250e+02,-2.157032318115234375e+02,-2.335920104980468750e+02,-2.212989807128906250e+02,-1.697321014404296875e+02,-1.447407989501953125e+02,-1.259874801635742188e+02,-1.206088867187500000e+02,-1.274452285766601562e+02,-1.491144866943359375e+02,-1.933476257324218750e+02,-2.188928833007812500e+02,-2.414373016357421875e+02,-2.610544128417968750e+02,-2.808985900878906250e+02,-2.963849487304687500e+02,-2.807256164550781250e+02,-2.527543029785156250e+02,-2.479836730957031250e+02,-2.597575683593750000e+02,-2.476412506103515625e+02,-2.260966949462890625e+02,-2.121218414306640625e+02,-2.156278381347656250e+02,-2.304101867675781250e+02,-2.472891387939453125e+02,-2.636578674316406250e+02,-2.806942749023437500e+02,-2.948210449218750000e+02,-3.081520385742187500e+02,-3.075344848632812500e+02,-2.354965972900390625e+02,-2.080157623291015625e+02,-2.184288330078125000e+02,-2.328875427246093750e+02,-2.409054565429687500e+02,-2.617012023925781250e+02,-2.855404663085937500e+02,-2.839990539550781250e+02,-2.379807891845703125e+02,-2.077177124023437500e+02,-2.192593383789062500e+02,-2.639653930664062500e+02,-2.908143310546875000e+02,-3.008148803710937500e+02,-2.799778442382812500e+02,-2.593110351562500000e+02,-2.612214660644531250e+02,-2.968118286132812500e+02,-3.183299255371093750e+02,-3.222703857421875000e+02,-2.802807922363281250e+02,-2.518692169189453125e+02,-2.487457885742187500e+02,-2.569490661621093750e+02,-2.748831481933593750e+02,-2.933878173828125000e+02,-2.805381469726562500e+02,-2.394783782958984375e+02,-2.263743438720703125e+02,-2.229186248779296875e+02,-2.237598876953125000e+02,-2.284642791748046875e+02,-2.361950225830078125e+02,-2.571353454589843750e+02,-2.646706237792968750e+02,-2.683497009277343750e+02,-2.749429931640625000e+02,-2.777717285156250000e+02,-2.981971435546875000e+02,-3.074213256835937500e+02,-3.112768249511718750e+02,-3.277357788085937500e+02,-3.322514648437500000e+02,-3.052127380371093750e+02,-2.792941284179687500e+02,-2.964486083984375000e+02,-3.292657165527343750e+02,-3.409393005371093750e+02,-3.431423950195312500e+02,-3.421622314453125000e+02,-3.447216796875000000e+02,-3.455275268554687500e+02,-3.525572509765625000e+02,-3.576480712890625000e+02,-3.600922241210937500e+02,-3.531657714843750000e+02,-3.506455078125000000e+02,-3.514172973632812500e+02,-3.520902404785156250e+02,-3.470205383300781250e+02,-3.038869323730468750e+02,-2.427673797607421875e+02,-2.213072357177734375e+02,-2.268143768310546875e+02,-2.418550262451171875e+02,-2.662926025390625000e+02,-2.899759216308593750e+02,-2.925369873046875000e+02,-2.893297424316406250e+02,-2.587806091308593750e+02,-1.904515533447265625e+02,-1.561016693115234375e+02,-1.505692901611328125e+02,-1.522085723876953125e+02,-1.436219787597656250e+02,-1.429415435791015625e+02,-1.518407745361328125e+02,-1.631676635742187500e+02,-1.695640106201171875e+02,-1.679470672607421875e+02,-1.812222595214843750e+02,-2.144204864501953125e+02,-2.479851074218750000e+02,-2.645924682617187500e+02,-2.851898498535156250e+02,-3.037304382324218750e+02,-3.110850830078125000e+02,-3.123231506347656250e+02,-2.852694091796875000e+02,-2.295585021972656250e+02,-1.937319793701171875e+02,-1.700391998291015625e+02,-1.483830108642578125e+02,-1.276414718627929688e+02,-1.248953475952148438e+02,-1.244023208618164062e+02,-1.181101226806640625e+02,-1.139791107177734375e+02,-1.166536788940429688e+02,-9.900366210937500000e+01,-9.513900756835937500e+01,-1.186123275756835938e+02,-1.443849029541015625e+02,-1.708357391357421875e+02,-2.002771759033203125e+02,-2.248383789062500000e+02,-2.379768981933593750e+02,-2.230028076171875000e+02,-2.112867736816406250e+02,-2.289425201416015625e+02,-2.535242919921875000e+02,-2.426234130859375000e+02,-2.390216369628906250e+02,-2.607623596191406250e+02,-2.817518005371093750e+02,-2.823119506835937500e+02,-2.716721191406250000e+02,-2.717568664550781250e+02,-2.738072814941406250e+02,-2.587801513671875000e+02,-2.603341369628906250e+02,-2.780326843261718750e+02,-2.903769836425781250e+02,-2.917752075195312500e+02,-2.606774597167968750e+02,-2.265129547119140625e+02,-2.019104461669921875e+02,-1.775747222900390625e+02,-1.647556610107421875e+02,-1.597605285644531250e+02,-1.736187896728515625e+02,-2.039834747314453125e+02,-2.277302398681640625e+02,-2.449853668212890625e+02,-2.582815856933593750e+02,-2.622963256835937500e+02,-2.652072753906250000e+02,-2.568424377441406250e+02,-2.216952819824218750e+02,-1.873995056152343750e+02,-1.668800201416015625e+02,-1.607462005615234375e+02,-1.838579254150390625e+02,-2.136109313964843750e+02,-2.419391479492187500e+02,-2.560504150390625000e+02,-2.397887725830078125e+02,-2.206552124023437500e+02,-2.159984130859375000e+02,-2.234579162597656250e+02,-2.485339965820312500e+02,-2.803578491210937500e+02,-3.044673156738281250e+02,-3.201173706054687500e+02,-2.693181457519531250e+02,-1.909658203125000000e+02,-1.584606628417968750e+02,-1.622822723388671875e+02,-1.597527618408203125e+02,-1.520562591552734375e+02,-1.654494171142578125e+02,-1.998867950439453125e+02,-2.210803222656250000e+02,-2.329465332031250000e+02,-2.314729003906250000e+02,-2.106099700927734375e+02,-1.748364410400390625e+02,-1.558680877685546875e+02,-1.642589263916015625e+02,-1.829085845947265625e+02,-1.865710906982421875e+02,-1.819196624755859375e+02,-1.879797058105468750e+02,-1.987368316650390625e+02,-2.132549285888671875e+02,-2.353630218505859375e+02,-2.609723205566406250e+02,-2.897471008300781250e+02,-3.062590332031250000e+02,-3.145232238769531250e+02,-2.926362304687500000e+02,-2.640593566894531250e+02,-2.446368408203125000e+02,-2.414760742187500000e+02,-2.410746002197265625e+02,-2.566442260742187500e+02,-2.659613647460937500e+02,-2.911149902343750000e+02,-3.106573181152343750e+02,-3.187353210449218750e+02,-3.234858398437500000e+02,-3.224325866699218750e+02,-3.217375488281250000e+02,-3.262444152832031250e+02,-3.294178771972656250e+02,-3.256490783691406250e+02,-3.279064025878906250e+02,-3.353191833496093750e+02,-3.346923522949218750e+02,-3.319293518066406250e+02,-3.344273986816406250e+02,-3.345099487304687500e+02,-3.340786437988281250e+02,-3.374970397949218750e+02,-3.058345031738281250e+02,-2.219405212402343750e+02,-1.591217498779296875e+02,-1.380989837646484375e+02,-1.398653717041015625e+02,-1.411001739501953125e+02,-1.321767272949218750e+02,-1.396017303466796875e+02,-1.702903747558593750e+02,-2.025576934814453125e+02,-2.311029357910156250e+02,-2.502782897949218750e+02,-2.434631958007812500e+02,-2.309401855468750000e+02,-1.988306274414062500e+02,-1.415364532470703125e+02,-1.109056854248046875e+02,-1.109770355224609375e+02,-1.118311767578125000e+02,-1.066557998657226562e+02,-1.102197494506835938e+02,-1.214621963500976562e+02,-1.468079986572265625e+02,-1.489733123779296875e+02,-1.533164367675781250e+02,-1.690273284912109375e+02,-1.727628173828125000e+02,-2.025024871826171875e+02,-2.361167755126953125e+02,-2.283390350341796875e+02,-2.524580688476562500e+02,-2.857381591796875000e+02,-2.915574035644531250e+02,-2.584467468261718750e+02,-2.091011657714843750e+02,-1.730264434814453125e+02,-1.432704772949218750e+02,-1.323351593017578125e+02,-1.459668426513671875e+02,-1.440850219726562500e+02,-1.360174102783203125e+02,-1.458288574218750000e+02,-1.683159637451171875e+02,-1.971354064941406250e+02,-2.230692749023437500e+02,-2.336015472412109375e+02,-2.258149414062500000e+02,-2.233360290527343750e+02,-2.308297119140625000e+02,-2.452913818359375000e+02,-2.595560607910156250e+02,-2.786881408691406250e+02,-2.796629638671875000e+02,-2.724909973144531250e+02,-2.588995666503906250e+02,-2.405980834960937500e+02,-2.260866851806640625e+02,-2.080368804931640625e+02,-2.006145324707031250e+02,-1.953814239501953125e+02,-1.993438110351562500e+02,-2.241345520019531250e+02,-2.568733520507812500e+02,-2.778211059570312500e+02,-2.455846710205078125e+02,-2.302189483642578125e+02,-2.558717651367187500e+02,-2.822764587402343750e+02,-3.016170654296875000e+02,-2.570348205566406250e+02,-2.038000335693359375e+02,-2.037122650146484375e+02,-2.250642242431640625e+02,-2.306810302734375000e+02,-2.430300140380859375e+02,-2.679507751464843750e+02,-2.850449218750000000e+02,-2.849357910156250000e+02,-2.676533813476562500e+02,-2.517315673828125000e+02,-2.521579895019531250e+02,-2.614122009277343750e+02,-2.770884704589843750e+02,-2.926169738769531250e+02,-2.954956665039062500e+02,-2.943060913085937500e+02,-2.881555786132812500e+02,-2.708531188964843750e+02,-2.699111938476562500e+02,-2.969628906250000000e+02,-3.206854248046875000e+02,-3.292150573730468750e+02,-3.308110046386718750e+02,-3.407449645996093750e+02,-3.130207214355468750e+02,-2.796451721191406250e+02,-2.665764160156250000e+02,-2.552677459716796875e+02,-2.381382446289062500e+02,-2.302881469726562500e+02,-2.357610015869140625e+02,-2.268276977539062500e+02,-2.025888366699218750e+02,-1.891201171875000000e+02,-1.799580841064453125e+02,-1.784842681884765625e+02,-1.900636444091796875e+02,-2.153953704833984375e+02,-2.496335296630859375e+02,-2.819143981933593750e+02,-2.967669677734375000e+02,-3.129756164550781250e+02,-3.339437866210937500e+02,-3.449845275878906250e+02,-3.434937744140625000e+02,-3.416710510253906250e+02,-3.322734680175781250e+02,-3.405609130859375000e+02,-3.441276550292968750e+02,-3.496302490234375000e+02,-3.600025329589843750e+02,-3.628128356933593750e+02,-3.691977844238281250e+02,-3.674485778808593750e+02,-3.625282897949218750e+02,-3.566084289550781250e+02,-3.479201354980468750e+02,-3.416359252929687500e+02,-3.218757934570312500e+02,-2.480495300292968750e+02,-2.003620452880859375e+02,-1.880039062500000000e+02,-2.070471343994140625e+02,-2.333151702880859375e+02,-2.499079895019531250e+02,-2.433532104492187500e+02,-2.272812652587890625e+02,-2.464798126220703125e+02,-2.857237854003906250e+02,-3.015405273437500000e+02,-3.136866149902343750e+02,-3.042587585449218750e+02,-2.951473693847656250e+02,-2.755975341796875000e+02,-2.224944458007812500e+02,-1.794675903320312500e+02,-1.605862121582031250e+02,-1.590520935058593750e+02,-1.684838104248046875e+02,-1.836630706787109375e+02,-2.166084442138671875e+02,-2.521449737548828125e+02,-2.669936218261718750e+02,-2.415508422851562500e+02,-2.223249206542968750e+02,-2.187692108154296875e+02,-2.222581939697265625e+02,-2.284074859619140625e+02,-2.120288848876953125e+02,-1.883166198730468750e+02,-1.583374176025390625e+02,-1.365405120849609375e+02,-1.306436004638671875e+02,-1.305612335205078125e+02,-1.285915985107421875e+02,-1.343656311035156250e+02,-1.568524627685546875e+02,-2.036369018554687500e+02,-2.405395202636718750e+02,-2.653335571289062500e+02,-2.851308898925781250e+02,-3.020851745605468750e+02,-2.967317504882812500e+02,-2.361027526855468750e+02,-2.014380187988281250e+02,-2.063156127929687500e+02,-2.343533020019531250e+02,-2.569044189453125000e+02,-2.476921997070312500e+02,-2.403512420654296875e+02,-2.499944458007812500e+02,-2.767267150878906250e+02,-3.029349365234375000e+02,-3.143323974609375000e+02,-2.861411743164062500e+02,-2.281575469970703125e+02,-1.791907653808593750e+02,-1.583464965820312500e+02,-1.565726165771484375e+02,-1.628616790771484375e+02,-1.692178802490234375e+02,-1.799510192871093750e+02,-1.993695983886718750e+02,-2.206946563720703125e+02,-2.550179443359375000e+02,-2.742065124511718750e+02,-2.844043884277343750e+02,-3.026168518066406250e+02,-3.150924682617187500e+02,-3.095855712890625000e+02,-2.990699768066406250e+02,-2.667039489746093750e+02,-2.365111541748046875e+02,-2.181285400390625000e+02,-2.025107727050781250e+02,-1.900798645019531250e+02,-1.801574096679687500e+02,-1.795648956298828125e+02,-1.887351379394531250e+02,-2.056938781738281250e+02,-2.137285614013671875e+02,-2.285085601806640625e+02,-2.465034027099609375e+02,-2.614066467285156250e+02,-2.950396423339843750e+02,-3.216469726562500000e+02,-3.352404174804687500e+02,-3.459374389648437500e+02,-3.451944885253906250e+02,-3.323377990722656250e+02,-3.333315429687500000e+02,-3.299101562500000000e+02,-3.064669189453125000e+02,-2.399855194091796875e+02,-1.980697326660156250e+02,-1.901585693359375000e+02,-1.795540161132812500e+02,-1.789807128906250000e+02,-2.099545898437500000e+02,-2.543119201660156250e+02,-2.934860229492187500e+02,-3.160695190429687500e+02,-3.254875488281250000e+02,-3.326896667480468750e+02,-3.066520080566406250e+02,-2.655462646484375000e+02,-2.524793701171875000e+02,-2.390255889892578125e+02,-2.268622894287109375e+02,-2.183803558349609375e+02,-2.118233795166015625e+02,-2.064027557373046875e+02,-2.101447143554687500e+02,-2.264504241943359375e+02,-2.422655487060546875e+02,-2.662364501953125000e+02,-2.982486877441406250e+02,-3.180526123046875000e+02,-3.160633850097656250e+02,-3.190263671875000000e+02,-3.380437316894531250e+02,-3.491366882324218750e+02,-3.582317810058593750e+02,-3.604891967773437500e+02,-3.587958679199218750e+02,-3.576668395996093750e+02,-3.631866760253906250e+02,-3.678388977050781250e+02,-3.667619323730468750e+02,-3.689300231933593750e+02,-3.678942565917968750e+02,-3.710010986328125000e+02,-3.691532287597656250e+02,-3.652241516113281250e+02,-3.615486450195312500e+02,-3.635958251953125000e+02,-3.660249328613281250e+02,-3.697691040039062500e+02,-3.601997680664062500e+02,-3.517595825195312500e+02,-3.443538513183593750e+02,-3.473486633300781250e+02,-3.508746643066406250e+02,-3.523716125488281250e+02,-3.539437866210937500e+02,-3.589946899414062500e+02,-3.673706970214843750e+02,-3.678208618164062500e+02,-3.505623474121093750e+02,-3.382937011718750000e+02,-3.217181701660156250e+02,-2.693780822753906250e+02,-2.199674835205078125e+02,-1.948011016845703125e+02,-1.744212188720703125e+02,-1.539904022216796875e+02,-1.459506072998046875e+02,-1.452655792236328125e+02,-1.533470458984375000e+02,-1.753751068115234375e+02,-2.048775177001953125e+02,-2.288823699951171875e+02,-2.516386871337890625e+02,-2.667437438964843750e+02,-2.837558898925781250e+02,-2.609754943847656250e+02,-2.484963531494140625e+02,-2.549767913818359375e+02,-2.450281219482421875e+02,-2.345907440185546875e+02,-2.329059448242187500e+02,-2.235833282470703125e+02,-2.285555572509765625e+02,-2.465561676025390625e+02,-2.694801940917968750e+02,-2.901152343750000000e+02,-2.972366638183593750e+02,-3.060778808593750000e+02,-3.227359008789062500e+02,-3.353703308105468750e+02,-3.433781127929687500e+02,-3.484860534667968750e+02,-3.505868225097656250e+02,-3.512747497558593750e+02,-3.488010864257812500e+02,-3.305809631347656250e+02,-3.081407775878906250e+02,-2.734055175781250000e+02,-2.280279083251953125e+02,-1.933425140380859375e+02,-1.775410003662109375e+02,-1.754894866943359375e+02,-1.702490692138671875e+02,-1.806674041748046875e+02,-2.113695526123046875e+02,-2.330594329833984375e+02,-2.490370941162109375e+02,-2.355547485351562500e+02,-2.167242126464843750e+02,-2.091295928955078125e+02,-2.130350341796875000e+02,-2.381806945800781250e+02,-2.608230590820312500e+02,-2.554143066406250000e+02,-2.685329284667968750e+02,-2.854053649902343750e+02,-2.796527709960937500e+02,-2.875556945800781250e+02,-3.081905822753906250e+02,-3.121492919921875000e+02,-2.949359436035156250e+02,-2.840539855957031250e+02,-2.734527282714843750e+02,-2.591683959960937500e+02,-2.586219177246093750e+02,-2.654076232910156250e+02,-2.673458557128906250e+02,-2.749054870605468750e+02,-2.655151367187500000e+02,-2.617967224121093750e+02,-2.444375610351562500e+02,-2.285918121337890625e+02,-2.269235229492187500e+02,-2.385596923828125000e+02,-2.512286529541015625e+02,-2.618543395996093750e+02,-2.580638427734375000e+02,-2.579023132324218750e+02,-2.663275451660156250e+02,-2.803740539550781250e+02,-3.002568664550781250e+02,-3.191163635253906250e+02,-3.347542724609375000e+02,-3.411453857421875000e+02,-3.488217468261718750e+02,-3.678401794433593750e+02,-3.631536254882812500e+02,-3.544805908203125000e+02,-3.550729370117187500e+02,-3.535359497070312500e+02,-3.543227844238281250e+02,-3.570515136718750000e+02,-3.543283386230468750e+02,-3.505079956054687500e+02,-3.503468017578125000e+02,-3.529862060546875000e+02,-3.609425354003906250e+02,-3.583686523437500000e+02,-3.476946716308593750e+02,-3.480220336914062500e+02,-3.564003601074218750e+02,-3.569170532226562500e+02,-3.544969177246093750e+02,-3.636077270507812500e+02,-3.623948669433593750e+02,-3.537267761230468750e+02,-3.544780578613281250e+02,-3.589321594238281250e+02,-3.558033142089843750e+02,-3.586569824218750000e+02,-3.627187194824218750e+02,-3.637802734375000000e+02,-3.580726623535156250e+02,-3.525506286621093750e+02,-3.594517822265625000e+02,-3.608945007324218750e+02,-3.635520019531250000e+02,-3.642582702636718750e+02,-3.627285156250000000e+02,-3.600340576171875000e+02,-3.594626159667968750e+02,-3.576616821289062500e+02,-3.592768859863281250e+02,-3.553372497558593750e+02,-3.574458312988281250e+02,-3.598895568847656250e+02,-3.565604858398437500e+02,-3.579738159179687500e+02,-3.524445495605468750e+02,-2.489637451171875000e+02,-1.648727264404296875e+02,-1.360554046630859375e+02,-1.263118591308593750e+02,-1.258527145385742188e+02,-1.367490234375000000e+02,-1.312683868408203125e+02,-1.418185424804687500e+02,-1.668219451904296875e+02,-1.842102203369140625e+02,-1.926448364257812500e+02,-2.073750305175781250e+02,-2.342444152832031250e+02,-2.691080017089843750e+02,-3.013932495117187500e+02,-3.274447326660156250e+02,-3.383662109375000000e+02,-3.261298522949218750e+02,-2.821893310546875000e+02,-2.433001708984375000e+02,-2.095232391357421875e+02,-1.919291381835937500e+02,-1.945666198730468750e+02,-2.031701049804687500e+02,-2.077803649902343750e+02,-2.116276397705078125e+02,-2.182568511962890625e+02,-2.292919311523437500e+02,-2.160774841308593750e+02,-2.067747650146484375e+02,-2.039239501953125000e+02,-2.118841552734375000e+02,-2.153022308349609375e+02,-2.187613220214843750e+02,-2.338852386474609375e+02,-2.669930114746093750e+02,-2.921988830566406250e+02,-2.988841857910156250e+02,-2.965617980957031250e+02,-2.646915588378906250e+02,-2.314925079345703125e+02,-2.176818237304687500e+02,-2.227653656005859375e+02,-2.395149536132812500e+02,-2.524324188232421875e+02,-2.578588256835937500e+02,-2.601406250000000000e+02,-2.648038940429687500e+02,-2.594135742187500000e+02,-2.471889495849609375e+02,-2.289741973876953125e+02,-2.134330902099609375e+02,-2.120274963378906250e+02,-2.188680877685546875e+02,-2.304634704589843750e+02,-2.643428649902343750e+02,-2.818375854492187500e+02,-2.897082214355468750e+02,-2.748733825683593750e+02,-2.666583862304687500e+02,-2.667023925781250000e+02,-2.696683044433593750e+02,-2.753906250000000000e+02,-2.771226501464843750e+02,-2.681543273925781250e+02,-2.665296936035156250e+02,-2.717334289550781250e+02,-2.617221679687500000e+02,-2.678795471191406250e+02,-2.396711273193359375e+02,-2.214347686767578125e+02,-2.457729034423828125e+02,-2.375416259765625000e+02,-2.283655090332031250e+02,-2.462463989257812500e+02,-2.482109680175781250e+02,-2.554395599365234375e+02,-2.658951110839843750e+02,-2.548488922119140625e+02,-2.270287017822265625e+02,-2.428300018310546875e+02,-2.619953613281250000e+02,-2.553660125732421875e+02,-2.642631225585937500e+02,-2.913810424804687500e+02,-3.077564086914062500e+02,-3.129085998535156250e+02,-3.094729003906250000e+02,-2.815263366699218750e+02,-2.519665985107421875e+02,-2.386993103027343750e+02,-2.295235137939453125e+02,-2.475122680664062500e+02,-2.629804992675781250e+02,-2.720724792480468750e+02,-2.832456970214843750e+02,-2.901891174316406250e+02,-2.945267944335937500e+02,-3.066857299804687500e+02,-3.174993896484375000e+02,-3.278450927734375000e+02,-3.392320556640625000e+02,-3.441716918945312500e+02,-3.396603088378906250e+02,-3.348599243164062500e+02,-3.663624572753906250e+02,-4.797205810546875000e+02
5.474404144287109375e+01,5.599327850341796875e+01,5.233744430541992188e+01,4.738033294677734375e+01,5.152243041992187500e+01,4.617844390869140625e+01,4.590997695922851562e+01,5.292066192626953125e+01,5.403034973144531250e+01,4.581719970703125000e+01,4.163104248046875000e+01,4.495890808105468750e+01,4.894351959228515625e+01,5.171572875976562500e+01,5.215274810791015625e+01,4.617711639404296875e+01,4.198399353027343750e+01,4.733885192871093750e+01,6.545147705078125000e+01,7.093449401855468750e+01,5.961340713500976562e+01,5.191169738769531250e+01,5.506328964233398438e+01,6.095971679687500000e+01,6.787882995605468750e+01,7.399638366699218750e+01,7.797437286376953125e+01,8.485638427734375000e+01,7.974911499023437500e+01,7.762994384765625000e+01,8.836709594726562500e+01,8.656612396240234375e+01,8.036750793457031250e+01,8.139035034179687500e+01,8.325286102294921875e+01,7.231129455566406250e+01,5.583275222778320312e+01,6.300376892089843750e+01,7.698910522460937500e+01,7.982360839843750000e+01,7.586280822753906250e+01,7.293775177001953125e+01,7.847317504882812500e+01,8.608642578125000000e+01,8.725578308105468750e+01,8.006564331054687500e+01,7.289974975585937500e+01,7.038880920410156250e+01,7.139630126953125000e+01,7.463064575195312500e+01,7.744639587402343750e+01,7.579490661621093750e+01,6.853674316406250000e+01,6.126134490966796875e+01,5.358194732666015625e+01,5.124818038940429688e+01,4.971062469482421875e+01,4.857298278808593750e+01,4.242339324951171875e+01,3.787357330322265625e+01,3.972937011718750000e+01,4.086445617675781250e+01,4.176577758789062500e+01,4.715016174316406250e+01,5.139233779907226562e+01,4.814477920532226562e+01,4.744079589843750000e+01,5.062006378173828125e+01,5.312941741943359375e+01,5.040895843505859375e+01,4.665650939941406250e+01,4.924299621582031250e+01,5.353983306884765625e+01,5.260563659667968750e+01,4.661289978027343750e+01,4.954832458496093750e+01,4.903977584838867188e+01,5.025177001953125000e+01,4.993141937255859375e+01,4.621485137939453125e+01,4.273886871337890625e+01,4.539675903320312500e+01,4.899129486083984375e+01,4.278062438964843750e+01,4.668968582153320312e+01,4.496488571166992188e+01,3.942883682250976562e+01,3.820528030395507812e+01,3.780574035644531250e+01,7.244995880126953125e+01,8.740349578857421875e+01,7.799626159667968750e+01,6.618444824218750000e+01,7.640896606445312500e+01,8.892355346679687500e+01,9.790826416015625000e+01,1.000819091796875000e+02,7.842259216308593750e+01,3.227479934692382812e+01,4.478249073028564453e+00,-7.666053771972656250e+00,-1.123918771743774414e+00,2.067151260375976562e+01,3.607337188720703125e+01,6.247078323364257812e+01,7.514178466796875000e+01,8.882658386230468750e+01,8.598283386230468750e+01,7.841925811767578125e+01,7.192686462402343750e+01,6.764747619628906250e+01,5.768675231933593750e+01,3.527295684814453125e+01,1.697367668151855469e+01,2.712983703613281250e+01,5.306903076171875000e+01,5.783469390869140625e+01,5.991279602050781250e+01,6.145427703857421875e+01,6.297682189941406250e+01,5.918073272705078125e+01,6.214347076416015625e+01,6.826499938964843750e+01,7.408413696289062500e+01,7.353205871582031250e+01,7.340540313720703125e+01,7.653400421142578125e+01,7.915333557128906250e+01,7.886430358886718750e+01,7.431136322021484375e+01,7.106074523925781250e+01,7.348594665527343750e+01,7.199619293212890625e+01,6.758988952636718750e+01,6.370019531250000000e+01,6.844956207275390625e+01,7.730192565917968750e+01,8.796841430664062500e+01,9.890051269531250000e+01,1.007545166015625000e+02,1.043690490722656250e+02,9.788543701171875000e+01,8.862704467773437500e+01,8.612904357910156250e+01,8.626564025878906250e+01,8.493539428710937500e+01,9.541629028320312500e+01,9.563206481933593750e+01,8.667745971679687500e+01,6.723384857177734375e+01,6.132446289062500000e+01,5.894692230224609375e+01,6.095426177978515625e+01,6.979692077636718750e+01,6.797125244140625000e+01,6.784954071044921875e+01,6.289572906494140625e+01,5.409807586669921875e+01,5.549578857421875000e+01,5.391561889648437500e+01,5.179908752441406250e+01,6.002551269531250000e+01,7.839178466796875000e+01,8.405259704589843750e+01,7.496586608886718750e+01,6.780136108398437500e+01,7.340349578857421875e+01,7.275169372558593750e+01,6.955638122558593750e+01,6.725170898437500000e+01,6.852081298828125000e+01,7.548077392578125000e+01,7.669932556152343750e+01,7.114920043945312500e+01,6.645907592773437500e+01,6.283806610107421875e+01,6.064399337768554688e+01,6.051644897460937500e+01,5.731069183349609375e+01,5.804008483886718750e+01,8.775434112548828125e+01,1.019183502197265625e+02,9.755172729492187500e+01,9.435117340087890625e+01,8.694079589843750000e+01,7.304403686523437500e+01,6.164403152465820312e+01,5.235650634765625000e+01,5.302226257324218750e+01,6.133676910400390625e+01,5.520475006103515625e+01,2.501001739501953125e+01,-9.943178296089172363e-01,-1.659858322143554688e+01,-1.473884868621826172e+01,1.916695785522460938e+01,4.115716934204101562e+01,4.710506057739257812e+01,5.940306472778320312e+01,7.413710021972656250e+01,7.410794067382812500e+01,7.325588989257812500e+01,7.463616180419921875e+01,7.347297668457031250e+01,7.055885314941406250e+01,6.706808471679687500e+01,6.891973876953125000e+01,6.873608398437500000e+01,5.739692306518554688e+01,4.888061904907226562e+01,4.991195678710937500e+01,5.521257781982421875e+01,5.599591827392578125e+01,5.448533630371093750e+01,4.566001129150390625e+01,4.091860961914062500e+01,3.848128509521484375e+01,3.831697845458984375e+01,4.107192993164062500e+01,4.217922210693359375e+01,3.974328613281250000e+01,4.062654113769531250e+01,3.901384735107421875e+01,3.785570144653320312e+01,3.464392089843750000e+01,3.122858428955078125e+01,3.810931015014648438e+01,3.902167510986328125e+01,3.688735198974609375e+01,3.650659179687500000e+01,3.380084609985351562e+01,3.180854606628417969e+01,3.528060150146484375e+01,4.371362686157226562e+01,4.407565307617187500e+01,4.431305694580078125e+01,4.662370300292968750e+01,4.678155136108398438e+01,5.396085357666015625e+01,5.544124603271484375e+01,6.151799011230468750e+01,8.616162109375000000e+01,9.398837280273437500e+01,9.686990356445312500e+01,1.011312179565429688e+02,1.012390213012695312e+02,8.608015441894531250e+01,7.849525451660156250e+01,8.026167297363281250e+01,8.314010620117187500e+01,8.881550598144531250e+01,9.262432861328125000e+01,9.459564971923828125e+01,9.831878662109375000e+01,8.129594421386718750e+01,7.718373107910156250e+01,8.986387634277343750e+01,8.647906494140625000e+01,7.751403808593750000e+01,7.063774108886718750e+01,6.268435668945312500e+01,5.048814392089843750e+01,4.867748260498046875e+01,5.081005859375000000e+01,5.497634124755859375e+01,5.535371017456054688e+01,4.920730590820312500e+01,4.906435394287109375e+01,5.131951141357421875e+01,5.011427307128906250e+01,5.084716796875000000e+01,5.785841751098632812e+01,8.359580993652343750e+01,9.171034240722656250e+01,9.074139404296875000e+01,8.244293212890625000e+01,8.394511413574218750e+01,9.443940734863281250e+01,9.707112121582031250e+01,9.823354339599609375e+01,9.076158905029296875e+01,8.521063995361328125e+01,8.548527526855468750e+01,9.306333160400390625e+01,9.316528320312500000e+01,9.175696563720703125e+01,9.305769348144531250e+01,9.146085357666015625e+01,8.988716125488281250e+01,8.683903503417968750e+01,8.423149871826171875e+01,7.622785949707031250e+01,6.698832702636718750e+01,6.616716003417968750e+01,6.842750549316406250e+01,6.156160736083984375e+01,6.925584411621093750e+01,6.980538940429687500e+01,6.169358825683593750e+01,6.229353332519531250e+01,5.624657440185546875e+01,5.610753631591796875e+01,5.495040130615234375e+01,5.552596664428710938e+01,5.849868011474609375e+01,5.788235092163085938e+01,5.447019958496093750e+01,6.090266418457031250e+01,5.834190750122070312e+01,5.536336135864257812e+01,5.669366073608398438e+01,6.551258850097656250e+01,6.551017761230468750e+01,6.059387207031250000e+01,6.023574066162109375e+01,6.161054611206054688e+01,6.197174835205078125e+01,5.657978439331054688e+01,5.835144042968750000e+01,5.925222015380859375e+01,5.949010848999023438e+01,5.689537429809570312e+01,5.424836730957031250e+01,6.248791503906250000e+01,5.968498992919921875e+01,6.247251129150390625e+01,5.745192718505859375e+01,4.707473754882812500e+01,5.381079864501953125e+01,5.766632843017578125e+01,5.968234252929687500e+01,6.135480499267578125e+01,5.719837188720703125e+01,6.717158508300781250e+01,9.263893127441406250e+01,1.100680541992187500e+02,1.113713073730468750e+02,1.012611083984375000e+02,9.586919403076171875e+01,9.389363098144531250e+01,8.543048095703125000e+01,8.502972412109375000e+01,8.116107177734375000e+01,9.296527099609375000e+01,1.034659423828125000e+02,1.041832580566406250e+02,1.017019653320312500e+02,7.120795440673828125e+01,1.932316017150878906e+01,-1.100025892257690430e+00,-6.377107143402099609e+00,3.310738563537597656e+00,2.591418838500976562e+01,3.918339538574218750e+01,6.623587036132812500e+01,7.852455139160156250e+01,8.327175903320312500e+01,7.489086914062500000e+01,7.789145660400390625e+01,8.241527557373046875e+01,8.168776702880859375e+01,7.916666412353515625e+01,8.152942657470703125e+01,6.596957397460937500e+01,2.912524414062500000e+01,5.552975177764892578e+00,-5.500979423522949219e+00,-9.156073570251464844e+00,-1.225155353546142578e+01,7.181339263916015625e+00,-1.108542346954345703e+01,-1.071038436889648438e+01,2.815072441101074219e+01,5.777058410644531250e+01,6.594077301025390625e+01,6.772492980957031250e+01,7.452328491210937500e+01,7.896474456787109375e+01,7.517353820800781250e+01,6.187540817260742188e+01,4.513977050781250000e+01,4.169045639038085938e+01,5.602059173583984375e+01,6.953145599365234375e+01,7.387129211425781250e+01,7.742594909667968750e+01,8.237905883789062500e+01,8.890071105957031250e+01,8.830314636230468750e+01,9.171142578125000000e+01,9.058605957031250000e+01,9.073475646972656250e+01,9.770213317871093750e+01,1.083883056640625000e+02,1.055312347412109375e+02,9.706465148925781250e+01,9.429234313964843750e+01,9.346679687500000000e+01,9.665006256103515625e+01,9.954078674316406250e+01,9.232371520996093750e+01,8.883863830566406250e+01,8.502535247802734375e+01,4.217359924316406250e+01,1.592349910736083984e+01,2.333550834655761719e+01,4.223783874511718750e+01,5.507859039306640625e+01,5.762985610961914062e+01,4.967481994628906250e+01,5.337182617187500000e+01,6.731826782226562500e+01,9.006202697753906250e+01,1.068839950561523438e+02,1.079717559814453125e+02,1.117755126953125000e+02,1.140448303222656250e+02,1.100950317382812500e+02,1.097871246337890625e+02,1.147816162109375000e+02,1.202561035156250000e+02,1.234967803955078125e+02,1.161727600097656250e+02,1.003067474365234375e+02,9.611206054687500000e+01,1.071619949340820312e+02,1.109775390625000000e+02,1.016484298706054688e+02,1.004484558105468750e+02,9.593854522705078125e+01,8.658856201171875000e+01,8.145093536376953125e+01,6.699279785156250000e+01,5.052445983886718750e+01,6.090840148925781250e+01,7.680014038085937500e+01,8.298926544189453125e+01,8.103642272949218750e+01,7.687303161621093750e+01,8.194058227539062500e+01,8.648191833496093750e+01,8.643511962890625000e+01,8.036378479003906250e+01,7.741641235351562500e+01,7.571641540527343750e+01,6.564003753662109375e+01,6.401758575439453125e+01,7.000238037109375000e+01,6.924006652832031250e+01,6.521490478515625000e+01,5.918660736083984375e+01,4.982788085937500000e+01,5.047313308715820312e+01,5.463578414916992188e+01,5.557405853271484375e+01,5.429302978515625000e+01,6.193959808349609375e+01,6.892391967773437500e+01,6.697824096679687500e+01,6.404896545410156250e+01,5.690534210205078125e+01,6.180003356933593750e+01,4.961101531982421875e+01,4.316324615478515625e+01,5.058503723144531250e+01,7.287818908691406250e+01,8.334101867675781250e+01,8.884004974365234375e+01,9.953061676025390625e+01,9.682682800292968750e+01,9.791999053955078125e+01,1.043705902099609375e+02,1.003168640136718750e+02,8.450808715820312500e+01,7.158800506591796875e+01,7.205766296386718750e+01,7.210543060302734375e+01,7.371356201171875000e+01,8.029006958007812500e+01,8.288798522949218750e+01,8.743851470947265625e+01,9.693733978271484375e+01,9.367262268066406250e+01,7.392008972167968750e+01,3.949801635742187500e+01,1.357839107513427734e+01,-9.225172996520996094e-01,-8.718044281005859375e+00,1.145897102355957031e+01,5.394488525390625000e+01,7.679604339599609375e+01,8.541643524169921875e+01,8.843756103515625000e+01,1.031930999755859375e+02,1.113219604492187500e+02,1.071485137939453125e+02,1.009761047363281250e+02,9.448861694335937500e+01,9.260652160644531250e+01,9.063629150390625000e+01,8.848426055908203125e+01,8.255357360839843750e+01,7.431916809082031250e+01,6.696520996093750000e+01,6.886952209472656250e+01,6.883615112304687500e+01,6.867824554443359375e+01,7.125244903564453125e+01,6.818468475341796875e+01,6.814424133300781250e+01,6.995173645019531250e+01,7.124201965332031250e+01,6.719158935546875000e+01,7.212034606933593750e+01,7.336596679687500000e+01,7.329695892333984375e+01,8.633366394042968750e+01,8.959826660156250000e+01,7.817700195312500000e+01,6.039852142333984375e+01,5.244054031372070312e+01,6.525482940673828125e+01,8.645374298095703125e+01,9.550066375732421875e+01,9.914400482177734375e+01,1.093895187377929688e+02,1.063181304931640625e+02,1.043808670043945312e+02,9.630101776123046875e+01,9.460333251953125000e+01,9.809783935546875000e+01,1.019879608154296875e+02,1.133408355712890625e+02,1.216263809204101562e+02,1.232002410888671875e+02,1.152408447265625000e+02,1.044335250854492188e+02,9.658976745605468750e+01,9.752360534667968750e+01,1.105440597534179688e+02,1.169065093994140625e+02,1.149781570434570312e+02,1.224879074096679688e+02,1.206714706420898438e+02,1.168516387939453125e+02,1.077032928466796875e+02,1.014563980102539062e+02,9.747047424316406250e+01,9.496185302734375000e+01,8.894453430175781250e+01,8.142890167236328125e+01,7.822224426269531250e+01,7.357664489746093750e+01,6.806649017333984375e+01,6.771788787841796875e+01,6.893745422363281250e+01,7.157061767578125000e+01,6.931719970703125000e+01,6.621406555175781250e+01,6.189807891845703125e+01,6.538195037841796875e+01,6.749192047119140625e+01,6.473622131347656250e+01,6.395157623291015625e+01,6.209900665283203125e+01,5.628932952880859375e+01,5.971114349365234375e+01,6.561645507812500000e+01,6.932659912109375000e+01,7.266034698486328125e+01,7.515002441406250000e+01,8.532623291015625000e+01,9.514503479003906250e+01,1.016656265258789062e+02,1.069911727905273438e+02,1.042793884277343750e+02,9.793348693847656250e+01,9.798269653320312500e+01,9.648719024658203125e+01,1.005182800292968750e+02,9.928715515136718750e+01,8.512954711914062500e+01,6.943193817138671875e+01,5.602230834960937500e+01,5.342962646484375000e+01,5.016021728515625000e+01,1.016740608215332031e+01,-1.271151161193847656e+01,-1.330622005462646484e+01,-2.167447662353515625e+01,-3.015211105346679688e+01,-1.197594738006591797e+01,2.991297149658203125e+01,4.267657089233398438e+01,4.074763488769531250e+01,4.339957427978515625e+01,6.298071289062500000e+01,7.708100891113281250e+01,7.458863830566406250e+01,7.437441253662109375e+01,7.723933410644531250e+01,8.185231781005859375e+01,9.203453063964843750e+01,9.350415802001953125e+01,9.059095001220703125e+01,9.238076019287109375e+01,8.099256896972656250e+01,4.442739105224609375e+01,1.875582504272460938e+01,1.743716239929199219e+01,3.970372772216796875e+01,6.093842315673828125e+01,8.089332580566406250e+01,8.289452362060546875e+01,9.348403930664062500e+01,9.114949035644531250e+01,7.999261474609375000e+01,6.931951904296875000e+01,6.266228485107421875e+01,5.686653137207031250e+01,6.505930328369140625e+01,7.965013885498046875e+01,8.120649719238281250e+01,8.540063476562500000e+01,8.875337219238281250e+01,9.284841156005859375e+01,7.903919982910156250e+01,7.246212005615234375e+01,3.842728424072265625e+01,-1.269623184204101562e+01,-2.864834594726562500e+01,-1.855209922790527344e+01,1.482299613952636719e+01,4.395001983642578125e+01,6.195362854003906250e+01,7.155422973632812500e+01,8.056870269775390625e+01,6.901448059082031250e+01,2.916877746582031250e+01,-5.008483886718750000e+00,-2.368871307373046875e+01,-3.612090301513671875e+01,-4.250607299804687500e+01,-4.706652069091796875e+01,-4.265181350708007812e+01,-3.927850341796875000e+01,-4.122986602783203125e+01,-3.627956390380859375e+01,-1.296093654632568359e+01,2.256312179565429688e+01,3.902991485595703125e+01,4.396317291259765625e+01,5.563878250122070312e+01,6.352708435058593750e+01,5.029059600830078125e+01,2.530415153503417969e+01,5.415413284301757812e+01,7.318670654296875000e+01,7.182079315185546875e+01,6.916113281250000000e+01,5.870800781250000000e+01,6.059590148925781250e+01,6.733230590820312500e+01,7.750039672851562500e+01,8.145359039306640625e+01,8.619606781005859375e+01,8.556533813476562500e+01,7.925766754150390625e+01,7.047559356689453125e+01,7.224284362792968750e+01,7.484620666503906250e+01,6.851219940185546875e+01,7.166815185546875000e+01,6.641293334960937500e+01,5.918487548828125000e+01,6.165185928344726562e+01,6.210523605346679688e+01,6.570565795898437500e+01,6.196595001220703125e+01,6.548498535156250000e+01,7.168984222412109375e+01,7.269978332519531250e+01,6.976044464111328125e+01,6.749767303466796875e+01,6.610351562500000000e+01,6.779863739013671875e+01,6.362203216552734375e+01,5.671218872070312500e+01,5.521394348144531250e+01,5.277721405029296875e+01,5.596831512451171875e+01,5.538061904907226562e+01,5.758850860595703125e+01,6.112223815917968750e+01,6.063620758056640625e+01,6.333179473876953125e+01,5.900051879882812500e+01,6.631443786621093750e+01,6.547722625732421875e+01,7.357637023925781250e+01,7.895227050781250000e+01,6.548748779296875000e+01,5.963155364990234375e+01,5.984149169921875000e+01,6.778128051757812500e+01,6.750201416015625000e+01,6.457814025878906250e+01,6.907273864746093750e+01,6.567420959472656250e+01,7.368533325195312500e+01,7.250143432617187500e+01,7.345565795898437500e+01,7.619279479980468750e+01,8.297138977050781250e+01,9.124104309082031250e+01,8.363516998291015625e+01,7.842767333984375000e+01,8.016653442382812500e+01,8.377320861816406250e+01,1.001826019287109375e+02,1.126835937500000000e+02,1.205643234252929688e+02,1.243332977294921875e+02,1.191286468505859375e+02,1.119550018310546875e+02,1.085906066894531250e+02,9.930590820312500000e+01,9.380882263183593750e+01,9.492321777343750000e+01,9.401705932617187500e+01,8.915066528320312500e+01,8.194007873535156250e+01,8.272003173828125000e+01,7.907606506347656250e+01,7.132258605957031250e+01,6.558316040039062500e+01,6.299710083007812500e+01,6.292072296142578125e+01,6.650659179687500000e+01,6.717405700683593750e+01,7.116196441650390625e+01,7.151245117187500000e+01,7.008585357666015625e+01,6.870936584472656250e+01,7.072731018066406250e+01,7.418444061279296875e+01,7.428998565673828125e+01,6.945950317382812500e+01,6.913668823242187500e+01,7.221152496337890625e+01,7.564492034912109375e+01,7.681053924560546875e+01,7.298928070068359375e+01,6.443952178955078125e+01,7.096931457519531250e+01,7.384179687500000000e+01,7.365217590332031250e+01,6.939412689208984375e+01,6.750468444824218750e+01,6.855619049072265625e+01,7.166661834716796875e+01,7.124264526367187500e+01,7.266824340820312500e+01,6.663432312011718750e+01,6.117795181274414062e+01,6.153473663330078125e+01,6.165913391113281250e+01,6.708033752441406250e+01,6.796633911132812500e+01,6.376938247680664062e+01,6.260122680664062500e+01,6.836102294921875000e+01,4.976605224609375000e+01,4.066280364990234375e+01,5.450756835937500000e+01,7.206379699707031250e+01,8.196508026123046875e+01,8.665428161621093750e+01,8.358525848388671875e+01,8.026336669921875000e+01,7.956312561035156250e+01,8.053926849365234375e+01,8.372935485839843750e+01,8.668788146972656250e+01,8.954974365234375000e+01,9.045709228515625000e+01,7.925748443603515625e+01,3.711341857910156250e+01,5.774513244628906250e+00,-8.726578712463378906e+00,-1.291264533996582031e+01,-2.021680068969726562e+01,9.324563980102539062e+00,3.886830139160156250e+01,3.846640396118164062e+01,3.748494338989257812e+01,3.931674957275390625e+01,3.314086532592773438e+01,3.516824340820312500e+01,4.300172042846679688e+01,5.488750457763671875e+01,5.825492477416992188e+01,6.398286437988281250e+01,7.033463287353515625e+01,7.095079040527343750e+01,6.722163391113281250e+01,6.307839965820312500e+01,5.699480438232421875e+01,5.833052062988281250e+01,7.065789794921875000e+01,8.568402099609375000e+01,9.494784545898437500e+01,5.571022796630859375e+01,2.527331924438476562e+01,1.670759010314941406e+01,1.246909713745117188e+01,4.935946941375732422e+00,3.154942274093627930e+00,3.023157119750976562e+01,5.770012664794921875e+01,6.825048065185546875e+01,7.816506958007812500e+01,8.418871307373046875e+01,8.665835571289062500e+01,9.671464538574218750e+01,1.047421951293945312e+02,1.099989776611328125e+02,1.143591156005859375e+02,1.123685607910156250e+02,1.187520523071289062e+02,1.148863372802734375e+02,1.079752655029296875e+02,1.093372573852539062e+02,1.174152984619140625e+02,1.271379318237304688e+02,1.256937103271484375e+02,1.186637191772460938e+02,1.086793060302734375e+02,1.071101989746093750e+02,1.027284393310546875e+02,8.865413665771484375e+01,6.233335113525390625e+01,4.483699035644531250e+01,3.209643173217773438e+01,3.202015686035156250e+01,3.785032653808593750e+01,4.575279235839843750e+01,6.130683135986328125e+01,7.312135314941406250e+01,7.458815002441406250e+01,8.880899810791015625e+01,9.990318298339843750e+01,1.053497238159179688e+02,1.088348083496093750e+02,1.078941650390625000e+02,1.051698532104492188e+02,9.743681335449218750e+01,9.308105468750000000e+01,8.470463562011718750e+01,8.598095703125000000e+01,8.207336425781250000e+01,7.775833129882812500e+01,7.598216247558593750e+01,7.263862609863281250e+01,7.602600097656250000e+01,7.667077636718750000e+01,7.781650543212890625e+01,7.729640197753906250e+01,7.702029418945312500e+01,7.606564331054687500e+01,7.238946533203125000e+01,7.704293823242187500e+01,7.246117401123046875e+01,7.277583312988281250e+01,7.660965728759765625e+01,7.812031555175781250e+01,7.256706237792968750e+01,7.209338378906250000e+01,7.310718536376953125e+01,7.080180358886718750e+01,6.465138244628906250e+01,7.243153381347656250e+01,6.702791595458984375e+01,6.203956604003906250e+01,6.748622131347656250e+01,7.508821105957031250e+01,8.869737243652343750e+01,8.667893981933593750e+01,8.247458648681640625e+01,8.944892120361328125e+01,1.018354949951171875e+02,1.054927368164062500e+02,1.109864349365234375e+02,1.111709899902343750e+02,1.040333557128906250e+02,1.025324401855468750e+02,9.584492492675781250e+01,9.253887939453125000e+01,8.529500579833984375e+01,9.401451873779296875e+01,1.030501480102539062e+02,1.059985885620117188e+02,1.065997619628906250e+02,1.057995681762695312e+02,9.380178833007812500e+01,7.404904174804687500e+01,6.453115081787109375e+01,5.115267944335937500e+01,1.612985610961914062e+01,-8.915184020996093750e+00,-1.761993408203125000e+01,-2.574133682250976562e+01,-2.397811889648437500e+01,-2.239573669433593750e+01,-2.261907958984375000e+01,-2.331878852844238281e+01,-2.590460205078125000e+01,-2.663126373291015625e+01,-2.718218231201171875e+01,-2.247419357299804688e+01,4.038655757904052734e-01,3.779876708984375000e+01,6.881431579589843750e+01,8.957344055175781250e+01,9.968293762207031250e+01,1.083761444091796875e+02,1.140881271362304688e+02,1.126862640380859375e+02,1.082531433105468750e+02,1.065796890258789062e+02,1.049493408203125000e+02,9.821959686279296875e+01,8.954541778564453125e+01,8.186888122558593750e+01,7.611832427978515625e+01,6.992843627929687500e+01,6.667166900634765625e+01,6.163723754882812500e+01,6.655015563964843750e+01,7.259566497802734375e+01,6.939285278320312500e+01,6.885893249511718750e+01,7.545499420166015625e+01,7.148628234863281250e+01,7.075347900390625000e+01,7.713467407226562500e+01,7.029147338867187500e+01,6.863430786132812500e+01,7.632134246826171875e+01,8.941317749023437500e+01,9.649557495117187500e+01,9.342463684082031250e+01,8.591091156005859375e+01,7.739462280273437500e+01,7.029171752929687500e+01,7.655308532714843750e+01,8.462385559082031250e+01,6.859796142578125000e+01,5.533688354492187500e+01,6.851632690429687500e+01,8.107495117187500000e+01,8.072385406494140625e+01,8.948724365234375000e+01,9.068604278564453125e+01,8.907405090332031250e+01,8.757029724121093750e+01,8.182733154296875000e+01,8.874482727050781250e+01,7.521764373779296875e+01,3.372798156738281250e+01,1.060441780090332031e+01,9.975547790527343750e+00,1.560051918029785156e+01,5.347319030761718750e+01,8.296411132812500000e+01,9.916261291503906250e+01,1.039518890380859375e+02,1.015064163208007812e+02,1.032875823974609375e+02,1.017814788818359375e+02,9.351643371582031250e+01,9.157271575927734375e+01,8.311229705810546875e+01,4.554119873046875000e+01,2.252156448364257812e+01,1.737409400939941406e+01,1.316188621520996094e+01,5.394041061401367188e+00,5.895180702209472656e+00,1.294907188415527344e+01,3.204610061645507812e+01,4.730746459960937500e+01,5.514074325561523438e+01,6.203519439697265625e+01,6.687943267822265625e+01,6.564646911621093750e+01,7.008349609375000000e+01,6.789700317382812500e+01,6.512461853027343750e+01,6.397781372070312500e+01,6.415082550048828125e+01,6.452995300292968750e+01,6.643643188476562500e+01,5.934307098388671875e+01,5.999125671386718750e+01,5.722307586669921875e+01,5.769351196289062500e+01,5.611841964721679688e+01,5.652406311035156250e+01,6.239591979980468750e+01,6.193735504150390625e+01,6.743266296386718750e+01,6.830445098876953125e+01,6.912514495849609375e+01,6.812034606933593750e+01,6.655053710937500000e+01,6.629083251953125000e+01,6.195206451416015625e+01,6.467471313476562500e+01,6.694800567626953125e+01,7.485194396972656250e+01,1.020429840087890625e+02,1.073633728027343750e+02,1.044663925170898438e+02,9.440650939941406250e+01,9.139247894287109375e+01,9.214302062988281250e+01,9.218121337890625000e+01,9.348892211914062500e+01,9.287001037597656250e+01,7.767284393310546875e+01,5.041564559936523438e+01,4.218441772460937500e+01,3.935233688354492188e+01,4.212865066528320312e+01,3.347554779052734375e+01,2.856841278076171875e+01,3.725567626953125000e+01,5.074649429321289062e+01,6.100979614257812500e+01,5.905954360961914062e+01,5.818917465209960938e+01,6.193317413330078125e+01,3.968075180053710938e+01,1.756609153747558594e+01,-7.822661876678466797e+00,-5.482832908630371094e+00,2.111614227294921875e+01,2.864779663085937500e+01,3.840222167968750000e+01,6.295124053955078125e+01,7.349415588378906250e+01,7.179817199707031250e+01,7.020650482177734375e+01,6.734268951416015625e+01,6.331242752075195312e+01,6.063732910156250000e+01,6.395038223266601562e+01,7.213531494140625000e+01,7.740776062011718750e+01,8.522628784179687500e+01,8.768226623535156250e+01,7.878536987304687500e+01,2.525476074218750000e+01,-1.034637260437011719e+01,-1.944669342041015625e+01,-1.732250404357910156e+01,-1.753912544250488281e+01,2.066228485107421875e+01,6.265680694580078125e+01,7.314697265625000000e+01,7.322285461425781250e+01,7.346031188964843750e+01,7.211589813232421875e+01,7.681968688964843750e+01,7.746116638183593750e+01,3.293936920166015625e+01,3.947015285491943359e+00,2.212248992919921875e+01,5.156778717041015625e+01,6.125308227539062500e+01,5.972386932373046875e+01,5.299048614501953125e+01,5.057727813720703125e+01,5.233023834228515625e+01,6.060858154296875000e+01,6.089538574218750000e+01,6.193193817138671875e+01,7.114783477783203125e+01,7.733749389648437500e+01,8.080821228027343750e+01,8.768823242187500000e+01,9.382450866699218750e+01,8.689436340332031250e+01,7.918769836425781250e+01,7.853745269775390625e+01,7.762635803222656250e+01,7.552887725830078125e+01,7.517782592773437500e+01,7.112303161621093750e+01,6.864762115478515625e+01,6.749627685546875000e+01,6.539489746093750000e+01,7.088923645019531250e+01,7.227467346191406250e+01,7.105507659912109375e+01,7.259762573242187500e+01,6.672171020507812500e+01,6.616590118408203125e+01,6.469952392578125000e+01,6.565905761718750000e+01,6.822693634033203125e+01,6.049867248535156250e+01,5.508671188354492188e+01,6.149168395996093750e+01,6.317621612548828125e+01,5.966705322265625000e+01,5.956710052490234375e+01,6.284265136718750000e+01,6.202677536010742188e+01,6.246892547607421875e+01,6.932083129882812500e+01,7.918817138671875000e+01,8.241730499267578125e+01,8.746018981933593750e+01,9.007125854492187500e+01,7.984750366210937500e+01,7.178526306152343750e+01,6.951333618164062500e+01,7.534555053710937500e+01,8.853874206542968750e+01,1.049802551269531250e+02,1.069755401611328125e+02,1.059965362548828125e+02,1.021501617431640625e+02,1.014231262207031250e+02,9.532991027832031250e+01,9.547915649414062500e+01,1.040951995849609375e+02,1.042608489990234375e+02,8.906134796142578125e+01,4.486480712890625000e+01,1.069279384613037109e+01,3.808750629425048828e+00,1.109566307067871094e+01,3.499796295166015625e+01,4.172034454345703125e+01,4.871419525146484375e+01,5.868138122558593750e+01,6.692811584472656250e+01,8.027534484863281250e+01,8.395591735839843750e+01,8.296025085449218750e+01,8.763687896728515625e+01,9.218054962158203125e+01,9.876170349121093750e+01,1.006440124511718750e+02,9.852171325683593750e+01,9.114440917968750000e+01,8.539592742919921875e+01,8.043099975585937500e+01,7.441237640380859375e+01,7.463704681396484375e+01,7.074269866943359375e+01,7.044967651367187500e+01,7.641766357421875000e+01,7.695513916015625000e+01,7.236387634277343750e+01,7.196957397460937500e+01,6.826467132568359375e+01,6.116526031494140625e+01,5.689368820190429688e+01,6.272348785400390625e+01,6.238764953613281250e+01,6.255806732177734375e+01,6.326845169067382812e+01,7.235460662841796875e+01,8.265788269042968750e+01,7.332928466796875000e+01,6.906890869140625000e+01,7.511901855468750000e+01,8.468579101562500000e+01,9.085964202880859375e+01,9.908749389648437500e+01,1.044534454345703125e+02,9.791106414794921875e+01,8.833178710937500000e+01,8.058786773681640625e+01,8.038855743408203125e+01,9.260053253173828125e+01,1.068376159667968750e+02,1.106891326904296875e+02,1.092807159423828125e+02,1.099831237792968750e+02,1.126955261230468750e+02,1.048491973876953125e+02,9.681196594238281250e+01,8.685304260253906250e+01,9.485295104980468750e+01,1.068933410644531250e+02,1.030673370361328125e+02,9.456532287597656250e+01,7.124411010742187500e+01,5.912248992919921875e+01,7.024069213867187500e+01,7.874498748779296875e+01,8.277172851562500000e+01,8.688070678710937500e+01,8.869229888916015625e+01,8.765370178222656250e+01,8.709101867675781250e+01,6.935556030273437500e+01,7.334786987304687500e+01,8.818609619140625000e+01,8.889712524414062500e+01,7.591313171386718750e+01,2.445387649536132812e+01,9.971244812011718750e+00,2.357126617431640625e+01,4.630579757690429688e+01,6.133582687377929688e+01,6.787821960449218750e+01,6.742918395996093750e+01,7.729502105712890625e+01,8.665771484375000000e+01,8.484626770019531250e+01,7.317391204833984375e+01,5.979552078247070312e+01,4.920322799682617188e+01,4.616778564453125000e+01,6.777311706542968750e+01,8.369848632812500000e+01,8.163873291015625000e+01,8.161668395996093750e+01,7.617477416992187500e+01,6.999343109130859375e+01,7.585366821289062500e+01,8.026347351074218750e+01,8.040608215332031250e+01,8.905447387695312500e+01,9.291078186035156250e+01,9.132986450195312500e+01,9.549150848388671875e+01,9.699095916748046875e+01,8.394757080078125000e+01,6.373354339599609375e+01,4.642935562133789062e+01,3.889685440063476562e+01,4.770588684082031250e+01,6.129442596435546875e+01,7.426304626464843750e+01,8.373936462402343750e+01,8.915157318115234375e+01,8.684192657470703125e+01,7.456785583496093750e+01,5.027661895751953125e+01,2.908120155334472656e+01,3.051294326782226562e+01,5.022622680664062500e+01,5.299704742431640625e+01,5.413980484008789062e+01,6.202919006347656250e+01,7.054234313964843750e+01,7.571279144287109375e+01,8.045727539062500000e+01,8.022239685058593750e+01,7.592536926269531250e+01,7.455049133300781250e+01,7.467111968994140625e+01,7.326476287841796875e+01,7.099746704101562500e+01,7.035983276367187500e+01,7.186080932617187500e+01,7.509651947021484375e+01,6.954450988769531250e+01,6.657061767578125000e+01,7.039228820800781250e+01,7.286579895019531250e+01,7.577330017089843750e+01,8.300050354003906250e+01,9.412405395507812500e+01,1.018151245117187500e+02,9.811551666259765625e+01,9.787071228027343750e+01,1.031737823486328125e+02,1.052692184448242188e+02,1.007536468505859375e+02,1.000494537353515625e+02,1.032322158813476562e+02,9.783670043945312500e+01,9.323025512695312500e+01,8.493968200683593750e+01,7.585289764404296875e+01,6.746818542480468750e+01,5.184041976928710938e+01,5.033645248413085938e+01,5.606084442138671875e+01,5.693963623046875000e+01,5.617920684814453125e+01,5.501363372802734375e+01,5.511237335205078125e+01,6.450878906250000000e+01,7.943150329589843750e+01,8.464794158935546875e+01,7.971644592285156250e+01,5.582444000244140625e+01,8.462126731872558594e+00,-1.642604827880859375e+01,-2.033805274963378906e+01,-2.131944656372070312e+01,-2.035588836669921875e+01,-1.869533157348632812e+01,-5.585390090942382812e+00,-1.760129690170288086e+00,1.357982635498046875e+01,4.296468353271484375e+01,5.490433502197265625e+01,5.897208404541015625e+01,6.094605255126953125e+01,6.540889739990234375e+01,6.705514526367187500e+01,7.147636413574218750e+01,7.220080566406250000e+01,6.970748901367187500e+01,6.787675476074218750e+01,6.895561218261718750e+01,6.736308288574218750e+01,6.073162841796875000e+01,6.472815704345703125e+01,6.895647430419921875e+01,6.302089691162109375e+01,6.089503097534179688e+01,6.749183654785156250e+01,7.091345214843750000e+01,7.228526306152343750e+01,6.789097595214843750e+01,6.600100708007812500e+01,7.082887268066406250e+01,7.379299926757812500e+01,6.852976226806640625e+01,6.822520446777343750e+01,6.834190368652343750e+01,6.863344573974609375e+01,6.921636199951171875e+01,6.931128692626953125e+01,6.888145446777343750e+01,7.302856445312500000e+01,7.241417694091796875e+01,6.851040649414062500e+01,6.161560821533203125e+01,5.448477554321289062e+01,5.454426574707031250e+01,6.014825057983398438e+01,7.414006042480468750e+01,8.616778564453125000e+01,8.154879760742187500e+01,7.565866088867187500e+01,8.379252624511718750e+01,8.147255706787109375e+01,8.000349426269531250e+01,8.241282653808593750e+01,8.879174041748046875e+01,8.982096862792968750e+01,9.143704223632812500e+01,9.556539154052734375e+01,8.950442504882812500e+01,8.108371734619140625e+01,8.084284973144531250e+01,8.517432403564453125e+01,9.287559509277343750e+01,9.472658538818359375e+01,9.613772583007812500e+01,9.884436035156250000e+01,9.724597167968750000e+01,1.052738265991210938e+02,9.811674499511718750e+01,8.903680419921875000e+01,8.588312530517578125e+01,7.349771118164062500e+01,6.324310302734375000e+01,7.621642303466796875e+01,8.986596679687500000e+01,9.479470825195312500e+01,9.778384399414062500e+01,1.003986206054687500e+02,9.773912048339843750e+01,9.910316467285156250e+01,8.915669250488281250e+01,7.679714965820312500e+01,6.819007873535156250e+01,7.062976074218750000e+01,6.578727722167968750e+01,5.832437133789062500e+01,5.703041076660156250e+01,5.672079467773437500e+01,5.642003631591796875e+01,6.026853561401367188e+01,6.312046051025390625e+01,8.162381744384765625e+01,9.494101715087890625e+01,9.751620483398437500e+01,8.863127136230468750e+01,7.347702026367187500e+01,7.483789825439453125e+01,7.684513854980468750e+01,8.818481445312500000e+01,9.816067504882812500e+01,9.093290710449218750e+01,9.255641174316406250e+01,1.032148590087890625e+02,1.088162994384765625e+02,1.091895446777343750e+02,1.022767639160156250e+02,9.651237487792968750e+01,1.087593078613281250e+02,1.086385040283203125e+02,9.841129302978515625e+01,8.851982116699218750e+01,7.913122558593750000e+01,7.124939727783203125e+01,7.102278137207031250e+01,6.499664306640625000e+01,6.959364318847656250e+01,8.161578369140625000e+01,8.477091979980468750e+01,8.820832824707031250e+01,9.063656616210937500e+01,8.612786102294921875e+01,8.432311248779296875e+01,8.702654266357421875e+01,8.159146118164062500e+01,8.267149353027343750e+01,8.386700439453125000e+01,9.641001129150390625e+01,1.125887908935546875e+02,1.097146148681640625e+02,1.044660110473632812e+02,8.914826202392578125e+01,7.406971740722656250e+01,7.990176391601562500e+01,8.794932556152343750e+01,9.636071014404296875e+01,1.049597473144531250e+02,1.050542144775390625e+02,9.737466430664062500e+01,9.529169464111328125e+01,6.251043701171875000e+01,2.002973175048828125e+01,-8.064994812011718750e-01,-1.194464087486267090e+00,3.300017595291137695e+00,-2.826347589492797852e+00,-9.267445564270019531e+00,3.462975025177001953e+00,1.416504192352294922e+01,3.066426658630371094e+01,4.794394683837890625e+01,5.504122924804687500e+01,6.317128753662109375e+01,7.167667388916015625e+01,7.025907897949218750e+01,7.278622436523437500e+01,7.382749176025390625e+01,7.210021209716796875e+01,7.449665832519531250e+01,7.828150177001953125e+01,7.337121582031250000e+01,7.003184509277343750e+01,7.201240539550781250e+01,7.127487182617187500e+01,7.388880920410156250e+01,7.170528411865234375e+01,6.580279541015625000e+01,5.883184051513671875e+01,5.942356109619140625e+01,6.616255187988281250e+01,6.396888732910156250e+01,6.570136260986328125e+01,6.882015991210937500e+01,6.723448181152343750e+01,6.332057189941406250e+01,6.436646270751953125e+01,6.159801864624023438e+01,6.011447525024414062e+01,6.574625396728515625e+01,7.445646667480468750e+01,7.116104125976562500e+01,7.278451538085937500e+01,7.846757507324218750e+01,8.164790344238281250e+01,6.709608459472656250e+01,6.573629760742187500e+01,6.838391113281250000e+01,6.967788696289062500e+01,6.767480468750000000e+01,5.591597747802734375e+01,4.979837417602539062e+01,5.773825073242187500e+01,6.285248565673828125e+01,7.035366821289062500e+01,7.690122985839843750e+01,7.020942687988281250e+01,7.395202636718750000e+01,8.206190490722656250e+01,8.509883880615234375e+01,9.226576232910156250e+01,1.026043701171875000e+02,1.057293395996093750e+02,9.783154296875000000e+01,9.047098541259765625e+01,8.381158447265625000e+01,8.797879028320312500e+01,8.722164916992187500e+01,7.902208709716796875e+01,6.773406982421875000e+01,5.898564147949218750e+01,5.377789306640625000e+01,4.940413665771484375e+01,5.408046722412109375e+01,6.559519958496093750e+01,6.532510375976562500e+01,7.103590393066406250e+01,7.093193054199218750e+01,7.707037353515625000e+01,7.984381866455078125e+01,8.018255615234375000e+01,7.903349304199218750e+01,7.794227600097656250e+01,7.263668823242187500e+01,7.099951171875000000e+01,7.357858276367187500e+01,6.178124237060546875e+01,6.061997222900390625e+01,7.862849426269531250e+01,9.015419769287109375e+01,9.946171569824218750e+01,1.041937866210937500e+02,1.050870513916015625e+02,1.045362701416015625e+02,1.029937133789062500e+02,1.000182800292968750e+02,1.008469085693359375e+02,1.029546661376953125e+02,9.991996765136718750e+01,9.192922210693359375e+01,7.707788085937500000e+01,6.754405212402343750e+01,5.484467315673828125e+01,4.921748352050781250e+01,5.748665618896484375e+01,6.521961975097656250e+01,6.947723388671875000e+01,4.038257598876953125e+01,1.783119583129882812e+01,2.088901329040527344e+01,3.488325500488281250e+01,4.468544006347656250e+01,5.539919281005859375e+01,6.647895050048828125e+01,7.029027557373046875e+01,6.991152954101562500e+01,6.308927154541015625e+01,4.249933624267578125e+01,3.161075973510742188e+01,2.837945175170898438e+01,2.712969017028808594e+01,2.279561805725097656e+01,2.031312561035156250e+01,2.026618957519531250e+01,2.068240737915039062e+01,2.247058105468750000e+01,2.172101974487304688e+01,1.661329650878906250e+01,8.369232177734375000e+00,1.057237148284912109e+01,1.862394714355468750e+01,2.202998733520507812e+01,2.256182479858398438e+01,2.375061988830566406e+01,3.245103073120117188e+01,4.960928344726562500e+01,5.004813003540039062e+01,5.480738067626953125e+01,6.131783294677734375e+01,5.532741546630859375e+01,5.807949447631835938e+01,6.903966522216796875e+01,7.121847534179687500e+01,6.802375793457031250e+01,6.740762329101562500e+01,6.723072052001953125e+01,7.166213989257812500e+01,7.250589752197265625e+01,7.273493957519531250e+01,8.386643218994140625e+01,7.347692108154296875e+01,7.056482696533203125e+01,8.423577880859375000e+01,8.887214660644531250e+01,8.886550140380859375e+01,8.907180786132812500e+01,8.380396270751953125e+01,8.114687347412109375e+01,8.102137756347656250e+01,8.050154113769531250e+01,8.327021789550781250e+01,8.365586853027343750e+01,9.107192993164062500e+01,9.157328796386718750e+01,8.528479003906250000e+01,7.046917724609375000e+01,6.930403137207031250e+01,7.193915557861328125e+01,5.361725616455078125e+01,5.708603858947753906e+00,2.183762550354003906e+00,2.654968261718750000e+01,4.526484680175781250e+01,5.346781921386718750e+01,6.641064453125000000e+01,8.247637939453125000e+01,9.665850067138671875e+01,9.586701965332031250e+01,8.679042053222656250e+01,7.419976043701171875e+01,7.043933105468750000e+01,6.680659484863281250e+01,6.427609252929687500e+01,6.219701766967773438e+01,5.324611663818359375e+01,5.008483123779296875e+01,5.235493469238281250e+01,5.583117675781250000e+01,6.015747070312500000e+01,6.102810668945312500e+01,6.346168899536132812e+01,6.512100219726562500e+01,7.305943298339843750e+01,7.230442810058593750e+01,6.514590454101562500e+01,4.596630096435546875e+01,2.029642677307128906e+01,7.110655784606933594e+00,1.710676550865173340e+00,-5.477093696594238281e+00,7.217106819152832031e+00,3.028408241271972656e+01,4.575811767578125000e+01,5.740001678466796875e+01,6.726481628417968750e+01,7.498884582519531250e+01,7.271667480468750000e+01,7.089163208007812500e+01,6.984270477294921875e+01,6.631893157958984375e+01,6.399049377441406250e+01,6.594028472900390625e+01,6.958053588867187500e+01,6.644817352294921875e+01,6.764602661132812500e+01,6.472492218017578125e+01,6.855104064941406250e+01,6.695503234863281250e+01,6.157436370849609375e+01,6.744732666015625000e+01,6.752859497070312500e+01,6.167111968994140625e+01,6.454683685302734375e+01,6.615966033935546875e+01,7.023054504394531250e+01,7.568099975585937500e+01,6.246809387207031250e+01,6.640576171875000000e+01,6.603051757812500000e+01,6.034420013427734375e+01,6.176640319824218750e+01,6.637882995605468750e+01,5.755480957031250000e+01,5.497547531127929688e+01,5.082256317138671875e+01,5.788909149169921875e+01,6.991236114501953125e+01,7.708053588867187500e+01,7.477353668212890625e+01,7.197721862792968750e+01,5.781580352783203125e+01,3.343684005737304688e+01,1.015115165710449219e+01,-1.035806760191917419e-01,-6.546530127525329590e-02,1.314366936683654785e+00,1.527856254577636719e+01,2.890230178833007812e+01,4.529290008544921875e+01,5.818666076660156250e+01,6.399108886718750000e+01,6.429064178466796875e+01,6.286907196044921875e+01,5.779215240478515625e+01,3.134227752685546875e+01,7.881381988525390625e+00,-8.401165962219238281e+00,-3.705522418022155762e-01,2.607975196838378906e+01,5.741092681884765625e+01,7.599576568603515625e+01,9.196388244628906250e+01,9.947866821289062500e+01,1.011036987304687500e+02,1.048355560302734375e+02,1.002449951171875000e+02,9.598934936523437500e+01,9.428117370605468750e+01,9.990155029296875000e+01,1.089417648315429688e+02,1.202112579345703125e+02,1.210237426757812500e+02,1.167253494262695312e+02,1.119115676879882812e+02,1.025532913208007812e+02,9.506504821777343750e+01,9.378866577148437500e+01,8.727284240722656250e+01,7.515449523925781250e+01,7.227256011962890625e+01,7.162030029296875000e+01,7.586927795410156250e+01,7.450907897949218750e+01,6.934516906738281250e+01,6.519111633300781250e+01,6.522831726074218750e+01,7.089551544189453125e+01,6.980547332763671875e+01,6.318922042846679688e+01,6.241953277587890625e+01,7.189915466308593750e+01,7.161259460449218750e+01,6.663465881347656250e+01,6.532156372070312500e+01,6.937603759765625000e+01,7.276585388183593750e+01,7.287728881835937500e+01,7.262701416015625000e+01,6.645030212402343750e+01,6.563562011718750000e+01,7.059661865234375000e+01,7.356261444091796875e+01,7.199374389648437500e+01,6.910194396972656250e+01,6.670758056640625000e+01,6.995303344726562500e+01,7.402020263671875000e+01,7.827290344238281250e+01,8.280048370361328125e+01,8.111788177490234375e+01,7.297424316406250000e+01,7.619836425781250000e+01,6.587240600585937500e+01,6.735929870605468750e+01,7.523822784423828125e+01,7.247825622558593750e+01,7.270565795898437500e+01,7.259027862548828125e+01,7.002180480957031250e+01,7.521881103515625000e+01,7.569793701171875000e+01,7.258398437500000000e+01,7.120150756835937500e+01,7.238603210449218750e+01,6.989559936523437500e+01,7.107220458984375000e+01,6.873403930664062500e+01,7.303924560546875000e+01,6.971318054199218750e+01,6.493795013427734375e+01,6.685020446777343750e+01,6.917805480957031250e+01,6.815600585937500000e+01,7.017893981933593750e+01,7.171861267089843750e+01,7.262126159667968750e+01,7.276943969726562500e+01,7.181182861328125000e+01,7.393695068359375000e+01,7.123878479003906250e+01,7.199160766601562500e+01,7.970428466796875000e+01,7.974397277832031250e+01,7.452081298828125000e+01,7.358258056640625000e+01,7.746524047851562500e+01,7.535012817382812500e+01,7.698939514160156250e+01,7.792372131347656250e+01,7.233112335205078125e+01,6.678504180908203125e+01,6.414867401123046875e+01,6.445915222167968750e+01,6.226011657714843750e+01,5.809907913208007812e+01,5.678120803833007812e+01,5.563758087158203125e+01,5.735036087036132812e+01,5.926252746582031250e+01,6.385648345947265625e+01,6.107396697998046875e+01,5.801239776611328125e+01,6.346762084960937500e+01,6.061270523071289062e+01,5.809399795532226562e+01,5.822967147827148438e+01,5.729114151000976562e+01,5.711176300048828125e+01,6.256833648681640625e+01,6.213018798828125000e+01,6.575594329833984375e+01,7.017104339599609375e+01,6.905659484863281250e+01,7.065521240234375000e+01,7.161854553222656250e+01,7.390569305419921875e+01,6.830320739746093750e+01,6.164348602294921875e+01,6.462281799316406250e+01,7.035097503662109375e+01,7.024343872070312500e+01,7.009888458251953125e+01,7.456819152832031250e+01,7.387640380859375000e+01,6.797364044189453125e+01,6.318085479736328125e+01,6.788180541992187500e+01,7.663122558593750000e+01,7.632800292968750000e+01,7.178453063964843750e+01,7.061237335205078125e+01,7.581175994873046875e+01,9.452159881591796875e+01,8.777079772949218750e+01,8.441798400878906250e+01,8.502098083496093750e+01,8.957713317871093750e+01,7.541639709472656250e+01,4.445294952392578125e+01,1.911099624633789062e+01,4.149495124816894531e+00,2.725194549560546875e+01,5.000747680664062500e+01,5.522149658203125000e+01,5.411977386474609375e+01,6.400842285156250000e+01,7.797184753417968750e+01,8.342053985595703125e+01,8.744786071777343750e+01,8.312640380859375000e+01,7.324353790283203125e+01,6.978645324707031250e+01,8.672566223144531250e+01,7.673220825195312500e+01,7.316017913818359375e+01,8.185411071777343750e+01,8.418820190429687500e+01,8.049188232421875000e+01,7.760507965087890625e+01,7.079295349121093750e+01,6.603254699707031250e+01,8.169688415527343750e+01,9.420184326171875000e+01,9.340283966064453125e+01,9.117849731445312500e+01,8.964546203613281250e+01,9.504002380371093750e+01,1.012381057739257812e+02,9.744726562500000000e+01,8.977966308593750000e+01,8.828947448730468750e+01,8.966278076171875000e+01,8.865570068359375000e+01,8.713525390625000000e+01,8.667632293701171875e+01,7.660961914062500000e+01,7.699863433837890625e+01,7.769643402099609375e+01,8.205881500244140625e+01,8.098355865478515625e+01,8.520626831054687500e+01,8.278677368164062500e+01,7.913510131835937500e+01,7.859660339355468750e+01,8.116436767578125000e+01,8.037681579589843750e+01,7.951904296875000000e+01,7.521392822265625000e+01,7.650863647460937500e+01,7.378756713867187500e+01,7.589263916015625000e+01,8.148706054687500000e+01,8.673706054687500000e+01,8.719882965087890625e+01,8.380653381347656250e+01,8.367768096923828125e+01,8.420922088623046875e+01,8.498399353027343750e+01,8.174964904785156250e+01,8.268881988525390625e+01,8.173950958251953125e+01,8.425466918945312500e+01,8.591737365722656250e+01,8.808108520507812500e+01,8.396617126464843750e+01,8.302433776855468750e+01,8.449555206298828125e+01,7.919444274902343750e+01,6.523161315917968750e+01,7.099606323242187500e+01,7.679106140136718750e+01,7.788531494140625000e+01,7.744200134277343750e+01,7.680526733398437500e+01,7.594741821289062500e+01,6.996508026123046875e+01,6.706396484375000000e+01,6.852404785156250000e+01,6.323820877075195312e+01,6.581254577636718750e+01,7.118172454833984375e+01,7.195416259765625000e+01,4.653308105468750000e+01,2.831056213378906250e+01,5.146550750732421875e+01,6.442361450195312500e+01,6.611602783203125000e+01,6.557129669189453125e+01,7.303546142578125000e+01,7.976439666748046875e+01,5.803474426269531250e+01,1.711581802368164062e+01,4.916563034057617188e+00,1.995436859130859375e+01,4.238424301147460938e+01,6.160515594482421875e+01,6.874401855468750000e+01,5.727796173095703125e+01,5.512819671630859375e+01,3.930197906494140625e+01,3.315723419189453125e+01,4.147884750366210938e+01,3.651263046264648438e+01,3.084047698974609375e+01,4.560301971435546875e+01,6.273881149291992188e+01,1.806014442443847656e+01,-2.587834167480468750e+01,-3.536724090576171875e+01,-3.335522842407226562e+01,-1.875304794311523438e+01,2.552509498596191406e+01,5.591175079345703125e+01,6.531367492675781250e+01,6.180215454101562500e+01,6.347422790527343750e+01,5.103600311279296875e+01,2.052244949340820312e+01,-2.860912322998046875e+00,-1.521638584136962891e+01,-6.269616603851318359e+00,2.373811531066894531e+01,4.561994934082031250e+01,5.341067886352539062e+01,5.428725433349609375e+01,6.774652099609375000e+01,7.340811157226562500e+01,6.108267211914062500e+01,4.106764221191406250e+01,1.812742424011230469e+01,8.624309301376342773e-02,-2.535871887207031250e+01,-2.537611389160156250e+01,6.047358512878417969e+00,3.480278015136718750e+01,6.448176574707031250e+01,7.658399963378906250e+01,6.537455749511718750e+01,5.264468002319335938e+01,4.390139389038085938e+01,4.219532012939453125e+01,4.448345947265625000e+01,5.117668914794921875e+01,5.337875366210937500e+01,4.742545318603515625e+01,5.221089172363281250e+01,7.027989959716796875e+01,8.129296875000000000e+01,8.286326599121093750e+01,8.448217773437500000e+01,8.092732238769531250e+01,6.653350830078125000e+01,7.050935745239257812e+00,-2.674162292480468750e+01,-4.004223632812500000e+01,-3.448717498779296875e+01,-2.836066055297851562e+01,-3.120630264282226562e+01,-3.492890167236328125e+01,-2.039064025878906250e+01,7.782953262329101562e+00,1.899913597106933594e+01,3.375935363769531250e+01,4.290885162353515625e+01,4.299250411987304688e+01,4.060525512695312500e+01,4.556752014160156250e+01,5.934088897705078125e+01,8.227524566650390625e+01,8.646240234375000000e+01,8.035275268554687500e+01,7.991830444335937500e+01,7.950863647460937500e+01,7.601604461669921875e+01,7.792736816406250000e+01,8.698437500000000000e+01,9.255628204345703125e+01,9.411508178710937500e+01,9.279183959960937500e+01,8.948771667480468750e+01,9.227519226074218750e+01,9.191748809814453125e+01,8.467404937744140625e+01,8.205000305175781250e+01,8.187319183349609375e+01,8.664489746093750000e+01,6.617016601562500000e+01,4.664848327636718750e+01,4.759356689453125000e+01,4.652780151367187500e+01,4.245288467407226562e+01,4.426031494140625000e+01,4.344401550292968750e+01,7.605772399902343750e+01,9.836495208740234375e+01,9.079608917236328125e+01,8.413480377197265625e+01,7.875200653076171875e+01,8.714625549316406250e+01,9.083856964111328125e+01,7.946987152099609375e+01,8.552761077880859375e+01,8.690542602539062500e+01,8.715322875976562500e+01,8.285391235351562500e+01,8.196731567382812500e+01,8.574401855468750000e+01,8.166146850585937500e+01,8.017387390136718750e+01,7.701596832275390625e+01,7.158306884765625000e+01,7.800483703613281250e+01,7.413844299316406250e+01,7.333525085449218750e+01,7.494532775878906250e+01,7.928665161132812500e+01,8.217291259765625000e+01,8.174981689453125000e+01,7.558178710937500000e+01,7.065802764892578125e+01,7.666454315185546875e+01,8.047853851318359375e+01,7.480411529541015625e+01,7.730007934570312500e+01,8.025070190429687500e+01,7.393626403808593750e+01,7.213256835937500000e+01,7.834158325195312500e+01,7.910581970214843750e+01,7.450791931152343750e+01,7.477447509765625000e+01,7.990190124511718750e+01,7.866319274902343750e+01,7.179328918457031250e+01,7.634841156005859375e+01,7.884037780761718750e+01,7.812115478515625000e+01,7.605020904541015625e+01,7.288183593750000000e+01,6.972744750976562500e+01,7.395788574218750000e+01,7.152224731445312500e+01,5.577204895019531250e+01,4.461792373657226562e+01,3.786132049560546875e+01,8.918460083007812500e+01,1.084589843750000000e+02,9.899658203125000000e+01,9.439904022216796875e+01,7.686584472656250000e+01,3.166553497314453125e+01,2.209821701049804688e+00,-7.218943595886230469e+00,-1.257037544250488281e+01,-1.418997859954833984e+01,8.546322584152221680e-01,1.653289413452148438e+01,2.547822380065917969e+01,3.460763549804687500e+01,4.692669677734375000e+01,5.591327667236328125e+01,5.776014709472656250e+01,6.455203247070312500e+01,6.920596313476562500e+01,7.578202819824218750e+01,8.428520965576171875e+01,7.566119384765625000e+01,7.280903625488281250e+01,8.414517974853515625e+01,9.175845336914062500e+01,8.680074310302734375e+01,7.623617553710937500e+01,7.423262023925781250e+01,7.504751586914062500e+01,8.860659790039062500e+01,8.889005279541015625e+01,8.592776489257812500e+01,8.432948303222656250e+01,7.960829925537109375e+01,7.051245880126953125e+01,6.342634582519531250e+01,6.761769104003906250e+01,6.928392028808593750e+01,6.212564849853515625e+01,6.101618957519531250e+01,6.118861389160156250e+01,6.322603607177734375e+01,6.224336242675781250e+01,5.777558898925781250e+01,5.861652374267578125e+01,6.009947967529296875e+01,5.668571472167968750e+01,5.780161666870117188e+01,6.254218292236328125e+01,6.143613052368164062e+01,5.778472900390625000e+01,5.549497222900390625e+01,5.778197479248046875e+01,5.230414581298828125e+01,5.372198486328125000e+01,5.727526092529296875e+01,5.573429107666015625e+01,3.880958557128906250e+01,2.570603942871093750e+01,1.607459068298339844e+01,1.404125404357910156e+01,1.206180191040039062e+01,1.382238864898681641e+01,2.370442581176757812e+01,4.031688690185546875e+01,5.315956878662109375e+01,5.860264205932617188e+01,6.137604522705078125e+01,7.264190673828125000e+01,6.589826202392578125e+01,6.574211120605468750e+01,4.024079513549804688e+01,3.680025100708007812e+00,-1.872579193115234375e+01,-2.405611991882324219e+01,-3.087358093261718750e+01,-3.265576934814453125e+01,-9.805582046508789062e+00,2.085309410095214844e+01,2.535837173461914062e+01,3.362013244628906250e+01,5.344326782226562500e+01,5.804475784301757812e+01,5.774346923828125000e+01,5.239972686767578125e+01,4.444404220581054688e+01,3.809954833984375000e+01,4.180200195312500000e+01,4.611656188964843750e+01,5.056265258789062500e+01,6.330052185058593750e+01,7.289765930175781250e+01,7.735131072998046875e+01,8.064720153808593750e+01,8.535671997070312500e+01,8.388778686523437500e+01,9.072509002685546875e+01,9.333818817138671875e+01,9.435777282714843750e+01,9.945838928222656250e+01,9.652349853515625000e+01,9.793254852294921875e+01,1.009525299072265625e+02,1.085888671875000000e+02,1.015106658935546875e+02,9.102307891845703125e+01,8.206392669677734375e+01,6.820373535156250000e+01,7.056399536132812500e+01,8.085816955566406250e+01,8.217288208007812500e+01,8.360012054443359375e+01,7.046690368652343750e+01,2.117629051208496094e+01,-2.376319885253906250e+00,-1.342843055725097656e+01,-7.088781356811523438e+00,3.681985473632812500e+01,6.876391601562500000e+01,8.086645507812500000e+01,8.608889770507812500e+01,8.876039123535156250e+01,8.334056091308593750e+01,7.985791015625000000e+01,6.870973205566406250e+01,6.510408020019531250e+01,6.599751281738281250e+01,8.185757446289062500e+01,8.360725402832031250e+01,7.298880004882812500e+01,7.544583129882812500e+01,8.410604858398437500e+01,9.565226745605468750e+01,1.076207885742187500e+02,1.093090972900390625e+02,1.088953552246093750e+02,1.072269439697265625e+02,1.022796478271484375e+02,9.885531616210937500e+01,8.531365966796875000e+01,8.907365417480468750e+01,9.368548583984375000e+01,1.074032669067382812e+02,1.076995697021484375e+02,1.059069213867187500e+02,1.054689941406250000e+02,9.537670135498046875e+01,9.689442443847656250e+01,1.065215911865234375e+02,1.015482788085937500e+02,9.165853881835937500e+01,8.426145172119140625e+01,8.646496582031250000e+01,8.305139923095703125e+01,8.330662536621093750e+01,7.105079650878906250e+01,5.957690811157226562e+01,6.381406402587890625e+01,6.324799346923828125e+01,6.084498214721679688e+01,5.994158172607421875e+01,6.175592041015625000e+01,5.690811920166015625e+01,5.569365692138671875e+01,5.569950866699218750e+01,5.587031173706054688e+01,5.674466705322265625e+01,5.121755981445312500e+01,4.689977264404296875e+01,4.835315322875976562e+01,4.963222503662109375e+01,4.920034790039062500e+01,5.200035858154296875e+01,5.530082702636718750e+01,5.696636962890625000e+01,5.223804473876953125e+01,5.162720870971679688e+01,5.620125579833984375e+01,5.501957702636718750e+01,5.055226516723632812e+01,5.974092864990234375e+01,6.221913146972656250e+01,5.532147979736328125e+01,5.221997833251953125e+01,7.211993408203125000e+01,7.097468566894531250e+01,6.457730865478515625e+01,5.179249191284179688e+01,3.775199127197265625e+01,3.325967407226562500e+01,5.632688903808593750e+01,8.636215972900390625e+01,9.350932312011718750e+01,9.124589538574218750e+01,9.036952209472656250e+01,9.086709594726562500e+01,9.081745910644531250e+01,9.350234985351562500e+01,8.589604949951171875e+01,8.420857238769531250e+01,7.903706359863281250e+01,6.756826782226562500e+01,6.482252502441406250e+01,6.675019073486328125e+01,7.720411682128906250e+01,9.241727447509765625e+01,9.800326538085937500e+01,9.984835815429687500e+01,1.009199981689453125e+02,1.099903564453125000e+02,1.229121780395507812e+02,1.283893127441406250e+02,1.271131210327148438e+02,1.220948333740234375e+02,1.104921722412109375e+02,1.028644714355468750e+02,9.715382385253906250e+01,8.689588165283203125e+01,7.653723144531250000e+01,6.795660400390625000e+01,6.399587631225585938e+01,6.503416442871093750e+01,7.137384796142578125e+01,6.196591949462890625e+01,5.319503021240234375e+01,5.459085845947265625e+01,5.440929412841796875e+01,7.645795440673828125e+01,1.023914031982421875e+02,1.020280303955078125e+02,7.208758544921875000e+01,2.701969528198242188e+01,-4.171509742736816406e-01,1.587929534912109375e+01,5.450240325927734375e+01,7.386209869384765625e+01,7.072412109375000000e+01,6.228060150146484375e+01,5.925963211059570312e+01,5.861974334716796875e+01,5.670418548583984375e+01,6.745995330810546875e+01,8.162084960937500000e+01,8.704949951171875000e+01,8.935189819335937500e+01,8.876185607910156250e+01,7.653694152832031250e+01,7.052646636962890625e+01,7.092758178710937500e+01,6.618350219726562500e+01,4.571178436279296875e+01,4.492395782470703125e+01,7.011985778808593750e+01,8.099240112304687500e+01,7.925379943847656250e+01,7.391586303710937500e+01,7.305235290527343750e+01,6.971376037597656250e+01,7.163446807861328125e+01,8.237600708007812500e+01,8.817163085937500000e+01,9.482824707031250000e+01,9.736789703369140625e+01,9.875379943847656250e+01,9.316599273681640625e+01,9.735414123535156250e+01,9.310902404785156250e+01,7.980590820312500000e+01,6.879991149902343750e+01,6.382498168945312500e+01,5.790715789794921875e+01,6.181461334228515625e+01,7.081541442871093750e+01,7.579047393798828125e+01,8.563542175292968750e+01,8.776457214355468750e+01,8.633308410644531250e+01,8.575173950195312500e+01,7.436242675781250000e+01,6.772401428222656250e+01,6.376258850097656250e+01,6.050783157348632812e+01,6.949168395996093750e+01,7.839234924316406250e+01,7.755850219726562500e+01,8.010819244384765625e+01,9.000387573242187500e+01,8.910752868652343750e+01,8.618899536132812500e+01,8.316807556152343750e+01,8.083010864257812500e+01,7.976495361328125000e+01,7.026368713378906250e+01,6.655898284912109375e+01,6.421153259277343750e+01,6.542539978027343750e+01,6.992817687988281250e+01,7.431530761718750000e+01,8.002395629882812500e+01,8.821163177490234375e+01,9.165574645996093750e+01,6.350636291503906250e+01,1.845423889160156250e+01,-1.108654975891113281e+01,-2.224429321289062500e+01,-1.033378505706787109e+01,3.337722778320312500e+01,5.852212142944335938e+01,6.223495483398437500e+01,6.022904586791992188e+01,6.199022674560546875e+01,6.287030792236328125e+01,6.812716674804687500e+01,6.573915100097656250e+01,5.636115646362304688e+01,5.350959014892578125e+01,5.157098007202148438e+01,5.031739807128906250e+01,5.303199005126953125e+01,5.387438964843750000e+01,5.268228149414062500e+01,4.946034240722656250e+01,4.787435150146484375e+01,4.742169189453125000e+01,4.319955825805664062e+01,3.793249511718750000e+01,4.480848693847656250e+01,5.266213989257812500e+01,5.765289306640625000e+01,5.552438735961914062e+01,5.204845428466796875e+01,4.586647033691406250e+01,5.574603271484375000e+01,7.586431884765625000e+01,8.487445068359375000e+01,9.107380676269531250e+01,9.518527221679687500e+01,9.137900543212890625e+01,8.568815612792968750e+01,7.298194885253906250e+01,5.403470611572265625e+01,4.902545166015625000e+01,4.692893981933593750e+01,5.132244110107421875e+01,6.552940368652343750e+01,6.630357360839843750e+01,6.196839523315429688e+01,5.881533432006835938e+01,5.318428421020507812e+01,4.962514114379882812e+01,5.069956207275390625e+01,7.210663604736328125e+01,9.381084442138671875e+01,9.778613281250000000e+01,8.402485656738281250e+01,8.532365417480468750e+01,9.216030883789062500e+01,8.557392883300781250e+01,8.426301574707031250e+01,8.885450744628906250e+01,9.496107482910156250e+01,8.160809326171875000e+01,7.149979400634765625e+01,6.651433563232421875e+01,6.296110534667968750e+01,6.438253784179687500e+01,7.182242584228515625e+01,7.488514709472656250e+01,8.265795898437500000e+01,8.234109497070312500e+01,7.515783691406250000e+01,8.297960662841796875e+01,9.842536926269531250e+01,9.945098114013671875e+01,9.659433746337890625e+01,8.934270477294921875e+01,7.596104431152343750e+01,7.140908813476562500e+01,7.867002868652343750e+01,8.388938903808593750e+01,6.804649353027343750e+01,5.117308807373046875e+01,5.488875961303710938e+01,7.414025878906250000e+01,3.270849609375000000e+01,-4.002687454223632812e+00,1.069210529327392578e+01,4.619996643066406250e+01,5.616207122802734375e+01,5.177687835693359375e+01,4.012736892700195312e+01,4.338651275634765625e+01,2.738012886047363281e+01,1.989314270019531250e+01,4.639655685424804688e+01,5.022784042358398438e+01,4.228279113769531250e+01,4.037284088134765625e+01,4.560320663452148438e+01,6.183158874511718750e+01,6.406930541992187500e+01,6.034524154663085938e+01,3.981822967529296875e+01,2.056116676330566406e+01,6.597230434417724609e+00,-5.041576027870178223e-01,8.633811950683593750e+00,6.478501892089843750e+01,1.058391265869140625e+02,1.171394729614257812e+02,1.199375305175781250e+02,1.178593902587890625e+02,1.084602432250976562e+02,1.025332336425781250e+02,1.005239868164062500e+02,1.003336181640625000e+02,9.631362915039062500e+01,8.838703918457031250e+01,7.428579711914062500e+01,7.192329406738281250e+01,7.294326782226562500e+01,6.349640655517578125e+01,5.754867553710937500e+01,5.959588623046875000e+01,7.335009002685546875e+01,8.023170471191406250e+01,7.035594177246093750e+01,4.392791366577148438e+01,-4.359571456909179688e+00,-2.508607673645019531e+01,-3.028324127197265625e+01,-2.071329116821289062e+01,3.318839645385742188e+01,6.895010375976562500e+01,7.700555419921875000e+01,9.309330749511718750e+01,1.056276626586914062e+02,1.049116058349609375e+02,1.027855606079101562e+02,9.492049407958984375e+01,8.887290954589843750e+01,8.275765228271484375e+01,7.105392456054687500e+01,6.485795593261718750e+01,5.970023727416992188e+01,5.335133361816406250e+01,5.120486450195312500e+01,5.121447753906250000e+01,4.878120422363281250e+01,4.899495315551757812e+01,5.115690612792968750e+01,6.157358551025390625e+01,5.782032775878906250e+01,5.086812591552734375e+01,5.579804992675781250e+01,5.460665893554687500e+01,5.177925872802734375e+01,5.678376388549804688e+01,8.548860168457031250e+01,1.022682495117187500e+02,8.914881896972656250e+01,7.068931579589843750e+01,6.623322296142578125e+01,7.435433959960937500e+01,8.343833160400390625e+01,7.007553100585937500e+01,6.259101104736328125e+01,5.883787536621093750e+01,5.789387512207031250e+01,5.727493286132812500e+01,5.306050109863281250e+01,4.721999359130859375e+01,4.191264343261718750e+01,3.443729782104492188e+01,2.871071243286132812e+01,1.050204467773437500e+01,-1.087786102294921875e+01,-2.355779075622558594e+01,-3.147006607055664062e+01,-2.264481163024902344e+01,2.522385406494140625e+01,5.910533142089843750e+01,6.668340301513671875e+01,6.856964111328125000e+01,4.571308135986328125e+01,-2.724265098571777344e+00,-2.892522430419921875e+01,-3.722624969482421875e+01,-3.895687103271484375e+01,-4.202525329589843750e+01,-3.623292541503906250e+01,-1.473269939422607422e+01,-3.050690412521362305e+00,2.315287208557128906e+01,3.858869171142578125e+01,3.020695495605468750e+01,2.657522201538085938e+01,2.018647384643554688e+01,1.860787582397460938e+01,2.042159843444824219e+01,2.621206665039062500e+01,3.236064910888671875e+01,2.890456390380859375e+01,3.029577636718750000e+01,2.791166687011718750e+01,3.167192077636718750e+01,4.863249206542968750e+01,6.177546691894531250e+01,6.720645904541015625e+01,6.971337890625000000e+01,5.353881835937500000e+01,1.547451972961425781e+01,-4.107692241668701172e-01,-8.985742568969726562e+00,-1.346566200256347656e+01,4.660165309906005859e+00,3.040846252441406250e+01,5.343075561523437500e+01,6.589530944824218750e+01,6.596473693847656250e+01,6.246755218505859375e+01,5.899106597900390625e+01,6.668072509765625000e+01,7.914245605468750000e+01,8.140109252929687500e+01,7.629087829589843750e+01,7.472334289550781250e+01,8.904704284667968750e+01,9.082878112792968750e+01,8.811563873291015625e+01,8.965689086914062500e+01,8.896635437011718750e+01,8.828911590576171875e+01,7.518003082275390625e+01,7.849656677246093750e+01,8.777163696289062500e+01,8.108914947509765625e+01,6.726543426513671875e+01,6.979136657714843750e+01,8.959333038330078125e+01,9.899650573730468750e+01,1.033722839355468750e+02,9.409580993652343750e+01,8.083024597167968750e+01,7.020920562744140625e+01,6.368373870849609375e+01,6.110060119628906250e+01,6.508734130859375000e+01,7.302476501464843750e+01,7.881027221679687500e+01,9.732402801513671875e+01,8.932094573974609375e+01,9.163903808593750000e+01,9.910708618164062500e+01,1.012005920410156250e+02,1.047748336791992188e+02,1.031204376220703125e+02,9.633952331542968750e+01,8.838317871093750000e+01,8.878289794921875000e+01,8.900312805175781250e+01,9.896922302246093750e+01,1.009914016723632812e+02,9.889450073242187500e+01,1.024115142822265625e+02,1.006354675292968750e+02,8.640695190429687500e+01,8.979093933105468750e+01,1.027819747924804688e+02,1.027108306884765625e+02,9.833418273925781250e+01,9.540288543701171875e+01,1.012770538330078125e+02,9.957657623291015625e+01,9.585296630859375000e+01,9.030384826660156250e+01,7.963562011718750000e+01,6.493638610839843750e+01,6.364447021484375000e+01,7.526683044433593750e+01,9.275834655761718750e+01,1.056597442626953125e+02,1.085171203613281250e+02,1.010221633911132812e+02,9.150558471679687500e+01,8.717832946777343750e+01,8.522773742675781250e+01,8.405773925781250000e+01,8.496784210205078125e+01,8.577323913574218750e+01,8.173536682128906250e+01,7.640788269042968750e+01,6.919604492187500000e+01,6.152636718750000000e+01,7.416726684570312500e+01,9.105067443847656250e+01,9.089680480957031250e+01,9.027116394042968750e+01,8.973794555664062500e+01,9.487871551513671875e+01,9.434503173828125000e+01,1.003042373657226562e+02,1.087719726562500000e+02,1.118261108398437500e+02,1.143516845703125000e+02,1.067204437255859375e+02,1.053594818115234375e+02,1.091814727783203125e+02,1.034530639648437500e+02,7.317828369140625000e+01,5.598443984985351562e+01,5.078249359130859375e+01,3.366688537597656250e+01,2.820727157592773438e+01,4.076435089111328125e+01,4.786309814453125000e+01,3.215670013427734375e+01,1.531511497497558594e+01,1.940992736816406250e+01,3.995225524902343750e+01,5.276836395263671875e+01,5.647540664672851562e+01,5.607299041748046875e+01,5.410574340820312500e+01,5.754882049560546875e+01,6.101948547363281250e+01,5.429255676269531250e+01,5.313985061645507812e+01,5.443990325927734375e+01,5.602545166015625000e+01,5.620109558105468750e+01,5.322900772094726562e+01,5.112423706054687500e+01,5.276235961914062500e+01,5.411833953857421875e+01,5.427738952636718750e+01,5.400526428222656250e+01,4.878184127807617188e+01,5.481654357910156250e+01,5.516066741943359375e+01,5.365491485595703125e+01,5.339201354980468750e+01,5.341856384277343750e+01,4.879404449462890625e+01,4.338645935058593750e+01,5.212784957885742188e+01,5.402619934082031250e+01,5.043684005737304688e+01,5.154107666015625000e+01,5.243731689453125000e+01,8.920010375976562500e+01,1.009914855957031250e+02,8.750902557373046875e+01,7.846565246582031250e+01,7.664086914062500000e+01,7.461375427246093750e+01,8.165893554687500000e+01,8.631086730957031250e+01,8.559294128417968750e+01,8.548674011230468750e+01,8.199833679199218750e+01,8.980177307128906250e+01,9.367398071289062500e+01,9.365734100341796875e+01,8.328215026855468750e+01,7.570227050781250000e+01,7.667800903320312500e+01,8.265557861328125000e+01,8.105655670166015625e+01,7.531079101562500000e+01,8.134573364257812500e+01,8.991651916503906250e+01,9.117607879638671875e+01,8.722125244140625000e+01,8.078735351562500000e+01,6.535448455810546875e+01,4.617875671386718750e+01,7.221618652343750000e+01,9.364871215820312500e+01,9.853717041015625000e+01,9.862419891357421875e+01,9.926225280761718750e+01,9.825423431396484375e+01,8.576329040527343750e+01,7.412921142578125000e+01,6.952829742431640625e+01,6.602274322509765625e+01,6.152568054199218750e+01,6.548437500000000000e+01,7.340954589843750000e+01,8.080754852294921875e+01,8.867240905761718750e+01,9.052281951904296875e+01,5.962030792236328125e+01,1.991458320617675781e+01,1.589509129524230957e+00,-2.145194625854492188e+01,-4.256056976318359375e+01,-3.688697814941406250e+01,-1.058179092407226562e+01,3.067671394348144531e+01,5.955149078369140625e+01,6.705212402343750000e+01,6.602690124511718750e+01,6.787076568603515625e+01,7.495323181152343750e+01,7.509487915039062500e+01,8.008132934570312500e+01,9.070908355712890625e+01,8.997982788085937500e+01,8.659889984130859375e+01,8.449000549316406250e+01,7.072932434082031250e+01,5.055229568481445312e+01,7.404328918457031250e+01,9.185032653808593750e+01,7.190248107910156250e+01,6.122061157226562500e+01,6.028993988037109375e+01,6.530084991455078125e+01,5.973494720458984375e+01,6.619065856933593750e+01,7.616443634033203125e+01,7.616912078857421875e+01,8.036978149414062500e+01,8.851615905761718750e+01,8.991703796386718750e+01,8.836660766601562500e+01,9.068772125244140625e+01,9.179304504394531250e+01,9.389550781250000000e+01,9.065505981445312500e+01,8.944673919677734375e+01,8.009902954101562500e+01,6.975581359863281250e+01,6.930223083496093750e+01,5.521315002441406250e+01,3.355033111572265625e+01,1.350241851806640625e+01,9.642114639282226562e+00,1.895957183837890625e+01,5.213059997558593750e+01,6.731453704833984375e+01,6.586987304687500000e+01,6.556087493896484375e+01,6.001157379150390625e+01,6.271632003784179688e+01,8.638404846191406250e+01,1.112145843505859375e+02,1.052097625732421875e+02,8.861108398437500000e+01,8.769910430908203125e+01,9.274195098876953125e+01,9.154315185546875000e+01,9.179856872558593750e+01,9.586108398437500000e+01,9.398809814453125000e+01,1.013927307128906250e+02,1.059770431518554688e+02,1.100893859863281250e+02,1.097534408569335938e+02,1.003339309692382812e+02,8.363818359375000000e+01,6.925190734863281250e+01,6.020556640625000000e+01,6.392298126220703125e+01,6.178742599487304688e+01,3.414540100097656250e+01,2.202495956420898438e+01,3.982962417602539062e+01,4.881167984008789062e+01,5.525569915771484375e+01,6.006606674194335938e+01,5.967668151855468750e+01,5.944550323486328125e+01,6.225723266601562500e+01,6.054730224609375000e+01,5.908940124511718750e+01,5.727773666381835938e+01,5.523846435546875000e+01,5.708845520019531250e+01,5.842504882812500000e+01,5.708478546142578125e+01,6.442540740966796875e+01,6.362109375000000000e+01,5.960591888427734375e+01,5.776301956176757812e+01,5.770668792724609375e+01,5.813226318359375000e+01,5.852578735351562500e+01,5.349575424194335938e+01,5.250347900390625000e+01,5.671503448486328125e+01,5.863997268676757812e+01,6.005537796020507812e+01,5.616597747802734375e+01,5.501833724975585938e+01,6.050914764404296875e+01,6.397695159912109375e+01,6.207628631591796875e+01,6.160563278198242188e+01,5.734376525878906250e+01,6.004774475097656250e+01,5.890655517578125000e+01,5.192536163330078125e+01,5.047939682006835938e+01,4.911904144287109375e+01,4.877260589599609375e+01,6.108535003662109375e+01,8.179074096679687500e+01,9.001276397705078125e+01,9.927892303466796875e+01,9.814497375488281250e+01,8.591748809814453125e+01,5.195938110351562500e+01,3.121048164367675781e+01,1.624690628051757812e+01,7.875736236572265625e+00,3.874288940429687500e+01,6.619555664062500000e+01,8.321328735351562500e+01,8.843292236328125000e+01,8.640838623046875000e+01,8.366385650634765625e+01,7.737049865722656250e+01,7.364410400390625000e+01,7.019046020507812500e+01,6.269617462158203125e+01,5.717986297607421875e+01,6.094126129150390625e+01,6.321928405761718750e+01,6.719052124023437500e+01,6.269167327880859375e+01,5.511917114257812500e+01,5.671050262451171875e+01,6.326834487915039062e+01,6.499079895019531250e+01,6.337802505493164062e+01,6.309391021728515625e+01,5.947236251831054688e+01,6.403179168701171875e+01,6.773854064941406250e+01,6.160155487060546875e+01,5.566044616699218750e+01,5.435200119018554688e+01,6.245085906982421875e+01,6.774426269531250000e+01,6.509698486328125000e+01,6.542248535156250000e+01,6.328319549560546875e+01,6.560003662109375000e+01,6.316949844360351562e+01,5.911109924316406250e+01,6.039260101318359375e+01,6.350397109985351562e+01,6.642008972167968750e+01,7.084037780761718750e+01,5.989661788940429688e+01,4.966883850097656250e+01,4.681885528564453125e+01,6.566611480712890625e+01,6.826678466796875000e+01,6.039675140380859375e+01,5.695722198486328125e+01,6.412477111816406250e+01,7.561003112792968750e+01,8.080314636230468750e+01,8.328861236572265625e+01,8.389274597167968750e+01,7.381678771972656250e+01,6.214962005615234375e+01,5.378025054931640625e+01,5.204811859130859375e+01,5.375349426269531250e+01,6.287167358398437500e+01,7.790573120117187500e+01,8.028880310058593750e+01,7.955090332031250000e+01,3.557758331298828125e+01,2.539224624633789062e+00,8.795688748359680176e-01,2.123160934448242188e+01,5.227128219604492188e+01,8.076944732666015625e+01,9.165240478515625000e+01,8.371871948242187500e+01,7.033872222900390625e+01,6.772851562500000000e+01,5.599238967895507812e+01,5.008734893798828125e+01,5.684412384033203125e+01,6.780973815917968750e+01,8.508535003662109375e+01,9.545751953125000000e+01,9.854060363769531250e+01,8.571902465820312500e+01,7.879315185546875000e+01,7.881435394287109375e+01,7.493813323974609375e+01,7.478329467773437500e+01,9.244204711914062500e+01,9.562859344482421875e+01,1.004342346191406250e+02,1.001545562744140625e+02,9.660136413574218750e+01,9.051600646972656250e+01,8.277050781250000000e+01,8.546496582031250000e+01,9.569934082031250000e+01,9.893493652343750000e+01,7.412014770507812500e+01,7.208422851562500000e+01,9.185698699951171875e+01,9.534739685058593750e+01,1.071814270019531250e+02,1.074917602539062500e+02,1.034287414550781250e+02,1.014146728515625000e+02,1.096265106201171875e+02,1.124809875488281250e+02,1.060256500244140625e+02,9.515912628173828125e+01,8.982765197753906250e+01,9.443743133544921875e+01,9.900590515136718750e+01,9.276710510253906250e+01,8.459910583496093750e+01,7.820680236816406250e+01,6.752527618408203125e+01,7.018257904052734375e+01,6.772314453125000000e+01,6.808497619628906250e+01,7.538412475585937500e+01,7.388731384277343750e+01,5.914034271240234375e+01,3.536588287353515625e+01,3.236927032470703125e+01,4.887831497192382812e+01,5.646466827392578125e+01,6.037613296508789062e+01,5.686462783813476562e+01,5.375384140014648438e+01,4.432931518554687500e+01,4.451429367065429688e+01,5.249603271484375000e+01,4.828413009643554688e+01,5.067593383789062500e+01,5.715060806274414062e+01,4.737031936645507812e+01,4.602141952514648438e+01,5.173955154418945312e+01,5.692988586425781250e+01,6.069644165039062500e+01,6.639810180664062500e+01,6.907796478271484375e+01,6.606441497802734375e+01,6.295878601074218750e+01,6.209479904174804688e+01,6.403504943847656250e+01,6.578250885009765625e+01,6.543007659912109375e+01,6.492562866210937500e+01,6.778122711181640625e+01,6.397256469726562500e+01,5.008144760131835938e+01,5.761225891113281250e+01,7.388067626953125000e+01,8.277705383300781250e+01,8.060601806640625000e+01,7.429290008544921875e+01,8.016596221923828125e+01,9.460505676269531250e+01,9.440299987792968750e+01,8.544011688232421875e+01,7.881059265136718750e+01,7.652590179443359375e+01,7.341409301757812500e+01,7.707935333251953125e+01,8.135307312011718750e+01,8.663200378417968750e+01,8.570732116699218750e+01,6.055548095703125000e+01,4.014735412597656250e+01,2.343622779846191406e+01,1.495939731597900391e+01,1.680857849121093750e+01,2.339514923095703125e+01,2.258711433410644531e+01,2.708096504211425781e+01,3.708361053466796875e+01,4.877999877929687500e+01,6.209209060668945312e+01,6.817241668701171875e+01,7.146492004394531250e+01,7.525804901123046875e+01,7.482210540771484375e+01,7.483958435058593750e+01,7.546330261230468750e+01,7.866509246826171875e+01,7.811058044433593750e+01,8.332754516601562500e+01,8.593083953857421875e+01,7.610356140136718750e+01,7.856469726562500000e+01,8.674100494384765625e+01,7.935031127929687500e+01,7.385971069335937500e+01,6.272752380371093750e+01,5.234782409667968750e+01,3.972474670410156250e+01,3.876935195922851562e+01,5.034543991088867188e+01,5.257856369018554688e+01,6.363988876342773438e+01,6.879225158691406250e+01,6.845848083496093750e+01,5.409364318847656250e+01,4.835671997070312500e+01,6.122917556762695312e+01,6.972251892089843750e+01,8.077091979980468750e+01,8.358201599121093750e+01,8.022648620605468750e+01,7.870612335205078125e+01,7.450698089599609375e+01,7.696952819824218750e+01,8.137062835693359375e+01,8.501562500000000000e+01,9.018817138671875000e+01,9.004523468017578125e+01,9.374208831787109375e+01,1.007678375244140625e+02,9.843426513671875000e+01,9.524076843261718750e+01,9.045887756347656250e+01,8.694216918945312500e+01,8.314328002929687500e+01,7.834234619140625000e+01,8.157933044433593750e+01,7.963849639892578125e+01,7.695176696777343750e+01,7.439958190917968750e+01,7.748841857910156250e+01,8.059350585937500000e+01,8.872409057617187500e+01,9.187716674804687500e+01,8.516929626464843750e+01,7.904623413085937500e+01,7.379330444335937500e+01,6.977554321289062500e+01,6.629302978515625000e+01,7.321248626708984375e+01,6.734108734130859375e+01,6.476038360595703125e+01,6.237174224853515625e+01,6.335791397094726562e+01,6.902850341796875000e+01,7.132083129882812500e+01,7.118117523193359375e+01,6.720300292968750000e+01,6.503759002685546875e+01,6.600849914550781250e+01,6.863775634765625000e+01,6.557585144042968750e+01,5.929656982421875000e+01,7.010334777832031250e+01,9.234211730957031250e+01,1.065085144042968750e+02,9.944107055664062500e+01,9.011489868164062500e+01,9.183685302734375000e+01,7.608419799804687500e+01,3.741091918945312500e+01,2.286340332031250000e+01,1.581660461425781250e+01,1.770536613464355469e+01,1.562896060943603516e+01,1.002798938751220703e+01,5.212824821472167969e+00,5.018006324768066406e+00,1.032417869567871094e+01,2.042128753662109375e+01,3.351448822021484375e+01,4.654338073730468750e+01,5.280067825317382812e+01,5.558917236328125000e+01,4.229388809204101562e+01,8.632799148559570312e+00,-1.707533073425292969e+01,-2.016434860229492188e+01,7.058611869812011719e+00,4.084526443481445312e+01,5.469126510620117188e+01,6.813414001464843750e+01,7.357761383056640625e+01,7.462506103515625000e+01,8.447713470458984375e+01,9.194824981689453125e+01,9.862020111083984375e+01,9.871276092529296875e+01,8.629098510742187500e+01,7.533152770996093750e+01,7.145867919921875000e+01,6.276473999023437500e+01,5.403162384033203125e+01,5.381060791015625000e+01,5.832012939453125000e+01,5.606818389892578125e+01,6.939903259277343750e+01,7.481890869140625000e+01,6.581983184814453125e+01,5.310877227783203125e+01,5.244062805175781250e+01,6.206579589843750000e+01,7.072929382324218750e+01,5.215927124023437500e+01,3.500936126708984375e+01,5.113507843017578125e+01,6.262867736816406250e+01,6.253205108642578125e+01,5.960392761230468750e+01,4.936949157714843750e+01,2.412302970886230469e+01,-8.308807015419006348e-01,-1.159218668937683105e+00,2.038445472717285156e+01,5.033003997802734375e+01,7.498400115966796875e+01,9.374812316894531250e+01,9.853167724609375000e+01,9.781599426269531250e+01,1.088912658691406250e+02,1.133889389038085938e+02,1.103278961181640625e+02,1.005525665283203125e+02,1.015419616699218750e+02,1.004669189453125000e+02,1.023326416015625000e+02,9.393872070312500000e+01,8.187263488769531250e+01,7.839854431152343750e+01,7.266030883789062500e+01,7.545647430419921875e+01,8.509042358398437500e+01,8.894882965087890625e+01,8.847389221191406250e+01,9.885005187988281250e+01,1.037641906738281250e+02,1.070392379760742188e+02,1.095455703735351562e+02,1.088650207519531250e+02,1.064761276245117188e+02,9.734868621826171875e+01,9.130682373046875000e+01,9.418164062500000000e+01,9.257632446289062500e+01,9.946556854248046875e+01,1.005033340454101562e+02,9.910003662109375000e+01,9.885778045654296875e+01,1.031880340576171875e+02,1.010556945800781250e+02,9.813463592529296875e+01,9.427697753906250000e+01,9.353408050537109375e+01,9.567614746093750000e+01,9.925068664550781250e+01,9.672264099121093750e+01,9.411580657958984375e+01,9.419964599609375000e+01,9.366558074951171875e+01,8.928575134277343750e+01,8.797978210449218750e+01,7.953672790527343750e+01,7.281250000000000000e+01,7.352430725097656250e+01,6.928459930419921875e+01,6.607407379150390625e+01,6.523041534423828125e+01,5.953487396240234375e+01,5.741073608398437500e+01,6.051142120361328125e+01,6.027197265625000000e+01,6.496286010742187500e+01,6.996206665039062500e+01,6.470575714111328125e+01,6.504508972167968750e+01,6.812600708007812500e+01,3.590301895141601562e+01,9.486679077148437500e+00,-1.163511848449707031e+01,-1.049678611755371094e+01,3.854656219482421875e+01,7.048652648925781250e+01,8.044172668457031250e+01,8.672163391113281250e+01,7.994497680664062500e+01,6.708547973632812500e+01,7.321543884277343750e+01,7.984149169921875000e+01,8.797908020019531250e+01,9.088299560546875000e+01,8.278381347656250000e+01,6.860890197753906250e+01,8.520126342773437500e+01,9.941882324218750000e+01,9.389815521240234375e+01,8.350480651855468750e+01,4.969943237304687500e+01,3.421147155761718750e+01,4.543652343750000000e+01,7.502755737304687500e+01,6.815229797363281250e+01,5.139443206787109375e+01,4.525288391113281250e+01,4.914485168457031250e+01,5.068927001953125000e+01,4.775920104980468750e+01,2.744212913513183594e+01,1.100232219696044922e+01,-2.093316078186035156e+00,-3.997020244598388672e+00,5.195200920104980469e+00,4.074698638916015625e+01,6.826352691650390625e+01,6.565226745605468750e+01,4.071093750000000000e+01,1.620454788208007812e+01,7.435175895690917969e+00,2.005163574218750000e+01,4.714521026611328125e+01,7.226498413085937500e+01,8.312501525878906250e+01,7.979887390136718750e+01,7.353999328613281250e+01,6.543769073486328125e+01,6.426361083984375000e+01,6.281469726562500000e+01,6.865167236328125000e+01,7.856254577636718750e+01,9.230123901367187500e+01,9.019374084472656250e+01,8.908740997314453125e+01,8.486991882324218750e+01,8.402644348144531250e+01,9.067617797851562500e+01,9.869206237792968750e+01,9.704074096679687500e+01,9.405021667480468750e+01,8.906893157958984375e+01,8.511029052734375000e+01,7.984272003173828125e+01,7.820581054687500000e+01,8.049514770507812500e+01,8.664906311035156250e+01,9.492287445068359375e+01,9.433895111083984375e+01,9.165745544433593750e+01,8.000967407226562500e+01,3.498254394531250000e+01,-6.593420982360839844e+00,-3.033153152465820312e+01,-3.090973472595214844e+01,-2.757018089294433594e+01,-2.997339630126953125e+01,-2.592760467529296875e+01,-4.105800151824951172e+00,3.852862548828125000e+01,6.770138549804687500e+01,8.113393402099609375e+01,8.236461639404296875e+01,8.004640197753906250e+01,8.012324523925781250e+01,7.342416381835937500e+01,7.312159729003906250e+01,6.915136718750000000e+01,6.438081359863281250e+01,5.277395629882812500e+01,4.226710128784179688e+01,3.806876373291015625e+01,2.995168685913085938e+01,2.788048934936523438e+01,3.378604888916015625e+01,4.280637359619140625e+01,5.535085296630859375e+01,5.816114044189453125e+01,6.308766937255859375e+01,6.110732650756835938e+01,5.590698623657226562e+01,5.494352722167968750e+01,6.109622955322265625e+01,6.564472198486328125e+01,5.693929290771484375e+01,4.277418136596679688e+01,3.185952758789062500e+01,2.912620162963867188e+01,2.884314537048339844e+01,2.079756927490234375e+01,1.892806625366210938e+01,2.230297088623046875e+01,2.387363815307617188e+01,1.925129890441894531e+01,1.811495018005371094e+01,2.086899185180664062e+01,2.388625335693359375e+01,2.117632293701171875e+01,1.810526466369628906e+01,1.801851272583007812e+01,2.213952255249023438e+01,1.508424377441406250e+01,7.367344856262207031e+00,9.170161247253417969e+00,1.014483833312988281e+01,1.031513786315917969e+01,1.715974998474121094e+01,2.808347702026367188e+01,3.936273193359375000e+01,5.161337280273437500e+01,5.379111480712890625e+01,5.565122985839843750e+01,5.694958114624023438e+01,5.850288009643554688e+01,6.011452484130859375e+01,6.422384643554687500e+01,6.801963806152343750e+01,6.223912048339843750e+01,5.926258087158203125e+01,5.872381973266601562e+01,5.767153167724609375e+01,5.169285583496093750e+01,5.102497100830078125e+01,5.507302856445312500e+01,5.909603118896484375e+01,5.934833526611328125e+01,2.005437469482421875e+01,1.016127300262451172e+01,1.708534622192382812e+01,1.902895736694335938e+01,3.912587356567382812e+01,4.911826324462890625e+01,5.026003646850585938e+01,5.352137374877929688e+01,5.837517547607421875e+01,5.245707321166992188e+01,4.013390350341796875e+01,2.678973007202148438e+01,3.766879272460937500e+01,5.089591598510742188e+01,6.007443237304687500e+01,6.584300231933593750e+01,6.268252563476562500e+01,5.179503631591796875e+01,4.192524719238281250e+01,3.148706054687500000e+01,3.361476135253906250e+01,3.832585525512695312e+01,4.938398742675781250e+01,5.834794616699218750e+01,6.183411407470703125e+01,6.366560363769531250e+01,6.231446838378906250e+01,3.483274841308593750e+01,2.629975318908691406e+00,-1.373089218139648438e+01,-2.008865737915039062e+01,-2.305137443542480469e+01,-6.982670783996582031e+00,1.671379661560058594e+01,1.443816375732421875e+01,-2.164495658874511719e+01,-2.412130355834960938e+01,-1.108120727539062500e+01,1.036548805236816406e+01,2.524770355224609375e+01,3.845623779296875000e+01,4.027264404296875000e+01,3.966381454467773438e+01,4.602067565917968750e+01,4.584445953369140625e+01,2.884075927734375000e+01,2.946735382080078125e+01,4.979169464111328125e+01,5.989139556884765625e+01,7.318026733398437500e+01,9.642367553710937500e+01,9.357936096191406250e+01,7.603277587890625000e+01,6.467542266845703125e+01,7.667169189453125000e+01,8.712059783935546875e+01,7.541984558105468750e+01,6.685548400878906250e+01,7.046698760986328125e+01,8.474823760986328125e+01,8.957279968261718750e+01,8.147593688964843750e+01,5.404462432861328125e+01,3.074689674377441406e+01,5.110783386230468750e+01,5.663627624511718750e+01,5.929428863525390625e+01,7.018888854980468750e+01,7.457524108886718750e+01,7.436262512207031250e+01,6.043495559692382812e+01,2.258099174499511719e+01,-9.736810684204101562e+00,-2.038121414184570312e+01,-1.642030525207519531e+01,6.881478309631347656e+00,4.901863861083984375e+01,6.182287597656250000e+01,5.986415100097656250e+01,6.368087768554687500e+01,6.740286254882812500e+01,7.391577148437500000e+01,7.723149108886718750e+01,7.723931121826171875e+01,7.485866546630859375e+01,4.502211761474609375e+01,1.817089462280273438e+01,1.019723176956176758e+00,-1.141412353515625000e+01,-2.055492019653320312e+01,-2.226514816284179688e+01,-2.393817138671875000e+01,-2.993124580383300781e+01,-3.225417327880859375e+01,-2.901198768615722656e+01,-2.051803970336914062e+01,-3.544077157974243164e+00,1.958750534057617188e+01,3.103051757812500000e+01,4.563264465332031250e+01,4.489936065673828125e+01,4.850933074951171875e+01,6.817953491210937500e+01,7.253096008300781250e+01,6.768798828125000000e+01,6.740014648437500000e+01,6.673364257812500000e+01,6.511459350585937500e+01,7.109379577636718750e+01,8.106031799316406250e+01,8.359201049804687500e+01,1.025340423583984375e+02,1.057196197509765625e+02,1.023108825683593750e+02,1.098525390625000000e+02,1.098630905151367188e+02,1.015316162109375000e+02,9.604094696044921875e+01,1.020654907226562500e+02,1.095597686767578125e+02,1.087592010498046875e+02,1.010102996826171875e+02,8.469223785400390625e+01,7.433744812011718750e+01,7.261355590820312500e+01,6.990542602539062500e+01,6.473381805419921875e+01,6.693473052978515625e+01,6.517554473876953125e+01,6.688864135742187500e+01,7.166531372070312500e+01,7.862785339355468750e+01,8.341183471679687500e+01,7.946434020996093750e+01,8.043389129638671875e+01,8.255313110351562500e+01,7.895603179931640625e+01,7.484953308105468750e+01,7.462351989746093750e+01,7.250103759765625000e+01,6.770143127441406250e+01,4.934656524658203125e+01,5.608589172363281250e+01,7.279324340820312500e+01,8.066136169433593750e+01,8.654376220703125000e+01,9.195344543457031250e+01,9.179199218750000000e+01,9.018553161621093750e+01,8.715822601318359375e+01,8.948246765136718750e+01,1.045886077880859375e+02,1.077903289794921875e+02,9.804000854492187500e+01,8.737101745605468750e+01,6.475509643554687500e+01,3.908624267578125000e+01,1.994610977172851562e+01,1.426420688629150391e+01,1.249720954895019531e+01,1.251138114929199219e+01,1.761420440673828125e+01,2.474051284790039062e+01,3.509318161010742188e+01,5.014398956298828125e+01,5.962551879882812500e+01,6.788516235351562500e+01,5.607826232910156250e+01,1.624321746826171875e+01,-1.058322334289550781e+01,-2.279578399658203125e+01,-3.229611206054687500e+01,-2.970301818847656250e+01,-1.841687202453613281e+01,1.303474664688110352e+00,1.752105712890625000e+01,2.900765609741210938e+01,3.694965744018554688e+01,6.024039459228515625e+01,6.543750000000000000e+01,6.909953308105468750e+01,7.075646972656250000e+01,7.187268066406250000e+01,7.961531066894531250e+01,8.462121582031250000e+01,8.111633300781250000e+01,8.012364196777343750e+01,8.684654235839843750e+01,9.891317749023437500e+01,1.054624252319335938e+02,1.050356979370117188e+02,1.083665771484375000e+02,1.017963714599609375e+02,9.836061096191406250e+01,1.018387451171875000e+02,9.570255279541015625e+01,9.275780487060546875e+01,9.217451477050781250e+01,8.933399963378906250e+01,7.966847229003906250e+01,6.527065277099609375e+01,7.630918884277343750e+01,8.354672241210937500e+01,8.631138610839843750e+01,9.752128601074218750e+01,1.062462158203125000e+02,1.016327819824218750e+02,9.458923339843750000e+01,7.673313903808593750e+01,6.429821014404296875e+01,7.615327453613281250e+01,8.799369812011718750e+01,8.698596191406250000e+01,8.183985900878906250e+01,7.654525756835937500e+01,7.019561767578125000e+01,6.718650817871093750e+01,6.280543518066406250e+01,6.548225402832031250e+01,8.122650146484375000e+01,9.434606933593750000e+01,9.157073974609375000e+01,8.594894409179687500e+01,7.290544128417968750e+01,8.107057189941406250e+01,8.594738769531250000e+01,8.577133178710937500e+01,9.554205322265625000e+01,1.006268615722656250e+02,9.384334564208984375e+01,6.579052734375000000e+01,6.868174743652343750e+01,7.407608032226562500e+01,6.212288665771484375e+01,4.652913665771484375e+01,3.149658203125000000e+01,2.340013504028320312e+01,3.032995414733886719e+01,5.303076171875000000e+01,6.908842468261718750e+01,8.536975097656250000e+01,1.011712188720703125e+02,1.059274063110351562e+02,1.054388275146484375e+02,1.161259078979492188e+02,1.211329040527343750e+02,1.247380599975585938e+02,1.186292953491210938e+02,1.185966796875000000e+02,1.112833557128906250e+02,1.068976745605468750e+02,1.101449127197265625e+02,1.068319549560546875e+02,9.896398925781250000e+01,9.018943023681640625e+01,8.008084106445312500e+01,7.654936218261718750e+01,7.871578979492187500e+01,7.402369689941406250e+01,7.222171020507812500e+01,7.036120605468750000e+01,6.949980163574218750e+01,6.992479705810546875e+01,6.829644775390625000e+01,6.750352478027343750e+01,6.879042053222656250e+01,6.488357543945312500e+01,6.833161926269531250e+01,7.504341125488281250e+01,7.206069946289062500e+01,7.235559082031250000e+01,7.280728149414062500e+01,7.237028503417968750e+01,6.895321655273437500e+01,7.150737762451171875e+01,7.645506286621093750e+01,7.214076232910156250e+01,7.307684326171875000e+01,7.799359130859375000e+01,7.800160217285156250e+01,6.604930114746093750e+01,6.156060791015625000e+01,9.312344360351562500e+01,1.075546112060546875e+02,1.097247772216796875e+02,1.118858489990234375e+02,1.060917358398437500e+02,1.056380462646484375e+02,1.031411285400390625e+02,8.802500915527343750e+01,6.716653442382812500e+01,5.567570495605468750e+01,4.719135665893554688e+01,5.318880462646484375e+01,5.843378829956054688e+01,6.034375762939453125e+01,7.624136352539062500e+01,8.305728149414062500e+01,8.897154235839843750e+01,9.155809020996093750e+01,8.009210205078125000e+01,5.279260635375976562e+01,2.367015647888183594e+01,1.055341911315917969e+01,4.857316493988037109e+00,-1.635933995246887207e+00,-2.008975219726562500e+01,-2.403330230712890625e+01,-2.099755096435546875e+01,-1.396404266357421875e+01,-9.393973350524902344e+00,8.153629899024963379e-01,5.072740173339843750e+01,8.277719116210937500e+01,8.343782043457031250e+01,8.723087310791015625e+01,8.662080383300781250e+01,8.866128540039062500e+01,9.339215087890625000e+01,9.907509613037109375e+01,9.939163970947265625e+01,9.375585174560546875e+01,9.193807983398437500e+01,7.097266387939453125e+01,5.561153793334960938e+01,5.377908325195312500e+01,5.990416717529296875e+01,7.557582092285156250e+01,7.697012329101562500e+01,7.316332244873046875e+01,7.802865600585937500e+01,7.517965698242187500e+01,7.724951934814453125e+01,7.832579803466796875e+01,7.922959899902343750e+01,7.574807739257812500e+01,7.158879852294921875e+01,7.400212860107421875e+01,8.000567626953125000e+01,7.599520874023437500e+01,7.337445068359375000e+01,7.418176269531250000e+01,7.891804504394531250e+01,8.042002868652343750e+01,7.793000793457031250e+01,7.451065063476562500e+01,7.464485168457031250e+01,7.736069488525390625e+01,7.064640808105468750e+01,7.104946136474609375e+01,8.087287902832031250e+01,8.010156250000000000e+01,8.382386779785156250e+01,9.026351165771484375e+01,9.897016906738281250e+01,1.003435821533203125e+02,1.002657928466796875e+02,1.023103866577148438e+02,9.487956237792968750e+01,8.976927947998046875e+01,9.282333374023437500e+01,9.461293029785156250e+01,7.309249114990234375e+01,6.658671569824218750e+01,6.904354858398437500e+01,7.033412170410156250e+01,7.125117492675781250e+01,7.412507629394531250e+01,8.337716674804687500e+01,8.443736267089843750e+01,8.460392761230468750e+01,8.246884918212890625e+01,8.629473114013671875e+01,9.621102905273437500e+01,9.950824737548828125e+01,1.000092773437500000e+02,1.005964508056640625e+02,8.931925201416015625e+01,9.690026092529296875e+01,1.087733001708984375e+02,1.056997985839843750e+02,1.057153472900390625e+02,1.082838897705078125e+02,1.019934692382812500e+02,9.464659881591796875e+01,7.537355041503906250e+01,7.269272613525390625e+01,7.276754760742187500e+01,6.891131591796875000e+01,7.506961059570312500e+01,8.249949645996093750e+01,7.985372924804687500e+01,8.720742797851562500e+01,9.072638702392578125e+01,8.831936645507812500e+01,5.438135528564453125e+01,1.194429492950439453e+01,-4.298250675201416016e+00,-2.200035810470581055e+00,-4.353566169738769531e+00,-1.423719882965087891e+00,2.218357849121093750e+01,4.502759552001953125e+01,5.493215179443359375e+01,4.247476196289062500e+01,3.602858734130859375e+01,4.757600021362304688e+01,5.904256439208984375e+01,6.795173645019531250e+01,7.642404937744140625e+01,7.536682891845703125e+01,4.326518249511718750e+01,1.267713737487792969e+01,-6.011477470397949219e+00,-7.397156715393066406e+00,6.502512097358703613e-01,2.551183319091796875e+01,3.789677429199218750e+01,2.657481384277343750e+01,4.157585525512695312e+01,6.930740356445312500e+01,7.152742004394531250e+01,7.505881500244140625e+01,8.112983703613281250e+01,9.296443939208984375e+01,9.031301879882812500e+01,8.415052795410156250e+01,8.470280456542968750e+01,8.449111938476562500e+01,8.258321380615234375e+01,8.862755584716796875e+01,8.837039184570312500e+01,9.053679656982421875e+01,8.637576293945312500e+01,7.875189208984375000e+01,7.342088317871093750e+01,6.386032867431640625e+01,5.274991607666015625e+01,5.289786911010742188e+01,5.762667846679687500e+01,6.758843994140625000e+01,7.296944427490234375e+01,7.508323669433593750e+01,7.645518493652343750e+01,7.821243286132812500e+01,9.085444641113281250e+01,9.123193359375000000e+01,8.889578247070312500e+01,8.940696716308593750e+01,8.000531768798828125e+01,7.795634460449218750e+01,7.951005554199218750e+01,8.315173339843750000e+01,8.786083221435546875e+01,8.671488952636718750e+01,8.432875823974609375e+01,7.927687072753906250e+01,6.381282043457031250e+01,4.439737701416015625e+01,3.592436218261718750e+01,4.384343719482421875e+01,4.051433563232421875e+01,4.123554611206054688e+01,4.639649963378906250e+01,4.907114028930664062e+01,5.341342163085937500e+01,4.970401763916015625e+01,4.297027587890625000e+01,3.665504455566406250e+01,2.862588119506835938e+01,2.364175987243652344e+01,2.276782226562500000e+01,2.537197494506835938e+01,3.728075790405273438e+01,4.779299163818359375e+01,5.531740570068359375e+01,6.688269805908203125e+01,7.502217102050781250e+01,8.508349609375000000e+01,9.162675476074218750e+01,9.454070281982421875e+01,8.805499267578125000e+01,7.646910095214843750e+01,7.207616424560546875e+01,7.643467712402343750e+01,8.420606231689453125e+01,9.128703308105468750e+01,9.663993835449218750e+01,9.441323089599609375e+01,9.384826660156250000e+01,8.805061340332031250e+01,8.219895172119140625e+01,8.006087493896484375e+01,1.046467895507812500e+02,1.030905914306640625e+02,9.480055236816406250e+01,8.727986145019531250e+01,8.661151123046875000e+01,8.796932983398437500e+01,9.569462585449218750e+01,1.041009674072265625e+02,1.095794830322265625e+02,1.102180480957031250e+02,1.026692962646484375e+02,1.051455383300781250e+02,1.057160949707031250e+02,1.015221862792968750e+02,9.345706176757812500e+01,9.425784301757812500e+01,9.540800476074218750e+01,8.599850463867187500e+01,8.086523437500000000e+01,7.811106109619140625e+01,7.273226928710937500e+01,6.953516387939453125e+01,7.097430419921875000e+01,6.906777954101562500e+01,6.891032409667968750e+01,6.660243225097656250e+01,6.877906799316406250e+01,6.768677520751953125e+01,6.511366271972656250e+01,6.663177490234375000e+01,7.074157714843750000e+01,6.907113647460937500e+01,5.958853149414062500e+01,5.511601638793945312e+01,5.681105422973632812e+01,6.432503509521484375e+01,6.972457122802734375e+01,6.284667968750000000e+01,6.280068969726562500e+01,6.357099151611328125e+01,6.750149536132812500e+01,6.835779571533203125e+01,6.547143554687500000e+01,6.550019836425781250e+01,6.989370727539062500e+01,6.775999450683593750e+01,6.611614227294921875e+01,6.541973876953125000e+01,6.662303161621093750e+01,6.537471771240234375e+01,6.405416870117187500e+01,6.878182983398437500e+01,6.630509948730468750e+01,6.484473419189453125e+01,6.783790588378906250e+01,6.826425933837890625e+01,6.244451141357421875e+01,4.847946166992187500e+01,3.551760864257812500e+01,3.576144409179687500e+01,3.482521820068359375e+01,2.717070770263671875e+01,-5.074668884277343750e+00,-3.284323501586914062e+01,-4.551480102539062500e+01,-4.410276794433593750e+01,-2.678830718994140625e+01,-8.596577644348144531e+00,2.095398330688476562e+01,6.528285217285156250e+01,8.479792785644531250e+01,9.574563598632812500e+01,1.002888488769531250e+02,9.869533538818359375e+01,1.009115371704101562e+02,1.062501678466796875e+02,1.117015151977539062e+02,1.109360961914062500e+02,1.121153259277343750e+02,1.035253906250000000e+02,9.262164306640625000e+01,9.102722930908203125e+01,6.228710174560546875e+01,4.258977890014648438e+00,1.914113998413085938e+00,2.734586143493652344e+01,4.239089202880859375e+01,5.072705078125000000e+01,5.842484283447265625e+01,5.715161895751953125e+01,5.442253875732421875e+01,2.659957122802734375e+01,-4.225997447967529297e+00,-1.752042007446289062e+01,-2.188977050781250000e+01,-2.517396545410156250e+01,1.270686244964599609e+01,5.482028961181640625e+01,7.354956054687500000e+01,8.680593872070312500e+01,8.989213562011718750e+01,7.229383087158203125e+01,5.620813751220703125e+01,6.450148010253906250e+01,7.507415008544921875e+01,8.724809265136718750e+01,8.079206848144531250e+01,4.524063110351562500e+01,2.252655029296875000e+01,-5.140695571899414062e+00,-2.080518722534179688e+01,-2.979792213439941406e+01,-1.787256622314453125e+01,1.651333236694335938e+01,4.645997619628906250e+01,6.158493041992187500e+01,6.487194824218750000e+01,6.387142181396484375e+01,6.024409484863281250e+01,6.595783233642578125e+01,6.814299774169921875e+01,7.196398925781250000e+01,6.649922180175781250e+01,6.560070037841796875e+01,6.503186798095703125e+01,6.367871093750000000e+01,6.437322235107421875e+01,6.429472351074218750e+01,6.578272247314453125e+01,6.548284912109375000e+01,6.693450164794921875e+01,7.436521911621093750e+01,7.658784484863281250e+01,7.048794555664062500e+01,6.966084289550781250e+01,7.566928863525390625e+01,7.143542480468750000e+01,7.467084503173828125e+01,7.397421264648437500e+01,7.186459350585937500e+01,6.999708557128906250e+01,6.530874633789062500e+01,7.019564056396484375e+01,7.633649444580078125e+01,7.789437866210937500e+01,7.618469238281250000e+01,7.778816223144531250e+01,8.571936035156250000e+01,8.777691650390625000e+01,6.792372131347656250e+01,5.234700393676757812e+01,5.484120941162109375e+01,7.146197509765625000e+01,7.904891967773437500e+01,8.640965270996093750e+01,1.026163482666015625e+02,9.447367858886718750e+01,8.641371154785156250e+01,6.457920074462890625e+01,1.882365417480468750e+01,-1.226198077201843262e-01,-2.425933361053466797e+00,-4.800426006317138672e+00,1.497869110107421875e+01,5.038880920410156250e+01,6.762422180175781250e+01,6.829203796386718750e+01,4.738449096679687500e+01,3.103117752075195312e+01,2.440750885009765625e+01,2.786370849609375000e+01,2.843214225769042969e+01,4.646141052246093750e+01,6.582762145996093750e+01,7.456146240234375000e+01,7.228160095214843750e+01,5.879016876220703125e+01,5.746967697143554688e+01,6.563552093505859375e+01,5.026074218750000000e+01,1.277044868469238281e+01,-4.307415962219238281e+00,-9.543580055236816406e+00,-8.450528144836425781e+00,1.838361358642578125e+01,4.024547576904296875e+01,5.462863922119140625e+01,4.917708206176757812e+01,3.606462097167968750e+01,5.256456756591796875e+01,9.669905090332031250e+01,1.085960540771484375e+02,9.956594848632812500e+01,9.651050567626953125e+01,9.414353942871093750e+01,9.187162780761718750e+01,9.328836822509765625e+01,9.412698364257812500e+01,8.731261444091796875e+01,4.769067764282226562e+01,1.849582862854003906e+01,4.590443611145019531e+00,-1.336043477058410645e+00,2.482915639877319336e+00,-4.488915205001831055e-01,9.524260520935058594e+00,2.325314903259277344e+01,4.727143859863281250e+01,6.793504333496093750e+01,7.460043334960937500e+01,6.907498168945312500e+01,7.512849426269531250e+01,8.017499542236328125e+01,8.062329101562500000e+01,7.224448394775390625e+01,7.237271118164062500e+01,6.981764221191406250e+01,6.929312133789062500e+01,7.036649322509765625e+01,7.197087097167968750e+01,7.265158843994140625e+01,7.112145996093750000e+01,6.879829406738281250e+01,6.681610107421875000e+01,6.825141906738281250e+01,6.322006988525390625e+01,4.731918334960937500e+01,5.071532821655273438e+01,5.756985092163085938e+01,5.221318054199218750e+01,5.849913024902343750e+01,6.177666091918945312e+01,6.921908569335937500e+01,7.037400054931640625e+01,5.785680389404296875e+01,2.831352424621582031e+01,2.387054920196533203e+00,-2.089759063720703125e+01,-1.918050575256347656e+01,2.987816619873046875e+01,6.783726501464843750e+01,7.511789703369140625e+01,8.383942413330078125e+01,8.598596954345703125e+01,5.283942413330078125e+01,3.471390151977539062e+01,2.793177223205566406e+01,3.323515319824218750e+01,3.842178344726562500e+01,1.382205390930175781e+01,-4.784542083740234375e+00,-2.375033569335937500e+01,-2.762932968139648438e+01,-2.028118515014648438e+01,6.330546379089355469e+00,2.932395172119140625e+01,3.996918487548828125e+01,4.564552307128906250e+01,5.121784973144531250e+01,5.936801528930664062e+01,6.691724395751953125e+01,7.341733551025390625e+01,5.688238525390625000e+01,4.126456451416015625e+01,4.512004089355468750e+01,5.444421386718750000e+01,6.023445129394531250e+01,6.115420532226562500e+01,5.902733612060546875e+01,6.819706726074218750e+01,8.519168090820312500e+01,8.103919982910156250e+01,3.619656372070312500e+01,6.486382961273193359e+00,-5.065211296081542969e+00,-1.863624954223632812e+01,-4.234859085083007812e+01,-3.744245910644531250e+01,-7.154121398925781250e-01,2.355800628662109375e+01,2.979412841796875000e+01,5.334569549560546875e+01,6.549182128906250000e+01,7.070288085937500000e+01,7.791323089599609375e+01,8.051177215576171875e+01,8.621047973632812500e+01,9.282717132568359375e+01,9.578391265869140625e+01,1.060882873535156250e+02,1.039175567626953125e+02,8.711705017089843750e+01,4.284931945800781250e+01,1.506958103179931641e+01,2.738161087036132812e+00,-6.513915061950683594e+00,-7.846528053283691406e+00,1.167862892150878906e+01,2.646256637573242188e+01,-7.217206001281738281e+00,-1.903693771362304688e+01,1.883274197578430176e+00,1.465316534042358398e+00,-1.836113357543945312e+01,-2.728739166259765625e+01,-2.828834152221679688e+01,-3.568993759155273438e+01,-3.401056671142578125e+01,-9.508258819580078125e+00,2.601731681823730469e+01,5.086861419677734375e+01,6.162868499755859375e+01,5.851161193847656250e+01,6.055721282958984375e+01,6.799060821533203125e+01,7.334382629394531250e+01,7.147984313964843750e+01,3.121875000000000000e+01,-1.583612918853759766e+01,-2.288688659667968750e+01,-1.296710681915283203e+01,4.156232833862304688e+00,1.136776161193847656e+01,2.258763504028320312e+01,6.812768554687500000e+01,8.960138702392578125e+01,9.214237976074218750e+01,9.319674682617187500e+01,8.938888549804687500e+01,8.809025573730468750e+01,8.822856140136718750e+01,9.223738861083984375e+01,9.273796081542968750e+01,9.260237121582031250e+01,8.877967834472656250e+01,8.098173522949218750e+01,8.187786865234375000e+01,8.801840209960937500e+01,9.045711517333984375e+01,8.705586242675781250e+01,8.740599822998046875e+01,8.809093475341796875e+01,8.638072204589843750e+01,8.009960937500000000e+01,7.694982910156250000e+01,7.958546447753906250e+01,1.018136901855468750e+02,1.100802307128906250e+02,1.040646133422851562e+02,9.697430419921875000e+01,9.915354919433593750e+01,1.044047775268554688e+02,1.126807861328125000e+02,1.199646148681640625e+02,1.212282562255859375e+02,1.176393203735351562e+02,1.136334381103515625e+02,1.080701141357421875e+02,1.009113693237304688e+02,9.844259643554687500e+01,9.147027587890625000e+01,8.576795959472656250e+01,8.154888916015625000e+01,7.837691497802734375e+01,7.887723541259765625e+01,7.065599060058593750e+01,5.872665405273437500e+01,5.987841796875000000e+01,6.099378967285156250e+01,6.546537780761718750e+01,7.610934448242187500e+01,6.835928344726562500e+01,6.127758789062500000e+01,6.337649536132812500e+01,6.470391845703125000e+01,6.605337524414062500e+01,7.125576782226562500e+01,6.776188659667968750e+01,6.399124526977539062e+01,6.403441619873046875e+01,6.853789520263671875e+01,7.252815246582031250e+01,7.061650085449218750e+01,7.040229797363281250e+01,7.000826263427734375e+01,6.691943359375000000e+01,6.429429626464843750e+01,6.417515563964843750e+01,5.794189453125000000e+01,4.439293670654296875e+01,4.030463409423828125e+01,5.001619720458984375e+01,6.344509887695312500e+01,6.636610412597656250e+01,6.614324951171875000e+01,6.131675720214843750e+01,5.948139190673828125e+01,6.488652038574218750e+01,6.119631958007812500e+01,5.380284118652343750e+01,5.799259185791015625e+01,5.246627044677734375e+01,5.624850463867187500e+01,6.534358215332031250e+01,7.973838806152343750e+01,9.116888427734375000e+01,9.315477752685546875e+01,9.188032531738281250e+01,7.139717864990234375e+01,5.773141098022460938e+01,5.619542694091796875e+01,7.207418060302734375e+01,8.486090087890625000e+01,9.246340942382812500e+01,8.779261016845703125e+01,8.958219146728515625e+01,9.079269409179687500e+01,8.949343872070312500e+01,7.747978210449218750e+01,7.100862121582031250e+01,7.061495971679687500e+01,7.316967010498046875e+01,8.051499938964843750e+01,8.458628845214843750e+01,8.361929321289062500e+01,8.103248596191406250e+01,6.597106933593750000e+01,4.646780395507812500e+01,8.535415649414062500e+00,-2.150316619873046875e+01,-3.563454437255859375e+01,-3.975459671020507812e+01,-4.382273101806640625e+01,-4.100144958496093750e+01,-2.079298782348632812e+01,1.489874267578125000e+01,5.994195556640625000e+01,8.185494995117187500e+01,8.135994720458984375e+01,8.231874084472656250e+01,8.828041839599609375e+01,9.840419006347656250e+01,1.077688293457031250e+02,1.059423294067382812e+02,4.826038360595703125e+01,5.283358097076416016e+00,-5.738057613372802734e+00,8.649781227111816406e+00,2.455217933654785156e+01,1.772992324829101562e+01,2.862340545654296875e+01,4.945975494384765625e+01,4.713584136962890625e+01,3.825066375732421875e+01,3.401157760620117188e+01,3.805252075195312500e+01,5.960251617431640625e+01,7.583402252197265625e+01,8.845547485351562500e+01,8.690982055664062500e+01,8.581902313232421875e+01,8.350763702392578125e+01,8.200326538085937500e+01,7.436199188232421875e+01,7.131941986083984375e+01,7.123272705078125000e+01,7.030230712890625000e+01,7.811843109130859375e+01,7.986648559570312500e+01,8.138859558105468750e+01,8.889719390869140625e+01,9.533577728271484375e+01,9.182451629638671875e+01,8.686988067626953125e+01,8.512763977050781250e+01,9.018595886230468750e+01,9.096286773681640625e+01,9.635139465332031250e+01,9.459311676025390625e+01,5.447164916992187500e+01,1.511598491668701172e+01,5.323674201965332031e+00,1.540949821472167969e+00,-1.959004783630371094e+01,-1.263292884826660156e+01,2.736472129821777344e+01,6.037233734130859375e+01,6.106270217895507812e+01,7.268858337402343750e+01,8.674517822265625000e+01,9.236770629882812500e+01,9.162477111816406250e+01,9.389120483398437500e+01,7.219932556152343750e+01,6.021603393554687500e+01,6.480299377441406250e+01,7.197598266601562500e+01,7.711119842529296875e+01,7.766644287109375000e+01,7.477799987792968750e+01,8.772901916503906250e+01,9.317178344726562500e+01,9.220455932617187500e+01,8.910450744628906250e+01,8.530451202392578125e+01,7.999924468994140625e+01,7.923088836669921875e+01,7.524758911132812500e+01,6.661514282226562500e+01,9.654411315917968750e+01,1.025995025634765625e+02,8.624661254882812500e+01,7.955987548828125000e+01,7.472029113769531250e+01,7.498977661132812500e+01,7.374264526367187500e+01,7.214131164550781250e+01,6.941412353515625000e+01,7.151453399658203125e+01,7.815411376953125000e+01,8.049568176269531250e+01,9.227812194824218750e+01,9.986779785156250000e+01,9.736366271972656250e+01,7.428559112548828125e+01,6.500093078613281250e+01,7.794067382812500000e+01,8.608624267578125000e+01,8.957910156250000000e+01,8.674113464355468750e+01,8.997985839843750000e+01,9.951562500000000000e+01,1.094169998168945312e+02,1.175387496948242188e+02,1.159526062011718750e+02,1.099614868164062500e+02,9.997639465332031250e+01,9.733504486083984375e+01,9.674663543701171875e+01,9.643126678466796875e+01,9.106623077392578125e+01,8.446659851074218750e+01,5.290938568115234375e+01,3.070858764648437500e+01,3.579375839233398438e+01,4.862667083740234375e+01,6.193526077270507812e+01,5.306076812744140625e+01,5.181608581542968750e+01,6.193199920654296875e+01,6.342152404785156250e+01,6.612509155273437500e+01,8.065242004394531250e+01,8.483901977539062500e+01,7.128828430175781250e+01,6.995118713378906250e+01,7.698239898681640625e+01,8.440221405029296875e+01,8.626235961914062500e+01,8.148469543457031250e+01,7.064430999755859375e+01,7.705459594726562500e+01,9.431871032714843750e+01,9.022149658203125000e+01,8.980580139160156250e+01,8.900375366210937500e+01,7.606768035888671875e+01,6.704263305664062500e+01,8.200643157958984375e+01,1.021322937011718750e+02,1.040709075927734375e+02,8.811096191406250000e+01,7.405277252197265625e+01,7.032702636718750000e+01,8.204605102539062500e+01,9.575508117675781250e+01,9.628709411621093750e+01,8.885058593750000000e+01,8.725427246093750000e+01,8.648138427734375000e+01,8.837840270996093750e+01,8.888082122802734375e+01,8.487942504882812500e+01,8.881999206542968750e+01,9.036225128173828125e+01,8.986640930175781250e+01,9.884049987792968750e+01,9.875309753417968750e+01,8.905940246582031250e+01,8.899973297119140625e+01,9.652896118164062500e+01,9.705175781250000000e+01,9.116342163085937500e+01,9.049488067626953125e+01,8.739355468750000000e+01,7.863520812988281250e+01,7.386921691894531250e+01,7.317170715332031250e+01,7.470346069335937500e+01,7.670614624023437500e+01,7.262094116210937500e+01,6.822235107421875000e+01,6.922169494628906250e+01,7.115749359130859375e+01,6.938067626953125000e+01,6.988330078125000000e+01,6.709845733642578125e+01,6.042085266113281250e+01,6.043636703491210938e+01,6.067298507690429688e+01,6.045068740844726562e+01,6.358189392089843750e+01,6.631197357177734375e+01,6.408036804199218750e+01,7.158615112304687500e+01,8.121914672851562500e+01,9.180201721191406250e+01,1.036942443847656250e+02,1.040413742065429688e+02,9.423750305175781250e+01,8.772441101074218750e+01,8.028007507324218750e+01,7.710964965820312500e+01,8.254151916503906250e+01,9.469715118408203125e+01,8.738488006591796875e+01,7.855928039550781250e+01,7.879090881347656250e+01,7.502905273437500000e+01,7.242071533203125000e+01,6.974840545654296875e+01,5.990464019775390625e+01,6.026799392700195312e+01,6.176388549804687500e+01,6.552996063232421875e+01,7.446733093261718750e+01,8.024487304687500000e+01,8.067697143554687500e+01,8.237183380126953125e+01,9.614894104003906250e+01,1.006071014404296875e+02,9.871690368652343750e+01,9.507265472412109375e+01,9.279125213623046875e+01,8.725376892089843750e+01,8.099112701416015625e+01,7.435565185546875000e+01,7.842944335937500000e+01,8.160188293457031250e+01,7.887683105468750000e+01,7.481087493896484375e+01,7.058302307128906250e+01,7.129507446289062500e+01,7.381169891357421875e+01,7.730177307128906250e+01,7.705203247070312500e+01,8.238856506347656250e+01,8.699125671386718750e+01,8.458851623535156250e+01,7.624975585937500000e+01,7.674630737304687500e+01,7.708786010742187500e+01,7.611048889160156250e+01,7.949099731445312500e+01,8.031286621093750000e+01,7.809658050537109375e+01,7.442594909667968750e+01,7.661614990234375000e+01,7.898876953125000000e+01,8.055094909667968750e+01,8.014050292968750000e+01,8.179989624023437500e+01,8.226969909667968750e+01,8.274159240722656250e+01,7.965750885009765625e+01,7.492506408691406250e+01,7.827665710449218750e+01,7.980287170410156250e+01,7.853013610839843750e+01,7.622611999511718750e+01,7.596484375000000000e+01,7.507621002197265625e+01,7.314089202880859375e+01,7.519340515136718750e+01,7.463465881347656250e+01,7.306150817871093750e+01,7.170027160644531250e+01,6.544319152832031250e+01,6.621513366699218750e+01,6.425757598876953125e+01,6.147480773925781250e+01,6.170099639892578125e+01,6.726672363281250000e+01,6.928199005126953125e+01,6.606832885742187500e+01,6.880858612060546875e+01,7.345433044433593750e+01,6.926101684570312500e+01,7.247724914550781250e+01,7.964916229248046875e+01,8.861430358886718750e+01,9.803266143798828125e+01,9.809515380859375000e+01,9.152753448486328125e+01,9.353348541259765625e+01,1.041101684570312500e+02,1.042727890014648438e+02,9.987882995605468750e+01,8.887272644042968750e+01,6.950616455078125000e+01,5.093025970458984375e+01,4.073488235473632812e+01,3.523154067993164062e+01,4.179040527343750000e+01,4.411492919921875000e+01,6.123233413696289062e+01,7.484337615966796875e+01,7.077005004882812500e+01,6.810730743408203125e+01,6.846616363525390625e+01,6.026668548583984375e+01,8.706521606445312500e+01,9.727658081054687500e+01,8.648675537109375000e+01,7.857129669189453125e+01,6.895317840576171875e+01,5.631402969360351562e+01,5.095763397216796875e+01,5.472056961059570312e+01,6.736048889160156250e+01,7.771455383300781250e+01,7.758856201171875000e+01,6.815281677246093750e+01,6.146337509155273438e+01,5.640781402587890625e+01,6.166920852661132812e+01,7.778320312500000000e+01,7.872375488281250000e+01,7.493174743652343750e+01,8.174872589111328125e+01,6.972471618652343750e+01,5.798585510253906250e+01,6.680319213867187500e+01,7.640532684326171875e+01,7.791974639892578125e+01,8.059461975097656250e+01,8.781909179687500000e+01,9.202635192871093750e+01,9.054082489013671875e+01,9.207241058349609375e+01,9.367547607421875000e+01,8.761235046386718750e+01,8.112785339355468750e+01,7.693114471435546875e+01,7.199226379394531250e+01,7.156584167480468750e+01,7.877790832519531250e+01,7.585247039794921875e+01,7.351390075683593750e+01,7.730770874023437500e+01,7.255451965332031250e+01,4.642189788818359375e+01,3.428333282470703125e+01,2.753912353515625000e+01,1.914900970458984375e+01,6.252843475341796875e+01,8.605535125732421875e+01,7.995861053466796875e+01,8.277078247070312500e+01,9.446487426757812500e+01,9.027519989013671875e+01,8.877810668945312500e+01,9.275285339355468750e+01,9.737249755859375000e+01,9.770708465576171875e+01,9.003788757324218750e+01,1.047364120483398438e+02,1.120016021728515625e+02,1.054868469238281250e+02,1.023149871826171875e+02,1.108638000488281250e+02,1.144467926025390625e+02,1.146614379882812500e+02,1.131462326049804688e+02,1.057132568359375000e+02,1.009848556518554688e+02,1.023310089111328125e+02,1.038369064331054688e+02,1.083957748413085938e+02,1.146954803466796875e+02,1.151464385986328125e+02,1.124984664916992188e+02,1.040163879394531250e+02,9.444244384765625000e+01,8.324341583251953125e+01,7.697331237792968750e+01,6.717493438720703125e+01,5.923748779296875000e+01,6.238752746582031250e+01,6.156540298461914062e+01,5.530192184448242188e+01,5.340420532226562500e+01,5.310916137695312500e+01,5.194608306884765625e+01,5.549115753173828125e+01,5.944606399536132812e+01,6.140275573730468750e+01,6.000257873535156250e+01,5.771539688110351562e+01,5.469331359863281250e+01,5.471320343017578125e+01,5.583602142333984375e+01,5.999640274047851562e+01,6.403970336914062500e+01,6.021392059326171875e+01,6.045872497558593750e+01,5.968741607666015625e+01,5.892963409423828125e+01,5.858018493652343750e+01,5.557634735107421875e+01,5.812094116210937500e+01,6.199932861328125000e+01,6.263232421875000000e+01,6.436920928955078125e+01,6.801891326904296875e+01,5.864594268798828125e+01,4.636504364013671875e+01,4.217938613891601562e+01,4.494757080078125000e+01,4.704630279541015625e+01,5.026876831054687500e+01,4.771940994262695312e+01,6.034091186523437500e+01,6.636419677734375000e+01,6.397996520996093750e+01,5.567298126220703125e+01,4.828061676025390625e+01,3.970731353759765625e+01,5.337996673583984375e+01,6.204837799072265625e+01,5.542093658447265625e+01,6.645221710205078125e+01,7.425605010986328125e+01,7.487812805175781250e+01,8.619303131103515625e+01,9.301457977294921875e+01,9.012889099121093750e+01,8.950160217285156250e+01,9.812947082519531250e+01,1.044690856933593750e+02,9.489751434326171875e+01,7.875835418701171875e+01,6.590216064453125000e+01,6.547563171386718750e+01,6.759693908691406250e+01,7.336804199218750000e+01,7.431461334228515625e+01,7.621475982666015625e+01,2.973548126220703125e+01,-1.135035610198974609e+01,-3.234731292724609375e+01,-3.900734710693359375e+01,-2.309911727905273438e+01,3.397259235382080078e+00,2.499542808532714844e+01,3.893499755859375000e+01,4.744355773925781250e+01,5.024241638183593750e+01,4.127288055419921875e+01,4.083274078369140625e+01,4.305859088897705078e+00,-2.674311065673828125e+01,-3.933079147338867188e+01,-4.247443389892578125e+01,-2.711437988281250000e+01,-5.290494561195373535e-01,1.070117855072021484e+01,7.488273143768310547e+00,7.606287956237792969e+00,1.750648117065429688e+01,2.488623428344726562e+01,2.937079620361328125e+01,3.024817657470703125e+01,4.330213928222656250e+01,5.113353729248046875e+01,2.556253623962402344e+01,2.559153747558593750e+01,2.703202819824218750e+01,3.636561584472656250e+01,4.371468353271484375e+01,4.401074218750000000e+01,4.140185928344726562e+01,4.563705062866210938e+01,5.817671966552734375e+01,6.909800720214843750e+01,7.291056060791015625e+01,7.159570312500000000e+01,4.825565338134765625e+01,3.269717407226562500e+01,3.207166290283203125e+01,3.154595184326171875e+01,3.489238357543945312e+01,5.015999603271484375e+01,6.903436279296875000e+01,8.002052307128906250e+01,8.830809020996093750e+01,8.796369934082031250e+01,8.505361938476562500e+01,8.449448394775390625e+01,7.974842834472656250e+01,7.780473327636718750e+01,8.450321960449218750e+01,9.452745056152343750e+01,8.744032287597656250e+01,7.914564514160156250e+01,7.614839172363281250e+01,8.193522644042968750e+01,8.219433593750000000e+01,6.217522048950195312e+01,4.893088150024414062e+01,3.904563903808593750e+01,2.996046829223632812e+01,2.733939170837402344e+01,1.607545661926269531e+01,8.848028182983398438e+00,2.598087310791015625e+01,7.238244628906250000e+01,9.054813385009765625e+01,8.393141174316406250e+01,6.972786712646484375e+01,5.756169891357421875e+01,5.710393524169921875e+01,6.185148620605468750e+01,7.897747802734375000e+01,8.436351013183593750e+01,7.843659973144531250e+01,6.155868148803710938e+01,4.600426483154296875e+01,3.130540084838867188e+01,3.973907470703125000e+01,5.536077117919921875e+01,6.780179595947265625e+01,7.802076721191406250e+01,8.172839355468750000e+01,8.138092041015625000e+01,7.803366851806640625e+01,7.143101501464843750e+01,6.416795349121093750e+01,7.012412261962890625e+01,7.449384307861328125e+01,7.936436462402343750e+01,8.528356933593750000e+01,9.085130310058593750e+01,8.989054870605468750e+01,9.056694030761718750e+01,8.936482238769531250e+01,8.078347778320312500e+01,8.342085266113281250e+01,8.777458190917968750e+01,9.106386566162109375e+01,9.011247253417968750e+01,8.263667297363281250e+01,8.172814178466796875e+01,7.920890808105468750e+01,7.035532379150390625e+01,6.342839050292968750e+01,6.602175140380859375e+01,6.207539367675781250e+01,6.094672012329101562e+01,6.441504669189453125e+01,6.563494110107421875e+01,6.168697357177734375e+01,5.739342498779296875e+01,5.938835906982421875e+01,6.386850738525390625e+01,6.045418548583984375e+01,5.692671585083007812e+01,5.423490142822265625e+01,6.262713623046875000e+01,6.289418792724609375e+01,5.543368148803710938e+01,4.959536743164062500e+01,5.058855438232421875e+01,5.879144287109375000e+01,5.602277374267578125e+01,5.077780532836914062e+01,5.513362884521484375e+01,5.527182769775390625e+01,5.164190673828125000e+01,5.810108566284179688e+01,8.293571472167968750e+01,9.367518615722656250e+01,9.260441589355468750e+01,8.689792633056640625e+01,8.710433959960937500e+01,1.111348190307617188e+02,1.049529571533203125e+02,8.485910797119140625e+01,7.198319244384765625e+01,6.405368041992187500e+01,6.838585662841796875e+01,6.779719543457031250e+01,7.132443237304687500e+01,8.000521850585937500e+01,8.269346618652343750e+01,8.236630249023437500e+01,8.147243499755859375e+01,5.710679626464843750e+01,1.444470500946044922e+01,-1.228061008453369141e+01,-2.435784530639648438e+01,-1.624231529235839844e+01,4.449069976806640625e+00,1.520969963073730469e+01,2.939177322387695312e+01,3.321839523315429688e+01,3.679374694824218750e+01,6.472914123535156250e+01,8.907077789306640625e+01,8.730192565917968750e+01,8.550341796875000000e+01,7.918842315673828125e+01,7.305252838134765625e+01,6.755706024169921875e+01,6.618743896484375000e+01,7.807673645019531250e+01,8.360382843017578125e+01,8.065516662597656250e+01,8.208087158203125000e+01,8.366099548339843750e+01,9.837489318847656250e+01,9.427845764160156250e+01,1.028620758056640625e+02,1.042355651855468750e+02,1.015629196166992188e+02,9.919427490234375000e+01,9.291771697998046875e+01,7.794981384277343750e+01,7.030995178222656250e+01,6.379887390136718750e+01,5.869044876098632812e+01,6.941510772705078125e+01,8.804370117187500000e+01,9.543014526367187500e+01,9.191204833984375000e+01,9.700041198730468750e+01,9.321005249023437500e+01,8.771558380126953125e+01,8.627648925781250000e+01,7.063415527343750000e+01,4.870357894897460938e+01,4.036875152587890625e+01,4.564096450805664062e+01,4.853273773193359375e+01,5.306835556030273438e+01,5.985995101928710938e+01,6.621231842041015625e+01,7.939041137695312500e+01,8.904354858398437500e+01,8.950447082519531250e+01,9.824637603759765625e+01,1.003479461669921875e+02,1.024071502685546875e+02,9.484281921386718750e+01,8.904880523681640625e+01,8.995393371582031250e+01,8.481849670410156250e+01,7.679800415039062500e+01,7.690014648437500000e+01,8.286328887939453125e+01,7.670872497558593750e+01,7.743879699707031250e+01,8.251097869873046875e+01,8.418309020996093750e+01,8.943685913085937500e+01,9.489527893066406250e+01,7.021208190917968750e+01,3.294599914550781250e+01,1.247086143493652344e+01,3.600189685821533203e+00,-2.591335296630859375e+00,2.393437147140502930e+00,1.226881980895996094e+01,3.774893188476562500e+01,5.126982498168945312e+01,6.070384216308593750e+01,6.064669036865234375e+01,6.088732147216796875e+01,6.222051239013671875e+01,5.881689453125000000e+01,5.744769287109375000e+01,6.037405014038085938e+01,5.959426879882812500e+01,5.862443161010742188e+01,6.087022018432617188e+01,6.148399353027343750e+01,6.160358810424804688e+01,6.293650817871093750e+01,6.105181503295898438e+01,5.970369720458984375e+01,6.046197509765625000e+01,5.598427581787109375e+01,4.920374298095703125e+01,4.192387390136718750e+01,3.843013000488281250e+01,3.042115974426269531e+01,4.461993408203125000e+01,6.478965759277343750e+01,6.575194549560546875e+01,5.811451339721679688e+01,6.702661132812500000e+01,8.035684967041015625e+01,7.059088134765625000e+01,2.522284126281738281e+01,-1.360486888885498047e+01,-2.010808372497558594e+01,-2.211105918884277344e+01,-2.000255012512207031e+01,-7.736274600028991699e-01,1.770170593261718750e+01,1.814118146896362305e+00,-1.363189458847045898e+00,3.271445465087890625e+01,5.481336593627929688e+01,5.662312698364257812e+01,6.282393264770507812e+01,7.127210998535156250e+01,8.712629699707031250e+01,9.484248352050781250e+01,9.156547546386718750e+01,9.694135284423828125e+01,9.630831909179687500e+01,9.647705078125000000e+01,1.015968399047851562e+02,9.498564147949218750e+01,9.023507690429687500e+01,8.831555175781250000e+01,8.881097412109375000e+01,8.983143615722656250e+01,9.076543426513671875e+01,9.148716735839843750e+01,8.427067565917968750e+01,6.259998703002929688e+01,5.148056030273437500e+01,4.525131607055664062e+01,4.097788238525390625e+01,3.663019561767578125e+01,5.258033752441406250e+01,8.123554229736328125e+01,9.241373443603515625e+01,9.116976928710937500e+01,8.493849182128906250e+01,8.032415771484375000e+01,7.129013061523437500e+01,6.445230102539062500e+01,6.550695037841796875e+01,6.728107452392578125e+01,6.588652038574218750e+01,7.275191497802734375e+01,8.032118225097656250e+01,8.192857360839843750e+01,9.068673706054687500e+01,9.941289520263671875e+01,1.070431823730468750e+02,1.129708938598632812e+02,1.106572036743164062e+02,1.107879180908203125e+02,1.082913589477539062e+02,1.052506408691406250e+02,1.058701782226562500e+02,1.099958953857421875e+02,1.022898178100585938e+02,9.279051971435546875e+01,8.667465209960937500e+01,8.674936676025390625e+01,8.726147460937500000e+01,8.417465209960937500e+01,8.617538452148437500e+01,8.622243499755859375e+01,9.055674743652343750e+01,9.635567474365234375e+01,9.316840362548828125e+01,8.923107910156250000e+01,9.288208007812500000e+01,9.975713348388671875e+01,9.740122985839843750e+01,7.199936676025390625e+01,6.960446166992187500e+01,8.512480163574218750e+01,8.873074340820312500e+01,8.882914733886718750e+01,8.847312927246093750e+01,8.850038146972656250e+01,8.369624328613281250e+01,7.591258239746093750e+01,7.315348052978515625e+01,7.302151489257812500e+01,6.901303100585937500e+01,6.880654907226562500e+01,7.275793457031250000e+01,6.615586853027343750e+01,4.890702056884765625e+01,4.777033615112304688e+01,4.769466400146484375e+01,4.620988082885742188e+01,5.731996154785156250e+01,6.743267822265625000e+01,7.268496704101562500e+01,6.606941223144531250e+01,6.151020431518554688e+01,6.286214447021484375e+01,5.760122680664062500e+01,4.458323669433593750e+01,3.698175048828125000e+01,3.603380584716796875e+01,3.330539703369140625e+01,4.131977844238281250e+01,4.350226593017578125e+01,3.643369674682617188e+01,5.176535797119140625e+01,6.636462402343750000e+01,5.836690521240234375e+01,7.536380290985107422e+00,-4.474917411804199219e+00,-7.663209438323974609e+00,-1.909247994422912598e+00,1.775398063659667969e+01,3.807936859130859375e+01,4.347474670410156250e+01,4.384015655517578125e+01,5.457415008544921875e+01,6.004595947265625000e+01,5.982386779785156250e+01,5.454251861572265625e+01,6.076985931396484375e+01,7.353854370117187500e+01,8.381407165527343750e+01,8.147734069824218750e+01,7.617295837402343750e+01,7.634350585937500000e+01,7.827027893066406250e+01,6.545524597167968750e+01,4.657921218872070312e+01,3.816888427734375000e+01,3.635340118408203125e+01,2.725161361694335938e+01,2.644216918945312500e+01,2.311663246154785156e+01,1.001749610900878906e+01,3.855578422546386719e+00,-2.753893375396728516e+00,-8.836887359619140625e+00,-3.748379945755004883e+00,1.080627441406250000e+01,1.643520545959472656e+01,2.214033126831054688e+01,2.563137435913085938e+01,3.761798095703125000e+01,4.445809936523437500e+01,4.647898483276367188e+01,4.450099182128906250e+01,4.890192413330078125e+01,4.636245727539062500e+01,4.624929809570312500e+01,5.177362442016601562e+01,5.377527618408203125e+01,6.889265441894531250e+01,7.574792480468750000e+01,6.872399902343750000e+01,7.157289123535156250e+01,7.333326721191406250e+01,6.977336120605468750e+01,7.011846923828125000e+01,7.767274475097656250e+01,7.734463500976562500e+01,7.755700683593750000e+01,7.648246765136718750e+01,7.706533813476562500e+01,7.770109558105468750e+01,7.261985778808593750e+01,7.391415405273437500e+01,8.045882415771484375e+01,7.774520874023437500e+01,7.276335144042968750e+01,6.771691894531250000e+01,6.485188293457031250e+01,7.402737426757812500e+01,6.964595031738281250e+01,3.564511108398437500e+01,8.476074218750000000e+00,-2.036775350570678711e+00,-1.193523025512695312e+01,1.740995597839355469e+01,3.768164062500000000e+01,4.287882995605468750e+01,5.075517272949218750e+01,5.963037109375000000e+01,4.274180603027343750e+01,1.471088600158691406e+01,-4.034781932830810547e+00,-1.463380813598632812e+01,-1.714353942871093750e+01,-1.582819938659667969e+01,-4.590697288513183594e+00,1.830191040039062500e+01,3.689551544189453125e+01,4.910304260253906250e+01,5.357308197021484375e+01,4.969171905517578125e+01,4.565565872192382812e+01,4.988709640502929688e+01,5.492409515380859375e+01,6.012205505371093750e+01,6.517495727539062500e+01,7.150851440429687500e+01,7.450291442871093750e+01,7.660164642333984375e+01,7.359298706054687500e+01,5.735389709472656250e+01,4.768975067138671875e+01,4.671872711181640625e+01,5.157685852050781250e+01,4.427050781250000000e+01,4.958402633666992188e+01,6.664804077148437500e+01,7.163317871093750000e+01,6.840020751953125000e+01,7.294097900390625000e+01,7.493353271484375000e+01,7.747845458984375000e+01,8.360005187988281250e+01,9.222939300537109375e+01,8.763613128662109375e+01,8.555649566650390625e+01,8.912168121337890625e+01,6.992532348632812500e+01,3.845253753662109375e+01,3.664163970947265625e+01,5.376046752929687500e+01,6.441904449462890625e+01,8.743354034423828125e+01,8.382131958007812500e+01,6.915856170654296875e+01,5.913000488281250000e+01,5.363674163818359375e+01,5.625393676757812500e+01,5.721554946899414062e+01,5.481405639648437500e+01,5.394297027587890625e+01,6.695005798339843750e+01,7.560194396972656250e+01,7.995891571044921875e+01,7.606050872802734375e+01,7.624333953857421875e+01,8.262196350097656250e+01,7.997982788085937500e+01,7.275071716308593750e+01,7.091690063476562500e+01,6.545710754394531250e+01,8.054328155517578125e+01,8.851496887207031250e+01,7.614773559570312500e+01,6.195958709716796875e+01,6.798779296875000000e+01,7.849182128906250000e+01,8.348377990722656250e+01,8.805213928222656250e+01,8.227579498291015625e+01,3.646567535400390625e+01,-6.882550716400146484e-01,-1.096479320526123047e+01,-1.392532062530517578e+01,-2.090822029113769531e+01,-2.976092910766601562e+01,-3.590185928344726562e+01,1.201785278320312500e+01,6.309585571289062500e+01,7.649044799804687500e+01,7.366697692871093750e+01,6.494236755371093750e+01,6.406091308593750000e+01,5.857524108886718750e+01,5.787666320800781250e+01,6.718591308593750000e+01,7.315946960449218750e+01,7.988392639160156250e+01,7.905856323242187500e+01,6.729154205322265625e+01,7.292016601562500000e+01,7.909924316406250000e+01,9.010200500488281250e+01,1.060948333740234375e+02,1.097644195556640625e+02,1.084928283691406250e+02,9.254974365234375000e+01,7.459795379638671875e+01,6.811012268066406250e+01,7.198466491699218750e+01,7.059195709228515625e+01,7.067095947265625000e+01,7.681172180175781250e+01,7.987932586669921875e+01,7.824847412109375000e+01,7.501350402832031250e+01,7.735654449462890625e+01,8.046913146972656250e+01,8.575427246093750000e+01,8.538339233398437500e+01,8.448789978027343750e+01,8.357681274414062500e+01,8.268930053710937500e+01,7.372489929199218750e+01,7.008175659179687500e+01,7.277115631103515625e+01,7.207582092285156250e+01,7.366227722167968750e+01,7.248551940917968750e+01,7.364855957031250000e+01,7.856697082519531250e+01,7.985348510742187500e+01,7.163481140136718750e+01,5.763929367065429688e+01,4.697848892211914062e+01,5.770240783691406250e+01,8.057107543945312500e+01,8.992755126953125000e+01,9.257916259765625000e+01,9.615137481689453125e+01,9.366360473632812500e+01,8.486567687988281250e+01,7.829486083984375000e+01,7.460276794433593750e+01,7.340844726562500000e+01,7.330682373046875000e+01,6.483815765380859375e+01,6.449131774902343750e+01,7.119235229492187500e+01,7.142782592773437500e+01,7.012035369873046875e+01,6.815998077392578125e+01,6.821166992187500000e+01,6.745775604248046875e+01,7.135532379150390625e+01,7.307180786132812500e+01,6.737879943847656250e+01,6.832676696777343750e+01,7.001548004150390625e+01,6.946250152587890625e+01,6.908232879638671875e+01,6.419006347656250000e+01,6.546644592285156250e+01,7.084883880615234375e+01,7.056237792968750000e+01,6.876905822753906250e+01,6.881616973876953125e+01,6.889901733398437500e+01,7.077699279785156250e+01,7.973092651367187500e+01,7.066760253906250000e+01,6.344324493408203125e+01,6.543131256103515625e+01,7.072611999511718750e+01,7.208288574218750000e+01,7.700877380371093750e+01,8.524609375000000000e+01,9.221559906005859375e+01,9.197216033935546875e+01,1.086499557495117188e+02,1.134836959838867188e+02,9.960784912109375000e+01,8.823526000976562500e+01,6.166410827636718750e+01,3.381119918823242188e+01,2.331595993041992188e+01,3.952788162231445312e+01,6.344973754882812500e+01,7.101143646240234375e+01,7.860164642333984375e+01,8.550993347167968750e+01,9.404965209960937500e+01,9.382536315917968750e+01,9.065170288085937500e+01,8.510540771484375000e+01,7.994570922851562500e+01,7.629312896728515625e+01,7.660546112060546875e+01,8.031698608398437500e+01,8.722444152832031250e+01,9.060903167724609375e+01,9.094308471679687500e+01,9.686392211914062500e+01,9.671215820312500000e+01,9.786078643798828125e+01,9.247766113281250000e+01,8.155093383789062500e+01,7.101046752929687500e+01,6.177049255371093750e+01,5.046404266357421875e+01,6.022350311279296875e+01,2.369268798828125000e+01,-8.520524024963378906e+00,-1.733251571655273438e+01,-1.792207145690917969e+01,-1.323565101623535156e+01,-8.425828933715820312e+00,2.502608299255371094e-02,3.527757263183593750e+01,5.574692153930664062e+01,6.518766784667968750e+01,7.166048431396484375e+01,8.156606292724609375e+01,8.853059387207031250e+01,9.384091949462890625e+01,9.017759704589843750e+01,8.501367187500000000e+01,7.736866760253906250e+01,8.058140563964843750e+01,9.951329803466796875e+01,1.023367004394531250e+02,9.984739685058593750e+01,1.018558044433593750e+02,9.845263671875000000e+01,9.213458251953125000e+01,8.224771118164062500e+01,8.250614166259765625e+01,7.788714599609375000e+01,7.600247955322265625e+01,6.832942962646484375e+01,6.470887756347656250e+01,6.761849212646484375e+01,7.205404663085937500e+01,7.397642517089843750e+01,7.017073059082031250e+01,7.529456329345703125e+01,7.619668579101562500e+01,7.024908447265625000e+01,6.599176025390625000e+01,7.437728118896484375e+01,7.214973449707031250e+01,6.695921325683593750e+01,6.957716369628906250e+01,6.894056701660156250e+01,4.956618499755859375e+01,4.826878356933593750e+01,5.151085662841796875e+01,5.927218627929687500e+01,6.044430541992187500e+01,6.749165344238281250e+01,6.697338104248046875e+01,6.608804321289062500e+01,6.347699737548828125e+01,6.213735961914062500e+01,6.255258941650390625e+01,6.326712417602539062e+01,5.772144317626953125e+01,5.994641113281250000e+01,6.633982849121093750e+01,6.550066375732421875e+01,5.426320648193359375e+01,5.512418365478515625e+01,6.200691223144531250e+01,5.633433532714843750e+01,4.951327514648437500e+01,5.233216094970703125e+01,7.217530822753906250e+01,8.901551818847656250e+01,8.737351989746093750e+01,7.847213745117187500e+01,4.236054992675781250e+01,1.853801727294921875e+01,2.109060287475585938e+00,-6.664594650268554688e+00,2.049922561645507812e+01,4.777565765380859375e+01,6.732519531250000000e+01,8.309999847412109375e+01,8.263039398193359375e+01,7.193779754638671875e+01,6.651824951171875000e+01,6.518322753906250000e+01,5.936141204833984375e+01,5.755296325683593750e+01,6.705882263183593750e+01,7.453552246093750000e+01,7.248303222656250000e+01,7.656448364257812500e+01,6.918449401855468750e+01,5.613341522216796875e+01,4.246456146240234375e+01,3.454047393798828125e+01,4.445427703857421875e+01,5.473927307128906250e+01,5.618108367919921875e+01,5.611379241943359375e+01,5.684454727172851562e+01,7.491690063476562500e+01,9.402481842041015625e+01,1.072027893066406250e+02,1.126083068847656250e+02,1.160645523071289062e+02,1.200365447998046875e+02,1.165483703613281250e+02,1.106526794433593750e+02,9.729330444335937500e+01,9.711935424804687500e+01,9.483596801757812500e+01,9.089854431152343750e+01,8.456403350830078125e+01,8.188221740722656250e+01,8.069445800781250000e+01,7.542443847656250000e+01,7.285704040527343750e+01,7.210286712646484375e+01,7.745338439941406250e+01,8.462945556640625000e+01,9.140982818603515625e+01,8.823901367187500000e+01,9.171802520751953125e+01,9.827066040039062500e+01,9.717859649658203125e+01,9.590309143066406250e+01,8.805066680908203125e+01,7.601667022705078125e+01,7.735017395019531250e+01,7.604656982421875000e+01,7.232144927978515625e+01,6.661221313476562500e+01,6.674244689941406250e+01,7.452056884765625000e+01,8.497423553466796875e+01,9.207658386230468750e+01,8.998814392089843750e+01,7.367730712890625000e+01,6.609495544433593750e+01,7.460179901123046875e+01,9.174926757812500000e+01,1.002535400390625000e+02,1.008465118408203125e+02,9.391650390625000000e+01,5.814926910400390625e+01,2.467887687683105469e+01,8.891600608825683594e+00,2.411460494995117188e+01,6.267546463012695312e+01,8.688185119628906250e+01,8.879585266113281250e+01,7.633742523193359375e+01,7.568824768066406250e+01,8.193699645996093750e+01,8.232395935058593750e+01,8.188169860839843750e+01,7.899557495117187500e+01,8.609877014160156250e+01,9.206021118164062500e+01,9.190153503417968750e+01,9.370501708984375000e+01,7.799833679199218750e+01,8.319679260253906250e+01,9.242892456054687500e+01,9.879693603515625000e+01,9.634508514404296875e+01,7.991423034667968750e+01,3.011220741271972656e+01,1.153307437896728516e+01,5.091834545135498047e+00,7.417128682136535645e-01,3.732834243774414062e+01,7.740675354003906250e+01,7.210688781738281250e+01,6.443615722656250000e+01,6.061380767822265625e+01,5.795654296875000000e+01,6.783599853515625000e+01,7.913879394531250000e+01,8.502873229980468750e+01,8.315196228027343750e+01,8.360598754882812500e+01,8.835830688476562500e+01,8.662178039550781250e+01,6.770492553710937500e+01,5.177695846557617188e+01,4.229716110229492188e+01,4.195426940917968750e+01,5.594403076171875000e+01,6.279026794433593750e+01,6.494848632812500000e+01,6.425944519042968750e+01,6.846985626220703125e+01,8.524839782714843750e+01,9.819184875488281250e+01,9.805113983154296875e+01,8.891247558593750000e+01,5.306873321533203125e+01,2.616381454467773438e+01,1.322305488586425781e+01,5.969277381896972656e+00,3.607800292968750000e+01,6.600242614746093750e+01,6.249394226074218750e+01,6.480455780029296875e+01,7.397088623046875000e+01,7.747515106201171875e+01,8.060324859619140625e+01,8.577566528320312500e+01,8.782549285888671875e+01,8.962744140625000000e+01,9.176344299316406250e+01,9.378242492675781250e+01,8.798704528808593750e+01,9.348474884033203125e+01,9.140049743652343750e+01,9.579708862304687500e+01,9.353495788574218750e+01,8.411262512207031250e+01,6.894523620605468750e+01,5.976311492919921875e+01,7.109584045410156250e+01,7.403594970703125000e+01,7.041873168945312500e+01,7.238790893554687500e+01,7.634690093994140625e+01,7.884373474121093750e+01,7.938117218017578125e+01,7.769400787353515625e+01,7.676609802246093750e+01,7.833599853515625000e+01,7.965445709228515625e+01,7.863130187988281250e+01,7.436978149414062500e+01,6.852935791015625000e+01,6.607840728759765625e+01,5.784633636474609375e+01,4.142601776123046875e+01,4.752806091308593750e+01,5.546281433105468750e+01,6.362659072875976562e+01,7.046940612792968750e+01,7.068229675292968750e+01,7.215734863281250000e+01,7.290692138671875000e+01,7.040930938720703125e+01,7.183575439453125000e+01,7.810367584228515625e+01,7.284003448486328125e+01,6.676771545410156250e+01,6.227514266967773438e+01,7.235894012451171875e+01,7.962200927734375000e+01,7.280776214599609375e+01,6.676492309570312500e+01,6.643138885498046875e+01,5.827932357788085938e+01,4.913134002685546875e+01,5.484490203857421875e+01,6.895848083496093750e+01,7.691102600097656250e+01,8.059478759765625000e+01,5.951479721069335938e+01,9.119253158569335938e+00,-8.643218040466308594e+00,2.253027915954589844e+01,5.215036773681640625e+01,5.864984130859375000e+01,6.802091979980468750e+01,7.276194000244140625e+01,7.550245666503906250e+01,5.186236190795898438e+01,2.630641746520996094e+01,1.534839391708374023e+00,-1.133540248870849609e+01,-2.159827804565429688e+01,-2.714742660522460938e+01,-2.748117065429687500e+01,-1.742316436767578125e+01,2.202716827392578125e+00,3.067383575439453125e+01,4.373329162597656250e+01,5.145101928710937500e+01,3.701565170288085938e+01,2.288615798950195312e+01,3.862218475341796875e+01,4.657738494873046875e+01,4.938427734375000000e+01,6.252069091796875000e+01,6.761235046386718750e+01,6.925782775878906250e+01,7.429808044433593750e+01,7.170184326171875000e+01,6.801736450195312500e+01,7.528636169433593750e+01,7.558493041992187500e+01,6.710069274902343750e+01,6.311515808105468750e+01,6.463945770263671875e+01,6.581094360351562500e+01,5.979541015625000000e+01,5.599788665771484375e+01,4.310832214355468750e+01,3.706378173828125000e+01,2.067143249511718750e+01,-1.521039962768554688e+01,-3.367722320556640625e+01,-3.487095642089843750e+01,-3.625522613525390625e+01,-3.046115303039550781e+01,4.450531601905822754e-01,-6.683771133422851562e+00,-2.172809600830078125e+01,9.420883178710937500e+00,3.543367004394531250e+01,3.692728805541992188e+01,4.940554046630859375e+01,6.107798385620117188e+01,6.179142761230468750e+01,4.770172882080078125e+01,9.957026481628417969e+00,-4.788959503173828125e+00,2.421753311157226562e+01,4.799139404296875000e+01,4.919876098632812500e+01,5.237617492675781250e+01,4.376160430908203125e+01,2.375254249572753906e+01,3.367441654205322266e+00,-9.690185546875000000e+00,7.573478698730468750e+00,3.598081207275390625e+01,4.861204147338867188e+01,7.582957458496093750e+01,9.620867156982421875e+01,9.008932495117187500e+01,8.192954254150390625e+01,8.010752868652343750e+01,8.057218170166015625e+01,8.322653198242187500e+01,8.068527221679687500e+01,8.221235656738281250e+01,8.616088867187500000e+01,9.561689758300781250e+01,9.791639709472656250e+01,8.927349853515625000e+01,9.047424316406250000e+01,8.722491455078125000e+01,8.424057769775390625e+01,7.285272216796875000e+01,6.765348052978515625e+01,7.291986083984375000e+01,7.263912963867187500e+01,6.515473937988281250e+01,6.100281906127929688e+01,6.643589782714843750e+01,6.433855438232421875e+01,5.044403839111328125e+01,5.615631103515625000e+01,6.297211074829101562e+01,6.670132446289062500e+01,6.833117675781250000e+01,6.778102111816406250e+01,7.284761047363281250e+01,6.934606170654296875e+01,6.857101440429687500e+01,7.220404052734375000e+01,7.347915649414062500e+01,7.123036193847656250e+01,6.481748199462890625e+01,6.708526611328125000e+01,7.032709503173828125e+01,7.364665222167968750e+01,6.747461700439453125e+01,5.773577499389648438e+01,6.154865264892578125e+01,6.565759277343750000e+01,6.615637207031250000e+01,6.470715332031250000e+01,6.835888671875000000e+01,7.059785461425781250e+01,6.947801208496093750e+01,6.793041229248046875e+01,6.955496215820312500e+01,6.591523742675781250e+01,6.326607513427734375e+01,6.825801849365234375e+01,6.678327941894531250e+01,6.866838073730468750e+01,6.993942260742187500e+01,7.138669586181640625e+01,6.703578948974609375e+01,6.455055236816406250e+01,5.920682525634765625e+01,5.762814331054687500e+01,6.310320281982421875e+01,6.696128845214843750e+01,6.499963378906250000e+01,6.764145660400390625e+01,6.992819213867187500e+01,6.792564392089843750e+01,7.190267181396484375e+01,7.570629882812500000e+01,7.332499694824218750e+01,7.232905578613281250e+01,6.707247924804687500e+01,6.991404724121093750e+01,7.071514129638671875e+01,7.686806488037109375e+01,7.228441619873046875e+01,6.737695312500000000e+01,6.450854492187500000e+01,6.555078125000000000e+01,7.005221557617187500e+01,6.604801940917968750e+01,6.596290588378906250e+01,6.450693511962890625e+01,6.416635131835937500e+01,6.572599792480468750e+01,6.853977966308593750e+01,6.916561889648437500e+01,6.657469177246093750e+01,6.861080932617187500e+01,6.817181396484375000e+01,6.958706665039062500e+01,7.115582275390625000e+01,7.219805908203125000e+01,7.591880798339843750e+01,1.021047592163085938e+02,1.015734558105468750e+02,7.818084716796875000e+01,6.252063751220703125e+01,5.349605560302734375e+01,4.621402740478515625e+01,5.085072326660156250e+01,6.490444946289062500e+01,6.093491744995117188e+01,5.814808654785156250e+01,6.669890594482421875e+01,7.236692810058593750e+01,8.338532257080078125e+01,8.977691650390625000e+01,4.798112106323242188e+01,-2.372146368026733398e+00,-2.120544815063476562e+01,-3.319808006286621094e+00,2.675250816345214844e+01,4.594853210449218750e+01,4.190126800537109375e+01,1.347312450408935547e+01,-1.711540031433105469e+01,-3.165935134887695312e+01,-4.038072967529296875e+01,-4.358837127685546875e+01,-4.243253326416015625e+01,-4.646753692626953125e+01,-4.518773269653320312e+01,-2.067421913146972656e+01,1.398494625091552734e+01,2.878149414062500000e+01,3.888496780395507812e+01,5.305560302734375000e+01,3.280530166625976562e+01,1.706196022033691406e+01,1.909713172912597656e+01,1.845879364013671875e+01,2.519562339782714844e+01,3.755567169189453125e+01,5.611892700195312500e+01,5.430532836914062500e+01,5.735713958740234375e+01,1.106169891357421875e+01,-1.801770401000976562e+01,-2.651920509338378906e+01,-2.578331756591796875e+01,-2.647820281982421875e+01,-2.269178009033203125e+01,1.010673713684082031e+01,5.317557907104492188e+01,7.093870544433593750e+01,7.775679779052734375e+01,8.446829223632812500e+01,9.708201599121093750e+01,9.911146545410156250e+01,9.381979370117187500e+01,8.432110595703125000e+01,7.604555511474609375e+01,7.330155944824218750e+01,6.407982635498046875e+01,6.401114654541015625e+01,6.984051513671875000e+01,7.646648406982421875e+01,7.694345092773437500e+01,7.730982971191406250e+01,7.623153686523437500e+01,7.655359649658203125e+01,7.660781097412109375e+01,7.944626617431640625e+01,8.994265747070312500e+01,9.319508361816406250e+01,6.741035461425781250e+01,5.464448547363281250e+01,6.491375732421875000e+01,8.203885650634765625e+01,9.563236999511718750e+01,8.801506042480468750e+01,7.656127929687500000e+01,7.209259796142578125e+01,6.719877624511718750e+01,7.161437988281250000e+01,7.827825164794921875e+01,8.510348510742187500e+01,8.370327758789062500e+01,7.318714904785156250e+01,7.633395385742187500e+01,8.224874877929687500e+01,7.897858428955078125e+01,7.338074493408203125e+01,7.095888519287109375e+01,7.527890777587890625e+01,7.783184051513671875e+01,8.989424133300781250e+01,1.050300598144531250e+02,1.022158660888671875e+02,9.536264038085937500e+01,9.600114440917968750e+01,9.615234375000000000e+01,9.088221740722656250e+01,5.047669219970703125e+01,2.196849250793457031e+01,4.226709365844726562e+00,-1.119335532188415527e+00,-4.628295898437500000e+00,-8.715964317321777344e+00,1.896244287490844727e+00,4.239223098754882812e+01,7.601852416992187500e+01,9.737438201904296875e+01,1.030258026123046875e+02,1.048776779174804688e+02,9.333757019042968750e+01,8.097892761230468750e+01,7.912268829345703125e+01,8.215673828125000000e+01,7.838526916503906250e+01,7.002526855468750000e+01,7.388752746582031250e+01,6.898974609375000000e+01,6.577931213378906250e+01,6.816999816894531250e+01,7.290927124023437500e+01,7.845552062988281250e+01,8.109202575683593750e+01,7.783648681640625000e+01,7.371032714843750000e+01,7.441545104980468750e+01,7.662130737304687500e+01,8.041741943359375000e+01,8.413380432128906250e+01,7.984200286865234375e+01,7.366461181640625000e+01,7.425512695312500000e+01,7.061624908447265625e+01,7.060494232177734375e+01,6.980766296386718750e+01,6.541146850585937500e+01,6.587243652343750000e+01,6.615110778808593750e+01,6.495037078857421875e+01,7.096871948242187500e+01,7.516122436523437500e+01,7.845750427246093750e+01,9.906665039062500000e+01,1.026242675781250000e+02,1.013892364501953125e+02,8.876916503906250000e+01,6.649582672119140625e+01,6.519208526611328125e+01,7.641165161132812500e+01,7.631712341308593750e+01,7.051434326171875000e+01,6.610987854003906250e+01,7.778131866455078125e+01,8.153697967529296875e+01,6.733000183105468750e+01,4.402771759033203125e+01,4.713270568847656250e+01,5.363209533691406250e+01,4.730170440673828125e+01,2.902139282226562500e+01,1.760333251953125000e+01,4.784316539764404297e+00,1.785790681838989258e+00,-2.365975141525268555e+00,2.330218315124511719e+00,3.701502227783203125e+01,7.655177307128906250e+01,9.461814880371093750e+01,9.726464843750000000e+01,9.681321716308593750e+01,8.822663879394531250e+01,7.883573913574218750e+01,6.049773025512695312e+01,5.134075546264648438e+01,5.617945861816406250e+01,8.197615814208984375e+01,1.085291595458984375e+02,1.124667663574218750e+02,1.133136901855468750e+02,1.126964721679687500e+02,1.158070831298828125e+02,1.122955093383789062e+02,1.062268676757812500e+02,1.016080703735351562e+02,9.373822021484375000e+01,8.386996459960937500e+01,7.726662445068359375e+01,8.121025085449218750e+01,8.606159973144531250e+01,8.414691162109375000e+01,8.547357177734375000e+01,8.018925476074218750e+01,7.537170410156250000e+01,7.022050476074218750e+01,6.983920288085937500e+01,7.064389801025390625e+01,6.952412414550781250e+01,6.999459838867187500e+01,6.584703826904296875e+01,6.441852569580078125e+01,6.776249694824218750e+01,6.952447509765625000e+01,6.947363281250000000e+01,7.249490356445312500e+01,7.795244598388671875e+01,7.935092163085937500e+01,8.066468811035156250e+01,7.877612304687500000e+01,7.642292785644531250e+01,7.905358886718750000e+01,7.970329284667968750e+01,7.934843444824218750e+01,7.960177612304687500e+01,8.023751068115234375e+01,7.573487854003906250e+01,7.851152038574218750e+01,7.597304534912109375e+01,7.071241760253906250e+01,6.780541992187500000e+01,6.858647155761718750e+01,7.167454528808593750e+01,7.702600097656250000e+01,7.887086486816406250e+01,7.448533630371093750e+01,7.907809448242187500e+01,7.849475097656250000e+01,8.374400329589843750e+01,8.061535644531250000e+01,8.007720947265625000e+01,8.398667907714843750e+01,8.289655303955078125e+01,8.155464172363281250e+01,8.122615051269531250e+01,7.906890869140625000e+01,7.858515930175781250e+01,8.207022094726562500e+01,7.996899414062500000e+01,7.862586212158203125e+01,7.749472808837890625e+01,6.694378662109375000e+01,7.291839599609375000e+01,8.407543945312500000e+01,1.024603424072265625e+02,1.028679733276367188e+02,8.440100097656250000e+01,7.444119262695312500e+01,7.687881469726562500e+01,8.106549835205078125e+01,9.033157348632812500e+01,9.187992095947265625e+01,8.671827697753906250e+01,9.098260498046875000e+01,9.775751495361328125e+01,9.448039245605468750e+01,9.607992553710937500e+01,9.836718750000000000e+01,9.774995422363281250e+01,9.592246246337890625e+01,8.624653625488281250e+01,8.057164001464843750e+01,8.561602783203125000e+01,9.325962829589843750e+01,9.699819183349609375e+01,9.712061309814453125e+01,9.946582794189453125e+01,9.737184143066406250e+01,9.715753173828125000e+01,8.172943115234375000e+01,5.420904541015625000e+01,2.928115081787109375e+01,6.343947410583496094e+00,-4.468807220458984375e+00,-3.002867460250854492e+00,-3.979669570922851562e+00,3.709121322631835938e+01,6.675497436523437500e+01,7.429832458496093750e+01,7.797908020019531250e+01,8.569058227539062500e+01,9.003459167480468750e+01,9.181626892089843750e+01,8.789532470703125000e+01,8.207344055175781250e+01,7.837602233886718750e+01,7.833031463623046875e+01,7.702092742919921875e+01,7.794966125488281250e+01,8.820618438720703125e+01,9.204319763183593750e+01,7.397662353515625000e+01,4.393777465820312500e+01,5.719331359863281250e+01,8.753846740722656250e+01,9.745944213867187500e+01,9.526745605468750000e+01,9.120513916015625000e+01,8.460903930664062500e+01,6.744039154052734375e+01,5.695929718017578125e+01,5.089677429199218750e+01,6.482049560546875000e+01,9.014508056640625000e+01,9.661737060546875000e+01,9.174927520751953125e+01,8.522760009765625000e+01,8.394345092773437500e+01,8.696530151367187500e+01,8.548855590820312500e+01,8.724826049804687500e+01,9.297236633300781250e+01,9.818785095214843750e+01,9.504504394531250000e+01,8.826838684082031250e+01,8.754171752929687500e+01,8.451138305664062500e+01,8.423985290527343750e+01,8.396165466308593750e+01,8.812163543701171875e+01,8.527117919921875000e+01,8.068929290771484375e+01,7.612062835693359375e+01,7.324471282958984375e+01,7.314184570312500000e+01,7.301594543457031250e+01,7.065418243408203125e+01,6.847409057617187500e+01,6.483328247070312500e+01,6.568319702148437500e+01,6.586779785156250000e+01,6.891517639160156250e+01,7.082276916503906250e+01,6.978150939941406250e+01,7.032760620117187500e+01,7.688784027099609375e+01,7.565699768066406250e+01,7.496965026855468750e+01,7.307290649414062500e+01,7.124009704589843750e+01,6.185886383056640625e+01,5.338040161132812500e+01,5.949328613281250000e+01,6.251265716552734375e+01,6.957933044433593750e+01,7.087171936035156250e+01,6.848853302001953125e+01,7.069657897949218750e+01,7.198333740234375000e+01,7.203427124023437500e+01,7.458042144775390625e+01,7.671155548095703125e+01,6.990411376953125000e+01,6.896911621093750000e+01,7.224502563476562500e+01,7.105412292480468750e+01,7.076477050781250000e+01,7.086949920654296875e+01,7.022544860839843750e+01,6.952546691894531250e+01,7.013793182373046875e+01,6.883776855468750000e+01,6.819145202636718750e+01,6.941345214843750000e+01,7.551450347900390625e+01,7.699597167968750000e+01,7.563177490234375000e+01,7.583303833007812500e+01,8.077226257324218750e+01,8.199320983886718750e+01,8.162409973144531250e+01,8.248217773437500000e+01,8.304943847656250000e+01,7.894381713867187500e+01,6.049488449096679688e+01,4.737472534179687500e+01,3.249428558349609375e+01,1.899203681945800781e+01,2.503887939453125000e+01,3.897966766357421875e+01,5.116574859619140625e+01,5.157277297973632812e+01,6.923159790039062500e+01,8.517552185058593750e+01,7.833697509765625000e+01,6.640650939941406250e+01,5.799518585205078125e+01,5.614838027954101562e+01,5.730333709716796875e+01,5.940746307373046875e+01,6.336412811279296875e+01,6.829225921630859375e+01,7.817016601562500000e+01,8.422727966308593750e+01,9.613380432128906250e+01,9.722399139404296875e+01,1.018286514282226562e+02,1.065211257934570312e+02,1.031352996826171875e+02,1.009133071899414062e+02,1.015223083496093750e+02,6.281846618652343750e+01,2.012272644042968750e+01,1.809827804565429688e+01,4.414570999145507812e+01,6.297443389892578125e+01,6.398510742187500000e+01,7.518968200683593750e+01,9.333638000488281250e+01,1.041801757812500000e+02,1.125298461914062500e+02,1.096558151245117188e+02,1.022551040649414062e+02,1.044543457031250000e+02,1.094992218017578125e+02,1.142375411987304688e+02,1.095573730468750000e+02,9.752331542968750000e+01,9.065107727050781250e+01,8.494633483886718750e+01,8.258740234375000000e+01,7.831034851074218750e+01,8.187718200683593750e+01,8.405565643310546875e+01,8.999686431884765625e+01,9.252749633789062500e+01,7.596636962890625000e+01,7.015218353271484375e+01,7.936408996582031250e+01,8.105023956298828125e+01,7.909410095214843750e+01,7.618040466308593750e+01,7.814168548583984375e+01,8.149127197265625000e+01,7.880120849609375000e+01,7.933856964111328125e+01,8.300668334960937500e+01,8.740039062500000000e+01,8.483905029296875000e+01,8.265039062500000000e+01,8.389611816406250000e+01,9.033580017089843750e+01,9.057118225097656250e+01,8.861822509765625000e+01,8.926893615722656250e+01,8.970468902587890625e+01,8.760916137695312500e+01,8.972569274902343750e+01,8.933055114746093750e+01,8.623046875000000000e+01,8.637210083007812500e+01,8.830433654785156250e+01,9.133616638183593750e+01,9.117861938476562500e+01,9.521323394775390625e+01,9.591154479980468750e+01,9.273158264160156250e+01,9.361428833007812500e+01,9.723674011230468750e+01,9.768353271484375000e+01,9.887306213378906250e+01,9.959207153320312500e+01,9.563128662109375000e+01,9.115550231933593750e+01,8.919962310791015625e+01,9.308184051513671875e+01,9.554126739501953125e+01,9.300048828125000000e+01,9.008846282958984375e+01,9.120062255859375000e+01,8.848622131347656250e+01,8.643560028076171875e+01,8.563352966308593750e+01,8.480291748046875000e+01,8.360368347167968750e+01,8.535555267333984375e+01,8.327831268310546875e+01,8.260934448242187500e+01,8.215098571777343750e+01,7.932843017578125000e+01,8.046470642089843750e+01,8.240726470947265625e+01,8.368659973144531250e+01,8.589996337890625000e+01,8.325099182128906250e+01,7.967493438720703125e+01,8.144108581542968750e+01,8.169030761718750000e+01,8.206489562988281250e+01,8.473686218261718750e+01,8.559155273437500000e+01,8.388486480712890625e+01,8.423954772949218750e+01,8.389953613281250000e+01,8.556916809082031250e+01,9.059873199462890625e+01,9.002967834472656250e+01,8.886744689941406250e+01,8.898639678955078125e+01,9.032712554931640625e+01,8.794784545898437500e+01,8.484207153320312500e+01,8.506662750244140625e+01,8.895265197753906250e+01,8.633185577392578125e+01,8.316234588623046875e+01,8.497372436523437500e+01,8.173072814941406250e+01,7.806359863281250000e+01,7.376305389404296875e+01,7.781936645507812500e+01,8.235179138183593750e+01,8.026580810546875000e+01,7.812362670898437500e+01,7.785191345214843750e+01,7.555929565429687500e+01,7.559986114501953125e+01,7.131405639648437500e+01,7.205888366699218750e+01,7.482183074951171875e+01,7.392240905761718750e+01,7.228167724609375000e+01,7.543244934082031250e+01,7.783043670654296875e+01,7.502363586425781250e+01,7.934553527832031250e+01,7.960514831542968750e+01,8.218605041503906250e+01,7.941284179687500000e+01,7.414353942871093750e+01,7.455555725097656250e+01,7.901216888427734375e+01,8.545385742187500000e+01,8.608992767333984375e+01,8.783866882324218750e+01,8.674860382080078125e+01,8.037568664550781250e+01,7.722784423828125000e+01,7.885813903808593750e+01,7.887821960449218750e+01,8.230857849121093750e+01,8.132315063476562500e+01,8.219185638427734375e+01,8.184802246093750000e+01,8.004220581054687500e+01,8.023869323730468750e+01,8.386338806152343750e+01,8.914108276367187500e+01,8.835908508300781250e+01,8.679763031005859375e+01,7.862242126464843750e+01,7.942016601562500000e+01,7.973564147949218750e+01,7.844991302490234375e+01,7.858593750000000000e+01,7.763917541503906250e+01,7.644204711914062500e+01,7.315770721435546875e+01,7.644393157958984375e+01,7.850888061523437500e+01,7.876599884033203125e+01,8.256713867187500000e+01,7.898187255859375000e+01,7.727406311035156250e+01,7.532751464843750000e+01,7.654120635986328125e+01,8.465219116210937500e+01,1.027786941528320312e+02,1.100925140380859375e+02,1.104558258056640625e+02,1.051823120117187500e+02,1.043217315673828125e+02,1.000110702514648438e+02,8.533329772949218750e+01,6.890604400634765625e+01,4.986647033691406250e+01,8.843728065490722656e+00,-1.058797168731689453e+01,-1.063549995422363281e+01,-7.261028289794921875e+00,-8.587368011474609375e+00,-7.178049087524414062e+00,-1.336692905426025391e+01,-2.801697921752929688e+01,-3.623097229003906250e+01,-4.234973907470703125e+01,-3.836190795898437500e+01,-2.313444709777832031e+01,-2.386231422424316406e-01,3.278526782989501953e+00,9.621146202087402344e+00,3.934896087646484375e+01,6.570115661621093750e+01,7.834154510498046875e+01,9.196201324462890625e+01,9.987673950195312500e+01,9.522311401367187500e+01,8.786520385742187500e+01,9.407343292236328125e+01,9.057603454589843750e+01,8.460048675537109375e+01,8.044129943847656250e+01,8.834463500976562500e+01,9.570755004882812500e+01,9.574075317382812500e+01,9.261100769042968750e+01,9.137976074218750000e+01,9.298731994628906250e+01,8.818812561035156250e+01,8.515158843994140625e+01,8.125354003906250000e+01,7.754101562500000000e+01,7.351294708251953125e+01,3.342890548706054688e+01,1.883748626708984375e+01,3.452204132080078125e+01,5.990362548828125000e+01,7.700712585449218750e+01,9.096813964843750000e+01,9.048226165771484375e+01,8.696058654785156250e+01,8.080343627929687500e+01,7.247766113281250000e+01,7.321218872070312500e+01,7.055349731445312500e+01,7.215409851074218750e+01,7.121099853515625000e+01,7.301658630371093750e+01,7.861904907226562500e+01,8.427496337890625000e+01,8.286476135253906250e+01,7.693017578125000000e+01,8.341798400878906250e+01,8.365104675292968750e+01,7.856301879882812500e+01,7.291302490234375000e+01,6.962776184082031250e+01,6.876190185546875000e+01,6.691501617431640625e+01,6.703608703613281250e+01,6.622984313964843750e+01,6.791532897949218750e+01,6.983016967773437500e+01,7.062554931640625000e+01,7.007897186279296875e+01,7.012726593017578125e+01,7.049513244628906250e+01,6.986451721191406250e+01,6.835284423828125000e+01,6.968388366699218750e+01,7.393528747558593750e+01,7.456070709228515625e+01,7.311648559570312500e+01,7.369901275634765625e+01,7.307032012939453125e+01,7.412837219238281250e+01,7.483021545410156250e+01,7.684133911132812500e+01,8.009086608886718750e+01,8.706575775146484375e+01,9.063593292236328125e+01,8.663660430908203125e+01,8.001560211181640625e+01,7.446679687500000000e+01,7.824651336669921875e+01,8.214385986328125000e+01,8.314507293701171875e+01,8.163299560546875000e+01,8.217636108398437500e+01,7.848536682128906250e+01,7.411670684814453125e+01,7.739251708984375000e+01,8.617709350585937500e+01,1.014409027099609375e+02,9.955636596679687500e+01,9.174760437011718750e+01,8.603268432617187500e+01,8.212385559082031250e+01,7.543019104003906250e+01,6.011918640136718750e+01,6.193328094482421875e+01,6.754789733886718750e+01,6.149771881103515625e+01,6.224849700927734375e+01,5.351293182373046875e+01,5.510973358154296875e+01,6.130072402954101562e+01,7.311586761474609375e+01,7.733035278320312500e+01,7.772090148925781250e+01,7.485363006591796875e+01,7.087068176269531250e+01,7.496926879882812500e+01,7.501385498046875000e+01,8.018582153320312500e+01,8.075524902343750000e+01,7.981372070312500000e+01,7.563652801513671875e+01,7.524847412109375000e+01,8.439866638183593750e+01,8.266746520996093750e+01,7.606443786621093750e+01,7.417942810058593750e+01,8.403584289550781250e+01,8.091287231445312500e+01,7.352005767822265625e+01,7.397367858886718750e+01,8.076522827148437500e+01,7.652342987060546875e+01,7.523515319824218750e+01,7.582386779785156250e+01,7.293586730957031250e+01,7.697094726562500000e+01,7.515612792968750000e+01,7.603587341308593750e+01,8.132130432128906250e+01,7.643502044677734375e+01,7.474295043945312500e+01,7.704678344726562500e+01,7.949508666992187500e+01,7.932646179199218750e+01,7.831403350830078125e+01,7.927354431152343750e+01,8.460780334472656250e+01,8.573130798339843750e+01,8.143151092529296875e+01,8.236226654052734375e+01,8.466216278076171875e+01,7.601304626464843750e+01,7.798274230957031250e+01,8.210565948486328125e+01,7.990142822265625000e+01,8.443965148925781250e+01,8.602326965332031250e+01,8.222076416015625000e+01,8.626778411865234375e+01,9.460173034667968750e+01,9.609037780761718750e+01,9.693171691894531250e+01,9.998469543457031250e+01,9.714514160156250000e+01,9.104718017578125000e+01,8.985578918457031250e+01,9.314504241943359375e+01,9.237728881835937500e+01,8.944510650634765625e+01,9.075370788574218750e+01,9.526129150390625000e+01,1.088408889770507812e+02,1.000638427734375000e+02,7.983953857421875000e+01,6.387399291992187500e+01,6.218340301513671875e+01,6.954466247558593750e+01,7.203883361816406250e+01,8.388385009765625000e+01,9.096899414062500000e+01,9.387218475341796875e+01,9.078559875488281250e+01,8.580506896972656250e+01,7.562755584716796875e+01,6.822201538085937500e+01,6.952792358398437500e+01,7.921890258789062500e+01,9.339826202392578125e+01,9.056686401367187500e+01,8.164981079101562500e+01,7.271745300292968750e+01,6.802755737304687500e+01,7.399209594726562500e+01,8.390102386474609375e+01,9.624038696289062500e+01,7.600228118896484375e+01,5.837722015380859375e+01,3.067947769165039062e+01,1.502421188354492188e+01,3.672106170654296875e+01,3.956534576416015625e+01,3.575317382812500000e+01,4.993676757812500000e+01,7.071694946289062500e+01,7.450308227539062500e+01,6.044097900390625000e+01,3.476052856445312500e+01,2.242395401000976562e+01,2.261261749267578125e+01,4.321766662597656250e+01,6.623281860351562500e+01,3.456507873535156250e+01,1.912667393684387207e+00,-1.168561744689941406e+01,-1.064185142517089844e+01,-7.911174774169921875e+00,-5.048477172851562500e+00,-4.513509750366210938e+00,-1.172791481018066406e+00,-2.695012569427490234e+00,1.913174247741699219e+01,3.759996414184570312e+01,3.964963531494140625e+01,4.941705322265625000e+01,6.245798110961914062e+01,6.283124923706054688e+01,5.844047546386718750e+01,6.094849395751953125e+01,6.613980102539062500e+01,5.437802124023437500e+01,3.734953689575195312e+01,2.577745437622070312e+01,4.458975601196289062e+01,6.157505035400390625e+01,4.653910064697265625e+01,3.140727996826171875e+00,1.690196037292480469e+01,4.753729248046875000e+01,6.498822021484375000e+01,7.143482971191406250e+01,8.144097900390625000e+01,8.468405151367187500e+01,8.373725128173828125e+01,8.179029846191406250e+01,7.172602844238281250e+01,6.715279388427734375e+01,7.131834411621093750e+01,7.390802764892578125e+01,8.454201507568359375e+01,8.491378784179687500e+01,8.670324707031250000e+01,1.013639831542968750e+02,1.136965332031250000e+02,1.119038696289062500e+02,1.112281036376953125e+02,1.135134429931640625e+02,1.084575653076171875e+02,9.854694366455078125e+01,8.791842651367187500e+01,9.104264831542968750e+01,8.759950256347656250e+01,8.838125610351562500e+01,8.899459838867187500e+01,8.725338745117187500e+01,8.823902893066406250e+01,8.658341979980468750e+01,8.709371185302734375e+01,9.047659301757812500e+01,9.329107666015625000e+01,9.476591491699218750e+01,9.504894256591796875e+01,9.222297668457031250e+01,9.331184387207031250e+01,9.498802947998046875e+01,8.877025604248046875e+01,8.843429565429687500e+01,8.630053710937500000e+01,8.671611022949218750e+01,8.057072448730468750e+01,8.163111877441406250e+01,8.322462463378906250e+01,7.995184326171875000e+01,7.649166107177734375e+01,7.209117126464843750e+01,6.264363479614257812e+01,5.799448394775390625e+01,6.397897720336914062e+01,7.386080932617187500e+01,8.077847290039062500e+01,8.318487548828125000e+01,8.300943756103515625e+01,8.283421325683593750e+01,8.038635253906250000e+01,7.497260284423828125e+01,7.714489746093750000e+01,7.858528900146484375e+01,7.764463806152343750e+01,7.765885925292968750e+01,8.044233703613281250e+01,7.953877258300781250e+01,8.144535827636718750e+01,7.717312622070312500e+01,7.538825225830078125e+01,7.653681945800781250e+01,8.032036590576171875e+01,7.701104736328125000e+01,8.072605133056640625e+01,8.254753875732421875e+01,8.111212158203125000e+01,7.713389587402343750e+01,8.153523254394531250e+01,8.315844726562500000e+01,8.036201477050781250e+01,7.442964172363281250e+01,7.921934509277343750e+01,8.145832824707031250e+01,8.165277099609375000e+01,8.138558959960937500e+01,8.435726165771484375e+01,8.058354187011718750e+01,7.989976501464843750e+01,8.145857238769531250e+01,8.532139587402343750e+01,8.618600463867187500e+01,7.948686218261718750e+01,8.080311584472656250e+01,8.368576049804687500e+01,8.440122985839843750e+01,8.829802703857421875e+01,8.763488769531250000e+01,8.826876831054687500e+01,9.483285522460937500e+01,9.522261047363281250e+01,9.519825744628906250e+01,9.400865173339843750e+01,9.127403259277343750e+01,8.958777618408203125e+01,8.999650573730468750e+01,8.904954528808593750e+01,9.028182983398437500e+01,9.384603881835937500e+01,9.184753417968750000e+01,9.385084533691406250e+01,9.335043334960937500e+01,9.118028259277343750e+01,8.964182281494140625e+01,8.480848693847656250e+01,8.543527221679687500e+01,8.241836547851562500e+01,8.247758483886718750e+01,7.877563476562500000e+01,7.914717864990234375e+01,8.146663665771484375e+01,8.596170043945312500e+01,8.667302703857421875e+01,8.877027893066406250e+01,9.175989532470703125e+01,9.536874389648437500e+01,8.852291870117187500e+01,8.569444274902343750e+01,8.470484924316406250e+01,8.762870025634765625e+01,9.110304260253906250e+01,9.741741180419921875e+01,9.820713806152343750e+01,1.011487503051757812e+02,1.047448120117187500e+02,1.068878173828125000e+02,1.063834991455078125e+02,1.069145050048828125e+02,1.066693878173828125e+02,1.087091979980468750e+02,1.036681213378906250e+02,9.892191314697265625e+01,1.010009689331054688e+02,1.041593856811523438e+02,1.012079162597656250e+02,9.914340209960937500e+01,9.639212036132812500e+01,9.518309020996093750e+01,9.564784240722656250e+01,9.948714447021484375e+01,9.917662811279296875e+01,9.678161621093750000e+01,9.921830749511718750e+01,9.958845520019531250e+01,9.497543334960937500e+01,9.069795989990234375e+01,9.533528137207031250e+01,9.571748352050781250e+01,1.001084899902343750e+02,9.876714324951171875e+01,9.971170043945312500e+01,9.975177001953125000e+01,1.000844879150390625e+02,9.884078216552734375e+01,9.050267791748046875e+01,9.342111206054687500e+01,9.061688232421875000e+01,9.233929443359375000e+01,9.161053466796875000e+01,8.660345458984375000e+01,8.456784057617187500e+01,8.733991241455078125e+01,8.522695159912109375e+01,8.004665374755859375e+01,8.661166381835937500e+01,9.585212707519531250e+01,9.597183227539062500e+01,9.389893341064453125e+01,9.364363861083984375e+01,1.010203170776367188e+02,1.001996002197265625e+02,1.011347274780273438e+02,9.949645233154296875e+01,9.613887023925781250e+01,1.044318466186523438e+02,1.080744323730468750e+02,1.100561523437500000e+02,1.123235778808593750e+02,1.119997406005859375e+02,1.138042907714843750e+02,1.109797058105468750e+02,1.103115997314453125e+02,1.106157989501953125e+02,1.105616607666015625e+02,1.096510467529296875e+02,1.044670715332031250e+02,1.009310913085937500e+02,9.694775390625000000e+01,9.599335479736328125e+01,9.437770080566406250e+01,8.822625732421875000e+01,8.979640197753906250e+01,8.959780883789062500e+01,8.592738342285156250e+01,8.587224578857421875e+01,8.800757598876953125e+01,8.906817626953125000e+01,8.839230346679687500e+01,8.686522674560546875e+01,8.487509155273437500e+01,8.493522644042968750e+01,8.624354553222656250e+01,8.263046264648437500e+01,8.718640136718750000e+01,8.942605590820312500e+01,8.945057678222656250e+01,8.494864654541015625e+01,7.910562133789062500e+01,8.523959350585937500e+01,8.158655548095703125e+01,8.104472351074218750e+01,7.880107116699218750e+01,8.061258697509765625e+01,8.474790954589843750e+01,8.578791809082031250e+01,8.274467468261718750e+01,7.629229736328125000e+01,7.692714691162109375e+01,8.234765625000000000e+01,8.299070739746093750e+01,8.083831787109375000e+01,8.251325225830078125e+01,8.476907348632812500e+01,8.332954406738281250e+01,8.112754821777343750e+01,6.642237854003906250e+01,5.500782775878906250e+01,6.253622817993164062e+01,6.586744689941406250e+01,7.256501770019531250e+01,7.862123870849609375e+01,7.710539245605468750e+01,7.797424316406250000e+01,7.774401855468750000e+01,8.228014373779296875e+01,8.278421020507812500e+01,8.101869201660156250e+01,8.458703613281250000e+01,8.509872436523437500e+01,8.362218475341796875e+01,9.108010864257812500e+01,9.503797149658203125e+01,9.143534851074218750e+01,8.788169860839843750e+01,8.794226074218750000e+01,9.297145080566406250e+01,9.283753967285156250e+01,8.312168884277343750e+01,8.301755523681640625e+01,8.591929626464843750e+01,9.380075073242187500e+01,7.892852783203125000e+01,5.950531768798828125e+01,5.792893981933593750e+01,6.007202148437500000e+01,6.482228088378906250e+01,7.943177795410156250e+01,8.614021301269531250e+01,8.510068511962890625e+01,9.030870056152343750e+01,9.753793334960937500e+01,9.755206298828125000e+01,9.162886047363281250e+01,9.009440612792968750e+01,8.385517120361328125e+01,8.967369079589843750e+01,9.091172790527343750e+01,9.702516937255859375e+01,1.106160812377929688e+02,1.024546051025390625e+02,6.627394866943359375e+01,3.709828567504882812e+01,2.355706787109375000e+01,1.448200798034667969e+01,1.050583934783935547e+01,7.876345634460449219e+00,2.309838867187500000e+01,4.891252899169921875e+01,6.458549499511718750e+01,5.958570480346679688e+01,6.481876373291015625e+01,8.014846801757812500e+01,8.517259216308593750e+01,8.765233612060546875e+01,8.404264068603515625e+01,7.882724761962890625e+01,7.810281372070312500e+01,8.492552947998046875e+01,9.107829284667968750e+01,5.975942230224609375e+01,1.804121589660644531e+01,2.826925992965698242e+00,-2.526796579360961914e+00,-9.691324234008789062e+00,1.262655448913574219e+01,6.017077636718750000e+01,7.293571472167968750e+01,8.330227661132812500e+01,9.707053375244140625e+01,9.774383544921875000e+01,9.900544738769531250e+01,9.431678771972656250e+01,8.753947448730468750e+01,7.979347229003906250e+01,7.846011352539062500e+01,8.483615112304687500e+01,8.756684875488281250e+01,9.578417968750000000e+01,1.007370986938476562e+02,1.030407485961914062e+02,9.437106323242187500e+01,9.986677551269531250e+01,1.061013870239257812e+02,1.062353363037109375e+02,1.081640777587890625e+02,1.145840759277343750e+02,1.122680206298828125e+02,1.080918197631835938e+02,1.028292999267578125e+02,1.003666610717773438e+02,1.040576019287109375e+02,1.012977447509765625e+02,9.967730712890625000e+01,1.030606384277343750e+02,8.133055114746093750e+01,8.097576141357421875e+01,9.939296722412109375e+01,1.097993774414062500e+02,1.108723297119140625e+02,1.096257629394531250e+02,1.081053314208984375e+02,1.064052429199218750e+02,1.028794250488281250e+02,1.016755523681640625e+02,1.087944412231445312e+02,1.128825149536132812e+02,1.015885009765625000e+02,6.730194091796875000e+01,6.178629302978515625e+01,8.469584655761718750e+01,9.826000976562500000e+01,1.032586212158203125e+02,1.014415893554687500e+02,1.046606674194335938e+02,9.554360961914062500e+01,9.298143768310546875e+01,9.886024475097656250e+01,9.554051208496093750e+01,9.908803558349609375e+01,9.837859344482421875e+01,1.001733093261718750e+02,1.002734451293945312e+02,9.672453308105468750e+01,9.726907348632812500e+01,9.374420166015625000e+01,9.655081939697265625e+01,9.858520507812500000e+01,9.857164764404296875e+01,9.699519348144531250e+01,9.470280456542968750e+01,9.796699523925781250e+01,1.027017059326171875e+02,1.048547439575195312e+02,1.040910491943359375e+02,1.082038726806640625e+02,1.081561889648437500e+02,1.069447021484375000e+02,1.086861572265625000e+02,1.134744720458984375e+02,1.102685317993164062e+02,1.107699356079101562e+02,1.053479003906250000e+02,9.470519256591796875e+01,9.143306732177734375e+01,9.339801025390625000e+01,9.830969238281250000e+01,1.058204193115234375e+02,1.033424682617187500e+02,1.077279663085937500e+02,1.206669158935546875e+02,1.062789535522460938e+02,8.937335205078125000e+01,8.220066833496093750e+01,8.389224243164062500e+01,8.230216979980468750e+01,8.143431091308593750e+01,8.338742065429687500e+01,7.811222839355468750e+01,6.797068786621093750e+01,6.637598419189453125e+01,5.796781539916992188e+01,4.732685089111328125e+01,3.650299072265625000e+01,3.546858215332031250e+01,5.032633590698242188e+01,6.746635437011718750e+01,7.585816955566406250e+01,8.933013916015625000e+01,9.784181213378906250e+01,9.632610321044921875e+01,8.363064575195312500e+01,7.326100158691406250e+01,6.461404418945312500e+01,5.255615615844726562e+01,5.056025695800781250e+01,5.341101074218750000e+01,5.794029998779296875e+01,5.737832641601562500e+01,5.339748764038085938e+01,5.498850250244140625e+01,6.416696166992187500e+01,7.527198028564453125e+01,9.008825683593750000e+01,1.010531768798828125e+02,1.014940643310546875e+02,1.085929489135742188e+02,1.113008270263671875e+02,1.110152587890625000e+02,1.095430603027343750e+02,1.136547393798828125e+02,1.164782943725585938e+02,1.148392639160156250e+02,1.109059219360351562e+02,1.084126968383789062e+02,1.071548461914062500e+02,1.077682952880859375e+02,1.006655197143554688e+02,9.845051574707031250e+01,1.042515716552734375e+02,9.943544006347656250e+01,1.013629531860351562e+02,1.033447036743164062e+02,9.926264953613281250e+01,9.898767852783203125e+01,1.033933715820312500e+02,1.053697662353515625e+02,1.051049804687500000e+02,1.087365417480468750e+02,1.058283691406250000e+02,9.912391662597656250e+01,8.389266204833984375e+01,7.359693908691406250e+01,6.801304626464843750e+01,6.521036529541015625e+01,5.980448913574218750e+01,5.185205078125000000e+01,5.516686248779296875e+01,6.564269256591796875e+01,7.626585388183593750e+01,7.602230834960937500e+01,7.339739990234375000e+01,7.420103454589843750e+01,8.526385498046875000e+01,8.529107666015625000e+01,7.203623962402343750e+01,5.820052337646484375e+01,5.992643737792968750e+01,7.169549560546875000e+01,7.758476257324218750e+01,7.944018554687500000e+01,8.728498840332031250e+01,9.335244750976562500e+01,9.789005279541015625e+01,1.003799591064453125e+02,1.005409240722656250e+02,7.950204467773437500e+01,6.136210632324218750e+01,5.204290008544921875e+01,5.197323608398437500e+01,5.174490356445312500e+01,5.796831512451171875e+01,6.228870010375976562e+01,6.841407775878906250e+01,7.905624389648437500e+01,8.475536346435546875e+01,8.567815399169921875e+01,9.089156341552734375e+01,9.459548950195312500e+01,9.650898742675781250e+01,9.591937255859375000e+01,9.815856933593750000e+01,9.670333099365234375e+01,9.567268371582031250e+01,1.034398956298828125e+02,1.087531509399414062e+02,1.107887878417968750e+02,1.098007354736328125e+02,1.092086181640625000e+02,1.113001556396484375e+02,1.096407318115234375e+02,1.093659362792968750e+02,1.066846237182617188e+02,1.036395416259765625e+02,1.030213928222656250e+02,1.038568267822265625e+02,1.065004730224609375e+02,1.073325805664062500e+02,1.043752822875976562e+02,9.953291320800781250e+01,9.898719787597656250e+01,1.010238494873046875e+02,9.675057983398437500e+01,1.002499084472656250e+02,9.940069580078125000e+01,9.381712341308593750e+01,8.511856079101562500e+01,8.240238952636718750e+01,8.242481994628906250e+01,8.886805725097656250e+01,9.427162170410156250e+01,9.513021850585937500e+01,9.653787231445312500e+01,9.660369110107421875e+01,9.410965728759765625e+01,9.311901855468750000e+01,8.405248260498046875e+01,8.706266784667968750e+01,9.256757354736328125e+01,9.555934143066406250e+01,1.044091262817382812e+02,1.037879409790039062e+02,1.130297775268554688e+02,1.027479476928710938e+02,8.077671813964843750e+01,7.392457580566406250e+01,7.819257354736328125e+01,8.647033691406250000e+01,9.279718780517578125e+01,8.904280853271484375e+01,6.436829376220703125e+01,4.627089309692382812e+01,3.315145111083984375e+01,2.476098632812500000e+01,2.383163261413574219e+01,2.288871765136718750e+01,4.047953796386718750e+01,5.972534942626953125e+01,7.000611877441406250e+01,8.409057617187500000e+01,9.695337677001953125e+01,1.032966461181640625e+02,1.037420349121093750e+02,9.278424072265625000e+01,7.756605529785156250e+01,6.671891784667968750e+01,6.205843353271484375e+01,6.443833160400390625e+01,6.744786071777343750e+01,7.763883209228515625e+01,8.901734924316406250e+01,9.730817413330078125e+01,9.809015655517578125e+01,9.936143493652343750e+01,9.341361999511718750e+01,9.293150329589843750e+01,9.915032196044921875e+01,1.056698150634765625e+02,1.087918701171875000e+02,8.645254516601562500e+01,6.667254638671875000e+01,7.611405181884765625e+01,9.543708801269531250e+01,1.056695404052734375e+02,1.113834381103515625e+02,1.044653930664062500e+02,9.011266326904296875e+01,8.228776550292968750e+01,7.771542358398437500e+01,7.835390472412109375e+01,8.080972290039062500e+01,8.198773193359375000e+01,8.416143035888671875e+01,8.694712829589843750e+01,9.476424407958984375e+01,1.003178710937500000e+02,9.713549804687500000e+01,9.776844787597656250e+01,9.838082885742187500e+01,9.267765808105468750e+01,9.132150268554687500e+01,9.480715179443359375e+01,9.337070465087890625e+01,8.945600891113281250e+01,9.155450439453125000e+01,9.843009185791015625e+01,9.590677642822265625e+01,9.406272888183593750e+01,7.047583007812500000e+01,5.100616836547851562e+01,5.713903045654296875e+01,7.342668151855468750e+01,8.724702453613281250e+01,6.713144683837890625e+01,2.929589080810546875e+01,3.201118469238281250e+01,4.436753082275390625e+01,5.169419097900390625e+01,5.974907302856445312e+01,5.461241149902343750e+01,5.103562927246093750e+01,4.595908737182617188e+01,4.715036010742187500e+01,5.256005096435546875e+01,5.621337890625000000e+01,6.795940399169921875e+01,7.905708312988281250e+01,8.774610137939453125e+01,9.563345336914062500e+01,9.593781280517578125e+01,1.027469635009765625e+02,1.111664657592773438e+02,1.037547149658203125e+02,8.986898803710937500e+01,8.295672607421875000e+01,8.165747070312500000e+01,8.268859863281250000e+01,8.511557006835937500e+01,8.872721862792968750e+01,7.215287017822265625e+01,5.756864929199218750e+01,5.587123107910156250e+01,6.294109344482421875e+01,6.793734741210937500e+01,8.192450714111328125e+01,8.460957336425781250e+01,8.306120300292968750e+01,8.803231811523437500e+01,8.904266357421875000e+01,9.295873260498046875e+01,9.189926910400390625e+01,9.535852813720703125e+01,9.966587829589843750e+01,1.052547988891601562e+02,1.050429306030273438e+02,9.818951416015625000e+01,9.670874023437500000e+01,9.464865112304687500e+01,9.702435302734375000e+01,9.498944091796875000e+01,8.040019226074218750e+01,4.509558105468750000e+01,2.854794311523437500e+01,3.865784072875976562e+01,6.844844055175781250e+01,9.289172363281250000e+01,1.060597076416015625e+02,1.125174942016601562e+02,1.170877609252929688e+02,1.144784240722656250e+02,1.082950897216796875e+02,1.036002044677734375e+02,9.797244262695312500e+01,1.016798171997070312e+02,1.105533447265625000e+02,1.141217117309570312e+02,1.098398284912109375e+02,1.049478759765625000e+02,1.026043701171875000e+02,9.825747680664062500e+01,7.145088195800781250e+01,3.949560165405273438e+01,3.124247741699218750e+01,3.552294158935546875e+01,3.627845764160156250e+01,4.521327972412109375e+01,5.185074615478515625e+01,6.162177276611328125e+01,7.935243225097656250e+01,9.214085388183593750e+01,9.534671020507812500e+01,9.268175506591796875e+01,9.418298339843750000e+01,9.264336395263671875e+01,8.933116912841796875e+01,9.118722534179687500e+01,9.406523132324218750e+01,9.632984161376953125e+01,9.838397216796875000e+01,1.012432098388671875e+02,9.881195068359375000e+01,9.485623931884765625e+01,9.425811767578125000e+01,9.801185607910156250e+01,9.784930419921875000e+01,9.765258789062500000e+01,8.367364501953125000e+01,7.473171997070312500e+01,7.934858703613281250e+01,8.454486083984375000e+01,9.673645019531250000e+01,1.024773025512695312e+02,1.099404983520507812e+02,1.091903686523437500e+02,1.077371826171875000e+02,1.081145095825195312e+02,1.112773590087890625e+02,1.117078247070312500e+02,1.060289001464843750e+02,1.033589324951171875e+02,1.069145202636718750e+02,1.074084777832031250e+02,1.070490341186523438e+02,1.056986389160156250e+02,1.054514617919921875e+02,1.022981948852539062e+02,1.042909088134765625e+02,1.047490234375000000e+02,1.091952590942382812e+02,1.197183303833007812e+02,1.132259674072265625e+02,9.057086181640625000e+01,7.794863891601562500e+01,7.049543762207031250e+01,6.076802825927734375e+01,5.700928115844726562e+01,6.110706329345703125e+01,6.817840576171875000e+01,7.562977600097656250e+01,8.041069793701171875e+01,8.806805419921875000e+01,9.761468505859375000e+01,1.002872161865234375e+02,9.014125061035156250e+01,8.805467224121093750e+01,1.032651748657226562e+02,9.865570068359375000e+01,1.042223052978515625e+02,1.163005218505859375e+02,1.214574890136718750e+02,1.199106063842773438e+02,1.182938079833984375e+02,1.128971099853515625e+02,1.038524017333984375e+02,8.576100158691406250e+01,7.811808013916015625e+01,7.795626831054687500e+01,8.195330047607421875e+01,8.786185455322265625e+01,9.020837402343750000e+01,9.879454803466796875e+01,1.109502716064453125e+02,1.146951293945312500e+02,1.211060409545898438e+02,1.244523773193359375e+02,1.129760742187500000e+02,8.890499877929687500e+01,8.807076263427734375e+01,9.032458496093750000e+01,9.026235961914062500e+01,9.179791259765625000e+01,8.811222839355468750e+01,8.287161254882812500e+01,8.171717834472656250e+01,7.078797149658203125e+01,8.325398254394531250e+01,9.006980133056640625e+01,9.285102844238281250e+01,9.422827148437500000e+01,9.394005584716796875e+01,9.408488464355468750e+01,8.746888732910156250e+01,8.644652557373046875e+01,9.258563995361328125e+01,9.020903778076171875e+01,8.307575988769531250e+01,5.081098937988281250e+01,3.019337081909179688e+01,2.214566421508789062e+01,2.483775901794433594e+01,2.589757728576660156e+01,2.549814987182617188e+01,2.938125991821289062e+01,3.338020706176757812e+01,5.194677734375000000e+01,7.552252960205078125e+01,9.524253845214843750e+01,1.033135299682617188e+02,1.115536651611328125e+02,1.148718948364257812e+02,1.104853973388671875e+02,1.125605773925781250e+02,1.116082153320312500e+02,1.130224151611328125e+02,1.122396850585937500e+02,1.142325439453125000e+02,1.196943969726562500e+02,1.174002685546875000e+02,1.187731018066406250e+02,1.200385589599609375e+02,1.235462799072265625e+02,1.216951904296875000e+02,1.169898300170898438e+02,1.157339782714843750e+02,1.195175170898437500e+02,1.219333038330078125e+02,1.220837707519531250e+02,1.207281112670898438e+02,1.170838470458984375e+02,1.167846527099609375e+02,1.157934570312500000e+02,1.157717742919921875e+02,1.130574340820312500e+02,1.165781860351562500e+02,1.221598663330078125e+02,1.202707138061523438e+02,1.211099853515625000e+02,1.225099029541015625e+02,1.229875640869140625e+02,1.197283935546875000e+02,1.157794647216796875e+02,9.933287811279296875e+01,8.578375244140625000e+01,8.509579467773437500e+01,7.884350585937500000e+01,7.615569305419921875e+01,7.628964233398437500e+01,6.869033813476562500e+01,7.035699462890625000e+01,7.445083618164062500e+01,8.136207580566406250e+01,9.227593994140625000e+01,9.806404113769531250e+01,1.052332763671875000e+02,1.125416030883789062e+02,1.142341766357421875e+02,1.090479125976562500e+02,9.896774291992187500e+01,7.282704162597656250e+01,4.039075469970703125e+01,2.042219543457031250e+01,1.504264259338378906e+01,1.620037841796875000e+01,2.200155258178710938e+01,3.746207427978515625e+01,4.920368576049804688e+01,6.348530197143554688e+01,8.103710937500000000e+01,8.594967651367187500e+01,9.222598266601562500e+01,9.649765777587890625e+01,1.046542587280273438e+02,1.068719940185546875e+02,1.042744216918945312e+02,1.076292037963867188e+02,1.084727020263671875e+02,1.027232360839843750e+02,9.967616271972656250e+01,1.026600036621093750e+02,9.626766204833984375e+01,9.742851257324218750e+01,1.029773788452148438e+02,1.034603881835937500e+02,1.021743011474609375e+02,1.058711395263671875e+02,1.048153839111328125e+02,1.062871704101562500e+02,1.103180999755859375e+02,1.086227645874023438e+02,1.073066253662109375e+02,1.021120452880859375e+02,9.197256469726562500e+01,9.064139556884765625e+01,9.237911224365234375e+01,9.914997863769531250e+01,1.025208282470703125e+02,1.011232910156250000e+02,1.052343521118164062e+02,1.150508117675781250e+02,1.184398956298828125e+02,1.167018890380859375e+02,1.195575561523437500e+02,1.164503936767578125e+02,8.823476409912109375e+01,8.675068664550781250e+01,1.145467376708984375e+02,1.197838134765625000e+02,1.175833282470703125e+02,1.191101760864257812e+02,1.227805938720703125e+02,1.145327377319335938e+02,1.031939544677734375e+02,9.987130737304687500e+01,1.027814788818359375e+02,1.005589065551757812e+02,9.247311401367187500e+01,8.429571533203125000e+01,7.423755645751953125e+01,7.451467895507812500e+01,8.126326751708984375e+01,8.786735534667968750e+01,9.371498107910156250e+01,9.614521789550781250e+01,1.041490097045898438e+02,1.116924133300781250e+02,1.127479095458984375e+02,1.129114227294921875e+02,1.136395111083984375e+02,1.181433868408203125e+02,1.165509033203125000e+02,1.157474212646484375e+02,1.107351226806640625e+02,1.091155853271484375e+02,1.094511642456054688e+02,1.102602920532226562e+02,1.100704193115234375e+02,1.053367004394531250e+02,1.020762786865234375e+02,9.706833648681640625e+01,9.418128967285156250e+01,8.730743408203125000e+01,8.759860992431640625e+01,8.222483825683593750e+01,7.592938995361328125e+01,7.027719879150390625e+01,6.740014648437500000e+01,7.862037658691406250e+01,8.822486877441406250e+01,9.306980895996093750e+01,9.564144897460937500e+01,9.899478149414062500e+01,9.379018402099609375e+01,9.357087707519531250e+01,9.199357604980468750e+01,9.274977111816406250e+01,9.415885925292968750e+01,9.786546325683593750e+01,9.388778686523437500e+01,9.081910705566406250e+01,9.005906677246093750e+01,9.223160552978515625e+01,9.312951660156250000e+01,9.047716522216796875e+01,8.945198059082031250e+01,9.293367767333984375e+01,9.425572204589843750e+01,9.751998138427734375e+01,9.405457305908203125e+01,9.781082153320312500e+01,1.080664062500000000e+02,1.046053390502929688e+02,8.928446960449218750e+01,8.644615173339843750e+01,8.207444763183593750e+01,7.746124267578125000e+01,8.315568542480468750e+01,8.229719543457031250e+01,8.143780517578125000e+01,8.163695526123046875e+01,7.124590301513671875e+01,3.115936279296875000e+01,5.568290233612060547e+00,8.775846958160400391e-01,6.015399098396301270e-01,1.703380203247070312e+01,1.854663276672363281e+01,2.966239166259765625e+01,5.186595153808593750e+01,8.138056945800781250e+01,9.017803955078125000e+01,8.644880676269531250e+01,9.153941345214843750e+01,9.234215545654296875e+01,9.858775329589843750e+01,1.069936447143554688e+02,1.064982147216796875e+02,9.955760955810546875e+01,1.063736572265625000e+02,1.109504547119140625e+02,9.924430847167968750e+01,8.143402099609375000e+01,7.774332427978515625e+01,8.562295532226562500e+01,9.301948547363281250e+01,9.506883239746093750e+01,9.491551208496093750e+01,9.303367614746093750e+01,9.817778015136718750e+01,9.686917114257812500e+01,8.970906829833984375e+01,8.103731536865234375e+01,8.269972229003906250e+01,7.699874877929687500e+01,7.605372619628906250e+01,7.691827392578125000e+01,7.929409790039062500e+01,6.879234313964843750e+01,4.174240112304687500e+01,2.779470062255859375e+01,1.480950736999511719e+01,1.158596897125244141e+01,2.854346466064453125e+01,5.364288330078125000e+01,7.833365631103515625e+01,9.247723388671875000e+01,1.028191223144531250e+02,1.035334777832031250e+02,1.047543792724609375e+02,1.008420486450195312e+02,1.015742187500000000e+02,1.000638122558593750e+02,9.460340881347656250e+01,9.374882507324218750e+01,1.001657257080078125e+02,1.082514801025390625e+02,1.114889144897460938e+02,1.032144851684570312e+02,8.697215270996093750e+01,8.043121337890625000e+01,8.281645965576171875e+01,9.063150024414062500e+01,8.609048461914062500e+01,7.311351013183593750e+01,6.633395385742187500e+01,7.347464752197265625e+01,8.163307189941406250e+01,8.178197479248046875e+01,7.699020385742187500e+01,7.105479431152343750e+01,6.466748046875000000e+01,6.396539306640625000e+01,6.497142791748046875e+01,6.550044250488281250e+01,7.367999267578125000e+01,7.962272644042968750e+01,7.769964599609375000e+01,6.429032135009765625e+01,5.290900421142578125e+01,3.130511856079101562e+01,2.063744735717773438e+01,1.803476142883300781e+01,2.033221435546875000e+01,1.666025161743164062e+01,8.042034149169921875e+00,1.144865894317626953e+01,2.336330604553222656e+01,8.771172761917114258e-01,-2.113118743896484375e+01,-2.839686203002929688e+01,-5.540065288543701172e+00,2.414427566528320312e+01,3.616878509521484375e+01,4.184317779541015625e+01,5.138219070434570312e+01,5.496791076660156250e+01,3.945352554321289062e+01,5.273889160156250000e+01,7.426319885253906250e+01,8.354898071289062500e+01,8.777957153320312500e+01,9.190640258789062500e+01,9.734571075439453125e+01,9.664601135253906250e+01,9.601350402832031250e+01,9.744508361816406250e+01,9.424479675292968750e+01,8.625627899169921875e+01,8.753195190429687500e+01,9.388316345214843750e+01,9.948236083984375000e+01,1.006944503784179688e+02,1.025274353027343750e+02,1.058933944702148438e+02,1.057299346923828125e+02,9.774459838867187500e+01,8.829983520507812500e+01,8.849622344970703125e+01,9.598554992675781250e+01,9.375988769531250000e+01,9.638333129882812500e+01,9.935595703125000000e+01,9.631832122802734375e+01,9.842468261718750000e+01,1.051454238891601562e+02,1.107835388183593750e+02,1.107677764892578125e+02,9.429135131835937500e+01,7.758730316162109375e+01,6.275989151000976562e+01,4.834738159179687500e+01,4.649827575683593750e+01,4.284883117675781250e+01,4.832587432861328125e+01,5.869369506835937500e+01,6.774790954589843750e+01,6.645539855957031250e+01,6.921073913574218750e+01,7.644385528564453125e+01,8.772315979003906250e+01,9.902319335937500000e+01,1.049241180419921875e+02,1.084072952270507812e+02,9.792435455322265625e+01,8.005087280273437500e+01,7.054598999023437500e+01,6.942953491210937500e+01,7.289341735839843750e+01,7.934748077392578125e+01,8.856318664550781250e+01,9.115662384033203125e+01,7.333059692382812500e+01,2.561414718627929688e+01,-1.634489774703979492e+00,-1.710417938232421875e+01,-1.783443450927734375e+01,-1.164899539947509766e+01,-1.168714046478271484e+00,2.600281715393066406e+01,4.363207244873046875e+01,5.839269256591796875e+01,8.956922912597656250e+01,9.978684997558593750e+01,1.006192626953125000e+02,1.067205810546875000e+02,1.055580139160156250e+02,1.048103179931640625e+02,1.044585723876953125e+02,1.032322921752929688e+02,9.923907470703125000e+01,1.010260314941406250e+02,1.029098815917968750e+02,9.998504638671875000e+01,9.981515502929687500e+01,9.930242919921875000e+01,9.851649475097656250e+01,9.644208526611328125e+01,9.921922302246093750e+01,1.024815750122070312e+02,9.970301818847656250e+01,9.567199707031250000e+01,9.504923248291015625e+01,9.557568359375000000e+01,9.645199584960937500e+01,1.026295928955078125e+02,9.792765045166015625e+01,9.119059753417968750e+01,8.361608886718750000e+01,8.199842071533203125e+01,9.168223571777343750e+01,1.004508209228515625e+02,1.051215591430664062e+02,1.034993515014648438e+02,1.008260650634765625e+02,9.752228546142578125e+01,9.671228790283203125e+01,1.037471160888671875e+02,1.011290893554687500e+02,9.151869201660156250e+01,8.953718566894531250e+01,7.790997314453125000e+01,8.823112487792968750e+01,8.943792724609375000e+01,9.231393432617187500e+01,9.590702819824218750e+01,9.340219116210937500e+01,1.014259338378906250e+02,1.029642486572265625e+02,1.025361557006835938e+02,1.026905670166015625e+02,9.892114257812500000e+01,1.064353027343750000e+02,1.085303039550781250e+02,9.550802612304687500e+01,7.255355834960937500e+01,6.109461212158203125e+01,6.266409301757812500e+01,6.952849578857421875e+01,8.666801452636718750e+01,9.510999298095703125e+01,8.879254150390625000e+01,8.109666442871093750e+01,7.797643280029296875e+01,7.487644958496093750e+01,5.853836059570312500e+01,5.557307434082031250e+01,6.328163909912109375e+01,7.293214416503906250e+01,8.321345520019531250e+01,7.881101989746093750e+01,7.511695861816406250e+01,7.789053344726562500e+01,7.796714782714843750e+01,7.285092163085937500e+01,7.231042480468750000e+01,6.977624511718750000e+01,7.895922851562500000e+01,9.383492279052734375e+01,1.013990173339843750e+02,9.886911010742187500e+01,9.552517700195312500e+01,8.488569641113281250e+01,8.317292785644531250e+01,8.414093017578125000e+01,8.684317016601562500e+01,9.664784240722656250e+01,9.907092285156250000e+01,8.953065490722656250e+01,3.010045242309570312e+01,4.421472549438476562e+00,5.932310104370117188e+00,2.831264305114746094e+01,5.582254409790039062e+01,7.312966918945312500e+01,8.381094360351562500e+01,9.384086608886718750e+01,1.052207031250000000e+02,1.026821899414062500e+02,1.009209213256835938e+02,8.935820007324218750e+01,8.604353332519531250e+01,8.626858520507812500e+01,8.703302001953125000e+01,9.828176879882812500e+01,1.053881530761718750e+02,1.082469177246093750e+02,1.133602066040039062e+02,1.185246582031250000e+02,1.149883728027343750e+02,1.168021011352539062e+02,1.195454101562500000e+02,1.192968444824218750e+02,1.163365402221679688e+02,1.051187896728515625e+02,9.978620910644531250e+01,6.959573364257812500e+01,1.999836349487304688e+01,4.501969814300537109e+00,3.151396274566650391e+00,1.485804557800292969e+01,3.001635360717773438e+01,4.581751251220703125e+01,7.460211181640625000e+01,8.371202087402343750e+01,8.610923767089843750e+01,9.132923126220703125e+01,1.004634704589843750e+02,1.005928039550781250e+02,4.919930267333984375e+01,3.319872283935546875e+01,5.177064895629882812e+01,7.290261077880859375e+01,7.896277618408203125e+01,8.698561859130859375e+01,9.745690155029296875e+01,1.039144744873046875e+02,1.041951293945312500e+02,1.017327957153320312e+02,6.586943817138671875e+01,1.547925472259521484e+01,-5.135443687438964844e+00,2.734597444534301758e+00,1.574648952484130859e+01,1.982012176513671875e+01,2.913862419128417969e+01,6.811999511718750000e+01,9.111633300781250000e+01,1.034270629882812500e+02,1.035877380371093750e+02,9.837156677246093750e+01,1.011213912963867188e+02,1.014296722412109375e+02,1.125756759643554688e+02,1.155372009277343750e+02,1.171015701293945312e+02,1.082259521484375000e+02,9.560993957519531250e+01,8.791447448730468750e+01,7.759111022949218750e+01,7.699343872070312500e+01,8.076785278320312500e+01,8.624005126953125000e+01,9.281100463867187500e+01,9.416279602050781250e+01,9.436252593994140625e+01,9.415832519531250000e+01,9.432470703125000000e+01,9.228286743164062500e+01,8.861958312988281250e+01,9.070155334472656250e+01,8.689740753173828125e+01,8.915274047851562500e+01,9.337654876708984375e+01,9.755831909179687500e+01,9.939454650878906250e+01,9.663085937500000000e+01,9.520834350585937500e+01,9.630508422851562500e+01,9.681838989257812500e+01,9.565773010253906250e+01,9.910395812988281250e+01,9.999401092529296875e+01,1.113730773925781250e+02,1.069371337890625000e+02,1.029471588134765625e+02,1.019472198486328125e+02,1.057948608398437500e+02,1.150099945068359375e+02,1.129714508056640625e+02,1.103460540771484375e+02,9.606846618652343750e+01,7.561822509765625000e+01,6.756391906738281250e+01,6.079094696044921875e+01,5.707351684570312500e+01,6.470549011230468750e+01,7.829318237304687500e+01,8.426081085205078125e+01,6.802835083007812500e+01,6.340607452392578125e+01,6.689779663085937500e+01,7.355886840820312500e+01,8.487278747558593750e+01,8.597502136230468750e+01,7.333763122558593750e+01,5.627318191528320312e+01,6.002964401245117188e+01,7.463236999511718750e+01,7.885970306396484375e+01,8.044628143310546875e+01,8.228656005859375000e+01,8.823126220703125000e+01,9.163205718994140625e+01,9.027250671386718750e+01,9.855528259277343750e+01,1.095499877929687500e+02,1.079407806396484375e+02,1.033009109497070312e+02,1.023839187622070312e+02,9.952642822265625000e+01,9.487846374511718750e+01,9.492726135253906250e+01,9.234854125976562500e+01,8.528079986572265625e+01,8.692353820800781250e+01,8.824726867675781250e+01,8.845446777343750000e+01,8.438811492919921875e+01,7.763572692871093750e+01,7.552841186523437500e+01,7.673658752441406250e+01,8.127235412597656250e+01,8.369853210449218750e+01,8.342889404296875000e+01,8.382080078125000000e+01,8.107080841064453125e+01,8.133738708496093750e+01,8.360153198242187500e+01,8.551332092285156250e+01,8.365293121337890625e+01,8.523325347900390625e+01,8.644692993164062500e+01,8.241113281250000000e+01,7.575137329101562500e+01,7.799719238281250000e+01,8.305681610107421875e+01,8.729042816162109375e+01,8.438494873046875000e+01,8.206523895263671875e+01,8.287804412841796875e+01,8.459051513671875000e+01,8.141088104248046875e+01,8.104684448242187500e+01,8.265280151367187500e+01,8.071936035156250000e+01,7.036201477050781250e+01,6.427625274658203125e+01,6.574395751953125000e+01,7.154165649414062500e+01,7.583641052246093750e+01,8.161820220947265625e+01,8.165267944335937500e+01,7.554992675781250000e+01,7.740863800048828125e+01,8.790646362304687500e+01,1.016864776611328125e+02,1.029362487792968750e+02,1.049722671508789062e+02,1.027077941894531250e+02,9.668859100341796875e+01,9.603443908691406250e+01,8.980773925781250000e+01,8.180009460449218750e+01,8.228552246093750000e+01,9.166651916503906250e+01,9.535134887695312500e+01,9.955061340332031250e+01,1.111881256103515625e+02,1.105991058349609375e+02,1.071316528320312500e+02,1.119974517822265625e+02,1.139455108642578125e+02,1.169481201171875000e+02,1.228535003662109375e+02,1.240379333496093750e+02,1.177766723632812500e+02,1.138765258789062500e+02,1.120944366455078125e+02,1.070248718261718750e+02,1.010223693847656250e+02,9.809364318847656250e+01,9.458925628662109375e+01,9.231399536132812500e+01,9.859922790527343750e+01,9.622450256347656250e+01,9.331804656982421875e+01,9.493746948242187500e+01,9.771191406250000000e+01,9.753726196289062500e+01,9.357677459716796875e+01,9.010058593750000000e+01,8.745538330078125000e+01,8.402473449707031250e+01,8.427356719970703125e+01,7.967676544189453125e+01,7.467898559570312500e+01,8.194297790527343750e+01,8.805354309082031250e+01,7.148616027832031250e+01,1.536286354064941406e+01,-2.068669509887695312e+01,-2.891581344604492188e+01,-2.552699089050292969e+01,-1.759940338134765625e+01,2.205754852294921875e+01,6.326503753662109375e+01,8.190827941894531250e+01,8.958123779296875000e+01,9.187171936035156250e+01,9.742282104492187500e+01,9.456625366210937500e+01,9.262358093261718750e+01,8.565261077880859375e+01,7.126707458496093750e+01,6.214865112304687500e+01,6.339026641845703125e+01,6.965695190429687500e+01,6.696236419677734375e+01,7.004014587402343750e+01,6.555970001220703125e+01,4.003500366210937500e+01,1.792319107055664062e+01,2.234702587127685547e+00,-7.691397666931152344e+00,-1.096026992797851562e+01,1.146286845207214355e+00,3.119554138183593750e+01,5.833965301513671875e+01,7.653215789794921875e+01,8.880644989013671875e+01,7.845977020263671875e+01,2.509186363220214844e+01,-2.279917716979980469e+00,-5.759634017944335938e+00,-7.602023601531982422e+00,-5.420021057128906250e+00,-2.647340536117553711e+00,-3.492757320404052734e+00,8.051382064819335938e+00,3.663019180297851562e+01,6.137003326416015625e+01,7.133627319335937500e+01,7.653242492675781250e+01,7.988905334472656250e+01,8.070251464843750000e+01,8.285804748535156250e+01,8.393957519531250000e+01,8.538967132568359375e+01,9.001401519775390625e+01,9.875497436523437500e+01,1.032134017944335938e+02,8.060416412353515625e+01,5.638823699951171875e+01,5.397435760498046875e+01,6.047529602050781250e+01,7.035569000244140625e+01,8.291056823730468750e+01,8.242549133300781250e+01,8.101359558105468750e+01,8.373758697509765625e+01,8.460618591308593750e+01,8.888604736328125000e+01,9.388532257080078125e+01,9.982734680175781250e+01,1.040969238281250000e+02,1.097329406738281250e+02,1.087012023925781250e+02,1.048107223510742188e+02,9.984626770019531250e+01,9.757931518554687500e+01,9.487363433837890625e+01,9.694906616210937500e+01,9.713616943359375000e+01,9.270240783691406250e+01,9.117910766601562500e+01,9.542761230468750000e+01,9.600550842285156250e+01,9.621112823486328125e+01,9.552360534667968750e+01,9.357533264160156250e+01,8.988945007324218750e+01,8.853163909912109375e+01,9.119275665283203125e+01,8.797007751464843750e+01,5.933464050292968750e+01,5.458582305908203125e+01,7.032643127441406250e+01,8.188903808593750000e+01,7.853857421875000000e+01,8.988102722167968750e+01,9.084942626953125000e+01,9.238584899902343750e+01,9.408674621582031250e+01,6.849725341796875000e+01,4.739035415649414062e+01,4.180547332763671875e+01,5.020373535156250000e+01,4.992456436157226562e+01,5.234874343872070312e+01,5.963018798828125000e+01,6.410757446289062500e+01,7.452460479736328125e+01,7.674761962890625000e+01,6.529403686523437500e+01,5.655320739746093750e+01,6.419786834716796875e+01,6.857459259033203125e+01,7.560050964355468750e+01,9.244766235351562500e+01,1.033885726928710938e+02,1.052535629272460938e+02,1.053706970214843750e+02,1.022569732666015625e+02,1.082343902587890625e+02,1.134116973876953125e+02,1.155978622436523438e+02,1.135261001586914062e+02,1.142487792968750000e+02,1.099574584960937500e+02,9.426462554931640625e+01,7.382142639160156250e+01,5.849565887451171875e+01,5.843812561035156250e+01,6.911955261230468750e+01,7.863304138183593750e+01,7.756250000000000000e+01,8.065108489990234375e+01,9.032937622070312500e+01,9.729815673828125000e+01,1.032275085449218750e+02,1.076620941162109375e+02,8.214336395263671875e+01,2.819247817993164062e+01,1.601552200317382812e+01,3.485753631591796875e+01,7.380954742431640625e+01,9.208703613281250000e+01,9.785427856445312500e+01,1.031992187500000000e+02,1.017506866455078125e+02,9.313117980957031250e+01,9.209674072265625000e+01,9.015508270263671875e+01,9.742591094970703125e+01,1.047216949462890625e+02,1.065405273437500000e+02,1.118652191162109375e+02,1.136959533691406250e+02,1.162967529296875000e+02,1.200757064819335938e+02,1.156661071777343750e+02,1.103909149169921875e+02,9.999388122558593750e+01,9.421501159667968750e+01,9.490901947021484375e+01,9.147567749023437500e+01,9.783026123046875000e+01,1.033099060058593750e+02,1.027191009521484375e+02,9.988912963867187500e+01,9.676005554199218750e+01,9.751649475097656250e+01,1.027812347412109375e+02,1.106437683105468750e+02,1.089739761352539062e+02,1.054629516601562500e+02,1.084828643798828125e+02,1.111389846801757812e+02,1.084496841430664062e+02,1.080583801269531250e+02,1.087684783935546875e+02,1.064062194824218750e+02,1.032294769287109375e+02,1.042894287109375000e+02,1.076740951538085938e+02,1.107153701782226562e+02,1.132216949462890625e+02,1.081756896972656250e+02,9.117420959472656250e+01,8.392747497558593750e+01,8.520779418945312500e+01,9.687738037109375000e+01,9.296801757812500000e+01,9.016786193847656250e+01,9.287855529785156250e+01,9.815621948242187500e+01,1.036946105957031250e+02,1.126004333496093750e+02,1.121799468994140625e+02,1.142882461547851562e+02,1.175290527343750000e+02,1.131906890869140625e+02,1.049973449707031250e+02,9.942845916748046875e+01,1.001344223022460938e+02,1.032177429199218750e+02,1.014810180664062500e+02,1.020272674560546875e+02,8.887698364257812500e+01,7.936712646484375000e+01,8.439967346191406250e+01,8.736708831787109375e+01,1.001388778686523438e+02,1.106880035400390625e+02,1.157958755493164062e+02,1.059675598144531250e+02,9.744755554199218750e+01,8.952430725097656250e+01,9.054331970214843750e+01,8.967376708984375000e+01,9.139071655273437500e+01,8.793918609619140625e+01,8.799272918701171875e+01,9.106790161132812500e+01,8.880616760253906250e+01,8.701238250732421875e+01,8.544924926757812500e+01,8.768009948730468750e+01,8.999890136718750000e+01,8.966868591308593750e+01,8.996864318847656250e+01,8.837393188476562500e+01,9.395142364501953125e+01,9.072422790527343750e+01,8.904057312011718750e+01,8.473176574707031250e+01,8.115191650390625000e+01,8.195483398437500000e+01,8.590653991699218750e+01,8.230015563964843750e+01,8.504957580566406250e+01,8.661779785156250000e+01,8.817631530761718750e+01,8.600500488281250000e+01,8.109912109375000000e+01,7.984259033203125000e+01,8.037904357910156250e+01,8.171299743652343750e+01,8.189480590820312500e+01,9.033119964599609375e+01,9.061444091796875000e+01,8.701454162597656250e+01,8.607014465332031250e+01,8.540339660644531250e+01,8.773572540283203125e+01,8.427420806884765625e+01,7.763414001464843750e+01,8.372419738769531250e+01,8.504838562011718750e+01,7.990422821044921875e+01,8.124099731445312500e+01,8.704895019531250000e+01,8.635896301269531250e+01,8.140705871582031250e+01,8.261146545410156250e+01,8.698413085937500000e+01,9.055740356445312500e+01,8.953255462646484375e+01,8.272016143798828125e+01,8.387493896484375000e+01,8.340019226074218750e+01,8.257118225097656250e+01,8.638594055175781250e+01,8.697824096679687500e+01,9.100675964355468750e+01,9.228480529785156250e+01,8.634536743164062500e+01,9.035649108886718750e+01,8.892062377929687500e+01,8.610162353515625000e+01,8.327479553222656250e+01,8.047045898437500000e+01,8.338752746582031250e+01,8.225816345214843750e+01,8.338925933837890625e+01,8.808746337890625000e+01,8.936489868164062500e+01,8.949256896972656250e+01,9.352812957763671875e+01,9.260380554199218750e+01,9.091490173339843750e+01,9.054379272460937500e+01,8.989045715332031250e+01,8.751471710205078125e+01,8.681785583496093750e+01,8.723522186279296875e+01,8.912590026855468750e+01,8.617712402343750000e+01,8.242218780517578125e+01,8.591313171386718750e+01,9.051310729980468750e+01,8.756939697265625000e+01,9.094056701660156250e+01,9.345643615722656250e+01,9.485313415527343750e+01,9.229846191406250000e+01,9.011152648925781250e+01,9.225746154785156250e+01,9.088235473632812500e+01,9.254854583740234375e+01,9.159518432617187500e+01,9.276485443115234375e+01,8.888550567626953125e+01,9.269406127929687500e+01,9.467915344238281250e+01,9.588361358642578125e+01,9.430299377441406250e+01,8.849845886230468750e+01,8.025712585449218750e+01,7.868080139160156250e+01,7.968958282470703125e+01,6.927899169921875000e+01,6.834181213378906250e+01,6.943547058105468750e+01,6.729487609863281250e+01,6.544696807861328125e+01,6.531985473632812500e+01,7.004487609863281250e+01,6.913621520996093750e+01,6.593519592285156250e+01,6.605731964111328125e+01,7.008595275878906250e+01,6.859946441650390625e+01,6.509890747070312500e+01,6.507265472412109375e+01,6.765880584716796875e+01,7.241862487792968750e+01,6.187533569335937500e+01,8.567956542968750000e+01,1.021367187500000000e+02,9.487805175781250000e+01,8.623464965820312500e+01,8.693548583984375000e+01,8.941772460937500000e+01,9.229307556152343750e+01,9.846234130859375000e+01,9.379620361328125000e+01,8.505863952636718750e+01,8.262962341308593750e+01,8.015063476562500000e+01,8.190519714355468750e+01,9.403199768066406250e+01,1.056003112792968750e+02,1.043470764160156250e+02,1.019391479492187500e+02,9.999430084228515625e+01,9.691779327392578125e+01,9.408041381835937500e+01,9.186151885986328125e+01,8.772865295410156250e+01,9.033096313476562500e+01,9.157633972167968750e+01,8.916398620605468750e+01,9.093884277343750000e+01,9.099995422363281250e+01,9.207632446289062500e+01,8.616304016113281250e+01,4.963151550292968750e+01,2.994889831542968750e+01,2.682574844360351562e+01,5.015384674072265625e+01,6.550840759277343750e+01,7.440871429443359375e+01,7.846806335449218750e+01,9.160870361328125000e+01,9.481246185302734375e+01,9.670022583007812500e+01,1.017385253906250000e+02,1.049282150268554688e+02,1.020164947509765625e+02,9.735250091552734375e+01,7.445291900634765625e+01,3.423992919921875000e+01,1.724203491210937500e+01,4.296302795410156250e+01,7.778421783447265625e+01,8.417723083496093750e+01,5.995325851440429688e+01,3.013485717773437500e+01,1.885916900634765625e+01,1.139965534210205078e+01,1.967163848876953125e+01,4.550481033325195312e+01,3.294419860839843750e+01,3.421263122558593750e+01,6.708236694335937500e+01,8.478920745849609375e+01,9.274693298339843750e+01,8.969533538818359375e+01,7.940196228027343750e+01,7.251928710937500000e+01,7.169271850585937500e+01,8.220906829833984375e+01,8.679598999023437500e+01,7.693409729003906250e+01,7.958265686035156250e+01,8.455123901367187500e+01,8.843200683593750000e+01,8.604013061523437500e+01,9.451636505126953125e+01,9.568241882324218750e+01,9.309062194824218750e+01,8.986352539062500000e+01,9.215899658203125000e+01,9.619335937500000000e+01,8.394726562500000000e+01,7.901719665527343750e+01,7.481851196289062500e+01,8.031589508056640625e+01,8.264033508300781250e+01,8.221330261230468750e+01,9.161993408203125000e+01,9.494589233398437500e+01,9.823896789550781250e+01,8.831738281250000000e+01,7.199474334716796875e+01,6.352842330932617188e+01,5.682148742675781250e+01,5.473123168945312500e+01,5.931140136718750000e+01,6.845956420898437500e+01,8.045880126953125000e+01,8.407963562011718750e+01,8.726748657226562500e+01,9.396965026855468750e+01,8.680962371826171875e+01,8.592643737792968750e+01,8.891226196289062500e+01,8.699683380126953125e+01,8.861840820312500000e+01,8.735624694824218750e+01,8.845822143554687500e+01,8.417071533203125000e+01,6.516897583007812500e+01,6.332360076904296875e+01,7.132596588134765625e+01,7.359104919433593750e+01,7.103433227539062500e+01,6.809405517578125000e+01,7.249441528320312500e+01,7.370777130126953125e+01,6.814128875732421875e+01,6.822647094726562500e+01,6.846824645996093750e+01,7.088600158691406250e+01,7.371131896972656250e+01,7.058235931396484375e+01,6.650512695312500000e+01,6.613942718505859375e+01,7.364783477783203125e+01,7.146773529052734375e+01,7.019269561767578125e+01,7.341562652587890625e+01,7.278755950927734375e+01,6.293191528320312500e+01,6.228426361083984375e+01,6.551945495605468750e+01,6.605084228515625000e+01,5.847667694091796875e+01,5.144858551025390625e+01,6.509645080566406250e+01,7.003219604492187500e+01,6.338803100585937500e+01,5.509607696533203125e+01,5.667493438720703125e+01,6.244091796875000000e+01,6.648052978515625000e+01,7.703828430175781250e+01,8.153651428222656250e+01,8.364377593994140625e+01,8.807218933105468750e+01,8.980904388427734375e+01,7.904684448242187500e+01,7.320730590820312500e+01,6.882035827636718750e+01,6.623387908935546875e+01,6.619060516357421875e+01,6.445934295654296875e+01,7.184495544433593750e+01,7.827601623535156250e+01,7.409172821044921875e+01,7.451374816894531250e+01,6.876396179199218750e+01,7.096088409423828125e+01,8.723210144042968750e+01,9.162062835693359375e+01,8.939442443847656250e+01,9.382129669189453125e+01,9.312132263183593750e+01,8.642707824707031250e+01,5.843058013916015625e+01,2.967201614379882812e+01,1.814854049682617188e+01,4.210284423828125000e+01,8.017871856689453125e+01,8.946343994140625000e+01,9.665628051757812500e+01,9.515587615966796875e+01,8.866215515136718750e+01,8.735407257080078125e+01,7.910742187500000000e+01,7.709317016601562500e+01,7.171663665771484375e+01,5.440711212158203125e+01,4.383207702636718750e+01,4.473794937133789062e+01,5.070116424560546875e+01,6.361258697509765625e+01,6.209532165527343750e+01,5.913775634765625000e+01,6.592982482910156250e+01,7.226812744140625000e+01,6.150809478759765625e+01,4.919796371459960938e+01,5.502993011474609375e+01,6.766361236572265625e+01,8.517578125000000000e+01,1.013306274414062500e+02,1.057147064208984375e+02,9.897586059570312500e+01,8.461019897460937500e+01,7.165310668945312500e+01,7.590829467773437500e+01,8.180506134033203125e+01,8.990230560302734375e+01,9.226856231689453125e+01,8.717035675048828125e+01,8.706632995605468750e+01,8.002539062500000000e+01,3.570149230957031250e+01,8.898344039916992188e+00,1.925865292549133301e+00,-1.828001737594604492e-01,-4.058038711547851562e+00,-2.604565322399139404e-01,1.202134513854980469e+01,2.622579193115234375e+01,4.253385925292968750e+01,5.618939208984375000e+01,6.169609069824218750e+01,6.851383972167968750e+01,7.400146484375000000e+01,8.000531005859375000e+01,8.004991912841796875e+01,7.865359497070312500e+01,7.657853698730468750e+01,7.550843811035156250e+01,7.180128479003906250e+01,7.019126892089843750e+01,6.868801879882812500e+01,6.257043457031250000e+01,6.477570343017578125e+01,6.988795471191406250e+01,7.384357452392578125e+01,8.035049438476562500e+01,7.122194671630859375e+01,3.936260986328125000e+01,5.394808197021484375e+01,7.636474609375000000e+01,7.868801879882812500e+01,7.325204467773437500e+01,6.083863067626953125e+01,5.673412322998046875e+01,6.681237792968750000e+01,7.559136199951171875e+01,8.303337097167968750e+01,8.600917053222656250e+01,8.924765014648437500e+01,9.653143310546875000e+01,9.708075714111328125e+01,9.493486022949218750e+01,9.166921997070312500e+01,7.540863800048828125e+01,3.743383789062500000e+01,2.898183441162109375e+01,4.103034210205078125e+01,5.691807556152343750e+01,7.042933654785156250e+01,7.137279510498046875e+01,7.534952545166015625e+01,7.562086486816406250e+01,8.144398498535156250e+01,8.934541320800781250e+01,9.231556701660156250e+01,9.059785461425781250e+01,8.520819854736328125e+01,8.536332702636718750e+01,9.040136718750000000e+01,9.140051269531250000e+01,8.368187713623046875e+01,6.495787811279296875e+01,4.788101959228515625e+01,4.087839126586914062e+01,4.661496734619140625e+01,4.968021392822265625e+01,5.159471130371093750e+01,4.924219512939453125e+01,4.399933624267578125e+01,3.900426483154296875e+01,4.391048431396484375e+01,5.188541412353515625e+01,6.108325958251953125e+01,7.562940979003906250e+01,8.161985015869140625e+01,7.894288635253906250e+01,7.636884307861328125e+01,5.458084869384765625e+01,3.296190643310546875e+01,9.296783447265625000e+00,-3.584434032440185547e+00,-7.315275192260742188e+00,-5.389278411865234375e+00,-1.287221908569335938e+00,1.513668060302734375e+01,3.503136444091796875e+01,4.401730346679687500e+01,5.634219360351562500e+01,6.530230712890625000e+01,7.109955596923828125e+01,7.895149230957031250e+01,8.311604309082031250e+01,9.966596984863281250e+01,1.108303527832031250e+02,9.545521545410156250e+01,8.633456420898437500e+01,7.883121490478515625e+01,7.206314849853515625e+01,6.909954833984375000e+01,6.187691879272460938e+01,6.414152526855468750e+01,7.477239990234375000e+01,8.219926452636718750e+01,7.760925292968750000e+01,6.560522460937500000e+01,5.474346160888671875e+01,6.315634918212890625e+01,7.412631225585937500e+01,8.508674621582031250e+01,5.674805450439453125e+01,2.304193115234375000e+01,3.654234695434570312e+01,5.986187744140625000e+01,6.123938751220703125e+01,6.014448165893554688e+01,5.875123596191406250e+01,5.493664550781250000e+01,3.748690795898437500e+01,1.649318313598632812e+01,-1.681832790374755859e+00,-3.480051517486572266e+00,5.435836315155029297e-01,-2.546248912811279297e+00,1.134991455078125000e+01,3.080743598937988281e+01,4.221696090698242188e+01,5.472510528564453125e+01,6.022624206542968750e+01,6.226370239257812500e+01,6.711701965332031250e+01,7.060120391845703125e+01,7.278911590576171875e+01,7.571598815917968750e+01,7.832910156250000000e+01,7.194360351562500000e+01,5.859651947021484375e+01,5.407015228271484375e+01,6.603526306152343750e+01,7.127853393554687500e+01,6.763439178466796875e+01,6.564958953857421875e+01,4.516393280029296875e+01,1.136871337890625000e+01,-8.177158355712890625e+00,-1.107511711120605469e+01,1.728029727935791016e+00,2.930057907104492188e+01,5.885868072509765625e+01,7.370687866210937500e+01,7.327207946777343750e+01,6.752030944824218750e+01,6.479750061035156250e+01,5.954506301879882812e+01,6.282756805419921875e+01,5.996538543701171875e+01,5.404578781127929688e+01,4.812108612060546875e+01,3.037108039855957031e+01,6.867959976196289062e+00,-1.981056213378906250e+01,-2.918095588684082031e+01,-2.339484596252441406e+01,-1.742773056030273438e+01,-1.388229751586914062e+01,-1.549734687805175781e+01,-1.510845947265625000e+01,-6.979216575622558594e+00,1.716862487792968750e+01,3.698124694824218750e+01,4.733043670654296875e+01,5.369163894653320312e+01,6.208554840087890625e+01,6.444062042236328125e+01,6.551210021972656250e+01,6.956670379638671875e+01,6.947804260253906250e+01,7.032316589355468750e+01,6.627289581298828125e+01,6.455362701416015625e+01,6.856132507324218750e+01,7.005986785888671875e+01,6.927108001708984375e+01,8.835937500000000000e+01,9.185557556152343750e+01,8.509330749511718750e+01,7.961550903320312500e+01,7.129159545898437500e+01,7.698526763916015625e+01,8.387422180175781250e+01,7.925975799560546875e+01,6.537076568603515625e+01,6.033008575439453125e+01,6.934692382812500000e+01,7.567568969726562500e+01,7.768350219726562500e+01,7.823419952392578125e+01,8.149662780761718750e+01,8.798067474365234375e+01,9.236909484863281250e+01,9.411605834960937500e+01,9.727792358398437500e+01,8.864622497558593750e+01,8.168512725830078125e+01,8.198529052734375000e+01,7.960867309570312500e+01,9.089038848876953125e+01,1.147412261962890625e+02,1.233949127197265625e+02,1.212018737792968750e+02,1.176194992065429688e+02,9.685130310058593750e+01,6.759870147705078125e+01,4.896668243408203125e+01,4.018071746826171875e+01,3.528473663330078125e+01,3.526740264892578125e+01,3.317875289916992188e+01,4.292034912109375000e+01,5.275232696533203125e+01,6.372806549072265625e+01,6.129153442382812500e+01,5.952210617065429688e+01,5.556316375732421875e+01,6.022957992553710938e+01,6.696159362792968750e+01,6.878837585449218750e+01,6.262312316894531250e+01,5.880593109130859375e+01,5.778709793090820312e+01,5.897723388671875000e+01,6.021193695068359375e+01,5.989617538452148438e+01,5.718785095214843750e+01,4.662071228027343750e+01,5.099790954589843750e+01,5.400639724731445312e+01,5.886035156250000000e+01,6.462020874023437500e+01,7.651718902587890625e+01,7.541868591308593750e+01,5.808551788330078125e+01,5.304026794433593750e+01,5.156357955932617188e+01,5.406146621704101562e+01,5.893311309814453125e+01,5.462466812133789062e+01,-1.109317302703857422e+00,-3.764265060424804688e+01,-4.563710021972656250e+01,-4.261090850830078125e+01,-2.841267776489257812e+01,-1.157417297363281250e+01,-1.169354319572448730e+00,3.131551361083984375e+01,5.322591018676757812e+01,7.091300964355468750e+01,8.016920471191406250e+01,7.090245056152343750e+01,6.632559204101562500e+01,7.068414306640625000e+01,6.718644714355468750e+01,6.579711914062500000e+01,7.133219909667968750e+01,8.016437530517578125e+01,7.192699432373046875e+01,5.399897766113281250e+01,4.772043228149414062e+01,4.470047760009765625e+01,4.889627456665039062e+01,5.622021484375000000e+01,6.631071472167968750e+01,7.125730895996093750e+01,6.844158935546875000e+01,6.311376190185546875e+01,5.343262100219726562e+01,5.677270507812500000e+01,6.386171722412109375e+01,7.385334014892578125e+01,7.935631561279296875e+01,7.794119262695312500e+01,8.249786376953125000e+01,9.026679992675781250e+01,6.837188720703125000e+01,2.076719284057617188e+01,-3.193721294403076172e+00,-1.083811187744140625e+01,1.050162124633789062e+01,5.622752380371093750e+01,7.533337402343750000e+01,7.649225616455078125e+01,6.201854705810546875e+01,5.126927185058593750e+01,5.203644180297851562e+01,4.090102386474609375e+01,5.623485565185546875e+01,9.475875854492187500e+01,9.861772155761718750e+01,9.023266601562500000e+01,8.297322082519531250e+01,7.899507141113281250e+01,7.649271392822265625e+01,6.930070495605468750e+01,7.103004455566406250e+01,7.961073303222656250e+01,8.753444671630859375e+01,9.102308654785156250e+01,8.747427368164062500e+01,7.248997497558593750e+01,5.592053222656250000e+01,4.697370147705078125e+01,4.970259857177734375e+01,5.766008758544921875e+01,6.641177368164062500e+01,6.591172027587890625e+01,2.657052993774414062e+01,2.467448043823242188e+01,4.790452575683593750e+01,6.175630950927734375e+01,7.337318420410156250e+01,8.286820220947265625e+01,8.284652709960937500e+01,8.116358947753906250e+01,7.996620178222656250e+01,7.641060638427734375e+01,7.592941284179687500e+01,7.878351593017578125e+01,7.965600585937500000e+01,7.856526947021484375e+01,7.938817596435546875e+01,8.014955139160156250e+01,7.361354827880859375e+01,7.123078918457031250e+01,6.782041931152343750e+01,6.285303115844726562e+01,6.257773971557617188e+01,6.094549560546875000e+01,5.945387268066406250e+01,5.964537811279296875e+01,5.814026260375976562e+01,5.791067886352539062e+01,5.667496490478515625e+01,6.052444458007812500e+01,6.847846984863281250e+01,6.630635070800781250e+01,6.434057617187500000e+01,6.511625671386718750e+01,6.592777252197265625e+01,6.638703918457031250e+01,6.484181213378906250e+01,6.356107330322265625e+01,6.946171569824218750e+01,6.717259216308593750e+01,6.409873962402343750e+01,6.376421356201171875e+01,6.022242736816406250e+01,6.322121810913085938e+01,6.378719329833984375e+01,6.263713073730468750e+01,5.951189804077148438e+01,5.476496124267578125e+01,5.725850296020507812e+01,5.919493484497070312e+01,5.361791229248046875e+01,5.792979431152343750e+01,6.226259613037109375e+01,5.707472991943359375e+01,5.879980468750000000e+01,5.782355499267578125e+01,6.087674713134765625e+01,6.352210998535156250e+01,4.911542129516601562e+01,3.815477752685546875e+01,4.736504364013671875e+01,5.909725189208984375e+01,6.169133758544921875e+01,4.559921646118164062e+01,4.172164154052734375e+01,4.890288543701171875e+01,5.452101135253906250e+01,5.391374969482421875e+01,5.435990142822265625e+01,1.549251461029052734e+01,-2.458295822143554688e+01,-3.585304260253906250e+01,-4.032677841186523438e+01,-3.512390899658203125e+01,-3.250378417968750000e+01,1.126762771606445312e+01,6.107595062255859375e+01,8.467008972167968750e+01,9.669189453125000000e+01,1.046966094970703125e+02,1.089444580078125000e+02,1.079460601806640625e+02,1.023506546020507812e+02,9.955772399902343750e+01,8.070383453369140625e+01,5.734333038330078125e+01,4.137395477294921875e+01,3.513707351684570312e+01,3.605578613281250000e+01,3.383850479125976562e+01,4.494257354736328125e+01,5.484957504272460938e+01,5.913246536254882812e+01,6.222188949584960938e+01,6.277053070068359375e+01,6.778836059570312500e+01,7.129267120361328125e+01,4.189885711669921875e+01,1.029418277740478516e+01,1.232598114013671875e+01,3.182785797119140625e+01,5.246756744384765625e+01,6.855986785888671875e+01,6.914436340332031250e+01,6.572072601318359375e+01,6.840890502929687500e+01,6.489694213867187500e+01,7.239338684082031250e+01,7.768505859375000000e+01,7.653329467773437500e+01,7.804544067382812500e+01,6.165418243408203125e+01,6.499858945608139038e-02,-1.760586357116699219e+01,-1.721419572830200195e+00,3.780912780761718750e+01,6.334725952148437500e+01,7.430773162841796875e+01,7.521910095214843750e+01,7.973106384277343750e+01,8.566737365722656250e+01,7.642695617675781250e+01,7.898207092285156250e+01,8.372779846191406250e+01,7.819989013671875000e+01,7.000075531005859375e+01,8.493596649169921875e+01,1.001030273437500000e+02,1.073835906982421875e+02,1.010793304443359375e+02,8.937722778320312500e+01,6.850267791748046875e+01,8.030234527587890625e+01,1.022564392089843750e+02,1.039535903930664062e+02,9.432499694824218750e+01,9.006527709960937500e+01,9.052676391601562500e+01,1.057976531982421875e+02,1.142657089233398438e+02,1.106252899169921875e+02,1.029863281250000000e+02,1.019726562500000000e+02,9.538749694824218750e+01,9.499819946289062500e+01,9.246736145019531250e+01,9.106151580810546875e+01,9.561367797851562500e+01,8.805769348144531250e+01,6.692202758789062500e+01,5.884247589111328125e+01,5.310458374023437500e+01,5.418997573852539062e+01,6.503820037841796875e+01,6.776002502441406250e+01,3.285811614990234375e+01,1.353725814819335938e+01,2.500971221923828125e+01,4.161828994750976562e+01,5.087763214111328125e+01,5.824236297607421875e+01,5.891253662109375000e+01,5.305261230468750000e+01,5.605187225341796875e+01,6.009906768798828125e+01,6.471527862548828125e+01,6.516821289062500000e+01,6.552839660644531250e+01,6.669307708740234375e+01,6.733480834960937500e+01,6.634573364257812500e+01,6.092172622680664062e+01,5.284806823730468750e+01,5.323028564453125000e+01,5.528417205810546875e+01,5.487778091430664062e+01,5.677812194824218750e+01,5.339796447753906250e+01,5.006278991699218750e+01,4.630774307250976562e+01,2.860460472106933594e+01,3.753204345703125000e+01,5.533557891845703125e+01,5.182038116455078125e+01,5.382544708251953125e+01,5.485570144653320312e+01,5.040936279296875000e+01,5.323831176757812500e+01,6.098081207275390625e+01,6.490197753906250000e+01,5.772279357910156250e+01,4.676788330078125000e+01,5.252924346923828125e+01,6.614939117431640625e+01,6.867730712890625000e+01,5.787644195556640625e+01,5.613899993896484375e+01,6.315253448486328125e+01,6.875474548339843750e+01,7.353237152099609375e+01,9.342586517333984375e+01,1.030005416870117188e+02,9.576005554199218750e+01,8.138690185546875000e+01,7.381446838378906250e+01,8.928659057617187500e+01,9.764331817626953125e+01,8.983123779296875000e+01,7.887948608398437500e+01,7.604304504394531250e+01,6.723657226562500000e+01,6.239396286010742188e+01,6.992610168457031250e+01,7.876010894775390625e+01,9.036134338378906250e+01,1.012249755859375000e+02,1.012949981689453125e+02,8.769796752929687500e+01,7.608518981933593750e+01,8.051583099365234375e+01,7.566227722167968750e+01,8.457207489013671875e+01,8.913419342041015625e+01,7.614801025390625000e+01,7.932189941406250000e+01,8.964094543457031250e+01,9.142163848876953125e+01,9.839456939697265625e+01,1.009371185302734375e+02,9.586022186279296875e+01,7.402378845214843750e+01,3.731288909912109375e+01,1.113230514526367188e+01,2.451422882080078125e+01,5.628789901733398438e+01,6.407477569580078125e+01,7.259178161621093750e+01,6.994134521484375000e+01,6.124385833740234375e+01,6.379201507568359375e+01,6.223403930664062500e+01,6.399160003662109375e+01,7.004013061523437500e+01,7.460996246337890625e+01,7.761216735839843750e+01,7.373005676269531250e+01,6.444393920898437500e+01,6.179354858398437500e+01,7.124111938476562500e+01,8.470140075683593750e+01,9.036408233642578125e+01,7.867941284179687500e+01,6.704697418212890625e+01,6.685829162597656250e+01,6.975665283203125000e+01,7.673133850097656250e+01,8.194561004638671875e+01,5.474591827392578125e+01,2.634840393066406250e+01,3.893407440185546875e+01,4.945833587646484375e+01,5.813648223876953125e+01,6.990103149414062500e+01,7.236183166503906250e+01,7.733187866210937500e+01,7.561727905273437500e+01,9.484774780273437500e+01,8.804565429687500000e+01,7.962631225585937500e+01,7.568487548828125000e+01,6.955239105224609375e+01,5.612918472290039062e+01,5.588944244384765625e+01,6.183975982666015625e+01,7.658468627929687500e+01,8.945120239257812500e+01,9.966203308105468750e+01,9.754771423339843750e+01,8.551324462890625000e+01,7.293640136718750000e+01,6.845676422119140625e+01,6.455953979492187500e+01,6.352149963378906250e+01,7.350762939453125000e+01,8.434481048583984375e+01,8.471701049804687500e+01,8.890734863281250000e+01,9.115155029296875000e+01,9.349871826171875000e+01,9.307240295410156250e+01,8.272911071777343750e+01,6.845558929443359375e+01,4.245713806152343750e+01,1.001938629150390625e+01,-1.426156330108642578e+01,-2.788848876953125000e+01,-2.140699005126953125e+01,-6.184313774108886719e+00,2.536177158355712891e+00,1.980609512329101562e+01,3.952513122558593750e+01,5.093402099609375000e+01,5.821978759765625000e+01,6.613479614257812500e+01,6.905072021484375000e+01,7.181370544433593750e+01,6.928965759277343750e+01,6.152522277832031250e+01,6.327168655395507812e+01,6.056206512451171875e+01,6.268712615966796875e+01,6.439778137207031250e+01,6.314594650268554688e+01,6.308563995361328125e+01,6.404206848144531250e+01,5.788589477539062500e+01,8.337297058105468750e+01,9.032188415527343750e+01,8.458193969726562500e+01,7.867591857910156250e+01,7.763882446289062500e+01,7.239685058593750000e+01,5.657285690307617188e+01,5.884903717041015625e+01,7.420915222167968750e+01,7.672253417968750000e+01,7.995051574707031250e+01,8.920587158203125000e+01,9.578334045410156250e+01,1.021514282226562500e+02,9.855472564697265625e+01,7.815350341796875000e+01,6.977342224121093750e+01,6.875296020507812500e+01,7.256515502929687500e+01,7.529367065429687500e+01,6.933763885498046875e+01,6.103402709960937500e+01,6.062463378906250000e+01,2.759593963623046875e+01,3.384238958358764648e+00,-5.838499069213867188e+00,-1.397415542602539062e+01,-5.761212825775146484e+00,1.092004585266113281e+01,-1.769867837429046631e-01,1.198091125488281250e+01,3.485115814208984375e+01,6.325573730468750000e+01,9.628067016601562500e+01,9.543661499023437500e+01,7.984349060058593750e+01,7.840430450439453125e+01,8.647652435302734375e+01,9.445768737792968750e+01,8.342737579345703125e+01,7.291422271728515625e+01,8.044978332519531250e+01,9.121952819824218750e+01,9.073754119873046875e+01,8.836791992187500000e+01,9.652597045898437500e+01,1.054716644287109375e+02,1.042536010742187500e+02,1.033243637084960938e+02,1.047363891601562500e+02,9.915223693847656250e+01,9.219838714599609375e+01,7.624296569824218750e+01,6.556631469726562500e+01,5.695368957519531250e+01,6.381105041503906250e+01,6.967424774169921875e+01,6.616543579101562500e+01,6.045804595947265625e+01,6.408711242675781250e+01,7.730247497558593750e+01,8.612489318847656250e+01,8.314772033691406250e+01,8.223533630371093750e+01,9.032447814941406250e+01,9.157354736328125000e+01,9.204629516601562500e+01,8.548422241210937500e+01,7.625051879882812500e+01,2.049181747436523438e+01,-1.339454269409179688e+01,-1.140430259704589844e+01,2.375708770751953125e+01,5.466449356079101562e+01,6.734474182128906250e+01,7.213520812988281250e+01,7.597491455078125000e+01,8.433368682861328125e+01,8.938502502441406250e+01,8.737449645996093750e+01,8.855490112304687500e+01,8.940847015380859375e+01,8.743640136718750000e+01,8.133784484863281250e+01,6.904582214355468750e+01,6.332851409912109375e+01,7.877015686035156250e+01,9.041574096679687500e+01,9.438307189941406250e+01,8.960551452636718750e+01,8.523695373535156250e+01,7.744136810302734375e+01,6.745315551757812500e+01,6.441188049316406250e+01,8.095657348632812500e+01,7.880381011962890625e+01,7.742086791992187500e+01,8.708278656005859375e+01,8.813202667236328125e+01,9.055978393554687500e+01,9.311259460449218750e+01,9.542895507812500000e+01,1.013108139038085938e+02,1.024291992187500000e+02,9.797686004638671875e+01,8.801531982421875000e+01,7.947370910644531250e+01,8.436021423339843750e+01,9.250497436523437500e+01,8.423077392578125000e+01,7.135626983642578125e+01,7.073130798339843750e+01,6.424978637695312500e+01,5.789426803588867188e+01,5.708794403076171875e+01,5.014008712768554688e+01,4.499973678588867188e+01,5.054949569702148438e+01,5.569500732421875000e+01,5.609099578857421875e+01,5.023635101318359375e+01,5.163444519042968750e+01,5.879576492309570312e+01,5.001496124267578125e+01,4.477313995361328125e+01,4.787023162841796875e+01,3.853603363037109375e+01,2.588583374023437500e+01,2.558499526977539062e+01,3.802853775024414062e+01,5.403363037109375000e+01,5.590644836425781250e+01,5.701618194580078125e+01,5.250619888305664062e+01,4.139511489868164062e+01,4.043050384521484375e+01,3.776115798950195312e+01,3.699951553344726562e+01,5.037163162231445312e+01,5.790662384033203125e+01,6.118080139160156250e+01,5.376390838623046875e+01,4.956200408935546875e+01,6.275235748291015625e+01,8.413879394531250000e+01,7.943221282958984375e+01,6.797488403320312500e+01,6.447038269042968750e+01,7.061763000488281250e+01,7.882469177246093750e+01,8.324050903320312500e+01,7.704739379882812500e+01,4.922949600219726562e+01,-2.189076900482177734e+00,-2.781881141662597656e+01,-3.632556533813476562e+01,-3.930965423583984375e+01,-3.879895019531250000e+01,2.491623878479003906e+00,5.262959289550781250e+01,6.024257659912109375e+01,5.963085174560546875e+01,6.354839324951171875e+01,5.438434600830078125e+01,3.977546691894531250e+01,3.635018157958984375e+01,4.501243591308593750e+01,4.921319580078125000e+01,5.208133697509765625e+01,5.287587738037109375e+01,5.423536682128906250e+01,5.057778167724609375e+01,6.898796081542968750e+01,9.923312377929687500e+01,1.064006042480468750e+02,1.071753082275390625e+02,1.046168670654296875e+02,9.063815307617187500e+01,9.302918243408203125e+01,8.918330383300781250e+01,8.277228546142578125e+01,7.592668151855468750e+01,7.121011352539062500e+01,6.540018463134765625e+01,6.284300231933593750e+01,5.407716369628906250e+01,5.900598907470703125e+01,6.550924682617187500e+01,6.631351470947265625e+01,6.396942901611328125e+01,6.349879074096679688e+01,7.395423889160156250e+01,7.741959381103515625e+01,8.073221588134765625e+01,8.265756988525390625e+01,8.759839630126953125e+01,8.912832641601562500e+01,8.471096801757812500e+01,8.738732910156250000e+01,8.776652526855468750e+01,8.470159912109375000e+01,9.437834930419921875e+01,9.254094696044921875e+01,8.827203369140625000e+01,7.997067260742187500e+01,7.246949005126953125e+01,7.417428588867187500e+01,8.320536804199218750e+01,8.529858398437500000e+01,8.230522155761718750e+01,8.552394104003906250e+01,8.704354858398437500e+01,7.588461303710937500e+01,5.509083938598632812e+01,5.085364913940429688e+01,5.929457092285156250e+01,5.806806945800781250e+01,6.251359176635742188e+01,6.020840454101562500e+01,6.943987274169921875e+01,6.895745849609375000e+01,6.160925674438476562e+01,8.331274414062500000e+01,1.081254272460937500e+02,1.054056854248046875e+02,9.467060852050781250e+01,7.908932495117187500e+01,7.033761596679687500e+01,7.472851562500000000e+01,8.038462829589843750e+01,8.122776794433593750e+01,7.308012390136718750e+01,7.348165893554687500e+01,6.950787353515625000e+01,2.962220382690429688e+01,1.601929092407226562e+01,3.449507904052734375e+01,5.172579956054687500e+01,5.257910156250000000e+01,6.005149841308593750e+01,6.979551696777343750e+01,7.866780090332031250e+01,8.284545898437500000e+01,8.859468078613281250e+01,8.719389343261718750e+01,8.632670593261718750e+01,8.362512207031250000e+01,7.557294464111328125e+01,5.742646026611328125e+01,4.672697448730468750e+01,4.399563217163085938e+01,4.706350708007812500e+01,4.905592727661132812e+01,5.035563659667968750e+01,4.823744964599609375e+01,4.556167602539062500e+01,4.372378540039062500e+01,4.574644088745117188e+01,4.758857727050781250e+01,4.729845428466796875e+01,4.813874053955078125e+01,4.788038253784179688e+01,5.115645217895507812e+01,5.506385040283203125e+01,4.587358093261718750e+01,4.685646820068359375e+01,4.657266998291015625e+01,4.705746459960937500e+01,3.842754364013671875e+01,2.560380744934082031e+01,2.413990402221679688e+01,3.161260604858398438e+01,3.129813766479492188e+01,4.077492523193359375e+01,5.005840301513671875e+01,5.217100524902343750e+01,4.577343368530273438e+01,3.816511917114257812e+01,3.678569793701171875e+01,3.536452484130859375e+01,4.283935546875000000e+01,6.021906661987304688e+01,6.494902038574218750e+01,6.224224853515625000e+01,5.642418289184570312e+01,5.885525894165039062e+01,6.692893981933593750e+01,7.565634155273437500e+01,8.483932495117187500e+01,9.185618591308593750e+01,8.733271789550781250e+01,7.271923828125000000e+01,6.029388809204101562e+01,5.707768249511718750e+01,5.581718444824218750e+01,5.941101837158203125e+01,5.549541473388671875e+01,5.083712387084960938e+01,4.878693389892578125e+01,4.716097259521484375e+01,4.321256256103515625e+01,4.789825820922851562e+01,5.166379547119140625e+01,5.999153900146484375e+01,6.491860961914062500e+01,6.397132492065429688e+01,6.483551025390625000e+01,6.407284545898437500e+01,5.933834075927734375e+01,5.285221099853515625e+01,5.625959777832031250e+01,5.609605407714843750e+01,5.082208251953125000e+01,4.779539489746093750e+01,4.512395477294921875e+01,3.422712707519531250e+01,3.464343261718750000e+01,6.288351058959960938e+01,8.338256072998046875e+01,9.026724243164062500e+01,7.943052673339843750e+01,7.075220489501953125e+01,7.698995971679687500e+01,8.446267700195312500e+01,7.692338562011718750e+01,5.888329315185546875e+01,5.183313751220703125e+01,7.674043273925781250e+01,9.273764038085937500e+01,8.985023498535156250e+01,8.610710144042968750e+01,9.065388488769531250e+01,9.034260559082031250e+01,8.363631439208984375e+01,9.125990295410156250e+01,8.910821533203125000e+01,8.522002410888671875e+01,8.807499694824218750e+01,8.369331359863281250e+01,6.942277526855468750e+01,6.598632812500000000e+01,6.205455017089843750e+01,3.502091217041015625e+01,1.024056625366210938e+01,-6.125072479248046875e+00,-1.797030067443847656e+01,-1.487947559356689453e+01,3.861496925354003906e+00,3.414805603027343750e+01,7.109001159667968750e+01,9.277296447753906250e+01,1.077554092407226562e+02,1.032402343750000000e+02,9.929228210449218750e+01,1.025439071655273438e+02,1.024919281005859375e+02,9.820236206054687500e+01,9.897531127929687500e+01,1.036847076416015625e+02,1.053799133300781250e+02,9.946199035644531250e+01,9.241394042968750000e+01,8.679622650146484375e+01,7.561377716064453125e+01,6.573991394042968750e+01,6.412911224365234375e+01,5.894315719604492188e+01,5.541200256347656250e+01,5.110050582885742188e+01,5.490556716918945312e+01,5.297082901000976562e+01,5.243116760253906250e+01,4.826266479492187500e+01,4.613975524902343750e+01,5.130233383178710938e+01,4.898020935058593750e+01,4.066100311279296875e+01,4.810314178466796875e+01,4.912000274658203125e+01,4.734915924072265625e+01,4.466714477539062500e+01,4.654903030395507812e+01,5.245627593994140625e+01,5.668750762939453125e+01,5.408144378662109375e+01,5.787739181518554688e+01,5.511509704589843750e+01,4.459978485107421875e+01,4.637154388427734375e+01,5.150952529907226562e+01,5.208512115478515625e+01,5.196427917480468750e+01,5.541602325439453125e+01,5.529995346069335938e+01,4.986663055419921875e+01,4.875538635253906250e+01,4.766582489013671875e+01,4.395079421997070312e+01,4.590153121948242188e+01,4.858293914794921875e+01,5.276087951660156250e+01,6.153657531738281250e+01,5.752864837646484375e+01,5.030683517456054688e+01,4.988143920898437500e+01,5.097935485839843750e+01,5.227595901489257812e+01,5.082897186279296875e+01,4.015367889404296875e+01,7.783317565917968750e+01,8.493545532226562500e+01,8.411827850341796875e+01,8.691418457031250000e+01,9.182742309570312500e+01,9.099765014648437500e+01,5.249592590332031250e+01,2.123914718627929688e+01,3.756729125976562500e+00,-2.927916049957275391e+00,-1.372004032135009766e+01,-1.634467697143554688e+01,-1.396494483947753906e+01,-3.050314664840698242e+00,1.664330291748046875e+01,2.626526451110839844e+01,3.397261810302734375e+01,5.027597808837890625e+01,6.074416732788085938e+01,5.061982345581054688e+01,1.910019683837890625e+01,-7.846380710601806641e+00,-1.884709548950195312e+01,-2.442886734008789062e+01,-3.204273605346679688e+01,-3.668477249145507812e+01,-2.362756729125976562e+01,8.118791580200195312e+00,4.531436157226562500e+01,5.424507141113281250e+01,5.498215103149414062e+01,5.717121124267578125e+01,5.692353057861328125e+01,6.111959838867187500e+01,6.643834686279296875e+01,6.854470825195312500e+01,6.237462615966796875e+01,5.856256103515625000e+01,5.628822326660156250e+01,7.769816589355468750e+01,9.114892578125000000e+01,8.843859863281250000e+01,8.193341064453125000e+01,8.461817169189453125e+01,7.527809143066406250e+01,6.411225128173828125e+01,5.340690612792968750e+01,4.135663604736328125e+01,4.064273071289062500e+01,4.933641815185546875e+01,6.330730438232421875e+01,6.310101318359375000e+01,5.600201416015625000e+01,5.332373809814453125e+01,6.127170944213867188e+01,6.366874313354492188e+01,5.523744201660156250e+01,5.740171813964843750e+01,6.135596084594726562e+01,6.481340026855468750e+01,6.859531402587890625e+01,5.828025817871093750e+01,5.550156402587890625e+01,5.815925598144531250e+01,4.940991592407226562e+01,3.095870399475097656e+01,2.022118759155273438e+01,1.339898490905761719e+01,1.482925319671630859e+01,-4.677158355712890625e+00,-1.183141517639160156e+01,8.547502517700195312e+00,8.928585052490234375e-02,4.518103599548339844e+00,2.540145111083984375e+01,4.311531066894531250e+01,6.005791854858398438e+01,6.856935119628906250e+01,6.869923400878906250e+01,6.085054016113281250e+01,6.522574615478515625e+01,7.646412658691406250e+01,8.339323425292968750e+01,8.589437866210937500e+01,8.573953247070312500e+01,7.734548950195312500e+01,6.715600585937500000e+01,5.585378265380859375e+01,4.558957672119140625e+01,3.519047927856445312e+01,2.779175567626953125e+01,3.522354507446289062e+01,3.901334762573242188e+01,3.421767044067382812e+01,3.768200683593750000e+01,3.046298980712890625e+01,2.274956321716308594e+01,3.015819168090820312e+01,3.824700546264648438e+01,5.094384765625000000e+01,5.218272781372070312e+01,5.248003387451171875e+01,5.663175964355468750e+01,6.105082702636718750e+01,5.981561660766601562e+01,5.656494140625000000e+01,4.741258239746093750e+01
1.009314918518066406e+01,7.136749744415283203e+00,8.612291336059570312e+00,8.096884727478027344e+00,9.749317169189453125e+00,9.193282127380371094e+00,1.043905067443847656e+01,7.910146713256835938e+00,7.938135147094726562e+00,-9.679473638534545898e-01,1.832051038742065430e+00,3.294754981994628906e+00,3.576878786087036133e+00,5.094726085662841797e+00,7.054067611694335938e+00,-8.491051197052001953e-01,-9.029563903808593750e+00,-7.118606567382812500e+00,-3.800858306884765625e+01,-5.911014175415039062e+01,-6.622846984863281250e+01,-6.543267822265625000e+01,-6.879376220703125000e+01,-6.825788879394531250e+01,-7.075417327880859375e+01,-6.566859436035156250e+01,-5.662939453125000000e+01,-4.419477844238281250e+01,-3.584004974365234375e+01,-2.138545799255371094e+01,-8.368689537048339844e+00,-4.118506908416748047e+00,-1.063915371894836426e+00,1.700011014938354492e+00,5.815455436706542969e+00,1.185520172119140625e+01,1.858026123046875000e+01,1.672485733032226562e+01,1.163109397888183594e+01,1.403487396240234375e+01,1.005592727661132812e+01,8.369370460510253906e+00,7.835902214050292969e+00,-5.503959655761718750e-01,-3.719305276870727539e+00,-4.983019828796386719e+00,-5.634507179260253906e+00,-1.791915416717529297e+00,-7.305175065994262695e-01,-6.275580883026123047e+00,-9.250864028930664062e+00,-1.165709209442138672e+01,-6.874567985534667969e+00,1.226573705673217773e+00,1.414219141006469727e-01,-2.382981777191162109e+00,2.827825546264648438e+00,3.717131614685058594e+00,5.339305877685546875e+00,5.972204208374023438e+00,6.113996505737304688e+00,5.095672607421875000e+00,6.449501991271972656e+00,5.407776355743408203e+00,6.083304405212402344e+00,9.072313308715820312e+00,8.999263763427734375e+00,8.931245803833007812e+00,8.716771125793457031e+00,4.025821685791015625e-01,2.566505193710327148e+00,1.028581809997558594e+01,6.955963134765625000e+00,5.617964744567871094e+00,4.098172664642333984e+00,6.100745201110839844e+00,1.302147293090820312e+01,1.508841037750244141e+01,8.917697906494140625e+00,5.307695388793945312e+00,-7.307243347167968750e-02,3.530074834823608398e+00,6.444890022277832031e+00,7.695981979370117188e+00,1.193494987487792969e+01,9.950157165527343750e+00,9.888204574584960938e+00,6.407363891601562500e+00,3.502816200256347656e+00,1.542269897460937500e+01,7.881958961486816406e+00,-1.647913932800292969e+01,-4.442073822021484375e+01,-5.961477661132812500e+01,-5.269016265869140625e+01,-4.074837112426757812e+01,-3.171128463745117188e+01,-1.399891757965087891e+01,1.740726089477539062e+01,3.171059799194335938e+01,2.975714492797851562e+01,2.748593139648437500e+01,2.102040672302246094e+01,2.034322547912597656e+01,1.566937351226806641e+01,6.052522182464599609e+00,4.835410118103027344e+00,8.344692230224609375e+00,8.262717247009277344e+00,-8.336403846740722656e+00,-1.529723834991455078e+01,-1.612048268318176270e+00,1.882566642761230469e+01,2.635562133789062500e+01,2.785911178588867188e+01,1.479390144348144531e+01,5.876213073730468750e+00,4.468093395233154297e+00,4.842562198638916016e+00,1.037054347991943359e+01,7.088594913482666016e+00,3.312890052795410156e+00,-7.857202053070068359e+00,-2.110370445251464844e+01,-3.542664337158203125e+01,-4.315877914428710938e+01,-4.162971496582031250e+01,-2.821452331542968750e+01,-1.934013938903808594e+01,-1.413178634643554688e+01,-2.272586345672607422e+00,9.762458801269531250e+00,1.478219509124755859e+01,1.508358669281005859e+01,1.572949695587158203e+01,2.091387939453125000e+01,2.011146926879882812e+01,5.620490074157714844e+00,-9.233608245849609375e+00,-2.132632827758789062e+01,-2.343247985839843750e+01,-2.378410720825195312e+01,-2.038432502746582031e+01,-1.966343688964843750e+01,-2.191205596923828125e+01,-2.898572921752929688e+01,-2.475515747070312500e+01,-1.776079177856445312e+01,-1.034156799316406250e+01,-9.684792518615722656e+00,-7.323193550109863281e+00,-7.715580463409423828e+00,4.020819067955017090e-01,1.692620658874511719e+01,1.892079734802246094e+01,1.967225456237792969e+01,1.779674148559570312e+01,1.586205577850341797e+01,1.837909126281738281e+01,1.374775123596191406e+01,9.764141082763671875e+00,1.549240112304687500e+01,1.890533638000488281e+01,2.223622512817382812e+01,2.469733810424804688e+01,2.625675201416015625e+01,2.685602760314941406e+01,2.965067291259765625e+01,2.849241256713867188e+01,2.515116119384765625e+01,2.795822525024414062e+01,2.511551094055175781e+01,1.943535995483398438e+01,1.416237640380859375e+01,9.238463401794433594e+00,1.311871719360351562e+01,1.618658828735351562e+01,1.960335159301757812e+01,1.681981468200683594e+01,6.325455188751220703e+00,9.370090484619140625e+00,1.019435524940490723e+00,-6.285033226013183594e+00,-5.344870686531066895e-01,5.261072158813476562e+00,7.251050949096679688e+00,8.308174133300781250e+00,4.974038124084472656e+00,6.537594318389892578e+00,1.232283020019531250e+01,2.024575614929199219e+01,3.513235855102539062e+01,4.667224884033203125e+01,4.732149887084960938e+01,4.025028991699218750e+01,4.222266769409179688e+01,3.319739532470703125e+01,1.899410057067871094e+01,1.451676559448242188e+01,1.543249607086181641e+01,8.918548583984375000e+00,2.917958259582519531e+00,4.107342720031738281e+00,9.764056205749511719e-01,2.368677258491516113e-01,-8.138819336891174316e-01,-2.162549018859863281e+00,3.003030300140380859e+00,8.723946571350097656e+00,5.874612331390380859e+00,6.348226070404052734e+00,1.218539237976074219e+01,1.954385185241699219e+01,2.084282684326171875e+01,8.447233200073242188e+00,4.154976367950439453e+00,5.642336845397949219e+00,1.392385578155517578e+01,1.448408508300781250e+01,1.158814430236816406e+01,6.469590187072753906e+00,7.771162033081054688e+00,1.058703994750976562e+01,1.176152324676513672e+01,1.111943626403808594e+01,1.236727619171142578e+01,1.414199066162109375e+01,8.979883193969726562e+00,1.021577835083007812e+01,1.080035972595214844e+01,6.949672698974609375e+00,3.868946790695190430e+00,5.597823619842529297e+00,9.240446090698242188e+00,7.736078739166259766e+00,1.186812019348144531e+01,1.438038730621337891e+01,1.748911666870117188e+01,1.431851768493652344e+01,1.453512763977050781e+01,2.250971221923828125e+01,2.451819229125976562e+01,1.012284278869628906e+01,3.263931274414062500e-01,6.807427883148193359e+00,1.215457630157470703e+01,-9.289852529764175415e-02,-1.560441017150878906e+01,-2.702700042724609375e+01,-3.288982772827148438e+01,-3.529233932495117188e+01,-3.604381179809570312e+01,-2.798875236511230469e+01,-2.129759597778320312e+01,-2.381430816650390625e+01,-1.939960098266601562e+01,-1.470968055725097656e+01,-1.202911663055419922e+01,-5.747741699218750000e+00,-1.994821190834045410e+00,-4.992648124694824219e+00,-1.037961864471435547e+01,-2.520309925079345703e+00,1.270451641082763672e+01,1.470583915710449219e+01,1.798231506347656250e+01,1.368009376525878906e+01,1.041992950439453125e+01,6.651987075805664062e+00,5.372530937194824219e+00,8.007416725158691406e+00,9.510414123535156250e+00,-2.334526824951171875e+01,-5.058130264282226562e+01,-6.073935317993164062e+01,-6.010067749023437500e+01,-4.808129501342773438e+01,-3.286351013183593750e+01,-2.244332122802734375e+01,-1.409416484832763672e+01,-1.469743633270263672e+01,-2.817542076110839844e+01,-3.506767654418945312e+01,-2.974049758911132812e+01,-3.098876380920410156e+01,-2.569743728637695312e+01,-1.968119430541992188e+01,-1.253844738006591797e+01,-4.252699375152587891e+00,1.795130014419555664e+00,1.138512706756591797e+01,9.561622619628906250e+00,1.379863834381103516e+01,1.543810939788818359e+01,2.026369857788085938e+01,1.709828948974609375e+01,1.537652587890625000e+01,1.552314758300781250e+01,1.472734069824218750e+01,1.673704147338867188e+01,1.801800918579101562e+01,2.112773513793945312e+01,2.076648712158203125e+01,1.799724006652832031e+01,1.536225509643554688e+01,1.759434318542480469e+01,1.433469200134277344e+01,1.620547294616699219e+01,1.625764846801757812e+01,1.133119773864746094e+01,7.671872615814208984e+00,1.239456939697265625e+01,1.494106483459472656e+01,1.246398639678955078e+01,1.539616203308105469e+01,1.501546573638916016e+01,1.427849102020263672e+01,1.156391716003417969e+01,7.530074119567871094e+00,9.363247871398925781e+00,1.396027278900146484e+01,1.485035324096679688e+01,1.095251655578613281e+01,7.487126350402832031e+00,6.415997028350830078e+00,1.135100746154785156e+01,9.652213096618652344e+00,1.027702713012695312e+01,9.894233703613281250e+00,9.231371879577636719e+00,8.391416549682617188e+00,7.435949802398681641e+00,8.639982223510742188e+00,1.439094924926757812e+01,1.528239250183105469e+01,5.381812572479248047e+00,-9.578338623046875000e+00,-2.877147674560546875e+01,-3.714589691162109375e+01,-4.523511505126953125e+01,-4.986200714111328125e+01,-4.472177124023437500e+01,-4.980631256103515625e+01,-5.382408905029296875e+01,-4.534831237792968750e+01,-4.007939147949218750e+01,-3.246172332763671875e+01,-5.349613189697265625e+00,2.246024131774902344e+01,3.440619277954101562e+01,3.858162307739257812e+01,3.988817596435546875e+01,3.640249633789062500e+01,3.437522888183593750e+01,5.129382133483886719e+00,-4.076815795898437500e+01,-5.459804534912109375e+01,-6.352521514892578125e+01,-7.257286071777343750e+01,-7.570327758789062500e+01,-7.485151672363281250e+01,-7.555097961425781250e+01,-6.837301635742187500e+01,-4.180190277099609375e+01,-5.717961311340332031e+00,9.733716964721679688e+00,1.640307235717773438e+01,1.965319824218750000e+01,2.055799484252929688e+01,1.859061813354492188e+01,-5.733524560928344727e-01,-2.019864082336425781e+00,1.082363986968994141e+01,1.631714630126953125e+01,1.906377792358398438e+01,1.948712539672851562e+01,1.117592430114746094e+01,4.320485591888427734e+00,1.085432147979736328e+01,2.158266067504882812e+01,1.797101783752441406e+01,1.195772457122802734e+01,1.002943801879882812e+01,1.403342247009277344e+01,1.591712188720703125e+01,1.356565093994140625e+01,1.436778068542480469e+01,1.962998962402343750e+01,2.188837814331054688e+01,2.563852500915527344e+01,2.416149139404296875e+01,1.960076522827148438e+01,1.576891994476318359e+01,5.806114196777343750e+00,-7.092302322387695312e+00,-1.719826126098632812e+01,-3.084961318969726562e+01,-2.919870376586914062e+01,-1.842390060424804688e+01,-1.747148513793945312e+01,-1.230404758453369141e+01,-6.732841014862060547e+00,-9.092053174972534180e-01,-2.220252513885498047e+00,-2.779992818832397461e+00,-8.284363746643066406e-01,-2.161728858947753906e+00,-5.148435592651367188e+00,-8.134603500366210938e+00,-1.289681816101074219e+01,-1.174708175659179688e+01,-8.463616371154785156e+00,-4.411312103271484375e+00,-2.761334419250488281e+00,2.715200662612915039e+00,8.900557518005371094e+00,-6.119748950004577637e-01,-1.130813407897949219e+01,-1.855577468872070312e+01,-1.578197860717773438e+01,-6.839865684509277344e+00,2.789965152740478516e+00,6.459077835083007812e+00,-1.270457744598388672e+00,-2.265865355730056763e-01,1.256962394714355469e+01,1.873278999328613281e+01,1.729271507263183594e+01,1.588542079925537109e+01,1.432221031188964844e+01,1.262583923339843750e+01,9.575132369995117188e+00,9.722272872924804688e+00,1.033091831207275391e+01,9.770458221435546875e+00,2.836985111236572266e+00,-6.346303462982177734e+00,-1.022904014587402344e+01,-1.347038459777832031e+01,-1.195470809936523438e+01,-3.873319625854492188e+00,7.686635971069335938e+00,6.395323753356933594e+00,1.381357192993164062e+01,1.969594764709472656e+01,1.681696701049804688e+01,1.555739498138427734e+01,1.581646537780761719e+01,1.488233089447021484e+01,1.234809112548828125e+01,8.791420936584472656e+00,2.721127510070800781e+00,8.221876144409179688e+00,1.259732055664062500e+01,7.883914947509765625e+00,2.958601951599121094e+00,4.432775020599365234e+00,8.347676277160644531e+00,4.502556800842285156e+00,2.043465614318847656e+00,-6.282122135162353516e-01,1.182320213317871094e+01,1.548507690429687500e+01,8.052343368530273438e+00,-7.966470122337341309e-01,5.990000724792480469e+00,1.127081775665283203e+01,1.082874679565429688e+01,1.005503273010253906e+01,-4.918596267700195312e+00,-1.156834030151367188e+01,-4.343339443206787109e+00,-3.400372028350830078e+00,-5.485139369964599609e+00,-8.455481529235839844e+00,-5.767714500427246094e+00,-3.331833839416503906e+00,-1.396861457824707031e+01,-1.825283813476562500e+01,-1.660221481323242188e+01,-1.231284427642822266e+01,-5.636246681213378906e+00,-1.270616531372070312e+00,8.329975128173828125e+00,3.078409957885742188e+01,3.941973495483398438e+01,3.508876800537109375e+01,3.055017852783203125e+01,2.842842674255371094e+01,1.450895309448242188e+01,-5.332477688789367676e-01,-9.174634933471679688e+00,-1.617009544372558594e+01,-1.389575386047363281e+01,-1.329854297637939453e+01,-6.536849975585937500e+00,1.805617362260818481e-01,5.430598258972167969e+00,1.772729516029357910e+00,6.806063652038574219e+00,5.212019443511962891e+00,9.841030836105346680e-01,4.656755924224853516e+00,3.262041568756103516e+00,1.502103805541992188e+00,-4.508377075195312500e+00,-4.485398292541503906e+00,-5.159720778465270996e-01,-3.676498889923095703e+00,-4.240462303161621094e+00,-6.352236747741699219e+00,-7.227182388305664062e+00,-1.179221725463867188e+01,-1.114433097839355469e+01,-1.030487442016601562e+01,-2.163163757324218750e+01,-5.097913742065429688e+01,-6.158938980102539062e+01,-6.841381835937500000e+01,-7.053900146484375000e+01,-6.722926330566406250e+01,-6.026328277587890625e+01,-5.175412368774414062e+01,-3.903536987304687500e+01,-3.077720832824707031e+01,-2.252720832824707031e+01,-1.873957061767578125e+01,-1.150532722473144531e+01,-7.554527282714843750e+00,-5.050912857055664062e+00,-2.914567708969116211e+00,3.390139043331146240e-01,-7.169636726379394531e+00,-7.578063964843750000e+00,-7.663768768310546875e+00,-1.490080928802490234e+01,-1.788723373413085938e+01,-1.448647117614746094e+01,-8.533520698547363281e+00,-8.510417938232421875e+00,-8.602909088134765625e+00,-4.566157341003417969e+00,5.778987884521484375e+00,9.626790046691894531e+00,1.537215232849121094e+01,1.771519851684570312e+01,1.662104034423828125e+01,1.260558319091796875e+01,9.306026458740234375e+00,1.262665939331054688e+01,1.324963760375976562e+01,7.500031471252441406e+00,3.662025451660156250e+00,2.333753108978271484e+00,8.822506666183471680e-01,6.422458887100219727e-01,4.284570217132568359e+00,6.463446617126464844e-01,-2.156330943107604980e-01,-1.301991701126098633e+00,-2.257442474365234375e-02,2.274629831314086914e+00,2.254314422607421875e+00,5.719000339508056641e+00,3.719602823257446289e+00,-5.762042403221130371e-01,1.191094279289245605e+00,4.415682792663574219e+00,7.907948970794677734e+00,7.802594184875488281e+00,-1.032438993453979492e+00,-5.720742225646972656e+00,-8.916345596313476562e+00,-7.423361778259277344e+00,-1.237826108932495117e+00,1.150435447692871094e+01,7.020239830017089844e+00,4.684182167053222656e+00,9.587293624877929688e+00,1.361886024475097656e+01,1.437134456634521484e+01,1.751845932006835938e+01,6.417350769042968750e+00,5.922200202941894531e+00,8.272202491760253906e+00,1.351264762878417969e+01,4.114288330078125000e+01,5.053635406494140625e+01,5.213623046875000000e+01,4.704721069335937500e+01,4.481486511230468750e+01,4.990843963623046875e+01,2.841904830932617188e+01,-3.083103895187377930e-01,-1.275474739074707031e+01,-1.775445365905761719e+01,-1.066861820220947266e+01,-6.430243015289306641e+00,-3.506169080734252930e+00,6.896647810935974121e-01,2.711092948913574219e+00,9.856941223144531250e+00,8.993989944458007812e+00,6.756010055541992188e+00,6.662828445434570312e+00,1.300369548797607422e+01,1.593068313598632812e+01,1.330996131896972656e+01,1.466143512725830078e+01,1.215453338623046875e+01,7.066449165344238281e+00,9.623083114624023438e+00,1.354737281799316406e+01,1.363514423370361328e+01,7.050117015838623047e+00,-1.479728507995605469e+01,-3.508218383789062500e+01,-4.931715774536132812e+01,-5.468951034545898438e+01,-4.873163604736328125e+01,-3.816730499267578125e+01,-3.452732086181640625e+01,-2.864691925048828125e+01,-1.976340484619140625e+01,-9.802114486694335938e+00,-1.153932213783264160e+00,-2.609233140945434570e+00,3.472468376159667969e+00,-4.799944162368774414e-01,-6.289063692092895508e-01,3.610376834869384766e+00,5.396373748779296875e+00,1.389256381988525391e+01,1.622748184204101562e+01,1.218117046356201172e+01,1.021369934082031250e+01,1.618117904663085938e+01,1.926683044433593750e+01,2.158598709106445312e+01,2.260489463806152344e+01,1.822321319580078125e+01,1.764719772338867188e+01,2.043716239929199219e+01,1.831620216369628906e+01,1.644355392456054688e+01,1.283932113647460938e+01,1.210141372680664062e+01,1.772733497619628906e+01,2.352129364013671875e+01,1.702229309082031250e+01,1.775378417968750000e+01,2.081310653686523438e+01,1.526144409179687500e+01,1.347571563720703125e+01,7.493601799011230469e+00,-5.881255149841308594e+00,-1.452459526062011719e+01,-2.586119079589843750e+01,-3.222498703002929688e+01,-4.220864486694335938e+01,-5.474906158447265625e+01,-5.428735351562500000e+01,-5.170569992065429688e+01,-4.571485900878906250e+01,-3.914395141601562500e+01,-3.254631805419921875e+01,-3.002688217163085938e+01,-2.065305900573730469e+01,-8.945136070251464844e+00,-5.057547569274902344e+00,-6.785556793212890625e+00,-2.814191818237304688e+00,-1.297930002212524414e+00,8.469093441963195801e-01,9.187421798706054688e+00,1.150593566894531250e+01,8.918124198913574219e+00,9.966883659362792969e+00,9.833394050598144531e+00,1.088092422485351562e+01,1.190806770324707031e+01,1.043494415283203125e+01,8.570370674133300781e+00,1.079917907714843750e+01,1.217195129394531250e+01,5.441942214965820312e+00,3.199674129486083984e+00,-3.552818298339843750e-01,1.723841190338134766e+00,2.779077053070068359e+00,3.924389123916625977e+00,8.345192909240722656e+00,1.085326385498046875e+01,8.150694847106933594e+00,8.904071807861328125e+00,1.211799812316894531e+01,7.828250408172607422e+00,6.044300079345703125e+00,5.912260055541992188e+00,1.227571868896484375e+01,1.349275207519531250e+01,1.286214447021484375e+01,2.639507293701171875e+00,-1.159983825683593750e+01,-1.288488960266113281e+01,-1.238031959533691406e+01,-1.042667388916015625e+01,-6.789450645446777344e+00,-3.106056451797485352e-01,-8.726959228515625000e+00,-2.195830917358398438e+01,-2.194646835327148438e+01,-1.916390609741210938e+01,-1.219143390655517578e+01,-3.026121854782104492e+00,-3.354420661926269531e+00,-8.857875823974609375e+00,-9.202248573303222656e+00,-1.023560333251953125e+01,-9.654536247253417969e+00,-6.627564430236816406e+00,-3.561364173889160156e+00,2.905350923538208008e+00,4.389312744140625000e+00,5.204619407653808594e+00,9.734889030456542969e+00,8.630324363708496094e+00,1.114686393737792969e+01,1.400266647338867188e+01,2.053720664978027344e+01,2.360762977600097656e+01,1.930548477172851562e+01,1.449265956878662109e+01,1.525080490112304688e+01,1.584146690368652344e+01,8.325466156005859375e+00,5.805516242980957031e+00,7.416969299316406250e+00,3.063729047775268555e+00,-7.750850915908813477e-01,2.044795989990234375e+00,5.830870628356933594e+00,5.471741676330566406e+00,2.445668578147888184e-01,2.494817018508911133e+00,6.627209663391113281e+00,1.884228229522705078e+00,2.383604049682617188e+00,-1.511489868164062500e+00,-3.214828968048095703e+00,2.934540987014770508e+00,2.752172470092773438e+00,-1.271919250488281250e+00,-5.357311248779296875e+00,-5.699595451354980469e+00,-4.148643493652343750e+00,-1.438329219818115234e+00,-1.357049345970153809e+00,-2.044602155685424805e+00,-2.687833309173583984e+00,-2.141479492187500000e+00,-7.234125137329101562e+00,-7.396800994873046875e+00,-7.093958854675292969e+00,-9.795004844665527344e+00,-1.127842903137207031e+00,-1.259052753448486328e-02,1.848564863204956055e+00,-3.351034641265869141e+00,-4.860786437988281250e+00,-6.870357036590576172e+00,2.579263210296630859e+00,3.585691690444946289e+00,3.843290328979492188e+00,1.534132361412048340e+00,1.307652354240417480e+00,4.819458007812500000e+00,1.017845249176025391e+01,1.208163070678710938e+01,4.080865859985351562e+00,-2.544346332550048828e+00,-3.192168474197387695e+00,1.366296529769897461e+00,9.510626792907714844e+00,1.215288829803466797e+01,1.354079437255859375e+01,1.970876121520996094e+01,3.534084320068359375e+01,4.090024948120117188e+01,4.453491210937500000e+01,5.239530563354492188e+01,4.670315170288085938e+01,3.413623428344726562e+01,2.861228942871093750e+00,-1.015637969970703125e+01,-1.609256362915039062e+01,-2.000127792358398438e+01,-1.472896862030029297e+01,-7.754308223724365234e+00,7.815948128700256348e-01,7.524216651916503906e+00,1.655560684204101562e+01,1.845678138732910156e+01,1.071103763580322266e+01,1.090492630004882812e+01,8.935070991516113281e+00,1.132826805114746094e+01,7.695094108581542969e+00,-4.040527343750000000e-01,-5.476871490478515625e+00,-1.114293098449707031e+01,-3.720386981964111328e+00,2.116311454772949219e+01,3.201916885375976562e+01,3.383730316162109375e+01,3.167498016357421875e+01,2.970056343078613281e+01,2.452111053466796875e+01,1.053367042541503906e+01,-1.047978210449218750e+01,-1.822463226318359375e+01,-2.018766403198242188e+01,-1.688782501220703125e+01,-6.491999626159667969e+00,1.482039451599121094e+00,7.694612503051757812e+00,8.877554893493652344e+00,5.977098464965820312e+00,-4.302365303039550781e+00,-5.821240425109863281e+00,-9.483210563659667969e+00,-9.545236587524414062e+00,-6.327415466308593750e+00,-1.093989729881286621e+00,6.404876708984375000e+00,1.320818710327148438e+01,1.703236961364746094e+01,1.357526016235351562e+01,1.323532295227050781e+01,8.986031532287597656e+00,6.683145523071289062e+00,2.266892433166503906e+00,-6.101201057434082031e+00,-6.229384422302246094e+00,-7.539404392242431641e+00,-5.848085880279541016e+00,-7.725448608398437500e+00,-5.048745155334472656e+00,-7.451436519622802734e-01,4.702883720397949219e+00,5.479065895080566406e+00,-6.782395362854003906e+00,-8.094180107116699219e+00,-1.025898075103759766e+01,-1.147527885437011719e+01,-9.602140426635742188e+00,-1.089108371734619141e+01,-1.024045562744140625e+01,-9.210223197937011719e+00,-8.017981529235839844e+00,-1.102996253967285156e+01,-1.234988403320312500e+01,-1.013550758361816406e+01,-1.043289756774902344e+01,-1.262706089019775391e+01,-1.171075057983398438e+01,-1.034673595428466797e+01,-9.929407119750976562e+00,-1.241731834411621094e+01,-1.440780639648437500e+01,-1.856542015075683594e+01,-1.471698951721191406e+01,-1.334348106384277344e+01,-1.412215137481689453e+01,-1.224835205078125000e+01,-1.151846981048583984e+01,-1.505383300781250000e+01,-1.840145492553710938e+01,-2.133128738403320312e+01,-2.029088020324707031e+01,-1.734576416015625000e+01,-6.681326866149902344e+00,-5.689961433410644531e+00,-7.984943389892578125e+00,-9.011964797973632812e+00,-9.830812454223632812e+00,-8.956310272216796875e+00,-1.595871734619140625e+01,-2.040106964111328125e+01,-1.263951683044433594e+01,-6.985599040985107422e+00,-1.272637367248535156e+01,-2.008075714111328125e+01,-3.356752395629882812e+01,-4.430137634277343750e+01,-4.745668792724609375e+01,-5.986695861816406250e+01,-6.575394439697265625e+01,-6.216419219970703125e+01,-4.852880096435546875e+01,-3.727676773071289062e+01,-2.996910858154296875e+01,-2.208207321166992188e+01,-1.308687782287597656e+01,-1.722623062133789062e+01,-2.258279037475585938e+01,-1.794146347045898438e+01,-5.966831207275390625e+00,6.071823596954345703e+00,1.496248722076416016e+00,-9.845381736755371094e+00,-1.608502578735351562e+01,-1.316031455993652344e+01,-1.411772537231445312e+01,-1.587142562866210938e+01,-1.717423820495605469e+01,-2.170444869995117188e+01,-2.763871383666992188e+01,-3.540909576416015625e+01,-3.709622955322265625e+01,-2.694360351562500000e+01,-1.968722534179687500e+01,-2.665689849853515625e+01,-3.048123931884765625e+01,-2.759809112548828125e+01,-2.218614768981933594e+01,-2.056738281250000000e+01,-2.554114532470703125e+01,-2.801390075683593750e+01,-2.319285964965820312e+01,-1.706892013549804688e+01,-1.976938629150390625e+01,-1.798320007324218750e+01,-1.642123031616210938e+01,-1.591602897644042969e+01,-1.733703231811523438e+01,-1.637248611450195312e+01,-1.121296310424804688e+01,-8.296770095825195312e+00,-6.866027832031250000e+00,-9.135257720947265625e+00,-1.033073234558105469e+01,-5.977346420288085938e+00,-6.815245628356933594e+00,-9.477264404296875000e+00,-4.507180690765380859e+00,-6.025978088378906250e+00,-8.954030036926269531e+00,-3.346921443939208984e+00,6.423048019409179688e+00,1.027532100677490234e+01,8.704738616943359375e+00,5.174942970275878906e+00,8.878067135810852051e-01,3.810178279876708984e+00,5.060099124908447266e+00,-2.341774702072143555e-01,4.466547966003417969e+00,8.049160003662109375e+00,1.128322410583496094e+01,9.633244514465332031e+00,2.640463590621948242e+00,5.090791702270507812e+00,6.007748603820800781e+00,8.619844317436218262e-01,2.452021121978759766e+00,1.170539855957031250e+00,-3.890308618545532227e+00,-9.186651229858398438e+00,-9.754911422729492188e+00,-1.424896049499511719e+01,-1.443529987335205078e+01,-1.648498916625976562e+01,-7.679794311523437500e+00,-6.240079879760742188e+00,-7.964173316955566406e+00,-5.806616783142089844e+00,-6.151967048645019531e+00,-8.453005790710449219e+00,-4.114762783050537109e+00,-5.196054458618164062e+00,-5.140672683715820312e+00,1.302108168601989746e-01,1.570183086395263672e+01,2.651936721801757812e+01,2.237081909179687500e+01,1.239273643493652344e+01,1.273054313659667969e+01,2.130323410034179688e+01,2.330369758605957031e+01,6.618026733398437500e+00,-1.001625657081604004e+00,-4.901457786560058594e+00,-1.293927574157714844e+01,-1.733222579956054688e+01,-1.334930610656738281e+01,-8.667114257812500000e+00,-1.028120708465576172e+01,-1.185150527954101562e+01,-1.300814628601074219e+01,-1.044364738464355469e+01,-8.830410003662109375e+00,-1.143394565582275391e+01,-1.548521423339843750e+01,-1.061403465270996094e+01,-7.200480461120605469e+00,-4.291767120361328125e+00,-7.087924957275390625e+00,-7.383731842041015625e+00,-7.176230430603027344e+00,-1.443712043762207031e+01,-1.868561935424804688e+01,-1.588384914398193359e+01,-1.074458312988281250e+01,-7.652898788452148438e+00,-7.599804878234863281e+00,-6.296629905700683594e+00,-1.059740734100341797e+01,-1.426729297637939453e+01,-1.390227508544921875e+01,-4.801362037658691406e+00,5.437924385070800781e+00,-6.653642177581787109e+00,-2.707600021362304688e+01,-4.492478179931640625e+01,-5.092398071289062500e+01,-4.563135147094726562e+01,-3.857012557983398438e+01,-2.891447830200195312e+01,-1.897752571105957031e+01,-1.626529312133789062e+01,-2.256003952026367188e+01,-3.145875549316406250e+01,-3.770095825195312500e+01,-3.191497802734375000e+01,-3.303803253173828125e+01,-2.687258911132812500e+01,-1.275340652465820312e+01,-7.833193778991699219e+00,-4.557711601257324219e+00,3.636973857879638672e+00,4.347064495086669922e+00,1.545377731323242188e+01,3.817382049560546875e+01,4.398667907714843750e+01,4.717629241943359375e+01,4.817722320556640625e+01,3.936542510986328125e+01,2.885099411010742188e+01,1.661687088012695312e+01,-2.088242721557617188e+01,-5.993308258056640625e+01,-7.123946380615234375e+01,-6.858422088623046875e+01,-6.347003173828125000e+01,-6.042754745483398438e+01,-5.862311172485351562e+01,-5.481857681274414062e+01,-4.460307312011718750e+01,-3.252989959716796875e+01,-1.615192413330078125e+01,-1.309336280822753906e+01,-7.992832660675048828e+00,2.732682037353515625e+01,4.128826141357421875e+01,4.591999816894531250e+01,4.176123046875000000e+01,3.909391021728515625e+01,4.526137161254882812e+01,2.769673347473144531e+01,7.623471260070800781e+00,-6.971841812133789062e+00,-8.138273954391479492e-01,7.717440605163574219e+00,1.017018890380859375e+01,7.966820716857910156e+00,9.911158561706542969e+00,6.074798583984375000e+00,1.137062263488769531e+01,1.158746719360351562e+01,4.737231731414794922e+00,7.008047103881835938e+00,8.778903961181640625e+00,3.524666309356689453e+00,3.515630245208740234e+00,5.611150741577148438e+00,2.301306486129760742e+00,4.142702102661132812e+00,4.336428642272949219e-02,-4.431215763092041016e+00,-1.397922134399414062e+01,-1.280441093444824219e+01,-5.313038825988769531e+00,-5.867780447006225586e-01,1.604128122329711914e+00,2.668838500976562500e-01,8.824309706687927246e-01,-4.349360466003417969e+00,-3.582865238189697266e+00,4.248488426208496094e+00,7.371380805969238281e+00,5.701195716857910156e+00,-2.603394508361816406e+00,-4.886351108551025391e+00,-3.807355403900146484e+00,-5.453144550323486328e+00,-4.732652187347412109e+00,-7.807914733886718750e+00,-8.922302246093750000e+00,-1.112848854064941406e+01,-8.322514533996582031e+00,-4.705918312072753906e+00,-2.767062425613403320e+00,-9.954940795898437500e+00,-1.025239944458007812e+01,-8.765808105468750000e+00,-1.149861526489257812e+01,-1.393315887451171875e+01,-1.054347133636474609e+01,-1.074223518371582031e+01,-1.430200767517089844e+01,-5.646311759948730469e+00,7.399601936340332031e-01,8.315683364868164062e+00,-1.218756484985351562e+01,-4.247944641113281250e+01,-5.338867187500000000e+01,-5.360570526123046875e+01,-5.797791671752929688e+01,-5.660840988159179688e+01,-4.443659973144531250e+01,-2.583050918579101562e+01,-1.535667419433593750e+01,-8.493808746337890625e+00,-1.045505523681640625e+01,-1.092276477813720703e+01,-1.233105945587158203e+01,-9.360572814941406250e+00,-5.275230407714843750e+00,-5.604780197143554688e+00,-1.016833114624023438e+01,-8.456930160522460938e+00,-4.667075157165527344e+00,-1.180210828781127930e+00,-2.076310634613037109e+00,3.254055976867675781e+00,6.805791854858398438e+00,5.390503883361816406e+00,7.006321907043457031e+00,8.702785491943359375e+00,1.019080543518066406e+01,8.809017181396484375e+00,3.974333047866821289e+00,-3.703618049621582031e-01,-5.928052663803100586e-01,-4.097602367401123047e+00,-5.885222434997558594e+00,-5.931685447692871094e+00,-7.466465950012207031e+00,-1.026186370849609375e+01,-8.387123107910156250e+00,-7.756726264953613281e+00,-9.184662818908691406e+00,-1.228509330749511719e+01,-1.129364585876464844e+01,-4.975193977355957031e+00,-7.652343750000000000e+00,-1.316106796264648438e+01,-1.058152961730957031e+01,-7.751453399658203125e+00,-8.347628593444824219e+00,-1.109569168090820312e+01,-5.838002204895019531e+00,-2.699110984802246094e+00,-3.687665700912475586e+00,-2.652277469635009766e+00,6.750196814537048340e-01,7.624072074890136719e+00,-3.776951432228088379e-01,-2.245805740356445312e+01,-4.210002136230468750e+01,-4.816399002075195312e+01,-4.722290039062500000e+01,-3.672946166992187500e+01,-2.949667358398437500e+01,-2.439906883239746094e+01,-2.230372619628906250e+01,-1.904135131835937500e+01,-2.732886314392089844e+01,-2.977440261840820312e+01,-2.186477661132812500e+01,-9.796447753906250000e+00,2.729744434356689453e+00,8.280796051025390625e+00,5.157166481018066406e+00,8.521187305450439453e-01,-4.710694313049316406e+00,-8.100231170654296875e+00,-5.706233978271484375e-01,3.763243198394775391e+00,4.280004024505615234e+00,5.064783096313476562e+00,-8.303059577941894531e+00,-1.126791763305664062e+01,-1.889552116394042969e+01,-3.626259613037109375e+01,-5.581318283081054688e+01,-5.845015716552734375e+01,-4.587772369384765625e+01,-3.683251953125000000e+01,-3.005133056640625000e+01,-3.036607742309570312e+01,-2.561560058593750000e+01,-2.325944137573242188e+01,-2.147683334350585938e+01,-1.721368980407714844e+01,5.354025363922119141e+00,1.166299819946289062e+01,9.731863021850585938e+00,1.496848869323730469e+01,1.611194419860839844e+01,6.754534721374511719e+00,-3.825901269912719727e+00,-1.036498451232910156e+01,-1.256779479980468750e+01,-9.133024215698242188e+00,-1.684831500053405762e+00,1.078330278396606445e+00,6.513533592224121094e+00,4.194072723388671875e+00,6.965626239776611328e+00,7.469254493713378906e+00,3.915762901306152344e+00,-5.802532434463500977e-01,-8.378687500953674316e-01,-1.012466073036193848e+00,5.440199375152587891e-02,2.444620132446289062e+00,4.727829933166503906e+00,5.250473022460937500e+00,4.977267265319824219e+00,5.194705963134765625e+00,5.340252399444580078e+00,4.980298876762390137e-01,1.289677524566650391e+01,1.663479232788085938e+01,4.595643043518066406e+00,-4.440740585327148438e+00,-7.423350811004638672e+00,-7.363787651062011719e+00,-8.188102722167968750e+00,-3.889134407043457031e+00,-3.010262846946716309e-01,-3.550121307373046875e+00,-1.314685249328613281e+01,-2.211701011657714844e+01,-1.386033630371093750e+01,-9.515783309936523438e+00,-1.521821403503417969e+01,-2.428555679321289062e+01,-3.238416290283203125e+01,-4.321047210693359375e+01,-5.316688537597656250e+01,-5.748261260986328125e+01,-5.477801895141601562e+01,-5.152333831787109375e+01,-4.895883178710937500e+01,-4.395172882080078125e+01,-4.093088150024414062e+01,-4.055700683593750000e+01,-4.070317459106445312e+01,-3.706169509887695312e+01,-2.693574523925781250e+01,-3.227663421630859375e+01,-4.187282943725585938e+01,-4.357099151611328125e+01,-4.774600982666015625e+01,-5.126002502441406250e+01,-5.333737945556640625e+01,-4.740873718261718750e+01,-3.807650756835937500e+01,-2.675925445556640625e+01,-1.645450019836425781e+01,-9.854300498962402344e+00,-1.201096439361572266e+01,-1.999958229064941406e+01,-3.357039260864257812e+01,-3.540570068359375000e+01,-2.345427322387695312e+01,-2.016899871826171875e+01,-1.554645442962646484e+01,-1.000010871887207031e+01,-9.733612060546875000e+00,-8.389671325683593750e+00,-5.820524215698242188e+00,-4.062551498413085938e+00,3.076449871063232422e+00,-7.227206230163574219e-01,-4.792246341705322266e+00,-7.741598129272460938e+00,-1.354515457153320312e+01,-6.800796985626220703e+00,3.048342466354370117e+00,6.453369140625000000e+00,3.348994255065917969e+00,1.513681888580322266e+01,3.268717956542968750e+01,4.086226272583007812e+01,4.125119018554687500e+01,3.649832534790039062e+01,3.799123382568359375e+01,3.527974700927734375e+01,3.168772888183593750e+01,2.607658004760742188e+01,1.529078769683837891e+01,9.439729690551757812e+00,-2.337186336517333984e-01,-7.746641635894775391e+00,-5.818173885345458984e+00,-7.845171928405761719e+00,-1.039739227294921875e+01,-6.039168357849121094e+00,-5.588604927062988281e+00,-1.197677421569824219e+01,-1.605432891845703125e+01,-1.481953239440917969e+01,-1.581040859222412109e+01,-2.019955825805664062e+01,-2.160794639587402344e+01,-1.983783721923828125e+01,-1.848933410644531250e+01,-1.869297409057617188e+01,-1.924255371093750000e+01,-1.903096008300781250e+01,-1.318650054931640625e+01,-1.675489044189453125e+01,-1.613791847229003906e+01,-1.364188098907470703e+01,-1.302118301391601562e+01,-1.205156612396240234e+01,-1.358452796936035156e+01,-1.488237380981445312e+01,-1.306089019775390625e+01,-1.378853988647460938e+01,-1.576278400421142578e+01,-1.650601387023925781e+01,-1.426315879821777344e+01,-1.334541606903076172e+01,-1.476218891143798828e+01,-1.371937561035156250e+01,-1.676936721801757812e+01,-1.921577262878417969e+01,-1.474763107299804688e+01,-1.001156044006347656e+01,-7.329373359680175781e+00,-1.144209289550781250e+01,-1.164419937133789062e+01,-1.252715492248535156e+01,-2.546191024780273438e+01,-3.195509338378906250e+01,-2.777656936645507812e+01,-1.757793045043945312e+01,-1.195610046386718750e+01,-3.477472782135009766e+00,1.360540390014648438e+00,4.972688674926757812e+00,8.603945970535278320e-01,-1.201103687286376953e+01,-2.539933776855468750e+01,-2.943869018554687500e+01,-2.548773193359375000e+01,-1.674292945861816406e+01,-1.018815326690673828e+01,-8.558732986450195312e+00,-1.041241931915283203e+01,-1.078365707397460938e+01,-1.466294479370117188e+01,-1.670396804809570312e+01,-2.404939270019531250e+01,-3.046820449829101562e+01,-2.671747589111328125e+01,-2.033715057373046875e+01,-1.576126766204833984e+01,-1.747364997863769531e+01,-1.347361373901367188e+01,-1.285880661010742188e+01,-3.176590347290039062e+01,-4.456041717529296875e+01,-5.223265075683593750e+01,-6.280263519287109375e+01,-6.583190917968750000e+01,-6.532209777832031250e+01,-6.442544555664062500e+01,-6.156677246093750000e+01,-5.607322692871093750e+01,-5.289048767089843750e+01,-4.367703628540039062e+01,-3.997961425781250000e+01,-2.802138519287109375e+01,-1.542797565460205078e+01,-8.601787567138671875e+00,-8.757920265197753906e+00,1.576204299926757812e+00,-4.718550682067871094e+00,-9.543724060058593750e+00,-4.851422309875488281e+00,-1.339016795158386230e+00,-1.177196502685546875e+00,-6.136139869689941406e+00,-9.517637252807617188e+00,-5.780442714691162109e+00,-4.508283615112304688e+00,-6.758338928222656250e+00,-3.415041923522949219e+00,3.845159053802490234e+00,3.454243183135986328e+00,-5.747097492218017578e+00,-1.196591758728027344e+01,-1.594956207275390625e+01,-2.129502868652343750e+01,-2.198747634887695312e+01,-2.079079627990722656e+01,-1.359117507934570312e+01,-9.866595268249511719e+00,-8.493965148925781250e+00,-8.634372711181640625e+00,-9.212319374084472656e+00,-4.014886379241943359e+00,-3.549231767654418945e+00,-9.582977294921875000e+00,-1.470740318298339844e+01,-1.498154640197753906e+01,-1.304941749572753906e+01,-3.082507610321044922e+00,-2.458098828792572021e-01,-8.766193389892578125e+00,-2.590929031372070312e+01,-4.378251647949218750e+01,-5.343970489501953125e+01,-5.117019271850585938e+01,-4.294153213500976562e+01,-3.111325836181640625e+01,-2.977438735961914062e+01,-2.960820007324218750e+01,-2.376551055908203125e+01,-1.718328094482421875e+01,1.812160968780517578e+00,1.764425468444824219e+01,2.818993759155273438e+01,3.111440658569335938e+01,3.099296188354492188e+01,3.060935974121093750e+01,2.741580390930175781e+01,2.254808044433593750e+01,2.004104995727539062e+01,1.391471481323242188e+01,8.719735145568847656e+00,5.227238655090332031e+00,-1.801405668258666992e+00,-6.354494094848632812e+00,-1.376574325561523438e+01,-1.531126403808593750e+01,-1.174337387084960938e+01,-1.169546985626220703e+01,-6.532569885253906250e+00,-6.232912063598632812e+00,-1.206605052947998047e+01,-1.096372413635253906e+01,-1.133003520965576172e+01,-1.188165855407714844e+01,-8.595741271972656250e+00,-6.965497493743896484e+00,-9.175622940063476562e+00,-9.274539947509765625e+00,-3.156594514846801758e+00,-4.710371971130371094e+00,-7.004943370819091797e+00,-9.495761871337890625e+00,-7.311790943145751953e+00,-9.371363639831542969e+00,-1.008307647705078125e+01,-8.047163963317871094e+00,-8.884805679321289062e+00,-1.402908515930175781e+01,-8.355680465698242188e+00,-6.873178005218505859e+00,-1.393140411376953125e+01,-9.632493019104003906e+00,-7.666823387145996094e+00,-6.570584297180175781e+00,-3.422413349151611328e+00,6.539249420166015625e-02,-1.318445682525634766e+00,2.099437475204467773e+00,-3.532027006149291992e-01,-7.554630279541015625e+00,-1.178698635101318359e+01,-2.175309371948242188e+01,-4.322461700439453125e+01,-6.398777008056640625e+01,-7.235208892822265625e+01,-7.859237670898437500e+01,-7.067549133300781250e+01,-5.495837020874023438e+01,-4.646177291870117188e+01,-3.817159652709960938e+01,-2.241288757324218750e+01,-1.749583625793457031e+01,-1.747918701171875000e+01,-1.033420848846435547e+01,-1.437318563461303711e+00,-7.679988861083984375e+00,-2.008933639526367188e+01,-3.522956466674804688e+01,-3.961940765380859375e+01,-4.477903366088867188e+01,-4.824330139160156250e+01,-4.857966613769531250e+01,-5.190874481201171875e+01,-4.174053573608398438e+01,-3.447896957397460938e+01,-3.460474777221679688e+01,-3.193610763549804688e+01,-2.967818069458007812e+01,-2.828249740600585938e+01,-2.252964401245117188e+01,-2.049281883239746094e+01,-2.165451812744140625e+01,-1.895230102539062500e+01,-1.682027816772460938e+01,-1.725863265991210938e+01,-2.624331855773925781e+01,-2.738461303710937500e+01,-3.374082946777343750e+01,-4.410094833374023438e+01,-5.363088226318359375e+01,-6.007074737548828125e+01,-6.292203521728515625e+01,-5.979680633544921875e+01,-5.670324325561523438e+01,-5.266086959838867188e+01,-5.015977478027343750e+01,-4.735113143920898438e+01,-3.635271453857421875e+01,-2.282131576538085938e+01,-1.850370788574218750e+01,-1.232806491851806641e+01,-9.037467002868652344e+00,-9.961254119873046875e+00,-8.987175941467285156e+00,-5.526233673095703125e+00,-6.184715747833251953e+00,-1.605329132080078125e+01,-2.188752937316894531e+01,-1.438929557800292969e+01,-8.061744689941406250e+00,-1.025121688842773438e+01,-1.244336700439453125e+01,-4.207796096801757812e+00,-7.321495413780212402e-01,-3.482498168945312500e+00,-2.187214136123657227e+00,5.947014093399047852e-01,6.206001281738281250e+00,8.875438690185546875e+00,9.728417396545410156e+00,5.665655136108398438e+00,2.188510894775390625e+00,6.234076023101806641e-01,4.358289241790771484e-01,5.211829185485839844e+00,1.048130035400390625e+01,1.103858089447021484e+01,9.762770652770996094e+00,1.225955390930175781e+01,1.008661842346191406e+01,8.812002182006835938e+00,9.495073318481445312e+00,6.374490737915039062e+00,-1.414832592010498047e+00,-3.229598283767700195e+00,1.363394737243652344e+00,4.561223983764648438e+00,-4.365956187248229980e-01,-3.487252235412597656e+00,-5.486629009246826172e+00,-6.393600463867187500e+00,-4.312396526336669922e+00,-4.814548015594482422e+00,-4.520911216735839844e+00,-8.070167541503906250e+00,-8.132229804992675781e+00,-8.494970321655273438e+00,-8.800056457519531250e+00,-2.592079639434814453e+00,-3.625492095947265625e+00,-6.547723770141601562e+00,-6.630007266998291016e+00,-9.030015945434570312e+00,-2.987654209136962891e+00,1.418960332870483398e+00,-5.372760772705078125e+00,-5.689465045928955078e+00,-3.310989379882812500e+00,-3.229850053787231445e+00,-5.559817790985107422e+00,-6.904500961303710938e+00,3.780506134033203125e+00,7.784066200256347656e+00,-2.517236709594726562e+00,-1.121087932586669922e+01,-9.300931930541992188e+00,-1.322316527366638184e+00,-1.903785228729248047e+00,-5.999603271484375000e-01,5.509031295776367188e+00,2.681859493255615234e+00,2.375079631805419922e+00,1.139897918701171875e+01,1.372466468811035156e+01,1.467004776000976562e+01,1.968565368652343750e+01,1.640223884582519531e+01,-8.982590675354003906e+00,-3.812074279785156250e+01,-4.519268035888671875e+01,-4.605728530883789062e+01,-4.805263137817382812e+01,-5.248753356933593750e+01,-6.106695556640625000e+01,-6.538442993164062500e+01,-6.586626434326171875e+01,-7.078448486328125000e+01,-7.042623901367187500e+01,-6.910110473632812500e+01,-6.713815307617187500e+01,-6.380879211425781250e+01,-5.316613006591796875e+01,-4.467845916748046875e+01,-2.828783798217773438e+01,-5.569241046905517578e+00,9.831723213195800781e+00,2.005605316162109375e+01,2.843504333496093750e+01,3.448630905151367188e+01,3.555714035034179688e+01,2.671921157836914062e+01,1.905817794799804688e+01,7.280970573425292969e+00,5.606027126312255859e+00,7.226422309875488281e+00,7.361327171325683594e+00,4.038672447204589844e+00,4.641719818115234375e+00,6.027320861816406250e+00,5.492617607116699219e+00,4.854166984558105469e+00,5.644488811492919922e+00,6.162509918212890625e+00,7.803239822387695312e+00,3.443741083145141602e+00,6.399207115173339844e+00,5.006200313568115234e+00,1.866618871688842773e+00,2.292023181915283203e+00,-1.607315063476562500e+00,-2.454442262649536133e+00,3.541074752807617188e+00,7.980382919311523438e+00,5.326255798339843750e+00,7.427870750427246094e+00,2.870957612991333008e+00,3.294203996658325195e+00,4.017176628112792969e+00,6.045657157897949219e+00,7.215082168579101562e+00,4.025559425354003906e+00,2.626633405685424805e+00,1.525297164916992188e-01,-6.589671134948730469e+00,-8.331235885620117188e+00,-8.990343093872070312e+00,-4.094145298004150391e+00,4.097386360168457031e+00,8.372057914733886719e+00,1.870931434631347656e+01,2.346333694458007812e+01,2.091740417480468750e+01,1.350591468811035156e+01,1.368422031402587891e+00,-1.965568900108337402e+00,-1.657826423645019531e+00,-4.224184513092041016e+00,-9.573570251464843750e+00,-1.274241447448730469e+01,-1.300982666015625000e+01,-1.057853126525878906e+01,-1.007673740386962891e+01,-3.393077611923217773e+00,9.678366661071777344e+00,4.224840164184570312e+00,-3.528804540634155273e+00,3.759177684783935547e+00,6.775952339172363281e+00,1.055070400238037109e+01,1.597926235198974609e+01,2.587448883056640625e+01,2.587190246582031250e+01,2.069597625732421875e+01,1.572476100921630859e+01,6.696405410766601562e+00,3.858757495880126953e+00,4.134390830993652344e+00,6.353453636169433594e+00,1.322239494323730469e+01,1.910304450988769531e+01,2.147560119628906250e+01,2.056945800781250000e+01,1.950091552734375000e+01,1.747670555114746094e+01,1.773799896240234375e+01,1.848355865478515625e+01,1.616678047180175781e+01,9.000006675720214844e+00,4.984895706176757812e+00,8.377566337585449219e+00,3.319312095642089844e+00,2.949187755584716797e+00,9.575139999389648438e+00,6.509046554565429688e+00,4.775097846984863281e+00,5.135246276855468750e+00,9.742897033691406250e+00,1.070161819458007812e+01,1.016456508636474609e+01,1.291061973571777344e+01,8.129255294799804688e+00,9.245370864868164062e+00,1.106985950469970703e+01,7.757637500762939453e+00,9.845302581787109375e+00,1.165891456604003906e+01,1.134231376647949219e+01,7.218576431274414062e+00,7.017759323120117188e+00,9.323470115661621094e+00,9.267779350280761719e+00,7.824197769165039062e+00,1.043750000000000000e+01,7.576759338378906250e+00,1.878810644149780273e+00,7.276065826416015625e+00,1.289627075195312500e+01,1.764332389831542969e+01,1.762174606323242188e+01,1.283740043640136719e+01,1.457210350036621094e+01,9.365735054016113281e+00,1.165473365783691406e+01,1.092664432525634766e+01,8.161376953125000000e+00,1.047642040252685547e+01,1.145127296447753906e+01,1.386853027343750000e+01,1.318550491333007812e+01,6.989181518554687500e+00,8.670853614807128906e+00,1.161558532714843750e+01,9.491670608520507812e+00,6.521167755126953125e+00,5.355736255645751953e+00,7.128127574920654297e+00,7.435305595397949219e+00,1.091256523132324219e+01,1.123141098022460938e+01,8.277534484863281250e+00,1.280152130126953125e+01,1.544943428039550781e+01,1.458884620666503906e+01,1.455952072143554688e+01,8.902302742004394531e+00,5.351947784423828125e+00,8.112949371337890625e+00,6.720873355865478516e+00,6.709929943084716797e+00,9.213280677795410156e+00,1.546198081970214844e+01,1.300217247009277344e+01,5.930827617645263672e+00,8.709079742431640625e+00,1.312719440460205078e+01,9.748763084411621094e+00,1.232070159912109375e+01,1.272109985351562500e+01,7.135834217071533203e+00,5.378315925598144531e+00,3.428760290145874023e+00,7.297796726226806641e+00,9.918066978454589844e+00,1.137193870544433594e+01,5.414128780364990234e+00,6.721198081970214844e+00,9.137287139892578125e+00,8.611147880554199219e+00,1.357399559020996094e+01,1.475162506103515625e+01,1.588867187500000000e+01,1.457103919982910156e+01,1.131461524963378906e+01,1.199492073059082031e+01,8.510391235351562500e+00,5.439905166625976562e+00,6.829604148864746094e+00,1.375899505615234375e+01,1.210895347595214844e+01,8.386841773986816406e+00,1.020316505432128906e+01,1.037154960632324219e+01,5.237681865692138672e+00,4.049090862274169922e+00,8.034075736999511719e+00,7.295190811157226562e+00,3.831261157989501953e+00,5.402119159698486328e+00,7.510137557983398438e+00,5.698810577392578125e+00,3.701427698135375977e+00,3.900794506072998047e+00,3.991938114166259766e+00,3.498343467712402344e+00,2.565796375274658203e+00,-2.475576698780059814e-01,1.600667715072631836e+00,1.750400781631469727e+00,-1.114473700523376465e+00,2.128057003021240234e+00,5.658538341522216797e+00,-1.665561676025390625e+01,-3.945104217529296875e+01,-3.615693664550781250e+01,-2.695195388793945312e+01,-2.384474945068359375e+01,-6.676115036010742188e+00,2.253448104858398438e+01,3.219336700439453125e+01,3.469716644287109375e+01,2.328865432739257812e+01,-5.385187625885009766e+00,-1.453196430206298828e+01,-1.544801902770996094e+01,-7.854024887084960938e+00,-7.368471145629882812e+00,-2.893081903457641602e+00,1.170132255554199219e+01,1.664620208740234375e+01,1.582985591888427734e+01,1.200577068328857422e+01,-1.112313079833984375e+01,-3.225255584716796875e+01,-4.585342788696289062e+01,-4.811266326904296875e+01,-3.999845886230468750e+01,-2.881803894042968750e+01,-1.981624221801757812e+01,-2.386346244812011719e+01,-4.899398803710937500e+01,-4.436174011230468750e+01,-3.275548553466796875e+01,-2.817141914367675781e+01,-2.110065841674804688e+01,-1.475190734863281250e+01,-9.301485061645507812e+00,-2.081849813461303711e+00,4.493699073791503906e+00,6.643990993499755859e+00,3.014647960662841797e+00,6.799481391906738281e+00,8.441240310668945312e+00,6.525040626525878906e+00,7.124918937683105469e+00,7.076234817504882812e+00,4.722523212432861328e+00,2.745066642761230469e+00,8.402796745300292969e+00,3.802555322647094727e+00,1.083167457580566406e+01,1.392795944213867188e+01,1.221364116668701172e+01,9.797655105590820312e+00,7.141930580139160156e+00,3.448987483978271484e+00,8.076768875122070312e+00,3.082092106342315674e-01,-9.263733029365539551e-01,2.144398689270019531e+00,4.589361190795898438e+00,2.651786088943481445e+00,2.047811985015869141e+00,-2.063332319259643555e+00,-2.850514888763427734e+00,-3.344270467758178711e+00,5.210015773773193359e-01,6.677581071853637695e-01,-1.444183826446533203e+00,2.042510271072387695e+00,1.223571896553039551e+00,1.337139129638671875e+00,3.458087444305419922e+00,4.687553405761718750e+00,-1.829320192337036133e-02,-4.167960643768310547e+00,-4.131791591644287109e+00,4.923776626586914062e+00,3.945520401000976562e+00,-6.292371749877929688e-01,-1.453407645225524902e+00,-1.112172603607177734e+00,3.733812808990478516e+00,3.905734539031982422e+00,3.842559814453125000e+00,-3.046697139739990234e+00,-3.533212661743164062e+00,-2.193752288818359375e+00,-1.414355754852294922e+00,1.316565752029418945e+00,1.175545215606689453e+00,3.440829813480377197e-01,-1.243718719482421875e+01,-1.583989906311035156e+01,-2.312117004394531250e+01,-2.913055419921875000e+01,-3.126674270629882812e+01,-2.924367713928222656e+01,-2.286898612976074219e+01,-1.441024494171142578e+01,-2.315604209899902344e+00,1.026358985900878906e+01,1.283435630798339844e+01,1.657018852233886719e+01,1.105062007904052734e+01,1.147643470764160156e+01,1.322710990905761719e+01,1.730469894409179688e+01,2.333471870422363281e+01,2.485870361328125000e+01,2.020836448669433594e+01,3.502013683319091797e+00,-8.924142837524414062e+00,-1.555634689331054688e+01,-7.696528911590576172e+00,2.066495895385742188e+00,3.073686218261718750e+01,3.571529388427734375e+01,3.663538360595703125e+01,3.894518661499023438e+01,4.152154922485351562e+01,2.996004104614257812e+01,-1.745729565620422363e+00,-1.265532684326171875e+01,-1.531978797912597656e+01,-1.384805297851562500e+01,1.436824798583984375e+01,3.251322937011718750e+01,3.599093627929687500e+01,4.544985961914062500e+01,5.063552093505859375e+01,3.906338882446289062e+01,6.740124702453613281e+00,-6.515614509582519531e+00,-9.603906631469726562e+00,-5.576017379760742188e+00,-3.708609342575073242e-01,3.292122840881347656e+00,1.953922271728515625e+01,3.694894409179687500e+01,4.597750091552734375e+01,4.732589340209960938e+01,5.026559448242187500e+01,4.470253753662109375e+01,2.521206283569335938e+01,-1.239902210235595703e+01,-4.214467620849609375e+01,-6.097544097900390625e+01,-6.616984558105468750e+01,-6.249942779541015625e+01,-5.845336151123046875e+01,-5.747395324707031250e+01,-6.417619323730468750e+01,-6.410081481933593750e+01,-6.277401733398437500e+01,-6.350339508056640625e+01,-5.299678039550781250e+01,-3.755864715576171875e+01,-2.666818428039550781e+01,-2.410796737670898438e+01,-1.828436660766601562e+01,-6.305587768554687500e+00,1.610130691528320312e+01,2.251074028015136719e+01,2.626345062255859375e+01,3.088255691528320312e+01,3.131033134460449219e+01,3.523615264892578125e+01,3.594467926025390625e+01,3.654948043823242188e+01,1.934978485107421875e+01,1.025505304336547852e+00,-6.337036132812500000e+00,-9.609493255615234375e+00,-1.706184196472167969e+01,-2.342812347412109375e+01,-3.480857849121093750e+01,-4.058383941650390625e+01,-3.171107482910156250e+01,-2.760817146301269531e+01,-2.267694473266601562e+01,-9.363474845886230469e+00,-8.973041534423828125e+00,-1.172847747802734375e+01,-7.983190059661865234e+00,3.007190704345703125e+00,7.977660655975341797e+00,1.078347587585449219e+01,5.336809158325195312e+00,-9.080236405134201050e-02,4.760032653808593750e+00,1.361018753051757812e+01,1.080584907531738281e+01,-6.549961566925048828e+00,-1.125880336761474609e+01,-2.464497804641723633e+00,1.443412494659423828e+01,2.340345001220703125e+01,2.839006233215332031e+01,2.764920043945312500e+01,2.593146514892578125e+01,2.260024452209472656e+01,9.088831901550292969e+00,1.284788131713867188e+01,4.670145988464355469e+00,-8.631265640258789062e+00,-2.023958969116210938e+01,-2.780443572998046875e+01,-2.206852722167968750e+01,-2.157627487182617188e+01,-1.911721801757812500e+01,-8.026714324951171875e+00,-4.738719940185546875e+00,1.922440290451049805e+00,5.765945434570312500e+00,3.801403522491455078e+00,2.905174255371093750e+00,6.087762117385864258e-01,4.039503931999206543e-01,1.240927457809448242e+00,-2.344224452972412109e+00,9.076879024505615234e-01,-1.083163380622863770e+00,-2.381734132766723633e+00,-1.168686628341674805e+00,-7.154176235198974609e-01,2.520213127136230469e+00,-2.138164997100830078e+00,-7.131953239440917969e+00,-4.298189163208007812e+00,3.571525573730468750e+00,5.881623744964599609e+00,3.731815814971923828e+00,5.638346672058105469e+00,7.725111961364746094e+00,1.121616601943969727e+00,3.034291744232177734e+00,8.898277282714843750e+00,9.207250595092773438e+00,7.832704544067382812e+00,3.731203794479370117e+00,1.016033935546875000e+01,1.224033641815185547e+01,1.042243576049804688e+01,8.380551338195800781e+00,5.699170112609863281e+00,8.844488143920898438e+00,2.151973724365234375e+00,3.962450027465820312e+00,4.939456939697265625e+00,6.160923480987548828e+00,8.847719192504882812e+00,1.019933414459228516e+01,1.075688171386718750e+01,1.145179271697998047e+01,1.267185211181640625e+01,-1.437024879455566406e+01,-2.573839187622070312e+01,-2.508844757080078125e+01,-1.613064956665039062e+01,-5.482285499572753906e+00,-9.258581161499023438e+00,-9.483741760253906250e+00,-9.015457153320312500e+00,-1.091927146911621094e+01,-8.176475524902343750e+00,-8.202348709106445312e+00,-1.040013694763183594e+01,-8.613945007324218750e+00,-5.696785926818847656e+00,-9.673929214477539062e+00,-1.325623130798339844e+01,-9.587677001953125000e+00,-6.575985908508300781e+00,-8.782677054405212402e-01,-4.582592546939849854e-01,-1.310208511352539062e+01,-2.249641418457031250e+01,-1.699378395080566406e+01,-9.519553184509277344e+00,-3.937652409076690674e-01,5.043049812316894531e+00,6.094513416290283203e+00,8.107686996459960938e+00,1.797989273071289062e+01,1.853089332580566406e+01,1.869849395751953125e+01,1.963916969299316406e+01,1.666029167175292969e+01,1.352013587951660156e+01,1.260545349121093750e+01,2.066497039794921875e+01,1.695372772216796875e+01,1.520556449890136719e+01,1.369231605529785156e+01,1.378051948547363281e+01,1.555337047576904297e+01,9.104093551635742188e+00,7.797402858734130859e+00,8.610314369201660156e+00,1.060296440124511719e+01,1.173120307922363281e+01,1.253160285949707031e+01,1.318348121643066406e+01,1.291204833984375000e+01,1.268554306030273438e+01,7.555179119110107422e+00,1.033737850189208984e+01,1.767156410217285156e+01,1.744508361816406250e+01,1.166342735290527344e+01,3.949485778808593750e+00,-5.294140577316284180e-01,-1.121264696121215820e+00,-1.309787464141845703e+01,-2.211413955688476562e+01,-2.261667060852050781e+01,-2.056679916381835938e+01,-1.848404121398925781e+01,-1.345620346069335938e+01,-1.467402172088623047e+01,-1.804527664184570312e+01,-1.538481521606445312e+01,-1.168016719818115234e+01,-2.371759414672851562e+00,2.137043476104736328e+00,2.526570510864257812e+01,4.428990173339843750e+01,4.760891723632812500e+01,5.034931182861328125e+01,5.818415832519531250e+01,5.614987945556640625e+01,5.309577178955078125e+01,3.595392227172851562e+01,2.199475860595703125e+01,2.323833847045898438e+01,2.895458984375000000e+01,3.061193466186523438e+01,2.536053085327148438e+01,2.002930831909179688e+01,1.655368041992187500e+01,1.297290611267089844e+01,1.044640922546386719e+01,1.313673019409179688e+01,1.163836288452148438e+01,-1.311184048652648926e+00,-2.113732719421386719e+01,-4.046825408935546875e+01,-4.514264297485351562e+01,-4.776292800903320312e+01,-4.783356475830078125e+01,-3.758483886718750000e+01,-2.694401168823242188e+01,-1.611634826660156250e+01,-4.349780082702636719e+00,7.076352119445800781e+00,8.556979179382324219e+00,5.197841644287109375e+00,-7.617270469665527344e+00,-2.522578811645507812e+01,-3.993563842773437500e+01,-4.424629974365234375e+01,-4.890918350219726562e+01,-5.231812667846679688e+01,-4.992635345458984375e+01,-4.946670532226562500e+01,-3.932635116577148438e+01,-2.132693481445312500e+01,8.325765609741210938e+00,2.179980468750000000e+01,3.028825950622558594e+01,3.399552154541015625e+01,3.223799133300781250e+01,1.067208480834960938e+01,-2.762224197387695312e+00,-1.762885093688964844e+00,5.056319713592529297e+00,1.019106292724609375e+01,1.481757068634033203e+01,1.337160682678222656e+01,1.072314643859863281e+01,9.913921356201171875e+00,1.100270175933837891e+01,-5.032659530639648438e+00,-1.264023971557617188e+01,-1.141870403289794922e+01,-1.162213993072509766e+01,-9.433853149414062500e+00,-9.010529518127441406e-01,3.081948757171630859e+00,1.015989017486572266e+01,2.184387588500976562e+01,2.592463302612304688e+01,2.892650604248046875e+01,2.768678092956542969e+01,2.704145622253417969e+01,2.181693267822265625e+01,1.736668968200683594e+01,6.740101575851440430e-01,-1.088561248779296875e+01,-1.482313442230224609e+01,-1.610181236267089844e+01,-7.284461498260498047e+00,-2.930699825286865234e+00,-3.506304264068603516e+00,-1.210920929908752441e+00,9.616160392761230469e-02,3.760837316513061523e+00,9.621146202087402344e+00,1.590463066101074219e+01,1.092870712280273438e+01,7.972080707550048828e-01,3.677143096923828125e+00,1.599506759643554688e+01,1.700332641601562500e+01,1.323086929321289062e+01,1.589454936981201172e+01,2.016508865356445312e+01,1.596931266784667969e+01,1.443754577636718750e+01,1.536553668975830078e+01,1.745046234130859375e+01,1.695903396606445312e+01,1.933410263061523438e+01,2.113104248046875000e+01,1.846808624267578125e+01,1.335688972473144531e+01,1.032001304626464844e+01,1.046360015869140625e+01,1.332781028747558594e+01,1.295105934143066406e+01,1.601179122924804688e+01,1.749348068237304688e+01,1.303044700622558594e+01,1.058743476867675781e+01,1.241024780273437500e+01,1.293143463134765625e+01,1.153571605682373047e+01,1.581741809844970703e+01,-3.344384002685546875e+01,-5.767305755615234375e+01,-7.114454650878906250e+01,-7.715852355957031250e+01,-7.350762939453125000e+01,-7.092028808593750000e+01,-6.467658996582031250e+01,-5.169599533081054688e+01,-4.785056304931640625e+01,-4.913496398925781250e+01,-4.638312530517578125e+01,-4.055820465087890625e+01,-2.971549987792968750e+01,-2.110595321655273438e+01,-1.336985969543457031e+01,-1.945513534545898438e+01,-2.585139846801757812e+01,-2.945535659790039062e+01,-3.304970932006835938e+01,-3.462874984741210938e+01,-3.353393936157226562e+01,-2.623177719116210938e+01,-2.828695487976074219e+01,-2.709769439697265625e+01,-2.003029632568359375e+01,-8.816210746765136719e+00,2.858224868774414062e+00,1.164029121398925781e+01,1.932945251464843750e+01,1.655894088745117188e+01,1.474301719665527344e+01,2.345674896240234375e+01,2.761739730834960938e+01,2.443292617797851562e+01,2.423749923706054688e+01,2.594925308227539062e+01,1.946953773498535156e+01,2.045354461669921875e+01,1.589066886901855469e+01,1.732441711425781250e+01,1.116338253021240234e+01,1.352666759490966797e+01,1.251724052429199219e+01,1.943289756774902344e+01,1.992127609252929688e+01,1.473109436035156250e+01,2.872241020202636719e+01,4.270051574707031250e+01,4.873154067993164062e+01,4.516750717163085938e+01,2.075327682495117188e+01,-4.637835025787353516e+00,-2.025827217102050781e+01,-4.474480438232421875e+01,-5.815295791625976562e+01,-5.817098999023437500e+01,-5.499326324462890625e+01,-4.962679290771484375e+01,-4.145163726806640625e+01,-3.292652130126953125e+01,-2.784130668640136719e+01,-1.913962364196777344e+01,-1.464780044555664062e+01,-1.344246864318847656e+01,-1.132564830780029297e+01,-4.704416751861572266e+00,-2.565560817718505859e+00,-1.227830648422241211e-01,-6.516219139099121094e+00,-1.887501907348632812e+01,-2.727615737915039062e+01,-3.127671051025390625e+01,-3.612717056274414062e+01,-3.300865173339843750e+01,-2.057802772521972656e+01,-9.783334732055664062e+00,1.508203983306884766e+00,8.673110008239746094e+00,9.616756439208984375e+00,1.277559375762939453e+01,1.293782901763916016e+01,-8.139175176620483398e-01,-2.084160804748535156e+01,-4.016646957397460938e+01,-4.366512298583984375e+01,-5.009680557250976562e+01,-5.618411254882812500e+01,-6.478691101074218750e+01,-6.249229431152343750e+01,-5.688919067382812500e+01,-4.786766433715820312e+01,-4.216188049316406250e+01,-3.537490081787109375e+01,-2.408389091491699219e+01,-1.978100585937500000e+01,-1.894951629638671875e+01,-1.942881393432617188e+01,-1.859984588623046875e+01,-9.483806610107421875e+00,-3.079028129577636719e+00,1.855901122093200684e+00,2.279027223587036133e+00,-4.285104274749755859e+00,-7.715112686157226562e+00,-9.579608917236328125e+00,-1.304060077667236328e+01,-2.412741088867187500e+01,-3.257318115234375000e+01,-3.088724136352539062e+01,-2.901740074157714844e+01,-2.335390090942382812e+01,-1.658777046203613281e+01,-1.753142547607421875e+01,-2.329870223999023438e+01,-2.168656921386718750e+01,-6.052461624145507812e+00,7.199326515197753906e+00,2.332530593872070312e+01,4.638930892944335938e+01,5.446966934204101562e+01,5.259184265136718750e+01,5.164760208129882812e+01,4.430083847045898438e+01,3.002015304565429688e+01,2.238476562500000000e+01,2.417917251586914062e+01,2.644816970825195312e+01,2.060672760009765625e+01,1.243584251403808594e+01,1.505997657775878906e+01,1.924527740478515625e+01,2.528129577636718750e+01,2.269936561584472656e+01,1.846920776367187500e+01,1.933721542358398438e+01,1.622774124145507812e+01,1.561109161376953125e+01,1.643391990661621094e+01,1.417977809906005859e+01,1.277409172058105469e+01,2.059591865539550781e+01,2.657541847229003906e+01,2.349067687988281250e+01,1.609709167480468750e+01,1.525360107421875000e+01,1.659967994689941406e+01,1.728301239013671875e+01,1.842847061157226562e+01,2.421364212036132812e+01,1.416388511657714844e+01,8.432565689086914062e+00,9.867683410644531250e+00,1.948533630371093750e+01,2.065996932983398438e+01,2.240957450866699219e+01,1.732761764526367188e+01,-1.475476026535034180e+00,-1.705745315551757812e+01,-2.471738624572753906e+01,-2.443113517761230469e+01,-1.534649181365966797e+01,-1.020451641082763672e+01,-6.138497829437255859e+00,-4.280804157257080078e+00,3.633683323860168457e-01,7.809362888336181641e+00,2.598139286041259766e+00,-1.681116223335266113e-01,1.239529609680175781e+01,1.873950767517089844e+01,1.553003025054931641e+01,1.199067306518554688e+01,1.422036743164062500e+01,1.709951782226562500e+01,1.957042694091796875e+01,2.904233932495117188e+01,1.972807312011718750e+01,1.860876679420471191e-01,-1.298104763031005859e+01,-2.884004211425781250e+01,-4.084204483032226562e+01,-5.378559875488281250e+01,-6.152288055419921875e+01,-5.906187057495117188e+01,-5.509890365600585938e+01,-4.258141708374023438e+01,-2.683403778076171875e+01,-1.601556396484375000e+01,-1.989447784423828125e+01,-2.666838073730468750e+01,-3.707828903198242188e+01,-4.491053009033203125e+01,-4.863496398925781250e+01,-5.290558624267578125e+01,-5.023479843139648438e+01,-3.337244415283203125e+01,-2.131830215454101562e+01,-1.276415634155273438e+01,-1.023572921752929688e+01,-4.905436515808105469e+00,-1.507051110267639160e+00,-2.866800785064697266e+00,1.010032272338867188e+01,1.950568008422851562e+01,2.151909637451171875e+01,2.446355438232421875e+01,2.843567657470703125e+01,2.292055130004882812e+01,2.471506500244140625e+01,3.154689025878906250e+01,7.284984111785888672e+00,-1.014050388336181641e+01,-1.033534431457519531e+01,-9.488626480102539062e+00,-7.761291503906250000e+00,5.788895606994628906e+00,9.076189994812011719e+00,4.483068466186523438e+00,1.344005393981933594e+01,2.162171173095703125e+01,2.682145118713378906e+01,3.364966583251953125e+01,2.689500427246093750e+01,1.873393630981445312e+01,5.126393795013427734e+00,-1.292655944824218750e+00,-1.731520056724548340e+00,-4.886752128601074219e+00,-1.787169456481933594e+01,-2.224723052978515625e+01,-1.689497184753417969e+01,-7.060503959655761719e+00,5.609157085418701172e+00,1.052477264404296875e+01,7.388440132141113281e+00,9.683420181274414062e+00,9.968847274780273438e+00,4.640874385833740234e+00,-5.851790904998779297e+00,-1.317518615722656250e+01,-6.812228202819824219e+00,3.196118116378784180e+00,9.078332901000976562e+00,2.984849166870117188e+01,4.826167297363281250e+01,5.610632324218750000e+01,5.950729370117187500e+01,5.766932296752929688e+01,4.560865783691406250e+01,1.514555358886718750e+01,-1.809260129928588867e+00,-1.584934520721435547e+01,-1.904973983764648438e+01,-1.563872146606445312e+01,-6.008786678314208984e+00,-5.107669353485107422e+00,2.946315526962280273e+00,1.381976699829101562e+01,1.398749160766601562e+01,1.010826206207275391e+01,5.416077136993408203e+00,4.131257534027099609e+00,1.051620292663574219e+01,1.229871654510498047e+01,7.494629859924316406e+00,9.243302345275878906e+00,1.701891517639160156e+01,2.348386764526367188e+01,2.156078529357910156e+01,1.766861915588378906e+01,1.944664573669433594e+01,1.847161483764648438e+01,1.797563934326171875e+01,2.147860717773437500e+01,3.072000503540039062e+01,1.122900581359863281e+01,-1.595712566375732422e+01,-2.584864425659179688e+01,-2.137021255493164062e+01,-1.636137962341308594e+01,-1.180020332336425781e+01,-1.182568073272705078e+01,-1.368697166442871094e+01,-1.211692237854003906e+01,-8.415857315063476562e+00,-5.452038645744323730e-01,9.130926132202148438e+00,7.551535606384277344e+00,5.502638339996337891e+00,-1.245107054710388184e+00,2.650966644287109375e-01,1.200975418090820312e+01,1.366858863830566406e+01,4.254987716674804688e+00,-6.941855430603027344e+00,-9.105479240417480469e+00,3.507341861724853516e+00,3.678938150405883789e+00,3.607465505599975586e+00,9.961051940917968750e+00,2.536940383911132812e+01,4.610625457763671875e+01,5.177463912963867188e+01,4.540400695800781250e+01,4.447693634033203125e+01,4.009696960449218750e+01,3.788463592529296875e+01,3.117563247680664062e+01,7.541089057922363281e+00,-5.415710210800170898e-01,-1.824945449829101562e+01,-2.548645401000976562e+01,-3.282028961181640625e+01,-3.960901641845703125e+01,-3.566813659667968750e+01,-3.141927528381347656e+01,-2.429301071166992188e+01,-1.663245391845703125e+01,-1.204922103881835938e+01,-1.306118583679199219e+01,-1.693423080444335938e+01,-1.720073890686035156e+01,-8.631788253784179688e+00,3.692264080047607422e+00,4.248075962066650391e+00,3.229359865188598633e+00,2.165110397338867188e+01,5.102120590209960938e+01,5.337402725219726562e+01,4.639973831176757812e+01,3.972212219238281250e+01,2.866227722167968750e+01,2.110478210449218750e+01,1.634722900390625000e+01,-4.917173087596893311e-01,-1.482513046264648438e+01,-1.961625671386718750e+01,-1.565214920043945312e+01,-9.625885009765625000e+00,-2.273047447204589844e+00,1.065064191818237305e+00,5.633167743682861328e+00,8.223421096801757812e+00,-7.492779731750488281e+00,-1.329171276092529297e+01,-5.470573425292968750e+00,-1.283501148223876953e+00,6.928689002990722656e+00,1.401027202606201172e+01,2.140436744689941406e+01,1.850286483764648438e+01,1.163035678863525391e+01,1.546496105194091797e+01,1.926942825317382812e+01,2.202267074584960938e+01,2.331772232055664062e+01,1.243250465393066406e+01,-1.274375534057617188e+01,-4.058367919921875000e+01,-5.955066680908203125e+01,-6.267922210693359375e+01,-6.546567535400390625e+01,-6.868426513671875000e+01,-7.424974060058593750e+01,-7.337197875976562500e+01,-6.533917236328125000e+01,-4.016968536376953125e+01,-4.174186706542968750e+01,-4.280287933349609375e+01,-3.389961242675781250e+01,-2.215207290649414062e+01,-1.123654937744140625e+01,-2.319214344024658203e+00,1.020490884780883789e+00,1.762352436780929565e-01,2.053646802902221680e+00,8.261497497558593750e+00,8.377645492553710938e+00,-1.043599033355712891e+01,-2.175367164611816406e+01,-1.429989814758300781e+01,-5.998162269592285156e+00,-3.749588489532470703e+00,1.145673370361328125e+01,4.758141517639160156e+00,-3.463473320007324219e+00,-4.345552921295166016e+00,-6.820533275604248047e-01,7.337746620178222656e+00,9.467137336730957031e+00,-5.936816215515136719e+00,-1.636898803710937500e+01,-2.124387741088867188e+01,-2.941010093688964844e+01,-3.164713668823242188e+01,-2.615489196777343750e+01,-1.867193031311035156e+01,-1.046530628204345703e+01,-2.487751007080078125e+00,4.464508056640625000e+00,6.898627281188964844e+00,8.834756851196289062e+00,1.610291862487792969e+01,1.373513221740722656e+01,7.913661003112792969e+00,8.455299377441406250e+00,9.147233963012695312e+00,9.787940979003906250e+00,2.074007415771484375e+01,2.391513824462890625e+01,1.566351509094238281e+01,1.455807495117187500e+01,1.705844879150390625e+01,1.870648193359375000e+01,2.158602142333984375e+01,1.544806575775146484e+01,-1.203498959541320801e+00,-1.237854194641113281e+01,-7.487789154052734375e+00,-1.823471188545227051e-01,3.162458181381225586e+00,-2.199116945266723633e+00,-1.200347900390625000e+01,-1.311518669128417969e+01,-1.267458724975585938e+01,-1.029092407226562500e+01,1.038557291030883789e+00,1.070888900756835938e+01,1.005835056304931641e+01,4.819871902465820312e+00,1.706111192703247070e+00,4.543210506439208984e+00,-3.694457530975341797e+00,-4.960777282714843750e+00,-4.560269355773925781e+00,-2.724804282188415527e-01,9.062768936157226562e+00,1.412153434753417969e+01,1.461905002593994141e+01,1.194113159179687500e+01,1.133530426025390625e+01,1.888009262084960938e+01,2.041034698486328125e+01,1.956167602539062500e+01,1.872767639160156250e+01,1.407841110229492188e+01,1.185710239410400391e+01,1.653700256347656250e+01,1.901553344726562500e+01,1.837817001342773438e+01,1.602247810363769531e+01,1.670243072509765625e+01,1.367867469787597656e+01,1.341876792907714844e+01,1.823313140869140625e+01,1.213079452514648438e+01,1.205991554260253906e+01,1.648066139221191406e+01,1.385077285766601562e+01,1.431185150146484375e+01,1.461468696594238281e+01,1.604168891906738281e+01,1.715969848632812500e+01,1.875913238525390625e+01,2.009351539611816406e+01,2.363880538940429688e+01,3.163725471496582031e+01,4.774492740631103516e+00,-2.614624404907226562e+01,-5.153253173828125000e+01,-6.589299011230468750e+01,-7.148027038574218750e+01,-6.526509857177734375e+01,-5.528206634521484375e+01,-4.543216705322265625e+01,-3.521048736572265625e+01,-2.881032562255859375e+01,-3.314497375488281250e+01,-4.637911224365234375e+01,-5.947426605224609375e+01,-6.421635437011718750e+01,-6.121596527099609375e+01,-5.290830993652343750e+01,-4.323161315917968750e+01,-3.708532714843750000e+01,-3.140221786499023438e+01,-2.410187911987304688e+01,-2.211996078491210938e+01,-1.349344062805175781e+01,-2.906505107879638672e+00,2.099236965179443359e+00,7.363718509674072266e+00,1.055167102813720703e+01,1.182141494750976562e+01,-3.822663426399230957e-01,-2.904755115509033203e+00,4.265191555023193359e+00,2.725211143493652344e+00,-9.452371597290039062e+00,-2.539654922485351562e+01,-3.511498260498046875e+01,-4.648947143554687500e+01,-5.414169311523437500e+01,-5.947815704345703125e+01,-6.325679397583007812e+01,-6.576995086669921875e+01,-5.993714904785156250e+01,-5.264833450317382812e+01,-4.720108795166015625e+01,-2.350707626342773438e+01,-3.766289949417114258e-01,1.363096046447753906e+01,1.246646976470947266e+01,8.022513389587402344e-01,-9.158461570739746094e+00,-6.954453945159912109e+00,6.015089750289916992e-01,-5.360683441162109375e+00,-9.324384689331054688e+00,-1.564201736450195312e+01,-1.931194496154785156e+01,-2.292359542846679688e+01,-2.537295913696289062e+01,-1.122094821929931641e+01,-2.248831987380981445e+00,2.270748376846313477e+00,7.355795860290527344e+00,1.203194427490234375e+01,1.504487037658691406e+01,2.224114608764648438e+01,2.684676742553710938e+01,-7.700810432434082031e+00,-2.806141281127929688e+01,-3.733175659179687500e+01,-3.609333038330078125e+01,-2.452500152587890625e+01,-1.790969848632812500e+01,-1.156141662597656250e+01,-2.911744356155395508e+00,4.729354381561279297e-02,1.129655265808105469e+01,2.542864990234375000e+01,3.329625701904296875e+01,3.307834625244140625e+01,2.481011199951171875e+01,1.550916862487792969e+01,1.025785255432128906e+01,7.822609901428222656e+00,-8.685598969459533691e-01,-6.322211265563964844e+00,-4.579679012298583984e+00,-1.527671098709106445e+00,1.528446960449218750e+01,4.306016159057617188e+01,5.240738677978515625e+01,5.155756378173828125e+01,5.498732757568359375e+01,5.008070373535156250e+01,3.738198089599609375e+01,3.192138290405273438e+01,3.196937942504882812e+01,2.778987121582031250e+01,1.920250701904296875e+01,1.545418930053710938e+01,1.595170021057128906e+01,1.824920654296875000e+01,2.028971099853515625e+01,2.301567459106445312e+01,1.511000633239746094e+01,1.134561920166015625e+01,8.690029144287109375e+00,2.863940715789794922e+00,2.019459605216979980e-01,-7.339040756225585938e+00,-1.671560287475585938e+01,-1.948376655578613281e+01,-1.653084182739257812e+01,-7.783049583435058594e+00,-6.891120910644531250e+00,-2.639493942260742188e+00,6.507729530334472656e+00,7.517043113708496094e+00,8.454744338989257812e+00,8.628005981445312500e-01,-4.568294525146484375e+00,-1.505223751068115234e+00,5.337412834167480469e+00,7.330340862274169922e+00,1.090918636322021484e+01,6.778730392456054688e+00,8.275581359863281250e+00,1.118501472473144531e+01,1.085408592224121094e+01,1.165595722198486328e+01,9.981476783752441406e+00,6.820192337036132812e+00,4.856425762176513672e+00,7.203657627105712891e+00,6.298397064208984375e+00,1.340469074249267578e+01,1.483551406860351562e+01,1.532068157196044922e+01,1.546690750122070312e+01,1.316768836975097656e+01,7.991879463195800781e+00,9.149066925048828125e+00,9.872449874877929688e+00,1.310771274566650391e+01,1.391558647155761719e+01,9.366573333740234375e+00,1.128171157836914062e+01,1.057304859161376953e+01,1.105374717712402344e+01,1.392264175415039062e+01,1.583841705322265625e+01,1.709518432617187500e+01,1.550753498077392578e+01,1.813049316406250000e+01,2.018164825439453125e+01,1.450393104553222656e+01,1.103004455566406250e+01,1.327017021179199219e+01,6.900845050811767578e+00,-4.961356163024902344e+00,-1.581062507629394531e+01,-1.057333564758300781e+01,-6.768814921379089355e-01,5.034672260284423828e+00,-2.202593326568603516e+00,-9.526228904724121094e-02,1.813214302062988281e+01,3.751438903808593750e+01,4.947264862060546875e+01,4.579137039184570312e+01,3.896800231933593750e+01,2.274651908874511719e+01,1.620915412902832031e+01,1.603528213500976562e+01,1.764722442626953125e+01,2.184672927856445312e+01,2.004042434692382812e+01,2.145441436767578125e+01,2.138122558593750000e+01,2.352302932739257812e+01,2.491922378540039062e+01,2.505948638916015625e+01,2.258236694335937500e+01,1.878606986999511719e+01,1.282722568511962891e+01,7.739373207092285156e+00,2.938326835632324219e+00,3.052830219268798828e+00,2.598703145980834961e+00,2.886884212493896484e+00,4.418163299560546875e+00,1.922418117523193359e+00,1.135920286178588867e+00,6.896697044372558594e+00,2.571171998977661133e+00,-1.948585867881774902e+00,-4.267850816249847412e-01,4.173008918762207031e+00,5.362015724182128906e+00,6.610512733459472656e+00,4.431789398193359375e+00,4.018353939056396484e+00,6.733371734619140625e+00,2.606884479522705078e+00,6.639654636383056641e-01,7.969032526016235352e-01,4.616152763366699219e+00,8.897279739379882812e+00,1.477636337280273438e+01,1.597081947326660156e+01,1.955389404296875000e+01,1.973132514953613281e+01,1.321936893463134766e+01,2.895956993103027344e+00,-4.201695442199707031e+00,-3.425837707519531250e+01,-5.278701019287109375e+01,-5.473934936523437500e+01,-5.443656921386718750e+01,-5.393326187133789062e+01,-5.175357055664062500e+01,-4.935089874267578125e+01,-3.958450317382812500e+01,-3.592557144165039062e+01,-3.410454559326171875e+01,-2.441571235656738281e+01,-1.645041465759277344e+01,-9.617303848266601562e+00,-4.487494945526123047e+00,5.117330551147460938e+00,5.209736824035644531e+00,-6.345777511596679688e-01,-1.885355472564697266e+00,1.058881163597106934e+00,1.835022926330566406e+00,-3.965363502502441406e+00,-1.639247131347656250e+01,-2.846345329284667969e+01,-3.905110931396484375e+01,-4.270852661132812500e+01,-4.643606185913085938e+01,-4.133368682861328125e+01,-3.982057571411132812e+01,-4.082198333740234375e+01,-3.904949951171875000e+01,-3.741104888916015625e+01,-3.414153289794921875e+01,-3.229331207275390625e+01,-2.165206146240234375e+01,-1.156693363189697266e+01,-3.237573146820068359e+00,6.864173889160156250e+00,1.277039146423339844e+01,6.693568229675292969e-01,3.717814683914184570e+00,5.008739471435546875e+00,8.810272216796875000e+00,1.606722259521484375e+01,1.882067871093750000e+01,1.310631370544433594e+01,1.347300815582275391e+01,1.864085197448730469e+01,1.525680351257324219e+01,9.207458496093750000e+00,1.713540077209472656e+01,1.825634765625000000e+01,1.020015811920166016e+01,-3.193424701690673828e+00,-1.437200355529785156e+01,-1.871369934082031250e+01,-2.178705978393554688e+01,-2.152700424194335938e+01,-1.904876708984375000e+01,-2.329419326782226562e+01,-3.332247161865234375e+01,-2.905789947509765625e+01,-2.089430999755859375e+01,-1.660191535949707031e+01,-7.208960533142089844e+00,-1.159874200820922852e-01,1.472868084907531738e+00,2.140765428543090820e+00,-4.295210361480712891e+00,-3.265731573104858398e+00,3.420338869094848633e+00,2.890083312988281250e+00,-1.096892356872558594e+00,3.022538185119628906e+00,1.134557127952575684e+00,1.698441267013549805e+00,-1.773113012313842773e+00,-1.512076616287231445e+00,4.758124828338623047e+00,7.187427520751953125e+00,8.786736488342285156e+00,1.467047119140625000e+01,1.850113677978515625e+01,1.599546909332275391e+01,1.259418106079101562e+01,1.314554119110107422e+01,1.163516235351562500e+01,1.304331970214843750e+01,1.406408596038818359e+01,7.765746116638183594e+00,5.427102088928222656e+00,1.024678993225097656e+01,1.063869667053222656e+01,9.602056503295898438e+00,7.744181632995605469e+00,4.430140495300292969e+00,8.223579406738281250e+00,7.321426391601562500e+00,1.988661289215087891e+00,1.443557500839233398e+00,-1.348671913146972656e+00,2.122107505798339844e+00,3.247751712799072266e+00,1.309299468994140625e+00,-9.934546470642089844e+00,-1.155086803436279297e+01,-4.942486286163330078e+00,2.977294683456420898e+00,8.274081230163574219e+00,-1.377215862274169922e+00,-1.412351608276367188e+01,-2.696988296508789062e+01,-3.702093887329101562e+01,-4.211372375488281250e+01,-4.136872482299804688e+01,-3.852266693115234375e+01,-2.878467941284179688e+01,-1.776370429992675781e+01,-3.831707000732421875e+00,1.305183315277099609e+01,2.168167114257812500e+01,2.458694076538085938e+01,2.644050216674804688e+01,2.770979690551757812e+01,2.257653999328613281e+01,2.067868232727050781e+01,1.789961814880371094e+01,1.256446647644042969e+01,1.131533336639404297e+01,1.105519676208496094e+01,6.582700252532958984e+00,9.434337019920349121e-01,2.489686250686645508e+00,3.628125905990600586e+00,3.676549434661865234e+00,2.893094778060913086e+00,-1.289838552474975586e-02,-1.386165857315063477e+00,-1.197394371032714844e+00,-1.439743995666503906e+00,-2.631851196289062500e+00,2.678136348724365234e+00,6.964344024658203125e+00,4.046835899353027344e+00,-7.830646514892578125e+00,-2.177828025817871094e+01,-3.392164611816406250e+01,-3.879911041259765625e+01,-3.759890747070312500e+01,-3.402856445312500000e+01,-2.911913681030273438e+01,-2.430960464477539062e+01,-1.372930717468261719e+01,-9.612071990966796875e+00,-1.284468269348144531e+01,-8.174395561218261719e+00,-3.476896286010742188e+00,-1.194173097610473633e+00,9.387904405593872070e-01,8.628502488136291504e-01,-1.582787990570068359e+00,-3.460000753402709961e+00,-4.571032047271728516e+00,-4.604307174682617188e+00,-7.832711219787597656e+00,-8.303654670715332031e+00,-8.694360733032226562e+00,-9.928967952728271484e-01,1.523988246917724609e+00,-7.630640983581542969e+00,-1.903715705871582031e+01,-2.648322677612304688e+01,-3.234941101074218750e+01,-3.075870513916015625e+01,-2.696276283264160156e+01,-1.919321823120117188e+01,-1.117111206054687500e+01,-4.947522163391113281e+00,-5.015327453613281250e+00,-1.300301074981689453e+00,5.292062759399414062e-01,8.689514160156250000e+00,1.554413032531738281e+01,1.639462089538574219e+01,1.032163429260253906e+01,7.983320236206054688e+00,5.059327125549316406e+00,5.207048416137695312e+00,2.293648958206176758e+00,9.948204457759857178e-02,-2.990808963775634766e+00,-2.050193309783935547e+00,-3.255271434783935547e+00,-2.438731670379638672e+00,3.672392368316650391e-01,-1.116404533386230469e+00,-3.931127071380615234e+00,-4.995296955108642578e+00,-4.877078056335449219e+00,-3.745424270629882812e+00,-3.570671081542968750e+00,1.326718688011169434e+00,8.094329833984375000e+00,2.340358352661132812e+01,2.449161911010742188e+01,2.084507942199707031e+01,1.779549598693847656e+01,1.421588420867919922e+01,1.691843414306640625e+01,4.078189849853515625e+00,9.405432343482971191e-01,2.649864912033081055e+00,5.662961602210998535e-01,2.179255485534667969e+00,7.975432872772216797e-01,-6.833051204681396484e+00,-9.669967651367187500e+00,-7.820985794067382812e+00,-7.892993927001953125e+00,-5.538468360900878906e+00,-5.296270847320556641e-01,1.563762903213500977e+00,1.582354784011840820e+00,6.345373153686523438e+00,1.007661724090576172e+01,2.806940650939941406e+01,3.813426971435546875e+01,4.691177749633789062e+01,4.890819549560546875e+01,2.914759826660156250e+01,1.693773078918457031e+01,1.664178085327148438e+01,1.559882926940917969e+01,1.228483009338378906e+01,6.408267021179199219e+00,9.644724130630493164e-01,6.777842044830322266e+00,-3.268507480621337891e+00,-2.824934959411621094e+01,-4.160264587402343750e+01,-4.605098724365234375e+01,-4.948078918457031250e+01,-5.385131835937500000e+01,-5.682567596435546875e+01,-5.550374603271484375e+01,-5.851731491088867188e+01,-5.186154174804687500e+01,-4.018490982055664062e+01,-3.048694610595703125e+01,-2.132112121582031250e+01,-1.563168621063232422e+01,-1.640779685974121094e+01,-1.594313621520996094e+01,-2.045734786987304688e+01,-1.366379261016845703e+01,-9.714025497436523438e+00,-1.225326156616210938e+01,-7.707792282104492188e+00,-1.357164382934570312e+01,6.398961067199707031e+00,2.797282028198242188e+01,2.355428314208984375e+01,2.024674606323242188e+01,1.429695129394531250e+01,1.411128044128417969e+01,1.074230384826660156e+01,7.205018997192382812e+00,2.691257715225219727e+00,-1.499839782714843750e+00,3.499895334243774414e-03,6.892185211181640625e-01,1.489913940429687500e+00,-1.438210606575012207e-01,-8.397960662841796875e+00,-2.848341178894042969e+01,-3.623678588867187500e+01,-4.081867980957031250e+01,-3.902561950683593750e+01,-3.606780242919921875e+01,-3.940998840332031250e+01,-4.209986877441406250e+01,-3.411038970947265625e+01,-2.742589950561523438e+01,-1.897617340087890625e+01,-8.891212463378906250e+00,-8.843264579772949219e+00,-1.828972101211547852e+00,1.274420619010925293e+00,5.381751060485839844e+00,2.110460758209228516e+00,-8.879829406738281250e+00,-2.227805328369140625e+01,-4.084278869628906250e+01,-4.836933898925781250e+01,-5.368008422851562500e+01,-5.707198715209960938e+01,-6.057323455810546875e+01,-5.802431106567382812e+01,-4.703369140625000000e+01,-3.936145019531250000e+01,-3.630780410766601562e+01,-2.941756439208984375e+01,-1.553790378570556641e+01,-6.520413398742675781e+00,-2.450407505035400391e+00,4.842092514038085938e+00,5.395197868347167969e+00,6.848115921020507812e+00,1.337891197204589844e+01,1.554129219055175781e+01,1.479937553405761719e+01,1.080691337585449219e+01,7.981527328491210938e+00,6.382016181945800781e+00,6.152949333190917969e+00,1.428011417388916016e+00,-2.574085712432861328e+00,-4.699995994567871094e+00,-5.412905693054199219e+00,-1.195833683013916016e+00,1.606820702552795410e+00,2.409834861755371094e+00,5.392908096313476562e+00,4.145319938659667969e+00,5.994893074035644531e+00,1.193631839752197266e+01,2.563748168945312500e+01,2.970126724243164062e+01,3.162710952758789062e+01,3.616191864013671875e+01,3.697378158569335938e+01,2.390413093566894531e+01,1.873168563842773438e+01,1.986729621887207031e+01,2.205181503295898438e+01,1.688668441772460938e+01,1.274990844726562500e+01,1.435841560363769531e+01,1.841699218750000000e+01,2.275618934631347656e+01,2.668728637695312500e+01,3.152815055847167969e+01,3.099495697021484375e+01,2.789454269409179688e+01,2.588638305664062500e+01,2.162905693054199219e+01,1.952510070800781250e+01,1.861054611206054688e+01,2.336941719055175781e+01,1.297607898712158203e+01,-9.871451377868652344e+00,-2.591983795166015625e+01,-3.424432373046875000e+01,-3.728992462158203125e+01,-3.023581314086914062e+01,-1.385204982757568359e+01,6.276416778564453125e+00,1.519267940521240234e+01,2.177532196044921875e+01,2.784487724304199219e+01,1.960522460937500000e+01,1.402805519104003906e+01,9.454416275024414062e+00,1.562869739532470703e+01,3.574402618408203125e+01,3.692749023437500000e+01,3.684451293945312500e+01,3.199869537353515625e+01,1.802933502197265625e+01,7.753482341766357422e+00,-7.164945602416992188e+00,-1.873772621154785156e+01,-2.687732124328613281e+01,-3.286522293090820312e+01,-4.883180999755859375e+01,-5.940529632568359375e+01,-5.501456451416015625e+01,-4.549363327026367188e+01,-3.325301742553710938e+01,-3.064349746704101562e+01,-1.977261734008789062e+01,-2.234126472473144531e+01,-2.596989059448242188e+01,-2.422413063049316406e+01,-1.981322860717773438e+01,-5.206947803497314453e+00,5.902313232421875000e+00,2.363246202468872070e+00,-2.691971206665039062e+01,-5.839459228515625000e+01,-6.566552734375000000e+01,-5.699889373779296875e+01,-4.521287536621093750e+01,-3.051326751708984375e+01,-1.916289138793945312e+01,-1.445957756042480469e+01,-3.745233058929443359e+00,3.231867599487304688e+01,4.436716461181640625e+01,4.569722747802734375e+01,4.783097076416015625e+01,4.964477920532226562e+01,4.927745437622070312e+01,5.612580871582031250e+01,5.640760040283203125e+01,2.881082534790039062e+01,5.030566215515136719e+00,-9.123479843139648438e+00,-1.758694839477539062e+01,-1.539161109924316406e+01,-5.774051666259765625e+00,-9.570589065551757812e-01,1.952166199684143066e+00,9.664585113525390625e+00,1.085959625244140625e+01,1.540643978118896484e+01,1.332120609283447266e+01,1.117407608032226562e+01,1.488558769226074219e+01,1.673356056213378906e+01,1.090150451660156250e+01,5.791086196899414062e+00,8.025497436523437500e+00,1.242939758300781250e+01,1.316321086883544922e+01,1.517730808258056641e+01,1.923305511474609375e+01,1.416696166992187500e+01,1.685905075073242188e+01,1.052881145477294922e+01,9.438276290893554688e+00,1.737691879272460938e+01,1.405840492248535156e+01,6.801953792572021484e+00,1.863472223281860352e+00,7.055014133453369141e+00,1.382947540283203125e+01,1.719962310791015625e+01,2.018396377563476562e+01,2.020888710021972656e+01,1.981012916564941406e+01,1.812977218627929688e+01,1.797952270507812500e+01,1.729142189025878906e+01,1.436733245849609375e+01,9.274406433105468750e+00,9.380049705505371094e+00,1.176810836791992188e+01,8.481380462646484375e+00,5.154438018798828125e+00,-1.439823508262634277e-01,-3.423604667186737061e-01,4.650283336639404297e+00,6.913997173309326172e+00,8.552331924438476562e+00,1.240056228637695312e+01,1.475024318695068359e+01,1.613266181945800781e+01,1.537986373901367188e+01,1.801845550537109375e+01,1.779929733276367188e+01,9.298568725585937500e+00,8.624250411987304688e+00,1.356819152832031250e+01,1.272665214538574219e+01,1.496990585327148438e+01,1.728523445129394531e+01,1.560800743103027344e+01,1.185845470428466797e+01,1.576300525665283203e+01,2.054589653015136719e+01,1.876543045043945312e+01,1.603231811523437500e+01,1.802490997314453125e+01,2.232982444763183594e+01,2.463239479064941406e+01,6.896361351013183594e+00,-2.327632522583007812e+01,-2.484408950805664062e+01,-2.487501907348632812e+01,-2.057287597656250000e+01,-1.400755882263183594e+01,-1.017198562622070312e+01,-7.926864624023437500e+00,3.040825366973876953e+00,1.524306869506835938e+01,1.619400405883789062e+01,2.541943550109863281e+00,-2.043741607666015625e+01,-3.822764587402343750e+01,-5.572546768188476562e+01,-6.780554962158203125e+01,-6.872364044189453125e+01,-7.405575561523437500e+01,-7.840779113769531250e+01,-8.151660156250000000e+01,-8.329353332519531250e+01,-8.011346435546875000e+01,-6.195297241210937500e+01,-3.084465789794921875e+01,-1.594279289245605469e+01,-6.916615009307861328e+00,-2.364034175872802734e+00,2.878098011016845703e+00,4.788484096527099609e+00,7.302655220031738281e+00,2.767435789108276367e+00,-6.283607482910156250e+00,-6.544882774353027344e+00,-8.836999893188476562e+00,-7.460168838500976562e+00,-4.556681632995605469e+00,-1.465971112251281738e+00,2.094502210617065430e+00,1.952024936676025391e+00,7.347613811492919922e+00,2.178672790527343750e+01,2.794003677368164062e+01,2.181129837036132812e+01,1.783441543579101562e+01,2.390790748596191406e+01,3.312879180908203125e+01,2.887673759460449219e+01,-4.446854591369628906e+00,-3.179725074768066406e+01,-5.296967697143554688e+01,-4.666035461425781250e+01,-4.143484497070312500e+01,-4.439090728759765625e+01,-4.433576965332031250e+01,-4.104714202880859375e+01,-3.447607803344726562e+01,-2.381355285644531250e+01,-1.026228141784667969e+01,5.872960090637207031e+00,1.829640960693359375e+01,1.779677200317382812e+01,5.647535324096679688e+00,4.008701324462890625e+00,7.620942115783691406e+00,1.944908905029296875e+01,2.137829971313476562e+01,1.180919742584228516e+01,4.370982646942138672e+00,-5.546338558197021484e+00,-1.021380329132080078e+01,-7.456172466278076172e+00,-7.505423069000244141e+00,-1.658171844482421875e+01,-2.490556335449218750e+01,-2.928569221496582031e+01,-3.765464782714843750e+01,-4.758413696289062500e+01,-4.826092529296875000e+01,-4.274328613281250000e+01,-4.046800231933593750e+01,-2.326507568359375000e+01,1.782012939453125000e+00,1.853506851196289062e+01,2.996612930297851562e+01,3.940907669067382812e+01,3.765258407592773438e+01,3.753537750244140625e+01,4.512645721435546875e+01,4.063073730468750000e+01,3.160789108276367188e+01,3.026452827453613281e+01,2.437805557250976562e+01,2.166619110107421875e+01,2.210970497131347656e+01,2.135110855102539062e+01,1.804636764526367188e+01,1.551233291625976562e+01,1.886728286743164062e+01,1.748911666870117188e+01,1.167309188842773438e+01,1.103023242950439453e+01,1.198673152923583984e+01,8.366535186767578125e+00,3.862937450408935547e+00,4.785283565521240234e+00,9.704418182373046875e+00,1.446565818786621094e+01,1.338729476928710938e+01,7.744373321533203125e+00,5.257823944091796875e+00,8.014805793762207031e+00,1.205875396728515625e+01,1.974395370483398438e+01,2.115429878234863281e+01,1.819027137756347656e+01,7.869355201721191406e+00,-6.131481170654296875e+00,-1.529224014282226562e+01,-2.061374092102050781e+01,-2.355711936950683594e+01,-2.425353240966796875e+01,-1.657333374023437500e+01,-8.380179405212402344e+00,-1.578601241111755371e+00,-3.731529712677001953e-01,3.053437471389770508e-01,6.638618469238281250e+00,1.092350959777832031e+01,1.779616928100585938e+01,2.120528411865234375e+01,2.446102142333984375e+01,2.889432716369628906e+01,2.431697082519531250e+01,1.692150115966796875e+01,1.868839263916015625e+01,1.889989471435546875e+01,1.519387626647949219e+01,4.883016586303710938e+00,6.305567741394042969e+00,1.823436617851257324e+00,-4.438477993011474609e+00,-2.794960975646972656e+00,5.478845596313476562e+00,1.654794692993164062e+01,1.767595672607421875e+01,1.690921592712402344e+01,1.450451850891113281e+01,1.952093696594238281e+01,2.037306976318359375e+01,2.829654312133789062e+01,2.806112289428710938e+01,1.892503356933593750e+01,1.023389625549316406e+01,9.579658508300781250e+00,1.258758544921875000e+01,8.115412712097167969e+00,2.913561820983886719e+00,6.521496772766113281e+00,1.123476505279541016e+01,9.887788772583007812e+00,7.767595291137695312e+00,6.007599830627441406e+00,8.580411911010742188e+00,2.160651016235351562e+01,4.296076202392578125e+01,5.237905883789062500e+01,5.140392684936523438e+01,4.366602325439453125e+01,3.346305847167968750e+01,2.607746505737304688e+01,2.543207168579101562e+01,2.441212081909179688e+01,2.114774131774902344e+01,1.496950721740722656e+01,-1.498048400878906250e+01,-3.220152664184570312e+01,-3.931691741943359375e+01,-4.640182495117187500e+01,-5.014222717285156250e+01,-4.720697784423828125e+01,-4.613765335083007812e+01,-3.938401412963867188e+01,-3.400612640380859375e+01,-2.864538955688476562e+01,-1.692879676818847656e+01,-4.983720779418945312e+00,-3.504067420959472656e+00,1.930955648422241211e+00,6.859024047851562500e+00,5.850117206573486328e+00,8.633011817932128906e+00,1.026604938507080078e+01,1.523308753967285156e+01,2.120527648925781250e+01,2.016861724853515625e+01,1.979937744140625000e+01,1.600961303710937500e+01,1.724718856811523438e+01,1.378724288940429688e+01,1.583982658386230469e+01,1.656377029418945312e+01,1.176786327362060547e+01,2.475935459136962891e+00,-1.697202110290527344e+01,-3.920286560058593750e+01,-4.703288650512695312e+01,-3.828882598876953125e+01,-3.229538726806640625e+01,-3.007150077819824219e+01,-1.883251190185546875e+01,-1.403264904022216797e+01,-1.062042999267578125e+01,-7.180418968200683594e+00,-1.064516258239746094e+01,-9.412594795227050781e+00,2.285255432128906250e+00,8.188915252685546875e+00,8.489382743835449219e+00,7.514983654022216797e+00,-3.337189674377441406e+00,-2.481135368347167969e+00,-4.661707401275634766e+00,-4.758216857910156250e+00,-1.856117367744445801e+00,6.663150787353515625e+00,2.311426353454589844e+01,3.383830642700195312e+01,3.095266342163085938e+01,3.382432556152343750e+01,3.792958450317382812e+01,3.739014816284179688e+01,2.869772338867187500e+01,1.916148757934570312e+01,1.974583244323730469e+01,2.549874114990234375e+01,1.681816101074218750e+01,1.229021263122558594e+01,1.259690856933593750e+01,9.456306457519531250e+00,7.497776031494140625e+00,9.456876754760742188e+00,1.269180297851562500e+01,1.354425239562988281e+01,4.173696041107177734e+00,-3.505998373031616211e+00,-5.553582668304443359e+00,-4.039203166961669922e+00,1.017320752143859863e-01,4.497148513793945312e+00,4.543932437896728516e+00,6.507767677307128906e+00,4.177065372467041016e+00,5.262529373168945312e+00,5.572290420532226562e+00,-7.753375172615051270e-01,-2.788397550582885742e+00,2.742296218872070312e+00,6.129545211791992188e+00,1.542922735214233398e+00,-1.203135848045349121e+00,2.659193277359008789e+00,-1.386592626571655273e+00,2.184112071990966797e+00,-1.887372732162475586e-01,-5.091995239257812500e+00,-5.486090660095214844e+00,-3.203008174896240234e-01,3.517491340637207031e+00,4.146706581115722656e+00,1.544713735580444336e+00,6.042540073394775391e-02,2.246040105819702148e+00,-1.083794474601745605e+00,-2.345566272735595703e+00,6.136596202850341797e-03,-1.604367017745971680e+00,2.542520046234130859e+00,4.621404647827148438e+00,1.681296157836914062e+01,1.535805797576904297e+01,1.091487693786621094e+01,9.250906944274902344e+00,2.354543209075927734e+00,5.583106994628906250e+00,8.151971817016601562e+00,-6.649456977844238281e+00,-2.067866516113281250e+01,-2.622752380371093750e+01,-3.927575683593750000e+01,-5.007057952880859375e+01,-5.349014282226562500e+01,-5.329698181152343750e+01,-5.140106201171875000e+01,-5.092691040039062500e+01,-4.376255035400390625e+01,-3.225056457519531250e+01,-1.705856323242187500e+01,2.958656311035156250e+00,4.472737312316894531e+00,-5.511585235595703125e+00,-1.416571426391601562e+01,-1.513496971130371094e+01,-1.673203849792480469e+01,-2.162944793701171875e+01,-2.136758422851562500e+01,-1.772060394287109375e+01,-1.886180686950683594e+01,-1.300393009185791016e+01,-1.292454147338867188e+01,-2.886105728149414062e+01,-3.606225204467773438e+01,-3.550725173950195312e+01,-3.341714477539062500e+01,-3.275845336914062500e+01,-3.178324508666992188e+01,-2.721572875976562500e+01,-2.172766113281250000e+01,-1.484947681427001953e+01,-1.106766128540039062e+01,-8.816553115844726562e+00,-9.769507408142089844e+00,-8.775714874267578125e+00,-5.962496757507324219e+00,-1.032512474060058594e+01,-1.402577209472656250e+01,-1.534486579895019531e+01,-1.069163417816162109e+01,-1.002720642089843750e+01,-8.306797027587890625e+00,-8.423650741577148438e+00,-7.961433410644531250e+00,-9.890539169311523438e+00,-1.064629364013671875e+01,-1.080220413208007812e+01,-9.314586639404296875e+00,-9.279792785644531250e+00,-1.093298339843750000e+01,-9.985783576965332031e+00,-7.689965248107910156e+00,-7.417837142944335938e+00,-1.057193565368652344e+01,-1.430486488342285156e+01,-1.278020668029785156e+01,-1.434062290191650391e+01,-1.310762596130371094e+01,-1.074127197265625000e+01,-1.096752357482910156e+01,-1.837076377868652344e+01,-2.050260162353515625e+01,-1.919998359680175781e+01,-1.012669849395751953e+01,-7.876533031463623047e+00,-9.887832641601562500e+00,-1.094717502593994141e+01,-9.242824554443359375e+00,-1.194794082641601562e+01,-2.272276306152343750e+01,-2.315103149414062500e+01,-3.370891189575195312e+01,-3.430665969848632812e+01,-3.379903411865234375e+01,-4.170393371582031250e+01,-4.420727157592773438e+01,-4.531537628173828125e+01,-4.539506149291992188e+01,-4.292410659790039062e+01,-3.836024475097656250e+01,-3.464802551269531250e+01,-2.638566398620605469e+01,-1.794078063964843750e+01,-1.001177787780761719e+01,-6.402452468872070312e+00,-1.091920852661132812e+01,-1.981239891052246094e+01,-1.590848159790039062e+01,-2.616295337677001953e+00,-1.362978219985961914e+00,-1.568483948707580566e+00,-4.178346157073974609e+00,-9.267560005187988281e+00,-2.608840942382812500e+01,-4.535666656494140625e+01,-4.896806335449218750e+01,-4.450780868530273438e+01,-4.597160339355468750e+01,-4.842678833007812500e+01,-4.879882812500000000e+01,-5.218004989624023438e+01,-4.330951309204101562e+01,-3.156347274780273438e+01,-2.014276504516601562e+01,6.129237174987792969e+00,2.472197532653808594e+01,3.161405181884765625e+01,2.856804275512695312e+01,2.629102897644042969e+01,2.744874954223632812e+01,1.587608718872070312e+01,9.170444488525390625e+00,1.817496180534362793e+00,-1.190643692016601562e+01,-1.468792438507080078e+01,-1.310793304443359375e+01,-1.119400405883789062e+01,-9.127143859863281250e+00,-1.386867809295654297e+01,-1.243093681335449219e+01,1.515800857543945312e+01,2.483045196533203125e+01,1.607020759582519531e+01,1.090534210205078125e+01,2.387212038040161133e+00,-6.327451229095458984e+00,-1.106900596618652344e+01,-1.565682983398437500e+01,-1.181369209289550781e+01,-1.928295516967773438e+01,-2.154183578491210938e+01,-2.087165069580078125e+01,-2.262826156616210938e+01,-2.558093261718750000e+01,-3.105392456054687500e+01,-3.422550964355468750e+01,-3.530459594726562500e+01,-4.186665344238281250e+01,-4.234288787841796875e+01,-3.406031799316406250e+01,-2.507714843750000000e+01,-1.832374572753906250e+01,-1.509899616241455078e+01,-1.592402553558349609e+01,-1.393376350402832031e+01,-1.197029018402099609e+01,-7.246520996093750000e+00,-6.269050598144531250e+00,-9.992593765258789062e+00,-1.022273349761962891e+01,-1.366320705413818359e+01,-1.493817901611328125e+01,-1.348236465454101562e+01,-1.064458274841308594e+01,-3.194203615188598633e+00,-5.301918983459472656e-01,4.643226623535156250e+00,6.201831817626953125e+00,-2.047087669372558594e+00,-3.736031293869018555e+00,-1.403442025184631348e+00,5.500321388244628906e+00,6.211616516113281250e+00,5.641543388366699219e+00,7.153017997741699219e+00,1.416532611846923828e+01,1.570940017700195312e+01,1.624199867248535156e+01,2.082794189453125000e+01,1.948445129394531250e+01,1.627576446533203125e+01,1.282113456726074219e+01,9.081718444824218750e+00,9.058464050292968750e+00,6.319794654846191406e+00,-3.065860748291015625e+00,-1.729670405387878418e+00,4.253319501876831055e-01,-4.890082359313964844e+00,-1.155076599121093750e+01,-1.981176948547363281e+01,-2.257958984375000000e+01,-2.328258132934570312e+01,-2.257226753234863281e+01,-2.706307601928710938e+01,-3.577249908447265625e+01,-3.628400421142578125e+01,-3.142213249206542969e+01,-2.321047019958496094e+01,-1.760287857055664062e+01,-1.213882255554199219e+01,-1.487355327606201172e+01,-1.454876136779785156e+01,-1.035447788238525391e+01,-9.149303436279296875e+00,-5.097391128540039062e+00,-3.500270843505859375e-01,2.812002420425415039e+00,7.363741874694824219e+00,4.696222305297851562e+00,-7.575449943542480469e-01,-2.516043663024902344e+00,-1.032794189453125000e+01,-2.267233848571777344e+01,-2.724052810668945312e+01,-2.764733695983886719e+01,-3.687415313720703125e+01,-4.270576477050781250e+01,-4.339699554443359375e+01,-4.353186035156250000e+01,-3.859014129638671875e+01,-3.084704971313476562e+01,-2.336658859252929688e+01,-1.629044342041015625e+01,-5.208540916442871094e+00,-1.492891073226928711e+00,-3.743148803710937500e+00,-7.070505142211914062e+00,-2.915942668914794922e+00,1.215903759002685547e+00,3.103682994842529297e+00,3.909950256347656250e+00,5.042184352874755859e+00,1.682723522186279297e+00,4.711595535278320312e+00,6.133894443511962891e+00,4.251667022705078125e+00,3.938121795654296875e+00,8.015094757080078125e+00,4.841684341430664062e+00,1.151406168937683105e+00,1.998356342315673828e+00,1.931747436523437500e+00,6.030198097229003906e+00,6.934898853302001953e+00,1.032837772369384766e+01,1.487105464935302734e+01,9.720514297485351562e+00,6.218276023864746094e+00,4.081001281738281250e+00,1.659522414207458496e+00,2.597695112228393555e+00,1.843935012817382812e+00,2.423867136240005493e-01,2.034904956817626953e+00,3.188450574874877930e+00,8.528404235839843750e+00,5.919361114501953125e+00,1.281593322753906250e+00,-5.613986849784851074e-01,3.792456150054931641e+00,4.599715232849121094e+00,2.808964967727661133e+00,5.016788959503173828e+00,2.032231092453002930e-01,1.021865367889404297e+00,7.635047435760498047e+00,8.234169006347656250e+00,5.865397453308105469e+00,1.392314624786376953e+01,1.220773887634277344e+01,9.202963829040527344e+00,4.836522579193115234e+00,6.760004043579101562e+00,2.650741577148437500e+01,3.450488281250000000e+01,3.380636215209960938e+01,3.301074981689453125e+01,3.293388366699218750e+01,2.552892684936523438e+01,2.645362091064453125e+01,2.223405838012695312e+01,7.129302024841308594e+00,-3.536171317100524902e-01,-4.467334747314453125e+00,-4.121870040893554688e+00,-1.613088250160217285e+00,4.961993217468261719e+00,1.423067474365234375e+01,1.438059425354003906e+01,1.801329803466796875e+01,1.713882064819335938e+01,1.112126922607421875e+01,8.253728866577148438e+00,4.993004798889160156e+00,2.694370985031127930e+00,-3.984944343566894531e+00,-1.628178787231445312e+01,-2.133999443054199219e+01,-1.983063125610351562e+01,-1.466663360595703125e+01,-1.339113235473632812e+01,-3.227539300918579102e+00,1.454442977905273438e+01,2.017930221557617188e+01,2.091193962097167969e+01,3.054857063293457031e+01,3.416860961914062500e+01,3.893428802490234375e+01,2.367697334289550781e+01,2.203389930725097656e+01,2.171017456054687500e+01,1.348070430755615234e+01,1.295611190795898438e+01,1.588016700744628906e+01,1.300985145568847656e+01,1.076959323883056641e+01,1.322734928131103516e+01,1.765059661865234375e+01,1.953646087646484375e+01,7.285421848297119141e+00,-4.179413795471191406e+00,-1.098542594909667969e+01,-1.672916030883789062e+01,-1.618088912963867188e+01,-2.389265537261962891e+00,4.822550773620605469e+00,1.773541927337646484e+00,3.828041553497314453e-01,-8.539225459098815918e-01,2.384041547775268555e-01,6.480310440063476562e+00,1.164597511291503906e+01,1.511667633056640625e+01,1.465140724182128906e+01,1.798050689697265625e+01,1.563013267517089844e+01,1.284258842468261719e+01,9.995578765869140625e+00,6.443691253662109375e+00,4.004181861877441406e+00,-2.734270095825195312e+00,-2.883342742919921875e+00,1.613109350204467773e+00,7.327233552932739258e-01,-2.075867652893066406e+00,-4.255773723125457764e-01,4.485877990722656250e+00,-2.207050919532775879e-01,-1.823009252548217773e+00,-3.122476577758789062e+00,-3.570572853088378906e+00,-4.022630214691162109e+00,-1.681202530860900879e+00,2.080991744995117188e+00,2.451990842819213867e-01,1.743131756782531738e+00,7.122362256050109863e-01,-2.881282329559326172e+00,5.625295639038085938e+00,1.761444664001464844e+01,5.580448150634765625e+00,-2.585732221603393555e+00,1.778511524200439453e+00,5.213667869567871094e+00,4.268473148345947266e+00,3.986299037933349609e+00,-4.410364627838134766e+00,-9.131621360778808594e+00,-7.589159011840820312e+00,1.397541999816894531e+01,3.908347320556640625e+01,4.322627258300781250e+01,3.887596893310546875e+01,3.503731536865234375e+01,3.488993072509765625e+01,2.120248222351074219e+01,2.377269554138183594e+01,8.857715606689453125e+00,-1.012342071533203125e+01,-1.706295967102050781e+01,-1.049841594696044922e+01,-8.593561172485351562e+00,-1.435151100158691406e+01,-1.226360130310058594e+01,-8.211987495422363281e+00,-2.330390453338623047e+00,8.624699592590332031e+00,2.157267761230468750e+01,1.363741874694824219e+01,6.840716361999511719e+00,2.218326950073242188e+01,4.027136230468750000e+01,4.067044830322265625e+01,4.404518127441406250e+01,2.940178298950195312e+01,1.747005271911621094e+01,1.122336483001708984e+01,4.127676486968994141e+00,-1.236372232437133789e+00,4.330321788787841797e+00,7.806701660156250000e+00,6.103322982788085938e+00,-1.211819076538085938e+01,-2.286976242065429688e+01,-2.757199478149414062e+01,-3.071109771728515625e+01,-2.355774879455566406e+01,-1.501991081237792969e+01,-8.684049606323242188e+00,-1.631440997123718262e+00,2.657321548461914062e+01,3.474793243408203125e+01,3.448110198974609375e+01,3.521215057373046875e+01,3.704665374755859375e+01,3.114439010620117188e+01,3.528514099121093750e+01,2.331946182250976562e+01,1.211816215515136719e+01,9.943906784057617188e+00,4.995527267456054688e+00,4.349729120731353760e-01,-5.185687541961669922e-01,1.454092264175415039e-01,9.018520116806030273e-01,-5.504863262176513672e+00,-9.427378177642822266e-01,-3.292212247848510742e+00,-3.254953861236572266e+00,2.809290885925292969e+00,1.744980812072753906e+00,3.637990951538085938e-01,4.284690856933593750e+00,4.364981174468994141e+00,3.890482664108276367e+00,7.456865906715393066e-01,8.035451889038085938e+00,2.043739318847656250e+01,2.039864349365234375e+01,1.217366600036621094e+01,6.334181308746337891e+00,4.805896759033203125e+00,6.516330242156982422e+00,6.327199459075927734e+00,6.491546630859375000e+00,1.190911483764648438e+01,3.098562240600585938e+01,3.827612304687500000e+01,3.145672607421875000e+01,2.835792160034179688e+01,2.735157012939453125e+01,-1.745039522647857666e-01,-9.743428230285644531e+00,-4.723393440246582031e+00,6.434603691101074219e+00,-5.829510688781738281e+00,-2.142779541015625000e+01,-2.891903305053710938e+01,-2.339679336547851562e+01,-2.466471791267395020e-01,2.102365112304687500e+01,3.331735229492187500e+01,4.220131683349609375e+01,4.232868194580078125e+01,4.372221755981445312e+01,2.382469749450683594e+01,-2.368025302886962891e+00,-1.790847015380859375e+01,-2.480131912231445312e+01,-1.874624252319335938e+01,-5.925971031188964844e+00,1.317740678787231445e+00,5.263446569442749023e-01,-1.640783548355102539e+00,-4.113632678985595703e+00,-2.738119316101074219e+01,-4.495034790039062500e+01,-4.988585662841796875e+01,-5.373226165771484375e+01,-4.894552612304687500e+01,-3.586984634399414062e+01,-2.575839042663574219e+01,-2.558679199218750000e+01,1.244453668594360352e+00,1.797207641601562500e+01,3.105718612670898438e+01,3.808483123779296875e+01,3.332646942138671875e+01,3.261002731323242188e+01,3.110332489013671875e+01,2.255124664306640625e+01,1.122369194030761719e+01,-8.481074333190917969e+00,-3.368509674072265625e+01,-5.162892150878906250e+01,-5.995915985107421875e+01,-6.088895416259765625e+01,-5.468502807617187500e+01,-4.701946640014648438e+01,-4.417097473144531250e+01,-3.601818847656250000e+01,-2.536856460571289062e+01,-9.261612892150878906e+00,9.546390533447265625e+00,2.270383071899414062e+01,2.669610214233398438e+01,2.056351852416992188e+01,2.146146774291992188e+01,2.360956192016601562e+01,1.914761161804199219e+01,9.326894760131835938e+00,8.692729949951171875e+00,1.657027816772460938e+01,2.951868057250976562e+01,3.628118896484375000e+01,3.748746109008789062e+01,3.719949340820312500e+01,3.024385452270507812e+01,2.275896644592285156e+01,2.138979721069335938e+01,-9.122040867805480957e-02,-1.893751525878906250e+01,-3.037919807434082031e+01,-4.295322418212890625e+01,-4.332798385620117188e+01,-3.433811187744140625e+01,-2.838768768310546875e+01,-2.365767669677734375e+01,-1.205348110198974609e+01,-7.846607208251953125e+00,-2.450749874114990234e+00,-1.441441893577575684e+00,-1.765155673027038574e+00,-2.665408253669738770e-01,6.756977558135986328e+00,9.417597770690917969e+00,-2.384808778762817383e+00,-8.001798629760742188e+00,-7.085556983947753906e+00,-9.761457443237304688e+00,-1.474138450622558594e+01,-1.309917545318603516e+01,1.518971920013427734e+00,1.437344646453857422e+01,2.127325820922851562e+01,1.500888252258300781e+01,9.731264114379882812e+00,3.791418075561523438e+00,1.356257915496826172e+00,5.970366001129150391e+00,1.081733322143554688e+01,1.414206886291503906e+01,1.179795074462890625e+01,1.603399276733398438e+01,1.413166713714599609e+01,1.311457061767578125e+01,1.062337017059326172e+01,7.075162410736083984e+00,1.950155377388000488e+00,6.354500055313110352e-01,-2.574006915092468262e-01,4.727699279785156250e+00,6.058663368225097656e+00,1.023196697235107422e+01,1.550448989868164062e+01,1.732663345336914062e+01,1.497937393188476562e+01,1.518689537048339844e+01,2.326391983032226562e+01,2.282318496704101562e+01,1.862588119506835938e+01,1.425839233398437500e+01,1.431124114990234375e+01,1.258880996704101562e+01,8.209381103515625000e+00,4.450563430786132812e+00,4.850795745849609375e+00,4.136469841003417969e+00,3.192186355590820312e+00,-2.317146778106689453e+00,2.600747048854827881e-01,-6.599699854850769043e-01,-6.660395622253417969e+00,-6.198513984680175781e+00,-5.038955688476562500e+00,-4.669519424438476562e+00,3.754436969757080078e-01,4.495194911956787109e+00,1.334701538085937500e+00,-1.274042606353759766e+00,1.882307529449462891e+00,3.168152332305908203e+00,-6.316848993301391602e-01,-4.610558032989501953e+00,1.159585237503051758e+00,1.306195139884948730e+00,3.053294897079467773e+00,2.188891410827636719e+00,-2.151552677154541016e+00,2.042561292648315430e+00,1.852446174621582031e+01,2.155771255493164062e+01,1.227016735076904297e+01,2.223253011703491211e+00,3.406984329223632812e+00,6.587378501892089844e+00,5.634140968322753906e+00,3.597848653793334961e+00,3.765408515930175781e+00,1.003612232208251953e+01,1.533346843719482422e+01,1.938222885131835938e+01,1.216047477722167969e+01,-2.071499347686767578e+00,-7.127408027648925781e+00,-5.276534080505371094e+00,1.834143519401550293e+00,5.801367759704589844e+00,8.328876495361328125e+00,-9.007848739624023438e+00,-1.783300971984863281e+01,-2.204074096679687500e+01,-1.958809280395507812e+01,-1.428616523742675781e+01,-4.450803279876708984e+00,-5.440200805664062500e+00,-2.699983215332031250e+01,-4.695953369140625000e+01,-5.600778961181640625e+01,-5.749873733520507812e+01,-5.056790924072265625e+01,-4.380319595336914062e+01,-3.250675964355468750e+01,-1.887796783447265625e+01,-2.090386962890625000e+01,-2.180351257324218750e+01,-6.418013572692871094e+00,9.452919006347656250e+00,2.208497619628906250e+01,4.775855636596679688e+01,5.090795516967773438e+01,4.246181869506835938e+01,4.517969512939453125e+01,4.378281402587890625e+01,4.342057037353515625e+01,3.663471984863281250e+01,2.776379776000976562e+01,1.940769577026367188e+01,-9.350002288818359375e+00,-2.739004135131835938e+01,-3.786587142944335938e+01,-3.806582260131835938e+01,-2.958105659484863281e+01,-1.939348983764648438e+01,-1.030462646484375000e+01,1.829879951477050781e+01,2.965347290039062500e+01,2.784460830688476562e+01,2.638760757446289062e+01,2.572676849365234375e+01,2.056347846984863281e+01,2.109297752380371094e+01,1.421369361877441406e+01,7.999141693115234375e+00,2.997673749923706055e+00,5.835529565811157227e-01,-1.725085377693176270e+00,2.020735740661621094e+00,8.060550689697265625e+00,1.075568389892578125e+01,1.118984413146972656e+01,1.714835548400878906e+01,1.065017700195312500e+01,2.018660306930541992e-01,-1.444034957885742188e+01,-3.354178619384765625e+01,-3.814958190917968750e+01,-4.096463012695312500e+01,-4.729570007324218750e+01,-5.314121246337890625e+01,-4.955284881591796875e+01,-4.051343536376953125e+01,-3.707093811035156250e+01,-2.972486495971679688e+01,-2.087591743469238281e+01,-8.555657386779785156e+00,-7.306543588638305664e-01,1.154468894004821777e+00,1.070062994956970215e+00,2.972794055938720703e+00,3.128136634826660156e+01,4.799146270751953125e+01,5.005269622802734375e+01,4.472795104980468750e+01,4.116945648193359375e+01,4.349248123168945312e+01,3.888407135009765625e+01,1.241941642761230469e+01,-8.800464630126953125e+00,-9.942292213439941406e+00,-1.492423057556152344e+00,2.355863004922866821e-01,1.600395917892456055e+00,-2.745538353919982910e-01,-4.207741260528564453e+00,-4.019077301025390625e+00,-4.197778999805450439e-01,8.861021995544433594e-01,4.563184738159179688e+00,7.880434513092041016e+00,7.911457061767578125e+00,4.919950485229492188e+00,1.730765104293823242e+00,-1.719914674758911133e+00,-1.356824517250061035e+00,2.451647520065307617e+00,2.207716941833496094e+00,6.075469017028808594e+00,9.328811645507812500e+00,7.042935371398925781e+00,-6.665465354919433594e+00,-2.965551185607910156e+01,-4.259853363037109375e+01,-5.029877471923828125e+01,-5.505944061279296875e+01,-5.991773605346679688e+01,-5.897496032714843750e+01,-5.245365905761718750e+01,-5.446699905395507812e+01,-5.055730438232421875e+01,-3.937986755371093750e+01,-3.063888168334960938e+01,-2.321051788330078125e+01,-1.260415267944335938e+01,-3.570428133010864258e+00,-1.760856270790100098e+00,1.908339381217956543e+00,6.346242904663085938e+00,9.259430885314941406e+00,1.380785179138183594e+01,1.689195251464843750e+01,1.510817909240722656e+01,6.072617530822753906e+00,4.708861351013183594e+00,9.811517715454101562e+00,8.095533370971679688e+00,6.305973052978515625e+00,5.839778900146484375e+00,4.709774017333984375e+00,1.075914573669433594e+01,1.119383621215820312e+01,8.795047760009765625e+00,8.772361755371093750e+00,1.662240982055664062e+01,1.651950836181640625e+01,1.845733451843261719e+01,2.047386360168457031e+01,1.424212265014648438e+01,1.200337982177734375e+01,3.488225936889648438e+00,4.885206520557403564e-01,1.005832552909851074e+00,6.759518384933471680e-01,7.768751621246337891e+00,1.120636558532714844e+01,7.815599441528320312e+00,1.050098991394042969e+01,1.606063461303710938e+01,1.656580352783203125e+01,1.566680717468261719e+01,1.359438610076904297e+01,1.009179878234863281e+01,1.396296119689941406e+01,1.005082702636718750e+01,8.165377378463745117e-01,1.863836884498596191e+00,1.119933986663818359e+01,1.385941028594970703e+01,1.216534233093261719e+01,1.427055168151855469e+01,8.699894905090332031e+00,8.007271766662597656e+00,1.354567909240722656e+01,1.606102371215820312e+01,1.078029060363769531e+01,6.110277175903320312e+00,-4.885421276092529297e+00,-9.886110305786132812e+00,-1.231091690063476562e+01,-1.520567321777343750e+01,-2.530033683776855469e+01,-3.717707824707031250e+01,-4.560897064208984375e+01,-4.932654953002929688e+01,-4.775167083740234375e+01,-4.961346435546875000e+01,-4.760749053955078125e+01,-3.960618591308593750e+01,-3.744811630249023438e+01,-3.888624572753906250e+01,-2.900273132324218750e+01,-1.423501586914062500e+01,2.913773059844970703e-01,5.818645477294921875e+00,1.010177898406982422e+01,8.424242019653320312e+00,8.451372146606445312e+00,7.172894477844238281e+00,1.238494110107421875e+01,1.146118164062500000e+01,7.632997512817382812e+00,6.839121818542480469e+00,4.556539535522460938e+00,6.137991905212402344e+00,5.621450901031494141e+00,6.127166748046875000e+00,8.331299781799316406e+00,6.389837741851806641e+00,9.317798614501953125e+00,8.791542053222656250e+00,1.307301044464111328e+01,7.341592788696289062e+00,2.473464727401733398e+00,1.545134067535400391e+00,-6.596498966217041016e+00,-8.322832107543945312e+00,-1.019640266895294189e-01,1.409602832794189453e+01,1.640114212036132812e+01,3.928780078887939453e+00,-5.097852706909179688e+00,-1.109214878082275391e+01,-1.187512207031250000e+01,-1.569686174392700195e+00,6.261233329772949219e+00,8.873732566833496094e+00,9.757327079772949219e+00,7.778664588928222656e+00,1.122859859466552734e+01,1.233192348480224609e+01,1.046407890319824219e+01,3.097520351409912109e+00,-4.429445266723632812e+00,-1.319599914550781250e+01,-2.249799346923828125e+01,-2.368969726562500000e+01,-2.732678604125976562e+01,-2.487094879150390625e+01,-2.278192901611328125e+01,-2.218183135986328125e+01,-2.199883270263671875e+01,-2.015302658081054688e+01,-1.246176910400390625e+01,-6.434930801391601562e+00,-2.962582111358642578e+00,1.742826938629150391e+00,5.834872245788574219e+00,8.169810295104980469e+00,7.961474418640136719e+00,9.446649551391601562e+00,1.137657737731933594e+01,1.205433750152587891e+01,9.375176429748535156e+00,6.923066139221191406e+00,4.908947467803955078e+00,8.556598663330078125e+00,9.438306808471679688e+00,1.168312835693359375e+01,1.127081012725830078e+01,9.505355834960937500e+00,6.298277854919433594e+00,3.642098426818847656e+00,4.739566802978515625e+00,2.809164524078369141e+00,4.016333580017089844e+00,4.706935882568359375e+00,5.955693244934082031e+00,7.141846656799316406e+00,3.611301422119140625e+00,5.568787097930908203e+00,3.762400865554809570e+00,2.355445146560668945e+00,1.068017363548278809e+00,-1.999771595001220703e-01,-4.216155529022216797e+00,-2.626362562179565430e+00,5.827924013137817383e-01,-9.325097203254699707e-01,-9.768311977386474609e-01,1.787494421005249023e-01,1.607144832611083984e+00,5.537269115447998047e-01,-7.424218654632568359e-01,-1.425099611282348633e+00,-1.571606397628784180e+00,-5.131693840026855469e+00,-5.706854820251464844e+00,-7.387528896331787109e+00,-9.712015151977539062e+00,-7.950368881225585938e+00,-4.153763294219970703e+00,-2.349795401096343994e-01,-4.822479248046875000e+00,-5.087942600250244141e+00,3.432573378086090088e-01,-2.994780063629150391e+00,-1.659227490425109863e+00,-1.311182975769042969e+00,-7.732379913330078125e+00,-2.010637521743774414e+00,2.242478847503662109e+00,6.364599704742431641e+00,1.541182231903076172e+01,4.125813007354736328e+00,-8.024979591369628906e+00,-6.446282863616943359e+00,-1.470843553543090820e+00,1.603674888610839844e-02,6.840983629226684570e-01,7.067893743515014648e-01,1.287250161170959473e+00,-1.124661341309547424e-01,-1.400678157806396484e+00,-2.479638814926147461e+00,-2.550231695175170898e+00,-1.699407696723937988e+00,1.885856389999389648e+00,3.963480234146118164e+00,6.974189758300781250e+00,6.850457191467285156e+00,7.014757156372070312e+00,1.498137664794921875e+01,2.276529884338378906e+01,1.614328765869140625e+01,9.977941513061523438e+00,8.872570037841796875e+00,4.557877540588378906e+00,-3.527498245239257812e+00,-3.407862663269042969e+00,-5.204162597656250000e+00,-2.464427232742309570e+00,-2.462092876434326172e+00,-6.903897285461425781e+00,-2.066495895385742188e+01,-3.068039703369140625e+01,-3.738698959350585938e+01,-3.099882888793945312e+01,-2.102476882934570312e+01,-1.904843139648437500e+01,-1.516005325317382812e+01,-6.265012264251708984e+00,-2.401689529418945312e+00,-1.167954063415527344e+01,-1.240254783630371094e+01,-1.229747009277343750e+01,-7.235513687133789062e+00,3.433939933776855469e+00,4.704410076141357422e+00,4.638529777526855469e+00,2.056528806686401367e+00,1.308861136436462402e+00,3.708784580230712891e+00,-9.833914637565612793e-01,-7.541037559509277344e+00,-9.192823410034179688e+00,-8.999480247497558594e+00,-9.033443450927734375e+00,1.394760906696319580e-01,3.413517951965332031e+00,6.922469615936279297e+00,1.608190536499023438e+01,2.940146827697753906e+01,3.966992950439453125e+01,3.523717117309570312e+01,2.822945404052734375e+01,2.308403396606445312e+01,1.928941345214843750e+01,7.857003211975097656e+00,7.878979682922363281e+00,1.427991104125976562e+01,1.326811599731445312e+01,1.374705886840820312e+01,1.001766586303710938e+01,8.638465881347656250e+00,1.309117317199707031e+01,1.565572547912597656e+01,1.701438331604003906e+01,1.254374694824218750e+01,1.238637256622314453e+01,1.001401901245117188e+01,6.896898746490478516e-01,-1.396177172660827637e+00,-2.583854436874389648e+00,-2.488131523132324219e+00,-6.854525566101074219e+00,-8.866734504699707031e+00,-8.445693016052246094e+00,-5.894508838653564453e+00,-2.318642377853393555e+00,6.647986173629760742e-01,2.137934684753417969e+00,1.054947280883789062e+01,1.627406501770019531e+01,1.566555213928222656e+01,1.884880828857421875e+01,2.023652839660644531e+01,1.429287433624267578e+01,1.416960144042968750e+01,1.865501022338867188e+01,1.771605491638183594e+01,1.489541625976562500e+01,1.323702049255371094e+01,1.442684173583984375e+01,1.586181640625000000e+01,1.419153594970703125e+01,1.627767562866210938e+01,1.711883544921875000e+01,1.584158706665039062e+01,1.950628662109375000e+01,1.660541534423828125e+01,1.682584953308105469e+01,1.870713996887207031e+01,2.464807891845703125e+01,2.711534881591796875e+01,2.357520675659179688e+01,1.881705093383789062e+01,1.580176830291748047e+01,1.436440658569335938e+01,1.772558403015136719e+01,1.862490653991699219e+01,2.314930725097656250e+01,2.441446304321289062e+01,2.059379386901855469e+01,2.119322395324707031e+01,2.265243911743164062e+01,2.424675369262695312e+01,2.375782775878906250e+01,1.812210845947265625e+01,1.210189533233642578e+01,1.017108154296875000e+01,8.463359832763671875e+00,1.337858581542968750e+01,1.740402603149414062e+01,1.954463958740234375e+01,1.704573631286621094e+01,2.148777961730957031e+01,2.275178527832031250e+01,2.507218933105468750e+01,2.541699218750000000e+01,2.801095390319824219e+01,2.705188751220703125e+01,5.490259647369384766e+00,-6.617261886596679688e+00,-1.325530529022216797e+01,-1.442220973968505859e+01,-4.408096313476562500e+00,2.801516771316528320e+00,5.056350708007812500e+00,1.257802963256835938e+01,2.117756652832031250e+01,1.537123680114746094e+01,-4.361574649810791016e+00,-2.542414855957031250e+01,-4.279202651977539062e+01,-5.611899566650390625e+01,-5.848291778564453125e+01,-5.509225463867187500e+01,-4.978543853759765625e+01,-3.851309585571289062e+01,-2.459961771965026855e-01,1.733746719360351562e+01,2.400416946411132812e+01,2.914582443237304688e+01,3.239711761474609375e+01,3.215768051147460938e+01,2.975054168701171875e+01,2.845931243896484375e+01,2.258496856689453125e+01,2.421534729003906250e+01,1.912288475036621094e+01,1.510533237457275391e+01,8.951531410217285156e+00,-4.984103202819824219e+00,-1.269378280639648438e+01,-1.226624107360839844e+01,-4.077000617980957031e+00,6.972090721130371094e+00,2.864322423934936523e+00,4.128955364227294922e+00,3.317798614501953125e+00,3.772634029388427734e+00,1.243796348571777344e+01,1.030348300933837891e+01,1.214511871337890625e+01,1.859418487548828125e+01,1.903608131408691406e+01,2.820352554321289062e+01,1.036256313323974609e+01,-5.352106094360351562e-01,-1.009668159484863281e+01,-1.936146736145019531e+01,-1.940749359130859375e+01,-1.052532005310058594e+01,-3.501212596893310547e+00,4.518480300903320312e+00,9.917355537414550781e+00,1.322545051574707031e+01,1.996928977966308594e+01,1.743186187744140625e+01,7.989377975463867188e+00,8.179159164428710938e+00,3.374990701675415039e+00,-3.322906494140625000e+00,-5.365087032318115234e+00,-1.794471740722656250e-01,5.687361240386962891e+00,1.025689888000488281e+01,9.023335456848144531e+00,5.605278968811035156e+00,-3.311847686767578125e+00,-1.018922042846679688e+01,-1.525975418090820312e+01,-1.462780570983886719e+01,-8.207906723022460938e+00,-1.184022140502929688e+01,-1.802419662475585938e+01,-1.804431152343750000e+01,-1.309513092041015625e+01,-4.047255039215087891e+00,1.777715110778808594e+01,2.255086517333984375e+01,2.611926841735839844e+01,3.387666320800781250e+01,3.962738800048828125e+01,3.889778900146484375e+01,4.100135803222656250e+01,4.786283493041992188e+01,4.570778656005859375e+01,2.180581092834472656e+01,1.849762439727783203e+00,-2.009621810913085938e+01,-2.661251068115234375e+01,-2.691836547851562500e+01,-2.654650497436523438e+01,-1.803423690795898438e+01,-1.009781837463378906e+01,-1.714560127258300781e+01,-2.391597175598144531e+01,-2.393203353881835938e+01,-1.871309852600097656e+01,-1.390186309814453125e+01,-1.211816120147705078e+01,-1.474433135986328125e+01,-5.268240928649902344e+00,5.446130037307739258e-01,-4.849462509155273438e+00,-1.934080505371093750e+01,-3.277330780029296875e+01,-4.408573532104492188e+01,-4.754721069335937500e+01,-4.918191146850585938e+01,-5.601012039184570312e+01,-5.762934875488281250e+01,-5.604376220703125000e+01,-5.566619110107421875e+01,-5.137881088256835938e+01,-4.814751815795898438e+01,-4.919560623168945312e+01,-3.467822265625000000e+01,-1.785171508789062500e+01,-7.921648025512695312e+00,4.182136058807373047e-02,9.878866195678710938e+00,1.671195220947265625e+01,1.946431350708007812e+01,2.665342330932617188e+01,2.167549514770507812e+01,2.138697814941406250e+01,2.275354766845703125e+01,1.899887847900390625e+01,2.289011001586914062e+01,2.900033569335937500e+01,2.744714927673339844e+01,2.475248718261718750e+01,2.397998237609863281e+01,2.293554878234863281e+01,1.980281066894531250e+01,2.107795715332031250e+01,2.044905853271484375e+01,2.132374191284179688e+01,2.349408149719238281e+01,1.834198570251464844e+01,1.597125816345214844e+01,1.853134918212890625e+01,2.139131355285644531e+01,2.242511558532714844e+01,2.631770896911621094e+01,2.279876518249511719e+01,2.052527046203613281e+01,1.924705886840820312e+01,2.761186599731445312e+01,3.307324218750000000e+01,2.842845153808593750e+01,2.630183792114257812e+01,2.481787109375000000e+01,1.923803329467773438e+01,1.123755455017089844e+01,-1.476104927062988281e+01,-3.588243865966796875e+01,-4.817317199707031250e+01,-5.089211654663085938e+01,-5.707814788818359375e+01,-6.699531555175781250e+01,-6.635890197753906250e+01,-6.061916351318359375e+01,-5.934535217285156250e+01,-5.657519912719726562e+01,-4.711419677734375000e+01,-2.350090789794921875e+01,4.364994049072265625e+00,1.508318138122558594e+01,1.195422458648681641e+01,5.269903182983398438e+00,3.725793838500976562e+00,4.402874469757080078e+00,8.025826454162597656e+00,4.329694747924804688e+00,3.943911075592041016e+00,1.254130363464355469e+01,2.616861581802368164e+00,-2.008948707580566406e+01,-2.849008178710937500e+01,-3.835964965820312500e+01,-4.270040130615234375e+01,-4.776037216186523438e+01,-4.561146545410156250e+01,-4.189196777343750000e+01,-4.251256561279296875e+01,-4.117284393310546875e+01,-3.378878021240234375e+01,-2.801330947875976562e+01,-1.761687850952148438e+01,-6.308955669403076172e+00,5.503817558288574219e+00,-1.338480234146118164e+00,-1.088099670410156250e+01,-2.585083580017089844e+01,-4.137821578979492188e+01,-4.344195938110351562e+01,-3.418718719482421875e+01,-3.142243957519531250e+01,-3.044039344787597656e+01,-1.254934310913085938e+01,-8.289926528930664062e+00,-7.944629669189453125e+00,-3.503654479980468750e+00,6.607272624969482422e-01,7.313028335571289062e+00,1.490505886077880859e+01,2.014754867553710938e+01,2.340451812744140625e+01,1.818825531005859375e+01,-9.322050213813781738e-01,-1.253766059875488281e+01,-1.697749328613281250e+01,-2.308412933349609375e+01,-1.969519615173339844e+01,-1.422419261932373047e+01,-9.623583793640136719e+00,3.812108039855957031e+00,1.080495262145996094e+01,1.474029731750488281e+01,1.320806694030761719e+01,8.088849067687988281e+00,1.528033494949340820e+00,3.461631298065185547e+00,4.710087776184082031e+00,3.190527677536010742e+00,3.359967708587646484e+00,4.441344738006591797e+00,1.475633621215820312e+01,1.985382652282714844e+01,1.573663043975830078e+01,1.899159240722656250e+01,1.949254035949707031e+01,2.135048294067382812e+01,2.664584350585937500e+01,4.465435028076171875e+01,5.211926269531250000e+01,5.607948303222656250e+01,5.085596847534179688e+01,4.401930999755859375e+01,4.699485015869140625e+01,4.616830062866210938e+01,3.628038787841796875e+01,3.191114044189453125e+01,2.938234519958496094e+01,3.008313369750976562e+01,2.664582061767578125e+01,3.040790176391601562e+01,3.111789321899414062e+01,2.559453773498535156e+01,2.232469558715820312e+01,2.532182502746582031e+01,2.506555938720703125e+01,2.441287040710449219e+01,2.613368606567382812e+01,2.368933105468750000e+01,2.105445861816406250e+01,2.125033378601074219e+01,2.759414672851562500e+01,2.423944473266601562e+01,2.387506103515625000e+01,3.498060989379882812e+01,2.921851730346679688e+01,2.674734306335449219e+01,2.366372299194335938e+01,2.057261848449707031e+01,2.143855667114257812e+01,2.653808975219726562e+01,3.410446929931640625e+01,3.739868164062500000e+01,3.193926429748535156e+01,3.068759155273437500e+01,5.287775421142578125e+01,5.299718475341796875e+01,4.964045333862304688e+01,4.504514312744140625e+01,3.704120254516601562e+01,3.417637252807617188e+01,3.205504608154296875e+01,1.944709777832031250e+01,1.159933090209960938e+01,2.895169973373413086e+00,-1.078794765472412109e+01,-1.807879638671875000e+01,-1.834447097778320312e+01,-2.269380378723144531e+01,-1.591848945617675781e+01,-1.138727188110351562e+01,-1.149500846862792969e+01,-7.219935417175292969e+00,9.590596556663513184e-01,2.600702047348022461e+00,-1.422746086120605469e+01,-3.002674865722656250e+01,-3.151345252990722656e+01,-3.002252960205078125e+01,-2.572124099731445312e+01,-1.636971473693847656e+01,-1.053231811523437500e+01,-6.838946819305419922e+00,1.059396934509277344e+01,2.692116928100585938e+01,3.407954406738281250e+01,3.192159652709960938e+01,2.815252494812011719e+01,2.718323516845703125e+01,3.333141326904296875e+01,2.608131980895996094e+01,1.380188369750976562e+01,1.244058704376220703e+01,9.041481018066406250e+00,-2.966886043548583984e+00,-1.405837059020996094e+01,-1.918650054931640625e+01,-2.243566131591796875e+01,-2.419228744506835938e+01,-2.365151214599609375e+01,-2.105984497070312500e+01,-2.835701179504394531e+01,-3.678641128540039062e+01,-2.793340110778808594e+01,-1.544100093841552734e+01,-1.084779739379882812e+01,-1.075184440612792969e+01,-1.185623073577880859e+01,-3.893390655517578125e+00,1.487134814262390137e+00,8.206667900085449219e+00,1.130259132385253906e+01,6.263694286346435547e+00,3.668761253356933594e-01,-6.125308513641357422e+00,-1.323788166046142578e+01,-2.105298614501953125e+01,-2.669253540039062500e+01,-3.544374084472656250e+01,-4.004824066162109375e+01,-3.341490936279296875e+01,-2.579423141479492188e+01,-1.558541107177734375e+01,-9.250164031982421875e+00,-4.063800811767578125e+00,4.513333320617675781e+00,8.820787429809570312e+00,9.718681335449218750e+00,1.897742271423339844e+01,6.028651237487792969e+00,-1.226980209350585938e+01,-2.618702697753906250e+01,-3.520275115966796875e+01,-4.159139251708984375e+01,-4.198718261718750000e+01,-4.156688690185546875e+01,-3.797866821289062500e+01,-3.591586685180664062e+01,-3.266610717773437500e+01,-2.607138061523437500e+01,-1.566366577148437500e+01,-4.984165191650390625e+00,1.188775825500488281e+01,2.289695549011230469e+01,2.323594665527343750e+01,2.561008834838867188e+01,1.832074737548828125e+01,5.258884429931640625e+00,7.042321205139160156e+00,9.540805816650390625e+00,1.099063491821289062e+01,8.466801643371582031e+00,7.793416023254394531e+00,9.194021224975585938e+00,1.075165939331054688e+01,6.493625640869140625e+00,5.490673065185546875e+00,3.414040327072143555e+00,-2.672669172286987305e+00,-7.161927700042724609e+00,-1.872916412353515625e+01,-1.381076622009277344e+01,-9.100303649902343750e+00,-5.131224632263183594e+00,-8.365039825439453125e+00,-1.745595169067382812e+01,-2.201706314086914062e+01,-3.534221649169921875e+01,-4.977080535888671875e+01,-4.257160186767578125e+01,-2.943637084960937500e+01,-1.935413551330566406e+01,-1.330623817443847656e+01,-1.168739700317382812e+01,9.943644404411315918e-01,3.267422914505004883e+00,-6.277756214141845703e+00,-2.532635116577148438e+01,-2.450746154785156250e+01,-1.461433315277099609e+01,-6.203985214233398438e+00,-8.768584728240966797e-01,-6.744723021984100342e-02,3.191305160522460938e+00,7.259984970092773438e+00,5.857151031494140625e+00,-1.286282348632812500e+01,-3.599521636962890625e+01,-3.977470779418945312e+01,-2.754829788208007812e+01,-1.501117515563964844e+01,-8.060426712036132812e+00,-6.243365287780761719e+00,-1.012371444702148438e+01,-1.813375091552734375e+01,-1.935511779785156250e+01,-1.815076828002929688e+01,-7.921897888183593750e+00,-3.802865743637084961e+00,4.344506263732910156e+00,4.562188625335693359e+00,5.902156352996826172e+00,9.480804443359375000e+00,5.166371345520019531e+00,4.732597351074218750e+00,5.348058700561523438e+00,3.409893035888671875e+00,-9.818958044052124023e-01,-3.939262628555297852e-01,6.150488853454589844e+00,-7.895187139511108398e-01,3.097035884857177734e-01,6.536521434783935547e+00,7.242996215820312500e+00,7.598951339721679688e+00,8.601478576660156250e+00,2.150432825088500977e+00,1.418888807296752930e+00,3.404232978820800781e+00,3.324111223220825195e+00,6.775884628295898438e+00,4.974723815917968750e+00,-9.720601439476013184e-01,3.895496368408203125e+00,-3.257532358169555664e+00,-6.180709838867187500e+00,6.973571181297302246e-01,8.368693590164184570e-01,2.204935073852539062e+00,-1.401075720787048340e+00,4.004338383674621582e-01,7.648432731628417969e+00,1.000388526916503906e+01,4.868627548217773438e+00,-1.071717834472656250e+01,-3.408762741088867188e+01,-5.350789642333984375e+01,-6.681803894042968750e+01,-6.284924316406250000e+01,-4.305672454833984375e+01,-1.277519607543945312e+01,5.770061969757080078e+00,1.246030044555664062e+01,1.488495540618896484e+01,2.407390403747558594e+01,2.615898323059082031e+01,2.026193618774414062e+01,1.457751083374023438e+01,1.292983245849609375e+01,1.247930335998535156e+01,2.400895595550537109e+00,-5.935909748077392578e+00,-1.061504745483398438e+01,-1.807575225830078125e+01,-2.424915313720703125e+01,-2.234836196899414062e+01,-2.101130867004394531e+01,-1.823735809326171875e+01,-1.177563476562500000e+01,-1.420350670814514160e+00,3.965583324432373047e+00,-2.568069696426391602e-01,3.114437341690063477e+00,2.949261426925659180e+00,-2.410829782485961914e+00,9.548747539520263672e-02,-5.597018241882324219e+00,-1.982703208923339844e+01,-3.365356826782226562e+01,-3.224993515014648438e+01,-2.251714706420898438e+01,-1.822664833068847656e+01,-1.719210052490234375e+01,-8.311113357543945312e+00,-8.509374856948852539e-01,5.427053451538085938e+00,5.535869598388671875e+00,1.067368698120117188e+01,2.180477142333984375e+01,2.442248916625976562e+01,2.595300292968750000e+01,2.443476867675781250e+01,1.723327445983886719e+01,-1.124346923828125000e+01,-2.268722724914550781e+01,-2.736361312866210938e+01,-3.724271011352539062e+01,-4.711676788330078125e+01,-5.389564132690429688e+01,-5.838901519775390625e+01,-6.162422943115234375e+01,-5.854203033447265625e+01,-5.576603698730468750e+01,-5.001355743408203125e+01,-3.765543365478515625e+01,-2.971789169311523438e+01,-2.073143577575683594e+01,-1.516955184936523438e+01,-1.070573806762695312e+01,-3.254291772842407227e+00,-4.272037506103515625e+00,-1.056281566619873047e+01,-3.780468368530273438e+01,-4.947888565063476562e+01,-5.994568634033203125e+01,-6.017584228515625000e+01,-5.372029113769531250e+01,-4.931348419189453125e+01,-3.913780975341796875e+01,-2.155353546142578125e+01,1.231950759887695312e+01,2.897981262207031250e+01,3.012274360656738281e+01,3.269548034667968750e+01,3.733358001708984375e+01,3.863701629638671875e+01,3.696672058105468750e+01,3.561454010009765625e+01,1.924933433532714844e+00,-3.254261779785156250e+01,-5.252031707763671875e+01,-5.692362213134765625e+01,-5.821438217163085938e+01,-5.657981491088867188e+01,-4.443394470214843750e+01,-3.462491607666015625e+01,-2.603203582763671875e+01,-2.024386215209960938e+01,-1.826852416992187500e+01,-1.587166595458984375e+01,-1.128445720672607422e+01,-8.653120040893554688e+00,-4.974084377288818359e+00,-1.666372299194335938e+00,2.058930397033691406e+00,2.639148950576782227e+00,3.591469526290893555e+00,3.187369406223297119e-01,-4.054179191589355469e+00,1.094343781471252441e+00,3.729423284530639648e-01,-1.062708854675292969e+01,-1.894808578491210938e+01,-3.113569259643554688e+01,-3.714274215698242188e+01,-3.136082267761230469e+01,-2.364081573486328125e+01,-1.441722202301025391e+01,-7.683677673339843750e+00,-2.655033111572265625e+00,-2.375118255615234375e+00,-1.754857635498046875e+01,-3.393447875976562500e+01,-4.176124572753906250e+01,-4.359615325927734375e+01,-5.061305618286132812e+01,-5.303459167480468750e+01,-4.919607543945312500e+01,-4.435323333740234375e+01,-4.455692291259765625e+01,-3.651442718505859375e+01,-2.616138458251953125e+01,-1.609305953979492188e+01,-7.155569076538085938e+00,-2.200211048126220703e+00,8.717008590698242188e+00,5.231170177459716797e+00,4.881510138511657715e-01,-1.404212117195129395e+00,-2.747194766998291016e+00,-9.472701549530029297e-01,2.179442882537841797e+00,2.271349430084228516e+00,1.611796140670776367e+00,2.460725784301757812e+00,-5.478568077087402344e-01,-4.743035316467285156e+00,-4.864134788513183594e+00,2.769324541091918945e+00,-3.570309281349182129e-01,-4.878995895385742188e+00,-3.234932184219360352e+00,-4.869999885559082031e+00,-3.181836605072021484e+00,3.361743092536926270e-01,1.098612785339355469e+00,-1.277950644493103027e+00,-2.348967492580413818e-01,4.774718880653381348e-01,-1.731578409671783447e-01,-1.623904585838317871e+00,-2.479860782623291016e+00,-5.283769130706787109e+00,1.103260159492492676e+00,-1.221384704113006592e-01,-6.211092472076416016e-01,5.645676851272583008e-01,-1.557791948318481445e+00,-2.786711692810058594e+00,1.399712324142456055e+00,-1.040921401977539062e+01,-3.071280288696289062e+01,-5.367539596557617188e+01,-7.009541320800781250e+01,-7.775317382812500000e+01,-7.929206848144531250e+01,-7.055739593505859375e+01,-6.272847747802734375e+01,-5.695514678955078125e+01,-3.896164703369140625e+01,-2.185860061645507812e+01,-1.889132308959960938e+01,-9.854981422424316406e+00,8.197699546813964844e+00,2.265937232971191406e+01,2.398808670043945312e+01,2.077355194091796875e+01,1.247733783721923828e+01,5.133357048034667969e+00,3.921076357364654541e-01,5.791959762573242188e+00,8.666274070739746094e+00,5.508130073547363281e+00,3.778711795806884766e+00,3.199431896209716797e+00,6.142496585845947266e+00,8.617325782775878906e+00,3.672130584716796875e+00,-1.362212657928466797e+00,3.201236724853515625e+00,9.899065017700195312e+00,1.037182712554931641e+01,8.253802299499511719e+00,6.848737239837646484e+00,9.296348571777343750e+00,1.330764579772949219e+01,1.148449707031250000e+01,1.408502388000488281e+01,2.146685409545898438e+01,2.428290557861328125e+01,1.707523727416992188e+01,1.776658630371093750e+01,8.143880844116210938e+00,4.535194933414459229e-01,-4.772040367126464844e+00,-5.853860855102539062e+00,-7.677528381347656250e+00,-1.310515213012695312e+01,-1.488494586944580078e+01,-2.556766510009765625e+01,-3.173891830444335938e+01,-3.260384368896484375e+01,-3.112464523315429688e+01,-2.774872207641601562e+01,-2.068346405029296875e+01,-1.496704673767089844e+01,-6.080316066741943359e+00,-4.093162059783935547e+00,3.551619052886962891e+00,2.335041761398315430e+00,-4.426866054534912109e+00,-1.232601928710937500e+01,-1.218651771545410156e+01,-9.543153762817382812e+00,-5.298373699188232422e-01,6.418126225471496582e-01,1.627504467964172363e+00,8.553343772888183594e+00,9.170055389404296875e+00,4.880651473999023438e+00,6.617465972900390625e+00,6.803804397583007812e+00,9.128272056579589844e+00,8.084611892700195312e+00,2.718934059143066406e+00,3.581156730651855469e+00,4.707133293151855469e+00,4.614880561828613281e+00,5.454341888427734375e+00,1.076941108703613281e+01,9.082263946533203125e+00,5.847036361694335938e+00,7.784113407135009766e+00,1.101260375976562500e+01,2.117577362060546875e+01,2.045531082153320312e+01,1.091264915466308594e+01,8.546143531799316406e+00,6.693135261535644531e+00,5.912336826324462891e+00,5.609940052032470703e+00,4.412570476531982422e+00,-4.482679069042205811e-01,-2.328037738800048828e+00,5.388175487518310547e+00,6.935636997222900391e+00,4.415242671966552734e+00,8.109910011291503906e+00,9.229654312133789062e+00,8.736229896545410156e+00,7.026063919067382812e+00,3.813582658767700195e+00,3.664695501327514648e+00,9.593145370483398438e+00,1.177696800231933594e+01,6.517099380493164062e+00,2.136323928833007812e+00,5.912716388702392578e+00,5.129409790039062500e+00,8.459218025207519531e+00,2.846390914916992188e+01,4.558467102050781250e+01,5.179664611816406250e+01,4.725673294067382812e+01,4.348839569091796875e+01,3.440585327148437500e+01,1.982117271423339844e+01,-1.700255584716796875e+01,-4.624765014648437500e+01,-6.225913238525390625e+01,-7.293888854980468750e+01,-8.013301086425781250e+01,-8.196770477294921875e+01,-8.270675659179687500e+01,-7.815631103515625000e+01,-6.900328826904296875e+01,-5.973130035400390625e+01,-4.734853363037109375e+01,-3.446908187866210938e+01,-1.790656280517578125e+01,-9.512302398681640625e+00,-2.076327896118164062e+01,-3.045296859741210938e+01,-3.240455245971679688e+01,-3.027379608154296875e+01,-1.935519027709960938e+01,-9.472185134887695312e+00,-2.815795421600341797e+00,-1.424569129943847656e+01,-1.030088233947753906e+01,-4.003175258636474609e+00,2.250989437103271484e+00,7.567721843719482422e+00,1.209157562255859375e+01,1.544869184494018555e+00,-9.608127593994140625e+00,-2.395561027526855469e+01,-3.656916046142578125e+01,-3.253483200073242188e+01,-3.219518280029296875e+01,-4.167964172363281250e+01,-4.332768630981445312e+01,-4.787372589111328125e+01,-5.179536437988281250e+01,-5.531134033203125000e+01,-4.731765747070312500e+01,-3.510181427001953125e+01,-1.948064041137695312e+01,-6.020110607147216797e+00,1.672190904617309570e+00,9.004043579101562500e+00,1.650719451904296875e+01,2.144991302490234375e+01,2.142313003540039062e+01,1.953829193115234375e+01,1.777014160156250000e+01,2.001818466186523438e+01,1.241800689697265625e+01,-1.666219592094421387e+00,-4.009721755981445312e+00,-1.370326995849609375e+00,7.985171794891357422e+00,1.646188545227050781e+01,1.975095176696777344e+01,1.723685836791992188e+01,2.067281532287597656e+01,2.569813537597656250e+01,2.736594581604003906e+01,2.912558746337890625e+01,2.845208740234375000e+01,3.150088500976562500e+01,3.728473663330078125e+01,4.518002319335937500e+01,4.980514907836914062e+01,4.733249282836914062e+01,4.356967926025390625e+01,2.058154296875000000e+01,-1.730789184570312500e+01,-3.803654479980468750e+01,-4.860305023193359375e+01,-5.888557434082031250e+01,-6.904972839355468750e+01,-6.466654968261718750e+01,-6.028948974609375000e+01,-5.454568099975585938e+01,-4.465633392333984375e+01,-3.848277282714843750e+01,-3.083296203613281250e+01,-2.278714752197265625e+01,-7.614927291870117188e+00,3.993179321289062500e+00,1.397763061523437500e+01,1.799036598205566406e+01,2.705513763427734375e+01,4.850995254516601562e+01,5.690020751953125000e+01,6.133018112182617188e+01,5.886002349853515625e+01,5.834887695312500000e+01,2.404789924621582031e+01,-6.207747936248779297e+00,-2.889037704467773438e+01,-4.234675598144531250e+01,-5.118255615234375000e+01,-4.548795700073242188e+01,-3.431745147705078125e+01,-2.849440765380859375e+01,-2.438919830322265625e+01,-9.676867485046386719e+00,2.802826166152954102e-01,5.667574405670166016e+00,3.217473626136779785e-01,3.574067115783691406e+00,9.451962471008300781e+00,1.009564018249511719e+01,-5.032322406768798828e+00,-3.075660705566406250e+01,-4.941026306152343750e+01,-5.299422454833984375e+01,-3.980806732177734375e+01,-2.917628479003906250e+01,-1.949312019348144531e+01,-1.345417785644531250e+01,-1.658096671104431152e+00,1.969844818115234375e+01,3.426232528686523438e+01,3.847013473510742188e+01,4.984431076049804688e+01,4.324066543579101562e+01,5.350264072418212891e+00,-2.233617591857910156e+01,-3.916785430908203125e+01,-4.827913284301757812e+01,-5.220225906372070312e+01,-5.581148147583007812e+01,-5.462870407104492188e+01,-4.729642868041992188e+01,-3.139125061035156250e+01,-1.419660949707031250e+01,-4.733478546142578125e+00,-2.698709249496459961e+00,-9.274997711181640625e-01,-6.912410855293273926e-01,3.200796604156494141e+00,6.970590591430664062e+00,8.107638359069824219e+00,1.335627555847167969e+01,1.205134201049804688e+01,1.468645095825195312e+01,1.893685913085937500e+01,1.835134887695312500e+01,1.740075302124023438e+01,1.699491310119628906e+01,1.694851875305175781e+01,2.017507934570312500e+01,2.338516044616699219e+01,2.374913978576660156e+01,2.227778816223144531e+01,2.320889472961425781e+01,1.929565811157226562e+01,1.619588661193847656e+01,2.219234085083007812e+01,2.691637802124023438e+01,2.165506744384765625e+01,2.790433692932128906e+01,2.632832717895507812e+01,2.475323486328125000e+01,2.330972862243652344e+01,1.550780391693115234e+01,1.946394348144531250e+01,2.102615356445312500e+01,2.005712127685546875e+01,1.772124862670898438e+01,2.057450485229492188e+01,2.190132141113281250e+01,1.718975830078125000e+01,1.763875961303710938e+01,2.237090873718261719e+01,2.074617004394531250e+01,1.894204711914062500e+01,1.622899818420410156e+01,1.854821968078613281e+01,2.718874168395996094e+01,2.592830467224121094e+01,2.305447959899902344e+01,2.356784629821777344e+01,2.323589324951171875e+01,2.538369750976562500e+01,2.779461669921875000e+01,2.289414024353027344e+01,1.110258102416992188e+01,2.616824865341186523e+00,-3.972936868667602539e-01,-2.529373168945312500e+01,-4.714768981933593750e+01,-5.496623229980468750e+01,-5.080726623535156250e+01,-3.990742492675781250e+01,-1.364501190185546875e+01,6.308729171752929688e+00,1.089231586456298828e+01,1.511349487304687500e+01,2.075349235534667969e+01,2.549122047424316406e+01,3.181811714172363281e+01,3.666648101806640625e+01,3.182287216186523438e+01,2.928626060485839844e+01,2.874254035949707031e+01,2.857498359680175781e+01,8.144680261611938477e-01,-8.398509979248046875e+00,-2.828503847122192383e+00,4.521421909332275391e+00,8.948757171630859375e+00,1.034977722167968750e+01,1.412665462493896484e+01,1.567872619628906250e+01,1.545838546752929688e+01,1.634751510620117188e+01,1.523266410827636719e+01,1.722517967224121094e+01,2.259151840209960938e+01,2.126391983032226562e+01,1.849404907226562500e+01,1.777437210083007812e+01,1.710569000244140625e+01,2.242719078063964844e+01,2.429523849487304688e+01,2.253607559204101562e+01,2.150295829772949219e+01,2.927624130249023438e+01,3.863590240478515625e+01,3.158068466186523438e+01,2.690754699707031250e+01,2.871056556701660156e+01,2.992160797119140625e+01,3.526820373535156250e+01,1.791855049133300781e+01,-1.911704897880554199e+00,-1.761962890625000000e+01,-3.165271949768066406e+01,-3.644087982177734375e+01,-2.569363784790039062e+01,-1.440624427795410156e+01,-9.657821655273437500e+00,-6.737269878387451172e+00,6.832050323486328125e+00,3.218307018280029297e+00,-1.279098320007324219e+01,-3.305618286132812500e+01,-3.657858276367187500e+01,-2.763485908508300781e+01,-1.821877956390380859e+00,1.852506828308105469e+01,3.655715942382812500e+01,4.559979248046875000e+01,4.292661285400390625e+01,3.306763458251953125e+01,3.026910591125488281e+01,2.216430664062500000e+01,-9.407449722290039062e+00,-2.694554138183593750e+01,-3.729013061523437500e+01,-4.482387542724609375e+01,-5.111351013183593750e+01,-5.587865066528320312e+01,-5.445276641845703125e+01,-5.373326110839843750e+01,-5.132311248779296875e+01,-3.690824127197265625e+01,-2.797754669189453125e+01,-1.813516235351562500e+01,-6.249289512634277344e+00,-4.147596359252929688e+00,-2.330105066299438477e+00,-1.793699741363525391e+00,-2.376479625701904297e+00,9.390249252319335938e-01,1.792365759611129761e-01,2.797425270080566406e+00,1.154021263122558594e+01,1.597864913940429688e+01,1.304225254058837891e+01,1.522656250000000000e+01,1.488605499267578125e+01,1.265600585937500000e+01,1.630514144897460938e+01,1.874345588684082031e+01,1.699512290954589844e+01,1.708357048034667969e+01,1.713859748840332031e+01,9.671717643737792969e+00,8.840326309204101562e+00,1.397170257568359375e+01,1.565935707092285156e+01,1.588520717620849609e+01,1.490224647521972656e+01,1.411682510375976562e+01,1.749829864501953125e+01,1.891838455200195312e+01,1.560643386840820312e+01,1.011936950683593750e+01,1.183090972900390625e+01,1.079360389709472656e+01,1.134322261810302734e+01,1.546809768676757812e+01,1.360560321807861328e+01,8.282983779907226562e+00,8.916173934936523438e+00,1.747561645507812500e+01,1.467940521240234375e+01,1.168991374969482422e+01,8.623838424682617188e+00,8.890010833740234375e+00,1.302052116394042969e+01,1.452824401855468750e+01,1.641328620910644531e+01,1.200704765319824219e+01,7.396916389465332031e+00,3.638508796691894531e+00,4.566306114196777344e+00,1.446935844421386719e+01,1.507621192932128906e+01,1.046718692779541016e+01,1.016903781890869141e+01,1.144144058227539062e+01,1.557669830322265625e+01,1.866092109680175781e+01,1.890208435058593750e+01,1.466323947906494141e+01,1.364841079711914062e+01,1.023074913024902344e+01,1.113699913024902344e+01,1.291279888153076172e+01,1.337818717956542969e+01,9.806442260742187500e+00,9.536265373229980469e+00,1.094900131225585938e+01,1.421044540405273438e+01,1.504202556610107422e+01,1.160194778442382812e+01,1.412379837036132812e+01,1.974934196472167969e+01,2.099996948242187500e+01,1.968537902832031250e+01,1.688193511962890625e+01,1.528963661193847656e+01,1.641811752319335938e+01,1.452681732177734375e+01,1.398434734344482422e+01,1.794450187683105469e+01,1.300502777099609375e+01,1.145233154296875000e+01,1.690864372253417969e+01,1.896744537353515625e+01,2.774626970291137695e+00,-2.009651374816894531e+01,-4.333570861816406250e+01,-5.874638366699218750e+01,-6.109366607666015625e+01,-5.909682083129882812e+01,-5.136056137084960938e+01,-4.880531311035156250e+01,-5.025831604003906250e+01,-5.007993316650390625e+01,-4.521189117431640625e+01,-3.078335189819335938e+01,-2.186755752563476562e+01,-5.423865795135498047e+00,4.958630561828613281e+00,1.218888282775878906e+00,7.312458992004394531e+00,4.195375442504882812e+00,-5.540530204772949219e+00,-3.205595016479492188e+00,1.494813060760498047e+01,2.218683242797851562e+01,2.981200027465820312e+01,3.283526992797851562e+01,2.570892715454101562e+01,2.735564804077148438e+01,3.434775924682617188e+01,3.239459991455078125e+01,2.448313522338867188e+01,1.962285041809082031e+01,1.834555816650390625e+01,9.945144653320312500e+00,6.485325336456298828e+00,2.947050094604492188e+00,1.574600815773010254e+00,3.119379043579101562e+00,-5.527623891830444336e-01,-9.875262379646301270e-01,1.233772993087768555e+00,5.250574588775634766e+00,3.201130867004394531e+00,1.297942519187927246e+00,2.761909484863281250e+01,3.533315277099609375e+01,3.275613021850585938e+01,3.540227890014648438e+01,3.945005035400390625e+01,3.769093322753906250e+01,3.806880950927734375e+01,1.750661849975585938e+01,4.238143920898437500e+00,-2.472572326660156250e+00,3.752310276031494141e+00,1.322418403625488281e+01,9.154374122619628906e+00,5.523909568786621094e+00,1.006961441040039062e+01,1.146282577514648438e+01,5.148526191711425781e+00,-6.999748349189758301e-01,-1.786971211433410645e+00,1.056445121765136719e+00,4.122257709503173828e+00,-9.422944784164428711e-01,-2.791899919509887695e+00,-5.091521739959716797e+00,-5.414412021636962891e+00,-3.202183485031127930e+00,2.951604366302490234e+00,7.712510108947753906e+00,1.424946498870849609e+01,2.037097167968750000e+01,1.777265930175781250e+01,1.088035583496093750e+01,1.067041778564453125e+01,8.410325050354003906e-01,-1.698177719116210938e+01,-3.318264770507812500e+01,-4.274230957031250000e+01,-4.694215393066406250e+01,-4.103778076171875000e+01,-3.344145965576171875e+01,-2.996849250793457031e+01,-2.589911270141601562e+01,-2.063073348999023438e+01,-1.288243675231933594e+01,-5.168245792388916016e+00,2.033928155899047852e+00,2.181005001068115234e+00,-8.734675645828247070e-01,-1.471287846565246582e+00,7.835727930068969727e-01,6.873159885406494141e+00,7.712620735168457031e+00,7.431421756744384766e+00,7.002740859985351562e+00,5.078483581542968750e+00,7.023656368255615234e-01,3.052435874938964844e+00,2.965452957153320312e+01,3.960449981689453125e+01,3.866891860961914062e+01,4.476874923706054688e+01,4.495796966552734375e+01,4.580216217041015625e+01,4.132847976684570312e+01,3.209382247924804688e+01,2.577322387695312500e+01,1.103472614288330078e+01,5.255501747131347656e+00,8.576083183288574219e+00,7.580624580383300781e+00,7.955416202545166016e+00,4.978189468383789062e+00,6.271699905395507812e+00,1.176100730895996094e+01,1.084314537048339844e+01,1.056867218017578125e+01,8.621362686157226562e+00,4.590582370758056641e+00,3.134416103363037109e+00,4.490636348724365234e+00,6.034175872802734375e+00,9.947689056396484375e+00,8.827363014221191406e+00,4.948437690734863281e+00,4.028225421905517578e+00,2.127377033233642578e+00,-6.849109530448913574e-01,2.944469928741455078e+00,5.566074848175048828e-01,-4.876524925231933594e+00,-5.649057865142822266e+00,-1.009806728363037109e+01,-1.297074890136718750e+01,-7.934179306030273438e+00,-7.973285675048828125e+00,-1.400850534439086914e+00,-1.666474103927612305e+00,-9.050752639770507812e+00,-3.642076969146728516e+00,3.062303066253662109e-01,4.774975776672363281e+00,-6.602879524230957031e+00,-2.215678405761718750e+01,-1.936753082275390625e+01,-5.376494407653808594e+00,6.091275215148925781e+00,1.198227310180664062e+01,6.734640121459960938e+00,-2.449655532836914062e+00,-3.278954982757568359e+00,-1.311139225959777832e+00,1.486840605735778809e+00,4.437970161437988281e+00,-5.087455511093139648e-01,-1.188897991180419922e+01,-2.469841384887695312e+01,-4.006315612792968750e+01,-3.105428695678710938e+01,-1.484243774414062500e+01,-1.010086631774902344e+01,-1.034938812255859375e+01,-8.595212936401367188e+00,-1.078692817687988281e+01,-6.223056316375732422e+00,-2.968688011169433594e+00,-1.099159431457519531e+01,-1.010926437377929688e+01,-7.159935951232910156e+00,2.180132865905761719e+00,6.407451152801513672e+00,8.384017944335937500e+00,8.709097862243652344e+00,-1.598527669906616211e+00,-4.793761253356933594e+00,-1.065802574157714844e+01,-1.135021400451660156e+01,-1.451610374450683594e+01,-1.441283035278320312e+01,-9.930313110351562500e+00,-5.133942961692810059e-01,6.839916706085205078e+00,6.770750522613525391e+00,4.379248619079589844e+00,3.696365833282470703e+00,2.562572479248046875e+00,6.082192420959472656e+00,1.216804027557373047e+01,1.798934555053710938e+01,1.722674179077148438e+01,1.980311965942382812e+01,1.956971740722656250e+01,1.817897033691406250e+01,1.983923721313476562e+01,1.778597831726074219e+01,2.238522338867187500e+01,2.131610870361328125e+01,1.794932937622070312e+01,1.620541763305664062e+01,1.323151779174804688e+01,1.346510314941406250e+01,1.779043197631835938e+01,1.959247970581054688e+01,1.708728027343750000e+01,1.109234046936035156e+01,1.116963863372802734e+01,1.332333183288574219e+01,1.743749046325683594e+01,2.284780693054199219e+01,1.827706909179687500e+01,1.918453407287597656e+01,2.242727661132812500e+01,2.067197799682617188e+01,1.994039344787597656e+01,2.099990844726562500e+01,2.353052902221679688e+01,1.937117004394531250e+01,1.461706352233886719e+01,1.504519653320312500e+01,2.030094146728515625e+01,1.893286132812500000e+01,2.033877182006835938e+01,2.579876518249511719e+01,2.353070068359375000e+01,2.248271942138671875e+01,2.224819374084472656e+01,2.371854972839355469e+01,2.378343963623046875e+01,2.532810020446777344e+01,2.774667739868164062e+01,2.624365806579589844e+01,2.676177215576171875e+01,2.796927261352539062e+01,2.559334564208984375e+01,2.488241577148437500e+01,2.619559097290039062e+01,2.393582534790039062e+01,2.397445297241210938e+01,2.919465255737304688e+01,3.071276855468750000e+01,2.787153625488281250e+01,2.380046463012695312e+01,-7.252478599548339844e-01,-2.602853393554687500e+01,-3.926275253295898438e+01,-3.660219192504882812e+01,-3.507729339599609375e+01,-3.148015213012695312e+01,-2.513899612426757812e+01,-2.376914024353027344e+01,-1.827375793457031250e+01,-1.573810577392578125e+01,-1.382323837280273438e+01,-1.509424400329589844e+01,-7.680469989776611328e+00,4.412505149841308594e+00,5.788134574890136719e+00,-7.621439933776855469e+00,-1.163112163543701172e+01,-1.560426521301269531e+01,-2.215433502197265625e+01,-1.993480491638183594e+01,-1.623503875732421875e+01,-2.145036888122558594e+01,-1.745394515991210938e+01,-1.032332706451416016e+01,2.428207993507385254e-01,9.523880004882812500e+00,1.438844871520996094e+01,2.095258140563964844e+01,3.201968383789062500e+01,4.099938964843750000e+01,4.447393417358398438e+01,4.807366943359375000e+01,2.878814888000488281e+01,2.364249229431152344e+00,-6.038860321044921875e+00,-1.300059318542480469e+01,-1.246124649047851562e+01,-1.545735836029052734e+01,-2.630928421020507812e+01,-4.134291839599609375e+01,-4.781148529052734375e+01,-5.756631469726562500e+01,-6.101888275146484375e+01,-6.109431457519531250e+01,-5.455358505249023438e+01,-4.181582641601562500e+01,-2.720574951171875000e+01,-1.381589603424072266e+01,-3.334047198295593262e-01,1.154542732238769531e+01,7.453524589538574219e+00,5.001523017883300781e+00,7.539924144744873047e+00,1.501128196716308594e+01,2.177782821655273438e+01,2.580813980102539062e+01,2.107085037231445312e+01,3.332378864288330078e+00,-5.917228698730468750e+00,-1.388191413879394531e+01,-2.732544708251953125e+01,-3.636047363281250000e+01,-3.871862792968750000e+01,-3.841621398925781250e+01,-3.673445892333984375e+01,-3.492610549926757812e+01,-2.946619796752929688e+01,-1.824316024780273438e+01,-1.144687461853027344e+01,-4.206866264343261719e+00,3.157434940338134766e+00,1.079037380218505859e+01,1.952504348754882812e+01,2.209610748291015625e+01,1.679250907897949219e+01,1.283976554870605469e+01,1.544490432739257812e+01,1.711674880981445312e+01,2.000669479370117188e+01,2.391334915161132812e+01,2.780884933471679688e+01,2.628707885742187500e+01,2.197669792175292969e+01,2.537863731384277344e+01,2.797406578063964844e+01,2.513972091674804688e+01,2.579991912841796875e+01,2.216792869567871094e+01,2.185353469848632812e+01,2.367508506774902344e+01,2.533433914184570312e+01,3.054658508300781250e+01,3.407989120483398438e+01,3.276580810546875000e+01,2.789015579223632812e+01,2.810978507995605469e+01,2.645836830139160156e+01,3.015011978149414062e+01,3.280926895141601562e+01,3.164680290222167969e+01,2.698645782470703125e+01,2.541097640991210938e+01,2.694191741943359375e+01,2.604579162597656250e+01,2.521925163269042969e+01,2.915331268310546875e+01,2.851803207397460938e+01,2.541012573242187500e+01,2.483834838867187500e+01,2.429792976379394531e+01,2.674161148071289062e+01,2.488959884643554688e+01,2.365998077392578125e+01,2.432821655273437500e+01,2.212527656555175781e+01,2.214541816711425781e+01,2.923494720458984375e+01,3.226622009277343750e+01,2.283571624755859375e+01,2.051552200317382812e+01,2.697932052612304688e+01,3.041820907592773438e+01,2.887527275085449219e+01,2.874693870544433594e+01,3.164745140075683594e+01,2.994166374206542969e+01,3.069002914428710938e+01,2.996462249755859375e+01,2.637217330932617188e+01,2.829063796997070312e+01,3.489167022705078125e+01,2.921431732177734375e+01,1.975530624389648438e+01,1.618714141845703125e+01,2.087455368041992188e+01,2.665952491760253906e+01,2.972895050048828125e+01,2.662712478637695312e+01,2.066185760498046875e+01,2.266374588012695312e+01,-2.506964111328125000e+01,-5.823690795898437500e+01,-7.677130126953125000e+01,-8.438784790039062500e+01,-8.854478454589843750e+01,-8.805124664306640625e+01,-8.719280242919921875e+01,-8.556556701660156250e+01,-7.628474426269531250e+01,-6.511396789550781250e+01,-5.114183807373046875e+01,-3.844652557373046875e+01,-2.911827087402343750e+01,-2.227142715454101562e+01,-1.572518062591552734e+01,-6.112186431884765625e+00,-2.033633708953857422e+00,1.817082595825195312e+01,2.897293663024902344e+01,3.187022399902343750e+01,3.077242279052734375e+01,2.238943481445312500e+01,1.652012252807617188e+01,1.693235015869140625e+01,1.932470321655273438e+01,2.001060867309570312e+01,1.261729812622070312e+01,6.900147438049316406e+00,9.473585486412048340e-01,-3.870911598205566406e+00,-3.117167472839355469e+00,4.016027927398681641e+00,1.201466941833496094e+01,1.226302051544189453e+01,1.912889862060546875e+01,1.289136695861816406e+01,-2.828191518783569336e-01,-8.846879959106445312e+00,-5.581637859344482422e+00,-1.446086645126342773e+00,3.969661712646484375e+00,1.009104919433593750e+01,7.728107929229736328e+00,1.125565719604492188e+01,1.472489929199218750e+01,1.752407455444335938e+01,2.525283813476562500e+01,2.528803253173828125e+01,2.029203605651855469e+01,2.317421340942382812e+01,2.725551986694335938e+01,3.262234878540039062e+01,3.453588104248046875e+01,3.128751945495605469e+01,3.024694061279296875e+01,3.072196578979492188e+01,3.346164321899414062e+01,3.618778991699218750e+01,3.616302108764648438e+01,3.776300048828125000e+01,3.701430511474609375e+01,3.593582153320312500e+01,3.182460784912109375e+01,3.109058952331542969e+01,3.395556259155273438e+01,3.509218978881835938e+01,3.383232116699218750e+01,3.412437438964843750e+01,3.200749969482421875e+01,3.442034912109375000e+01,3.898785400390625000e+01,3.747879791259765625e+01,3.211585998535156250e+01,3.209484863281250000e+01,2.953984832763671875e+01,2.827597808837890625e+01,3.161042785644531250e+01,3.732949066162109375e+01,3.792736053466796875e+01,3.644064331054687500e+01,3.568212127685546875e+01,3.538812255859375000e+01,3.483668518066406250e+01,3.458080673217773438e+01,3.455038833618164062e+01,3.813833236694335938e+01,3.565673828125000000e+01,3.837779998779296875e+01,4.030387878417968750e+01,3.768972015380859375e+01,3.397111511230468750e+01,3.582122421264648438e+01,3.454468917846679688e+01,3.259605407714843750e+01,3.481800842285156250e+01,3.589362335205078125e+01,3.291386795043945312e+01,3.047292327880859375e+01,2.957259750366210938e+01,2.920093154907226562e+01,2.882495498657226562e+01,3.155468368530273438e+01,3.308741378784179688e+01,3.334822082519531250e+01,3.147998809814453125e+01,3.120225143432617188e+01,2.915043258666992188e+01,3.204396820068359375e+01,3.303523635864257812e+01,3.122257995605468750e+01,3.018337249755859375e+01,2.617356872558593750e+01,2.632946395874023438e+01,2.902629089355468750e+01,3.474704742431640625e+01,3.449936676025390625e+01,3.364513397216796875e+01,3.258584594726562500e+01,3.353496551513671875e+01,3.110485839843750000e+01,3.181820297241210938e+01,3.472336196899414062e+01,3.396348571777343750e+01,3.625813293457031250e+01,3.175714492797851562e+01,2.646820831298828125e+01,2.730191421508789062e+01,2.624534606933593750e+01,2.807447052001953125e+01,2.675321197509765625e+01,2.557779693603515625e+01,3.203402709960937500e+01,3.338315582275390625e+01,2.721774291992187500e+01,2.593793106079101562e+01,2.827812576293945312e+01,3.021298217773437500e+01,3.374912643432617188e+01,3.415419387817382812e+01,3.550155258178710938e+01,3.580839538574218750e+01,3.428949356079101562e+01,3.607325363159179688e+01,3.111095809936523438e+01,3.126880264282226562e+01,3.154314804077148438e+01,3.449018859863281250e+01,3.164287948608398438e+01,3.602976226806640625e+01,3.849972534179687500e+01,3.710839843750000000e+01,3.460376739501953125e+01,3.310210418701171875e+01,3.304483413696289062e+01,2.702649497985839844e+01,2.777207565307617188e+01,3.065810203552246094e+01,2.933649063110351562e+01,2.705565452575683594e+01,2.700532341003417969e+01,3.015279769897460938e+01,3.226479339599609375e+01,2.967072677612304688e+01,3.023942756652832031e+01,3.221593093872070312e+01,3.626165771484375000e+01,3.358055114746093750e+01,2.909281158447265625e+01,2.745265007019042969e+01,3.155614852905273438e+01,2.974160194396972656e+01,2.963285827636718750e+01,3.082217788696289062e+01,2.769139289855957031e+01,2.994898223876953125e+01,3.051486206054687500e+01,2.706153869628906250e+01,3.076574707031250000e+01,2.728105354309082031e+01,2.361384582519531250e+01,2.206861495971679688e+01,2.579835510253906250e+01,1.786760520935058594e+01,1.039665794372558594e+01,8.082145690917968750e+00,1.397376632690429688e+01,1.975345993041992188e+01,2.508412170410156250e+01,2.849921417236328125e+01,3.426109313964843750e+01,3.924922943115234375e+01,4.488810729980468750e+01,5.016072845458984375e+01,4.886006164550781250e+01,5.602313995361328125e+01,5.344934082031250000e+01,4.748573303222656250e+01,5.368559646606445312e+01,5.507514953613281250e+01,4.948382568359375000e+01,4.553550338745117188e+01,4.093654632568359375e+01,3.786700057983398438e+01,3.992802810668945312e+01,4.223101806640625000e+01,2.350768470764160156e+01,2.282224655151367188e+01,2.614109039306640625e+01,2.482955932617187500e+01,1.554078483581542969e+01,1.544939422607421875e+01,2.215361976623535156e+01,3.023540115356445312e+01,3.760984039306640625e+01,3.709396362304687500e+01,3.419611740112304688e+01,3.434058380126953125e+01,3.408929824829101562e+01,3.129710388183593750e+01,2.478112792968750000e+01,1.321121406555175781e+01,1.129411220550537109e+01,1.284562873840332031e+01,1.342628192901611328e+01,1.190357971191406250e+01,1.459309101104736328e+01,1.922371292114257812e+01,2.175477981567382812e+01,2.449692153930664062e+01,2.355578613281250000e+01,2.041761779785156250e+01,1.784402656555175781e+01,1.280037021636962891e+01,1.393361473083496094e+01,8.455436706542968750e+00,8.074867248535156250e+00,1.400402832031250000e+01,1.139149475097656250e+01,9.929952621459960938e+00,1.378167724609375000e+01,1.881560134887695312e+01,2.553447341918945312e+01,2.574037933349609375e+01,2.259487915039062500e+01,2.421097946166992188e+01,2.734289550781250000e+01,2.822104072570800781e+01,2.403884887695312500e+01,2.128325843811035156e+01,2.169258117675781250e+01,1.966281509399414062e+01,9.628200531005859375e+00,1.226062297821044922e+01,1.593987846374511719e+01,1.168198013305664062e+01,1.835504341125488281e+01,1.887938117980957031e+01,2.220539283752441406e+01,2.592808151245117188e+01,2.382887649536132812e+01,1.850813674926757812e+01,2.039327621459960938e+01,2.253802871704101562e+01,2.232252883911132812e+01,2.346687316894531250e+01,2.052545166015625000e+01,2.390962219238281250e+01,2.631583023071289062e+01,2.928929710388183594e+01,2.626202583312988281e+01,2.435101318359375000e+01,2.783005523681640625e+01,2.684191513061523438e+01,2.719978332519531250e+01,3.437168121337890625e+01,3.601261901855468750e+01,3.496240234375000000e+01,3.612575531005859375e+01,3.282190704345703125e+01,3.477700805664062500e+01,2.634152603149414062e+01,2.437550544738769531e+01,2.722304153442382812e+01,2.141155433654785156e+01,2.228574752807617188e+01,2.466378021240234375e+01,2.543815231323242188e+01,2.906275558471679688e+01,3.538700866699218750e+01,3.778515243530273438e+01,3.103881454467773438e+01,3.107101058959960938e+01,3.667919921875000000e+01,3.192625045776367188e+01,3.130109405517578125e+01,3.337417602539062500e+01,3.503089141845703125e+01,4.114875793457031250e+01,4.518280029296875000e+01,3.822789764404296875e+01,3.051602172851562500e+01,2.302818489074707031e+01,2.079733657836914062e+01,1.817514801025390625e+01,1.932208633422851562e+01,1.937520980834960938e+01,1.796031951904296875e+01,1.333230304718017578e+01,1.432117748260498047e+01,1.794553184509277344e+01,2.251178169250488281e+01,2.400515174865722656e+01,2.394010543823242188e+01,2.666246032714843750e+01,2.840821838378906250e+01,2.987148666381835938e+01,2.797110176086425781e+01,2.573616027832031250e+01,2.399206161499023438e+01,2.705916976928710938e+01,3.003085136413574219e+01,3.089671897888183594e+01,3.287551498413085938e+01,2.620001220703125000e+01,2.497205734252929688e+01,2.737512779235839844e+01,2.663538742065429688e+01,3.041727066040039062e+01,3.598860168457031250e+01,3.625355911254882812e+01,3.444766998291015625e+01,2.708043670654296875e+01,2.541226577758789062e+01,3.256446838378906250e+01,3.500210571289062500e+01,3.658451080322265625e+01,2.969787979125976562e+01,2.951710128784179688e+01,3.359101486206054688e+01,3.108330535888671875e+01,2.571751785278320312e+01,2.722539710998535156e+01,3.228790283203125000e+01,3.076166725158691406e+01,3.052417564392089844e+01,2.881194686889648438e+01,3.077028465270996094e+01,3.343710327148437500e+01,3.277196502685546875e+01,3.332944488525390625e+01,3.304225158691406250e+01,3.089419174194335938e+01,3.159942245483398438e+01,3.084884834289550781e+01,2.747419357299804688e+01,2.838567733764648438e+01,2.629859542846679688e+01,2.774461746215820312e+01,3.230241012573242188e+01,3.133961105346679688e+01,3.322528076171875000e+01,3.431182098388671875e+01,3.829000854492187500e+01,3.124583816528320312e+01,1.294464302062988281e+01,-7.652093887329101562e+00,-3.113151168823242188e+01,-4.312075805664062500e+01,-4.358718872070312500e+01,-5.019881057739257812e+01,-4.433253479003906250e+01,-2.510666275024414062e+01,-1.493839073181152344e+01,-9.656148910522460938e+00,-6.517261505126953125e+00,-1.019161891937255859e+01,-1.681740760803222656e+01,-2.100014495849609375e+01,-1.538663864135742188e+01,-7.743798255920410156e+00,-6.536513805389404297e+00,-1.740302467346191406e+01,-2.126559448242187500e+01,-2.451966094970703125e+01,-1.935565567016601562e+01,-1.175996685028076172e+01,-3.897625923156738281e+00,3.852297306060791016e+00,1.937179183959960938e+01,3.225265884399414062e+01,3.779243469238281250e+01,3.343210601806640625e+01,1.939396286010742188e+01,3.107491970062255859e+00,1.662427186965942383e-02,1.073210906982421875e+01,1.907012939453125000e+01,2.029961395263671875e+01,2.727667617797851562e+01,3.617333221435546875e+01,4.204710006713867188e+01,4.351317596435546875e+01,3.838161087036132812e+01,3.890229797363281250e+01,5.884269714355468750e+01,6.717610931396484375e+01,6.564851379394531250e+01,5.322138595581054688e+01,5.247407531738281250e+01,6.132580947875976562e+01,6.551701354980468750e+01,6.714919281005859375e+01,6.004110717773437500e+01,2.991916656494140625e+01,-1.612118911743164062e+01,-3.019795608520507812e+01,-3.048173904418945312e+01,-2.639878082275390625e+01,-2.049595832824707031e+01,-1.181283187866210938e+01,-5.161211490631103516e+00,3.414807319641113281e+00,1.567337799072265625e+01,2.653227233886718750e+01,2.845443534851074219e+01,2.650939941406250000e+01,2.825067520141601562e+01,2.217022323608398438e+01,1.114913749694824219e+01,1.323031997680664062e+01,1.319153976440429688e+01,9.600397109985351562e+00,9.974773406982421875e+00,1.342678451538085938e+01,1.754140281677246094e+01,1.513521003723144531e+01,1.497599792480468750e+01,1.789756011962890625e+01,1.862344551086425781e+01,2.127746200561523438e+01,2.266545295715332031e+01,2.131989669799804688e+01,1.779428863525390625e+01,1.702254295349121094e+01,1.498456668853759766e+01,2.093047332763671875e+01,1.999282073974609375e+01,2.066775512695312500e+01,2.377962112426757812e+01,2.653280258178710938e+01,3.230171203613281250e+01,3.091020965576171875e+01,3.140768814086914062e+01,2.403018951416015625e+01,2.572902297973632812e+01,3.093295860290527344e+01,3.368232727050781250e+01,3.472013854980468750e+01,2.953711509704589844e+01,2.761797332763671875e+01,3.053583908081054688e+01,3.208113861083984375e+01,2.983248138427734375e+01,2.885611724853515625e+01,3.184947395324707031e+01,3.209700775146484375e+01,3.237822723388671875e+01,3.459043121337890625e+01,3.522280502319335938e+01,3.233226776123046875e+01,2.871717262268066406e+01,2.754986190795898438e+01,2.645090866088867188e+01,2.501605987548828125e+01,2.941007995605468750e+01,3.210273361206054688e+01,2.716976165771484375e+01,2.617923355102539062e+01,3.257897949218750000e+01,2.898584365844726562e+01,2.902138519287109375e+01,2.617439651489257812e+01,2.539944076538085938e+01,3.089993667602539062e+01,3.064822769165039062e+01,2.284051132202148438e+01,2.172223281860351562e+01,2.387933731079101562e+01,2.024340820312500000e+01,2.185013580322265625e+01,2.435473632812500000e+01,3.040001678466796875e+01,2.835916709899902344e+01,2.030633544921875000e+01,2.364797973632812500e+01,2.752242851257324219e+01,2.102635574340820312e+01,2.450828170776367188e+01,2.691326522827148438e+01,2.800106620788574219e+01,2.852379226684570312e+01,2.760251617431640625e+01,2.760945892333984375e+01,2.715901947021484375e+01,2.797169113159179688e+01,2.912013626098632812e+01,2.475595092773437500e+01,2.871388626098632812e+01,3.073831748962402344e+01,2.961835861206054688e+01,3.424883270263671875e+01,3.494432067871093750e+01,3.081605911254882812e+01,2.916055107116699219e+01,3.280881118774414062e+01,3.247147369384765625e+01,3.052964973449707031e+01,2.939603042602539062e+01,3.054426193237304688e+01,3.201678466796875000e+01,2.754610633850097656e+01,2.949629211425781250e+01,3.081979179382324219e+01,2.886840057373046875e+01,2.553704071044921875e+01,2.223080825805664062e+01,2.398536682128906250e+01,2.748728942871093750e+01,3.044883728027343750e+01,2.857219314575195312e+01,2.579642486572265625e+01,2.770191192626953125e+01,2.824521636962890625e+01,2.801229858398437500e+01,2.959860229492187500e+01,2.794420242309570312e+01,2.358063125610351562e+01,2.537707138061523438e+01,3.006972122192382812e+01,3.158521270751953125e+01,3.427806472778320312e+01,3.294781875610351562e+01,3.105822753906250000e+01,3.381482696533203125e+01,3.643985748291015625e+01,3.548809051513671875e+01,3.161614990234375000e+01,2.796751022338867188e+01,2.758660888671875000e+01,2.873611259460449219e+01,3.269480895996093750e+01,2.644511032104492188e+01,2.708670234680175781e+01,3.108049201965332031e+01,2.890253067016601562e+01,3.172212600708007812e+01,3.354420471191406250e+01,3.136655807495117188e+01,2.770720100402832031e+01,2.983727264404296875e+01,2.980408287048339844e+01,3.223070907592773438e+01,3.397393798828125000e+01,2.865136718750000000e+01,3.078003501892089844e+01,2.667301750183105469e+01,2.215936470031738281e+01,2.803999328613281250e+01,3.337061691284179688e+01,3.493314361572265625e+01,3.454590606689453125e+01,3.262238693237304688e+01,3.272750854492187500e+01,3.366143035888671875e+01,2.913860511779785156e+01,3.001152992248535156e+01,3.061062049865722656e+01,2.970376586914062500e+01,3.072197532653808594e+01,3.060514831542968750e+01,3.396353149414062500e+01,3.892477416992187500e+01,4.163862991333007812e+01,3.792521667480468750e+01,3.204014205932617188e+01,3.335088348388671875e+01,3.204126739501953125e+01,3.153632354736328125e+01,3.419472885131835938e+01,3.356089019775390625e+01,3.043869590759277344e+01,3.271878814697265625e+01,2.790589141845703125e+01,3.054729843139648438e+01,3.420361328125000000e+01,3.559979248046875000e+01,3.611720275878906250e+01,3.637615203857421875e+01,3.147068786621093750e+01,3.191792678833007812e+01,3.232500457763671875e+01,3.167075729370117188e+01,3.164279174804687500e+01,2.932836532592773438e+01,3.229583740234375000e+01,3.490164947509765625e+01,3.781728363037109375e+01,3.290039062500000000e+01,3.401567459106445312e+01,3.453266525268554688e+01,2.783885955810546875e+01,2.451763343811035156e+01,2.834481048583984375e+01,3.091695022583007812e+01,2.600530815124511719e+01,2.804795455932617188e+01,2.939082527160644531e+01,2.636487579345703125e+01,2.701125526428222656e+01,2.374417495727539062e+01,2.044144248962402344e+01,2.607274246215820312e+01,3.161940383911132812e+01,2.550808525085449219e+01,2.229752731323242188e+01,2.670469665527343750e+01,2.920274162292480469e+01,2.514251708984375000e+01,2.454450035095214844e+01,2.449638175964355469e+01,2.664801025390625000e+01,2.425032043457031250e+01,2.239040756225585938e+01,2.296750450134277344e+01,2.090555572509765625e+01,2.433235931396484375e+01,2.686888504028320312e+01,2.955574989318847656e+01,3.405803680419921875e+01,3.178121948242187500e+01,2.945566368103027344e+01,3.196960639953613281e+01,3.363505554199218750e+01,3.438064575195312500e+01,2.759094238281250000e+01,3.020946884155273438e+01,2.929252624511718750e+01,3.012298965454101562e+01,2.932616806030273438e+01,2.543030548095703125e+01,2.973098754882812500e+01,3.020540237426757812e+01,2.885951995849609375e+01,2.732612609863281250e+01,2.759058761596679688e+01,3.060836410522460938e+01,3.008387565612792969e+01,2.913516616821289062e+01,3.417116165161132812e+01,3.593965911865234375e+01,3.552098846435546875e+01,3.344925689697265625e+01,3.364308547973632812e+01,3.298012542724609375e+01,2.774217224121093750e+01,2.034971809387207031e+01,2.021382331848144531e+01,2.580460357666015625e+01,3.221348571777343750e+01,3.126269721984863281e+01,2.821659660339355469e+01,2.856591606140136719e+01,2.896942138671875000e+01,3.061959075927734375e+01,2.937429428100585938e+01,3.181748008728027344e+01,2.988910293579101562e+01,3.109613609313964844e+01,3.288059616088867188e+01,2.970678329467773438e+01,3.486997985839843750e+01,3.594759368896484375e+01,2.964627838134765625e+01,3.237219619750976562e+01,3.713851547241210938e+01,3.882939147949218750e+01,-2.549791336059570312e+01,-5.223379516601562500e+01,-5.996298980712890625e+01,-5.615156555175781250e+01,-5.183607482910156250e+01,-4.006700897216796875e+01,-3.428651428222656250e+01,-3.003008651733398438e+01,-2.075647354125976562e+01,-1.330858898162841797e+01,-1.454171371459960938e+01,-1.945004844665527344e+01,-2.855503082275390625e+01,-3.986884307861328125e+01,-5.031372070312500000e+01,-4.935357284545898438e+01,-4.041217041015625000e+01,-3.263479614257812500e+01,-1.688295173645019531e+01,5.545912742614746094e+00,2.401468658447265625e+01,2.910819053649902344e+01,3.294527053833007812e+01,3.451173782348632812e+01,3.227970123291015625e+01,1.881368064880371094e+01,-6.105618476867675781e+00,-2.694173431396484375e+01,-3.661849212646484375e+01,-3.588434600830078125e+01,-3.238494110107421875e+01,-2.797217941284179688e+01,-2.041447067260742188e+01,-1.415731430053710938e+01,-5.325014114379882812e+00,3.334021329879760742e+00,4.642274856567382812e+00,1.209526157379150391e+01,4.001752471923828125e+01,5.795667266845703125e+01,6.772752380371093750e+01,6.396842575073242188e+01,6.584315490722656250e+01,6.302707672119140625e+01,3.478060913085937500e+01,1.508723258972167969e+01,1.459037399291992188e+01,2.025034332275390625e+01,1.769975662231445312e+01,2.131068706512451172e+00,-2.125654602050781250e+01,-3.514766693115234375e+01,-4.291658782958984375e+01,-4.772801971435546875e+01,-4.528594970703125000e+01,-4.099320983886718750e+01,-2.775630187988281250e+01,-1.988029861450195312e+01,-1.098211288452148438e+01,5.502184629440307617e-01,6.171475410461425781e+00,4.736016273498535156e+00,1.037204551696777344e+01,1.307796478271484375e+01,3.917881011962890625e+00,-9.348021507263183594e+00,-2.020575714111328125e+01,-2.073107147216796875e+01,-1.318309783935546875e+01,1.448805332183837891e+00,1.101461601257324219e+01,1.532086372375488281e+01,2.381756973266601562e+01,2.081842231750488281e+01,1.746707534790039062e+01,1.268618392944335938e+01,1.333736419677734375e+01,5.249451160430908203e+00,-4.557197570800781250e+00,-1.420270156860351562e+01,-1.984584808349609375e+01,-2.264639472961425781e+01,-1.832585906982421875e+01,-6.262761116027832031e+00,5.701607704162597656e+00,1.123316383361816406e+01,2.302284240722656250e+01,2.241594886779785156e+01,1.025752449035644531e+01,9.375340461730957031e+00,1.484368705749511719e+01,1.442018699645996094e+01,1.688454437255859375e+01,1.820949363708496094e+01,2.272167968750000000e+01,2.523184204101562500e+01,2.620737457275390625e+01,2.526221847534179688e+01,2.231183242797851562e+01,2.589092636108398438e+01,2.513035392761230469e+01,2.220776557922363281e+01,2.426150894165039062e+01,2.571741485595703125e+01,2.403104782104492188e+01,2.194456863403320312e+01,2.142221832275390625e+01,2.081428146362304688e+01,2.406716918945312500e+01,2.768333816528320312e+01,3.233206176757812500e+01,3.061476707458496094e+01,2.643362808227539062e+01,2.605041122436523438e+01,2.248310470581054688e+01,2.073856544494628906e+01,2.172006607055664062e+01,2.301882934570312500e+01,1.635126876831054688e+01,1.413500499725341797e+01,2.228414154052734375e+01,1.810569763183593750e+01,7.423949241638183594e+00,-1.111748218536376953e+00,-2.609369039535522461e+00,1.180675745010375977e+00,4.316345214843750000e+00,6.776844978332519531e+00,2.927947521209716797e+00,-1.545101928710937500e+01,-3.326696777343750000e+01,-3.899008178710937500e+01,-3.750274658203125000e+01,-3.228684997558593750e+01,-2.726079559326171875e+01,-1.921924972534179688e+01,-5.904156208038330078e+00,1.132276344299316406e+01,2.435863113403320312e+01,2.921726608276367188e+01,3.215655136108398438e+01,3.755599975585937500e+01,3.708013153076171875e+01,3.023715972900390625e+01,2.513278198242187500e+01,2.322409057617187500e+01,2.547154617309570312e+01,2.659450912475585938e+01,2.100943756103515625e+01,2.383069992065429688e-01,-2.170480489730834961e+00,5.611591339111328125e-01,1.095221877098083496e+00,-1.775190591812133789e+00,-1.251662492752075195e+00,4.538477897644042969e+00,4.672710895538330078e+00,2.444398641586303711e+00,6.447349548339843750e+00,7.000037193298339844e+00,1.411619091033935547e+01,2.014063262939453125e+01,1.821712493896484375e+01,1.907087326049804688e+01,2.227582168579101562e+01,2.502301406860351562e+01,2.623708343505859375e+01,3.034712982177734375e+01,2.948487281799316406e+01,2.825546264648437500e+01,2.650845146179199219e+01,2.437437248229980469e+01,2.569517517089843750e+01,2.401419830322265625e+01,2.447570419311523438e+01,2.210243988037109375e+01,2.488551139831542969e+01,2.473191642761230469e+01,2.222882843017578125e+01,2.143019485473632812e+01,2.542175292968750000e+01,2.367290115356445312e+01,2.575144577026367188e+01,2.459468460083007812e+01,1.859190368652343750e+01,1.629331588745117188e+01,2.155304718017578125e+01,2.713189888000488281e+01,2.793579292297363281e+01,5.680579185485839844e+00,-1.640106582641601562e+01,-2.557471084594726562e+01,-3.408311462402343750e+01,-4.471756362915039062e+01,-6.253541183471679688e+01,-6.694170379638671875e+01,-5.921717071533203125e+01,-4.988928985595703125e+01,-4.658144378662109375e+01,-3.880165100097656250e+01,-2.514629745483398438e+01,-1.753825378417968750e+01,-8.437413215637207031e+00,2.391433477401733398e+00,3.388071537017822266e+00,-5.944342136383056641e+00,-9.143699645996093750e+00,-1.178905487060546875e+01,-1.342706108093261719e+01,-1.069277000427246094e+01,-2.001483678817749023e+00,5.288420677185058594e+00,1.225968742370605469e+01,1.460776138305664062e+01,1.301906776428222656e+01,-2.474706411361694336e+00,-1.649631881713867188e+01,-3.321910476684570312e+01,-4.820404815673828125e+01,-5.141537475585937500e+01,-5.454009246826171875e+01,-5.292685699462890625e+01,-4.699962615966796875e+01,-4.020068359375000000e+01,-3.086167526245117188e+01,-2.118383407592773438e+01,-1.062142562866210938e+01,2.520058393478393555e+00,1.702873992919921875e+01,2.099528884887695312e+01,1.882326889038085938e+01,1.749291610717773438e+01,1.499739837646484375e+01,1.533246612548828125e+01,1.232040214538574219e+01,3.356364727020263672e+00,-5.005196571350097656e+00,-1.267811179161071777e+00,8.793461918830871582e-01,4.564294815063476562e+00,7.744946956634521484e+00,9.683164596557617188e+00,1.460425090789794922e+01,1.634636688232421875e+01,1.474928283691406250e+01,1.486011409759521484e+01,1.496499347686767578e+01,1.399005985260009766e+01,1.738938903808593750e+01,1.950221252441406250e+01,1.864358901977539062e+01,1.640998649597167969e+01,1.727961730957031250e+01,1.665391159057617188e+01,2.004961013793945312e+01,2.976105690002441406e+01,2.606538581848144531e+01,2.494262886047363281e+01,2.650058937072753906e+01,2.299162673950195312e+01,1.744970321655273438e+01,1.430788898468017578e+01,1.406304550170898438e+01,8.345733642578125000e+00,6.039197921752929688e+00,7.441950798034667969e+00,7.756517410278320312e+00,8.821817398071289062e+00,1.171081066131591797e+01,1.141496086120605469e+01,1.401360130310058594e+01,7.339257240295410156e+00,-1.103303718566894531e+01,-2.660742378234863281e+01,-4.031445693969726562e+01,-4.613851928710937500e+01,-4.081431198120117188e+01,-3.166733741760253906e+01,-9.932216644287109375e+00,1.399059867858886719e+01,2.434465026855468750e+01,3.082801055908203125e+01,3.610402679443359375e+01,3.802835845947265625e+01,3.209921264648437500e+01,8.768800735473632812e+00,-2.112534523010253906e+00,2.658026218414306641e+00,8.995014190673828125e+00,6.911538124084472656e+00,3.825925350189208984e+00,8.584991455078125000e+00,2.262717628479003906e+01,1.350518131256103516e+01,4.567013740539550781e+00,2.849889278411865234e+00,4.708446502685546875e+00,6.421401023864746094e+00,7.298534393310546875e+00,1.172229290008544922e+01,7.153145313262939453e+00,4.209696769714355469e+00,8.308387756347656250e+00,1.000427436828613281e+01,1.035069656372070312e+01,1.244183921813964844e+01,1.559202003479003906e+01,2.237716293334960938e+01,2.427626419067382812e+01,1.954508399963378906e+01,1.395595550537109375e+01,1.197180652618408203e+01,5.279755115509033203e+00,-1.107658386230468750e+01,-2.429125595092773438e+01,-3.508973693847656250e+01,-3.973387908935546875e+01,-3.856374359130859375e+01,-4.916073989868164062e+01,-5.517340087890625000e+01,-5.470421981811523438e+01,-4.554039001464843750e+01,-3.847068405151367188e+01,-3.191970062255859375e+01,-2.194753456115722656e+01,-1.063769721984863281e+01,-4.773244857788085938e+00,-8.750104904174804688e-01,4.232610225677490234e+00,1.122480487823486328e+01,9.035495758056640625e+00,9.161556243896484375e+00,1.053388023376464844e+01,1.944052886962890625e+01,1.533393287658691406e+01,1.524141120910644531e+01,8.765973091125488281e+00,5.682833671569824219e+00,9.318832397460937500e+00,1.351421260833740234e+01,1.352327919006347656e+01,1.977207946777343750e+01,2.522155189514160156e+01,1.540212821960449219e+01,-5.029770851135253906e+00,-1.558345794677734375e+01,-2.809074020385742188e+01,-3.962507247924804688e+01,-5.354712295532226562e+01,-5.394551849365234375e+01,-4.863179779052734375e+01,-4.520748138427734375e+01,-4.330064010620117188e+01,-4.220145416259765625e+01,-3.104334068298339844e+01,-1.835831832885742188e+01,-9.234395980834960938e+00,-3.320889472961425781e+00,1.143800020217895508e-01,1.364047229290008545e-01,-1.059016418457031250e+01,-1.575364398956298828e+01,-1.275995159149169922e+01,-9.449098587036132812e+00,-1.820040583610534668e+00,5.304314613342285156e+00,6.887749671936035156e+00,1.713769149780273438e+01,1.928234100341796875e+01,2.078873443603515625e+01,2.791786575317382812e+01,2.614262199401855469e+01,1.734907913208007812e+01,9.392883300781250000e+00,8.110589981079101562e+00,1.204765701293945312e+01,1.325925159454345703e+01,1.370214080810546875e+01,1.400426864624023438e+01,1.416947555541992188e+01,1.738611221313476562e+01,1.916283035278320312e+01,2.331609725952148438e+01,1.856481933593750000e+01,1.868515014648437500e+01,1.634927177429199219e+01,2.031406784057617188e+01,2.469811248779296875e+01,2.265655517578125000e+01,1.475967311859130859e+01,1.081676101684570312e+01,1.385028839111328125e+01,1.617889022827148438e+01,8.955459594726562500e+00,3.928873300552368164e+00,5.797339439392089844e+00,1.703703641891479492e+00,-7.717664718627929688e+00,-1.551799869537353516e+01,-2.205492019653320312e+01,-1.730147933959960938e+01,-1.011264514923095703e+01,2.016912221908569336e+00,1.564797163009643555e+00,3.912011384963989258e-01,4.052200317382812500e-01,8.537773132324218750e+00,1.001040458679199219e+01,2.610246658325195312e+01,4.568174743652343750e+01,5.217646408081054688e+01,4.909980773925781250e+01,4.640695190429687500e+01,4.540470886230468750e+01,4.669296264648437500e+01,4.308226013183593750e+01,3.347193908691406250e+01,2.514469909667968750e+01,2.100168609619140625e+01,2.305521392822265625e+01,2.369124603271484375e+01,2.189436149597167969e+01,2.272581291198730469e+01,1.985125160217285156e+01,1.999969673156738281e+01,2.066668701171875000e+01,1.833788681030273438e+01,2.058656692504882812e+01,1.878108215332031250e+01,1.586712074279785156e+01,1.577367782592773438e+01,2.231392669677734375e+01,1.919346237182617188e+01,2.118348693847656250e+01,3.338689041137695312e+01,3.853357696533203125e+01,3.465522003173828125e+01,2.537811660766601562e+01,2.913952636718750000e+01,2.715320587158203125e+01,2.051720809936523438e+01,2.122419166564941406e+01,2.270318603515625000e+01,2.155735778808593750e+01,2.188135528564453125e+01,2.294085693359375000e+01,1.876120567321777344e+01,1.548671245574951172e+01,1.608804702758789062e+01,1.833343124389648438e+01,2.341209030151367188e+01,2.424769592285156250e+01,2.376864814758300781e+01,2.039636230468750000e+01,1.414969825744628906e+01,1.150710296630859375e+01,1.703805923461914062e+01,1.371441268920898438e+01,-8.054964065551757812e+00,-3.328917312622070312e+01,-5.540573120117187500e+01,-6.800743103027343750e+01,-7.564910888671875000e+01,-7.735768127441406250e+01,-7.339839172363281250e+01,-6.401755523681640625e+01,-5.427637481689453125e+01,-4.342922210693359375e+01,-3.542044067382812500e+01,-2.650852966308593750e+01,-1.735429573059082031e+01,-6.806437492370605469e+00,1.879340171813964844e+00,-8.368175506591796875e+00,-2.240686416625976562e+01,-2.135276412963867188e+01,-1.892438507080078125e+01,-1.139511871337890625e+01,5.999553203582763672e-02,4.501543998718261719e+00,2.236101865768432617e+00,-4.720204353332519531e+00,-2.003860855102539062e+01,-3.506772613525390625e+01,-3.968518066406250000e+01,-4.089059829711914062e+01,-3.989740371704101562e+01,-3.653754043579101562e+01,-2.575882148742675781e+01,-1.433838558197021484e+01,-5.080132484436035156e+00,4.604175567626953125e+00,1.157782936096191406e+01,1.167280769348144531e+01,1.537670135498046875e+01,2.140815353393554688e+01,2.285795593261718750e+01,2.564860916137695312e+01,2.877911376953125000e+01,3.435878753662109375e+01,3.451593780517578125e+01,3.453990173339843750e+01,2.983383750915527344e+01,1.172870063781738281e+01,-2.623103857040405273e+00,-9.142160415649414062e+00,-1.037035179138183594e+01,-9.367313385009765625e+00,-6.992633819580078125e+00,1.361767500638961792e-01,8.213135600090026855e-01,4.191309928894042969e+00,1.382333946228027344e+01,2.446458053588867188e+01,4.074525070190429688e+01,5.217230224609375000e+01,5.669673156738281250e+01,5.418284225463867188e+01,5.250335693359375000e+01,5.078028488159179688e+01,5.066645050048828125e+01,4.961466598510742188e+01,4.562114715576171875e+01,3.577795410156250000e+01,2.649354171752929688e+01,1.965490722656250000e+01,1.842722129821777344e+01,1.357879829406738281e+01,8.766170501708984375e+00,1.292764091491699219e+01,1.824976158142089844e+01,2.253490447998046875e+01,1.822524070739746094e+01,1.629331207275390625e+01,1.617603302001953125e+01,1.271185493469238281e+01,1.475306797027587891e+01,1.673162078857421875e+01,1.742859077453613281e+01,2.159087753295898438e+01,1.790962982177734375e+01,1.359633636474609375e+01,1.750246429443359375e+01,1.619898796081542969e+01,1.581080627441406250e+01,1.989189910888671875e+01,1.801383781433105469e+01,1.527693080902099609e+01,1.184305763244628906e+01,1.373854637145996094e+01,1.939344406127929688e+01,1.836059761047363281e+01,1.809970092773437500e+01,1.477452659606933594e+01,1.363786792755126953e+01,1.436565399169921875e+01,1.182474517822265625e+01,1.268267822265625000e+01,3.730893135070800781e+00,-2.206995010375976562e+01,-3.159613800048828125e+01,-2.970220565795898438e+01,-4.511606979370117188e+01,-6.270096588134765625e+01,-7.300071716308593750e+01,-7.965010070800781250e+01,-7.840771484375000000e+01,-7.237500000000000000e+01,-6.551579284667968750e+01,-6.120398712158203125e+01,-5.308334350585937500e+01,-4.298378753662109375e+01,-3.245998001098632812e+01,-2.314517211914062500e+01,-1.548458385467529297e+01,-1.100870323181152344e+01,-2.167183637619018555e+00,5.148834228515625000e+00,3.810261011123657227e+00,7.370582103729248047e+00,1.536063194274902344e+00,-4.830589294433593750e+00,-5.209952831268310547e+00,-1.803416967391967773e+00,-2.533958554267883301e-01,2.385433912277221680e+00,7.545964717864990234e+00,1.508145618438720703e+01,1.637561988830566406e+01,1.666561889648437500e+01,8.556076049804687500e+00,7.544114112854003906e+00,1.336621093750000000e+01,1.359739589691162109e+01,1.463818645477294922e+01,1.491651535034179688e+01,1.257378959655761719e+01,1.590873718261718750e+01,1.657776069641113281e+01,1.618136024475097656e+01,1.740082740783691406e+01,1.838800048828125000e+01,2.110149002075195312e+01,2.446457290649414062e+01,1.855532836914062500e+01,1.766096878051757812e+01,1.477674102783203125e+01,1.502447128295898438e+01,1.933062362670898438e+01,2.676157379150390625e+01,2.916125488281250000e+01,2.798116302490234375e+01,2.662330627441406250e+01,2.420450973510742188e+01,1.781911087036132812e+01,1.727374649047851562e+01,1.772200775146484375e+01,1.289322090148925781e+01,1.009041881561279297e+01,1.693247604370117188e+01,1.777204513549804688e+01,3.902445220947265625e+01,3.393358612060546875e+01,2.260047721862792969e+01,2.194141387939453125e+01,2.058626174926757812e+01,2.362728309631347656e+01,1.290091037750244141e+01,6.706292152404785156e+00,3.341845512390136719e+00,-2.590395450592041016e+00,-1.107704544067382812e+01,-1.318261146545410156e+01,-1.842016983032226562e+01,-2.003298759460449219e+01,-1.799564743041992188e+01,-1.996939468383789062e+01,-2.154103660583496094e+01,-1.977450942993164062e+01,-2.253906250000000000e+01,-1.966313934326171875e+01,-9.307748794555664062e+00,3.148651123046875000e-02,8.555333137512207031e+00,1.263953971862792969e+01,1.530514335632324219e+01,2.046593284606933594e+01,1.816224670410156250e+01,1.596426010131835938e+01,1.286606979370117188e+01,1.356206703186035156e+01,5.566542625427246094e+00,-2.213837862014770508e+00,-7.873385906219482422e+00,-1.411713409423828125e+01,-2.042438125610351562e+01,-2.021753692626953125e+01,-2.380188941955566406e+01,-2.952345466613769531e+01,-2.752077102661132812e+01,-2.818649673461914062e+01,-3.078351020812988281e+01,-2.379115295410156250e+01,-1.742456054687500000e+01,-9.570224761962890625e+00,-6.525154709815979004e-01,3.924841642379760742e+00,7.358123779296875000e+00,1.479749011993408203e+01,2.048371505737304688e+01,2.124331283569335938e+01,1.804302215576171875e+01,1.821019172668457031e+01,2.205535125732421875e+01,1.984623718261718750e+01,1.896574401855468750e+01,1.995580673217773438e+01,1.872599792480468750e+01,1.787065505981445312e+01,1.992740631103515625e+01,1.971507263183593750e+01,2.069829940795898438e+01,1.828595352172851562e+01,2.156019210815429688e+01,2.595807456970214844e+01,2.225590896606445312e+01,2.448292732238769531e+01,1.946989822387695312e+01,-1.383500289916992188e+01,-3.622129058837890625e+01,-5.422515869140625000e+01,-6.810756683349609375e+01,-7.879515838623046875e+01,-7.252070617675781250e+01,-6.685791778564453125e+01,-6.141489028930664062e+01,-5.561341857910156250e+01,-3.770151519775390625e+01,-1.753153228759765625e+01,-9.270588874816894531e+00,-4.030899047851562500e+00,4.108603000640869141e+00,1.055656623840332031e+01,1.323023605346679688e+01,1.730500793457031250e+01,1.223531341552734375e+01,-1.527900886535644531e+01,-3.666559219360351562e+01,-3.819451522827148438e+01,-3.911563873291015625e+01,-3.697190093994140625e+01,-2.272662734985351562e+01,-1.024319362640380859e+01,-8.934995651245117188e+00,-3.814709424972534180e+00,5.105002403259277344e+00,1.507782363891601562e+01,2.659256362915039062e+01,3.234339904785156250e+01,3.016690444946289062e+01,2.188766479492187500e+01,1.602729797363281250e+01,1.726404380798339844e+01,1.895758247375488281e+01,2.087049484252929688e+01,1.115656471252441406e+01,2.389228105545043945e+00,-5.353509902954101562e+00,-1.911095619201660156e+01,-2.576972961425781250e+01,-3.291151428222656250e+01,-3.653844451904296875e+01,-3.625038909912109375e+01,-2.814997482299804688e+01,-1.386243820190429688e+01,-2.472445487976074219e+00,3.281196355819702148e-01,8.489360809326171875e+00,1.283470344543457031e+01,1.114208030700683594e+01,1.057790946960449219e+01,1.836564254760742188e+01,2.293329048156738281e+01,1.837974166870117188e+01,-2.286334037780761719e+00,-8.299949645996093750e+00,-1.481802177429199219e+01,-2.030017852783203125e+01,-1.971433258056640625e+01,-2.442126083374023438e+01,-1.504189395904541016e+01,-2.619521379470825195e+00,5.082019805908203125e+00,1.112313652038574219e+01,8.832519531250000000e+00,4.234764099121093750e+00,-5.512863159179687500e+00,-5.091120243072509766e+00,7.527621746063232422e+00,1.695353507995605469e+01,1.455109214782714844e+01,2.633459091186523438e+00,-1.760317993164062500e+01,-3.873784637451171875e+01,-5.118771743774414062e+01,-4.627760696411132812e+01,-3.127216339111328125e+01,-1.423812103271484375e+01,-3.656336307525634766e+00,4.899209976196289062e+00,8.436246871948242188e+00,1.004242324829101562e+01,6.412376403808593750e+00,4.692453742027282715e-01,-9.272605895996093750e+00,-7.645461559295654297e+00,1.446633696556091309e+00,3.536427974700927734e+00,1.225585842132568359e+01,1.724482727050781250e+01,2.057944107055664062e+01,1.352544593811035156e+01,1.040223503112792969e+01,1.385005187988281250e+01,-1.371986961364746094e+01,-2.332590866088867188e+01,-1.783514785766601562e+01,-7.775664329528808594e+00,-4.397275924682617188e+00,1.515336990356445312e+00,8.093904495239257812e+00,1.498291301727294922e+01,1.804247093200683594e+01,1.954906463623046875e+01,1.871565055847167969e+01,2.257003402709960938e+01,2.381760025024414062e+01,2.275344085693359375e+01,2.384017181396484375e+01,1.801283454895019531e+01,1.688485908508300781e+01,1.128157234191894531e+01,1.301489448547363281e+01,1.252831268310546875e+01,8.264436721801757812e+00,1.250000190734863281e+01,1.677139282226562500e+01,1.988086318969726562e+01,1.704590225219726562e+01,1.927873039245605469e+01,2.296065521240234375e+01,2.352666091918945312e+01,1.781489562988281250e+01,1.659468460083007812e+01,2.057884597778320312e+01,3.009663391113281250e+01,3.289463806152343750e+01,2.782094573974609375e+01,2.598429107666015625e+01,2.854199981689453125e+01,2.749521446228027344e+01,2.702461242675781250e+01,2.171806335449218750e+01,4.655288696289062500e+00,-1.622001647949218750e+01,-3.422361755371093750e+01,-4.425734710693359375e+01,-5.845474243164062500e+01,-6.190975189208984375e+01,-6.022397613525390625e+01,-5.806884765625000000e+01,-5.401388168334960938e+01,-4.534478759765625000e+01,-3.943827819824218750e+01,-3.139971923828125000e+01,-2.146906852722167969e+01,-1.179492568969726562e+01,-1.043256878852844238e+00,1.399090766906738281e+01,1.574543285369873047e+01,-1.481976985931396484e+00,-2.070129776000976562e+01,-3.928494262695312500e+01,-5.487786865234375000e+01,-5.835464477539062500e+01,-5.368917846679687500e+01,-4.318753051757812500e+01,-3.358464813232421875e+01,-2.103648376464843750e+01,-1.523405671119689941e+00,5.068036079406738281e+00,3.401532411575317383e+00,7.366046905517578125e+00,2.003488540649414062e+01,2.498146057128906250e+01,2.822942924499511719e+01,2.387957763671875000e+01,1.944037818908691406e+01,9.642606735229492188e+00,1.119595050811767578e+00,4.280169010162353516e+00,1.100366401672363281e+01,1.487203025817871094e+01,1.679973983764648438e+01,1.912868118286132812e+01,2.569303703308105469e+01,2.151440811157226562e+01,2.038452529907226562e+01,2.446841812133789062e+01,2.416135406494140625e+01,2.478290557861328125e+01,2.580204772949218750e+01,2.484969329833984375e+01,2.074624633789062500e+01,2.246798515319824219e+01,2.811381912231445312e+01,2.938940048217773438e+01,2.584842681884765625e+01,2.483942604064941406e+01,2.226269912719726562e+01,2.400985336303710938e+01,2.337552452087402344e+01,2.482300567626953125e+01,3.194190979003906250e+01,3.449446105957031250e+01,3.536863327026367188e+01,3.431616210937500000e+01,2.897195816040039062e+01,2.688853263854980469e+01,2.788362884521484375e+01,2.616736984252929688e+01,2.250764465332031250e+01,2.112643814086914062e+01,2.273788833618164062e+01,1.920701980590820312e+01,1.580787849426269531e+01,2.104698944091796875e+01,2.532733726501464844e+01,2.457325363159179688e+01,2.528597831726074219e+01,2.261872673034667969e+01,2.852296447753906250e+01,3.226612854003906250e+01,2.770271682739257812e+01,2.173599624633789062e+01,2.536409378051757812e+01,2.466184234619140625e+01,1.989750671386718750e+01,1.944379425048828125e+01,1.871231079101562500e+01,-1.262659668922424316e+00,-5.181784057617187500e+01,-6.774459838867187500e+01,-6.685469055175781250e+01,-6.388289260864257812e+01,-5.219867706298828125e+01,-3.453463745117187500e+01,-1.772397613525390625e+01,-1.099837589263916016e+01,-4.267080307006835938e+00,-2.082558155059814453e+00,-8.795965194702148438e+00,-5.295002460479736328e+00,-4.864944934844970703e+00,-1.302584528923034668e+00,8.709977149963378906e+00,1.231360626220703125e+01,6.394720077514648438e+00,-1.973570060729980469e+01,-3.810215759277343750e+01,-5.505697250366210938e+01,-6.113552474975585938e+01,-5.910604095458984375e+01,-4.819083786010742188e+01,-3.425885009765625000e+01,-2.861984252929687500e+01,-2.406903457641601562e+01,-1.633583450317382812e+01,-1.249741744995117188e+01,-9.708736419677734375e+00,-8.111518859863281250e+00,-2.289803266525268555e+00,-1.963185548782348633e+00,6.242514252662658691e-01,7.983942031860351562e+00,1.686790657043457031e+01,1.403187370300292969e+01,7.927881240844726562e+00,7.665513038635253906e+00,1.367837810516357422e+01,1.326960754394531250e+01,1.018608283996582031e+01,1.082352066040039062e+01,1.866477489471435547e+00,-3.918331146240234375e+00,-6.496747970581054688e+00,-1.441627883911132812e+01,-2.289173889160156250e+01,-2.976764297485351562e+01,-3.153772354125976562e+01,-2.732360458374023438e+01,-2.802157402038574219e+01,-2.921373558044433594e+01,-3.085704612731933594e+01,-2.923646545410156250e+01,-2.153755187988281250e+01,-1.508128547668457031e+01,-1.008233451843261719e+01,-1.849013090133666992e+00,6.920775413513183594e+00,8.926448822021484375e+00,9.650167465209960938e+00,2.641863822937011719e+01,5.344767379760742188e+01,5.874977111816406250e+01,5.826419830322265625e+01,5.735765838623046875e+01,4.743187713623046875e+01,4.044561767578125000e+01,3.305605316162109375e+01,1.952588653564453125e+01,1.348278713226318359e+01,1.728771400451660156e+01,2.340609169006347656e+01,2.879733848571777344e+01,3.389292526245117188e+01,2.902930068969726562e+01,2.976070976257324219e+01,2.768799591064453125e+01,3.019519424438476562e+01,2.829006195068359375e+01,2.920296287536621094e+01,3.192408561706542969e+01,3.309453582763671875e+01,3.209850692749023438e+01,4.197161102294921875e+01,5.630750656127929688e+01,5.731733322143554688e+01,5.341136932373046875e+01,5.649810791015625000e+01,5.669728088378906250e+01,5.344712066650390625e+01,3.856040954589843750e+01,1.300831413269042969e+01,-9.312505722045898438e+00,-1.810655593872070312e+01,-2.442967414855957031e+01,-2.114953231811523438e+01,-1.393507766723632812e+01,-8.797076225280761719e+00,-4.955893516540527344e+00,5.428029060363769531e+00,1.912565612792968750e+01,2.313558769226074219e+01,2.185608673095703125e+01,2.218973922729492188e+01,2.050445747375488281e+01,1.959858322143554688e+01,1.934766006469726562e+01,1.895360946655273438e+01,1.174990272521972656e+01,1.549587059020996094e+01,2.088907814025878906e+01,2.455626487731933594e+01,1.918316650390625000e+01,1.370321273803710938e+01,1.362805366516113281e+01,1.506665515899658203e+01,1.975094223022460938e+01,2.030396842956542969e+01,2.138367080688476562e+01,1.999409484863281250e+01,2.133265113830566406e+01,2.245658302307128906e+01,2.600050735473632812e+01,2.669826889038085938e+01,2.254139709472656250e+01,2.558037185668945312e+01,2.533314132690429688e+01,1.877548408508300781e+01,7.029925823211669922e+00,5.860789299011230469e+00,1.239312934875488281e+01,1.621755027770996094e+01,1.873730659484863281e+01,1.849257278442382812e+01,1.561441993713378906e+01,1.979137992858886719e+01,1.682131576538085938e+01,2.265546321868896484e+00,-7.143899917602539062e+00,-1.185588073730468750e+01,-1.708542251586914062e+01,-1.665274047851562500e+01,-5.383385181427001953e+00,-1.164061260223388672e+01,-1.533072376251220703e+01,-6.847908973693847656e+00,-2.173063993453979492e+00,5.597255706787109375e+00,1.340233707427978516e+01,2.474451828002929688e+01,2.510988998413085938e+01,1.356896400451660156e+01,1.359450531005859375e+01,1.130300521850585938e+01,8.670997619628906250e+00,5.784029960632324219e+00,2.475222826004028320e+00,-2.388793826103210449e-01,2.089123249053955078e+00,5.909266948699951172e+00,1.087987327575683594e+01,8.901309967041015625e+00,1.071789932250976562e+01,1.138698577880859375e+01,8.918605804443359375e+00,8.891502380371093750e+00,8.573948860168457031e+00,8.977183341979980469e+00,1.019642543792724609e+01,1.177043533325195312e+01,1.097914886474609375e+01,1.253575325012207031e+01,1.457316112518310547e+01,1.418242263793945312e+01,1.242473030090332031e+01,1.225520133972167969e+01,1.441437721252441406e+01,1.577227783203125000e+01,1.658950805664062500e+01,1.125778961181640625e+01,1.332807922363281250e+01,1.541466140747070312e+01,1.374025344848632812e+01,1.233221435546875000e+01,1.079185295104980469e+01,1.273134708404541016e+01,1.357192325592041016e+01,1.220044136047363281e+01,1.073158454895019531e+01,1.198824691772460938e+01,1.674491500854492188e+01,2.035463714599609375e+01,2.203221511840820312e+01,2.149039840698242188e+01,2.309901428222656250e+01,2.424394798278808594e+01,2.385309028625488281e+01,-1.954673767089843750e+01,-4.576887512207031250e+01,-6.035826873779296875e+01,-6.891555023193359375e+01,-6.796032714843750000e+01,-6.000479888916015625e+01,-4.778387451171875000e+01,-3.477999877929687500e+01,-2.798640632629394531e+01,-2.302258300781250000e+01,-1.965024185180664062e+01,-1.816952896118164062e+01,-1.127938270568847656e+01,1.233182787895202637e+00,5.881096839904785156e+00,1.312486743927001953e+01,1.669508743286132812e+01,1.251348876953125000e+01,4.121929168701171875e+00,-2.071283578872680664e+00,-2.311795711517333984e+00,-5.445768833160400391e+00,-4.579799652099609375e+00,-5.335413932800292969e+00,-7.824956893920898438e+00,-6.815135002136230469e+00,-9.322965621948242188e+00,-1.032292842864990234e+01,-7.329273700714111328e+00,-4.538548469543457031e+00,6.399658322334289551e-01,2.123664379119873047e+00,9.598432540893554688e+00,1.681590080261230469e+01,1.769185638427734375e+01,1.787709236145019531e+01,2.270553398132324219e+01,2.261272811889648438e+01,2.177730560302734375e+01,1.810690307617187500e+01,1.754183578491210938e+01,2.139143753051757812e+01,1.734304809570312500e+01,1.947055435180664062e+01,2.308231735229492188e+01,2.520894622802734375e+01,2.335214042663574219e+01,1.949968719482421875e+01,1.944967079162597656e+01,2.128834915161132812e+01,2.244970703125000000e+01,1.918642807006835938e+01,1.299873161315917969e+01,1.184284400939941406e+01,1.391563415527343750e+01,1.740467071533203125e+01,2.487170982360839844e+01,5.115659332275390625e+01,5.340660476684570312e+01,4.712341308593750000e+01,4.278661346435546875e+01,3.986191558837890625e+01,3.482176589965820312e+01,2.429998779296875000e+01,1.063578987121582031e+01,-1.426080584526062012e+00,-3.224360942840576172e-01,7.236154556274414062e+00,1.280193519592285156e+01,1.334937095642089844e+01,6.852350234985351562e+00,-2.050004959106445312e+01,-4.069379425048828125e+01,-5.284912109375000000e+01,-5.508699798583984375e+01,-5.308047485351562500e+01,-3.997421264648437500e+01,-2.893888854980468750e+01,7.801580429077148438e-02,2.132819938659667969e+01,2.905510330200195312e+01,3.744448852539062500e+01,4.090819549560546875e+01,4.177881622314453125e+01,4.368839645385742188e+01,3.992884063720703125e+01,3.730509185791015625e+01,3.388631439208984375e+01,4.157202148437500000e+01,5.355459213256835938e+01,5.198688507080078125e+01,5.182296371459960938e+01,4.973090362548828125e+01,4.932190704345703125e+01,4.453730773925781250e+01,3.882461166381835938e+01,3.758787536621093750e+01,3.517459106445312500e+01,3.872329711914062500e+01,2.185730743408203125e+01,-1.184421730041503906e+01,-3.212504196166992188e+01,-4.831359863281250000e+01,-5.212014007568359375e+01,-5.293191528320312500e+01,-4.687856292724609375e+01,-3.722509765625000000e+01,-2.772696685791015625e+01,-1.433600139617919922e+01,-9.353109359741210938e+00,2.908065319061279297e-01,1.046262359619140625e+01,1.462923431396484375e+01,2.050330734252929688e+01,2.110093688964843750e+01,2.048486518859863281e+01,2.171750831604003906e+01,2.055886840820312500e+01,1.959175109863281250e+01,1.365726089477539062e+01,8.205168724060058594e+00,8.690267562866210938e+00,8.665681838989257812e+00,1.388314247131347656e+01,1.662440109252929688e+01,1.805757522583007812e+01,1.792640686035156250e+01,1.842700958251953125e+01,1.814115715026855469e+01,1.618736457824707031e+01,1.209370422363281250e+01,1.060300922393798828e+01,1.347232913970947266e+01,1.803004646301269531e+01,1.577096462249755859e+01,1.440670013427734375e+01,1.424868774414062500e+01,1.604644012451171875e+01,2.101107406616210938e+01,1.290542793273925781e+01,9.380989074707031250e+00,1.782837677001953125e+01,3.697232055664062500e+01,4.372692108154296875e+01,2.807381439208984375e+01,-4.903757095336914062e+00,-3.777265930175781250e+01,-3.689376449584960938e+01,-3.197861480712890625e+01,-1.780317687988281250e+01,-1.464443325996398926e+00,1.321018600463867188e+01,2.405959320068359375e+01,2.190624237060546875e+01,9.359496831893920898e-01,-1.273752307891845703e+01,-1.178676795959472656e+01,-3.487403154373168945e+00,6.063560485839843750e+00,7.134163856506347656e+00,-1.011670780181884766e+01,-3.151860809326171875e+01,-4.212854766845703125e+01,-4.126810836791992188e+01,-4.013516235351562500e+01,-2.900571632385253906e+01,-1.997021484375000000e+01,-1.629966163635253906e+01,-5.434236526489257812e+00,1.040205001831054688e+00,-1.734053194522857666e-01,4.476859092712402344e+00,1.022632789611816406e+01,1.628173828125000000e+01,1.571907234191894531e+01,1.867784500122070312e+01,1.488131427764892578e+01,3.915214538574218750e-02,-1.629397392272949219e+01,-3.014797973632812500e+01,-3.705729675292968750e+01,-4.979882812500000000e+01,-5.813972854614257812e+01,-6.250292587280273438e+01,-5.772854995727539062e+01,-4.708580780029296875e+01,-3.393759155273437500e+01,-2.211146926879882812e+01,-1.240783691406250000e+01,6.538229942321777344e+00,2.166945075988769531e+01,1.955973052978515625e+01,1.628469657897949219e+01,1.731277275085449219e+01,1.522658729553222656e+01,8.172827720642089844e+00,-1.168090179562568665e-01,-1.806128692626953125e+01,-2.557212448120117188e+01,-2.835886001586914062e+01,-2.925768280029296875e+01,-1.480484676361083984e+01,2.722707092761993408e-01,3.244936227798461914e+00,5.451540946960449219e+00,1.177840805053710938e+01,1.833595848083496094e+01,1.890779495239257812e+01,1.467020606994628906e+01,1.212740707397460938e+01,8.553999900817871094e+00,1.018216037750244141e+01,1.389929294586181641e+01,1.177003097534179688e+01,1.265118217468261719e+01,1.354520988464355469e+01,1.332502174377441406e+01,1.119507026672363281e+01,1.092568016052246094e+01,1.350977134704589844e+01,1.776166915893554688e+01,2.116514968872070312e+01,2.107933425903320312e+01,2.285531806945800781e+01,2.006577873229980469e+01,1.914816093444824219e+01,1.822239494323730469e+01,1.599990081787109375e+01,-6.250943660736083984e+00,-3.016084289550781250e+01,-4.043079757690429688e+01,-3.817252349853515625e+01,-2.742799758911132812e+01,-1.505136680603027344e+01,-3.461856842041015625e+00,8.337534904479980469e+00,1.132007408142089844e+01,5.393029689788818359e+00,6.627245426177978516e+00,9.449338912963867188e+00,1.553249359130859375e+01,1.352171325683593750e+01,3.962277173995971680e-01,-1.356179237365722656e+00,7.087301254272460938e+00,1.378335380554199219e+01,1.755925750732421875e+01,2.007169151306152344e+01,1.591164398193359375e+01,8.802582740783691406e+00,5.546035289764404297e+00,-2.136371374130249023e+00,-7.890785694122314453e+00,-4.698327064514160156e+00,-8.693698883056640625e+00,-1.345149040222167969e+01,-2.478873443603515625e+01,-3.481326675415039062e+01,-3.290704727172851562e+01,-2.748844909667968750e+01,-2.139444351196289062e+01,-1.193592643737792969e+01,1.234548568725585938e+00,2.638710141181945801e-01,3.353697776794433594e+00,8.249288558959960938e+00,8.112563133239746094e+00,1.226380348205566406e+01,9.542606353759765625e+00,8.505447387695312500e+00,9.466009140014648438e+00,7.096327781677246094e+00,6.278485774993896484e+00,7.217679500579833984e+00,9.034005165100097656e+00,8.191416740417480469e+00,1.144805717468261719e+01,1.159547996520996094e+01,1.528415298461914062e+01,1.265302658081054688e+01,1.199615478515625000e+01,9.253530502319335938e+00,1.019703674316406250e+01,8.999314308166503906e+00,6.163877487182617188e+00,6.156383037567138672e+00,6.255449771881103516e+00,4.765218734741210938e+00,7.300926208496093750e+00,6.444585800170898438e+00,8.914163589477539062e+00,7.030561447143554688e+00,5.296413421630859375e+00,1.254816055297851562e+01,1.216778945922851562e+01,8.331470489501953125e+00,5.408075809478759766e+00,1.205595397949218750e+01,1.365609264373779297e+01,5.496944904327392578e+00,1.011045455932617188e+01,1.038421821594238281e+01,1.089324760437011719e+01,7.954525947570800781e+00,5.501605033874511719e+00,7.549143791198730469e+00,7.192267417907714844e+00,5.352236747741699219e+00,5.468676567077636719e+00,8.002811431884765625e+00,8.882204055786132812e+00,9.742749214172363281e+00,1.226947402954101562e+01,1.167347908020019531e+01,1.083693790435791016e+01,8.232231140136718750e+00,7.311197280883789062e+00,7.266085624694824219e+00,8.173210144042968750e+00,8.537570953369140625e+00,8.310062408447265625e+00,1.315336799621582031e+01,1.274931907653808594e+01,1.186324214935302734e+01,1.074648571014404297e+01,1.010897254943847656e+01,1.464334869384765625e+01,1.354344177246093750e+01,1.369532203674316406e+01,1.326428127288818359e+01,1.768979644775390625e+01,1.605153846740722656e+01,1.567327690124511719e+01,2.032299423217773438e+01,1.748891067504882812e+01,2.049924087524414062e+01,2.113045692443847656e+01,1.835130500793457031e+01,1.853872299194335938e+01,2.068455123901367188e+01,2.123738861083984375e+01,1.885032653808593750e+01,1.660391044616699219e+01,1.672580337524414062e+01,1.781830215454101562e+01,1.791662216186523438e+01,1.391337585449218750e+01,1.692554473876953125e+01,1.942802047729492188e+01,1.683999633789062500e+01,1.768069839477539062e+01,1.972333145141601562e+01,1.576452445983886719e+01,1.534810066223144531e+01,1.527958106994628906e+01,1.471303939819335938e+01,1.467940902709960938e+01,1.325123786926269531e+01,1.115627574920654297e+01,1.334638404846191406e+01,1.380562210083007812e+01,1.724915122985839844e+01,1.460031890869140625e+01,1.508846092224121094e+01,1.563553810119628906e+01,1.672837257385253906e+01,2.203898620605468750e+01,2.209830093383789062e+01,1.866447257995605469e+01,2.472117233276367188e+01,2.575376510620117188e+01,2.012929153442382812e+01,1.571555042266845703e+01,1.725222015380859375e+01,1.817259407043457031e+01,1.563455772399902344e+01,2.027621650695800781e+01,1.992844581604003906e+01,1.691356086730957031e+01,2.000068283081054688e+01,2.570191574096679688e+01,2.378373336791992188e+01,1.968605041503906250e+01,1.850524139404296875e+01,1.689348411560058594e+01,1.586880588531494141e+01,1.627778625488281250e+01,1.556797027587890625e-01,-1.898447227478027344e+01,-2.838181304931640625e+01,-2.958910369873046875e+01,-2.685706329345703125e+01,-2.863023376464843750e+01,-2.089937210083007812e+01,-2.367132568359375000e+01,-3.304523468017578125e+01,-3.073857688903808594e+01,-2.628227615356445312e+01,-2.379503250122070312e+01,-1.404275321960449219e+01,-6.193509101867675781e+00,-4.143303871154785156e+00,5.928864002227783203e+00,9.907852172851562500e+00,1.175304222106933594e+01,1.296809387207031250e+01,1.358218383789062500e+01,1.774730682373046875e+01,2.318315505981445312e+01,1.930431747436523438e+01,2.002377891540527344e+01,2.026856613159179688e+01,1.558166694641113281e+01,1.740452003479003906e+01,1.462269496917724609e+01,-1.832092165946960449e+00,-7.541026115417480469e+00,-5.803603172302246094e+00,4.132951736450195312e+00,2.231718778610229492e+00,-3.786327838897705078e+00,-1.674598217010498047e+00,8.207256317138671875e+00,1.189324378967285156e+01,1.326609325408935547e+01,1.480685997009277344e+01,1.832738494873046875e+01,2.064728164672851562e+01,2.083683395385742188e+01,1.531879806518554688e+01,1.324864578247070312e+01,1.223505020141601562e+01,1.322468566894531250e+01,9.374072551727294922e-01,-5.011583328247070312e+00,8.982296943664550781e+00,2.720790100097656250e+01,4.088037872314453125e+01,4.560850524902343750e+01,4.923978424072265625e+01,4.186550140380859375e+01,2.152171325683593750e+01,1.508349990844726562e+01,1.931981849670410156e+01,1.884371948242187500e+01,1.951507186889648438e+01,4.032204627990722656e+00,4.084375500679016113e-02,-1.966813802719116211e+00,-3.417211771011352539e+00,2.566318511962890625e+00,5.258018493652343750e+00,2.288593530654907227e+00,1.143124341964721680e+00,-1.411124420166015625e+01,-3.750313186645507812e+01,-4.880059051513671875e+01,-4.367512512207031250e+01,-3.404021835327148438e+01,-2.395224761962890625e+01,-1.262212944030761719e+01,-3.779212951660156250e+00,-9.206176757812500000e+00,-2.152280426025390625e+01,-2.084267044067382812e+01,-1.874275970458984375e+01,-1.975483703613281250e+01,-1.335972213745117188e+01,-6.583417892456054688e+00,2.705667495727539062e+00,1.733339667320251465e+00,-3.048852205276489258e+00,-2.417239952087402344e+01,-4.041259002685546875e+01,-3.954862213134765625e+01,-3.731586456298828125e+01,-4.989235687255859375e+01,-5.976958465576171875e+01,-5.888812255859375000e+01,-5.156041717529296875e+01,-4.642428207397460938e+01,-4.060951614379882812e+01,-3.278530502319335938e+01,-2.625358200073242188e+01,-1.790619468688964844e+01,-1.163262462615966797e+01,-6.733306407928466797e+00,-2.468600034713745117e+00,5.782018661499023438e+00,5.355909347534179688e+00,2.820945262908935547e+00,-4.212649822235107422e+00,-2.368480682373046875e+00,5.435434818267822266e+00,5.782772064208984375e+00,3.848621129989624023e+00,2.878365516662597656e-01,6.980806350708007812e+00,7.214162349700927734e+00,6.495102882385253906e+00,7.151270389556884766e+00,5.177367925643920898e-01,1.036145329475402832e+00,6.162344932556152344e+00,8.870655059814453125e+00,8.414585113525390625e+00,8.289072036743164062e+00,4.297328472137451172e+00,2.629587173461914062e+00,3.845299720764160156e+00,5.579470634460449219e+00,4.960714817047119141e+00,2.705489635467529297e+00,1.055531024932861328e+00,-1.309002518653869629e+00,4.411731719970703125e+00,6.725336074829101562e+00,6.488062858581542969e+00,-2.932057857513427734e+00,-2.196369934082031250e+01,-4.910696411132812500e+01,-6.448593139648437500e+01,-7.495687103271484375e+01,-7.514798736572265625e+01,-7.226564788818359375e+01,-6.686053466796875000e+01,-5.993774414062500000e+01,-5.002167510986328125e+01,-3.790702819824218750e+01,-2.483777809143066406e+01,-2.915090370178222656e+01,-3.652147293090820312e+01,-3.858207321166992188e+01,-3.608888244628906250e+01,-2.901609039306640625e+01,-2.416016578674316406e+01,-1.181119155883789062e+01,-6.221453189849853516e+00,-5.883283138275146484e+00,1.689363837242126465e+00,1.813015747070312500e+01,2.093920516967773438e+01,1.761750602722167969e+01,1.459975051879882812e+01,9.824386596679687500e+00,1.058731079101562500e+01,1.050201892852783203e+01,1.192491340637207031e+01,2.809508514404296875e+01,3.959014129638671875e+01,4.183004760742187500e+01,3.472310638427734375e+01,1.665296173095703125e+01,1.274803543090820312e+01,1.697275352478027344e+01,1.852458763122558594e+01,1.976086425781250000e+01,1.643303298950195312e+01,1.027812671661376953e+01,7.837661266326904297e+00,8.975497245788574219e+00,8.160352706909179688e+00,-1.130118846893310547e+00,-8.180960655212402344e+00,-4.734475135803222656e+00,2.900846242904663086e+00,4.707172393798828125e+00,5.324516296386718750e+00,2.259762287139892578e+00,1.533370137214660645e+00,1.639978885650634766e+00,2.125817775726318359e+00,-3.321442127227783203e+00,-6.893464088439941406e+00,-4.220869064331054688e+00,-4.759594440460205078e+00,-1.526862716674804688e+01,-2.878242111206054688e+01,-4.128131866455078125e+01,-4.592585754394531250e+01,-4.037698364257812500e+01,-3.697339630126953125e+01,-3.271377944946289062e+01,-2.733516693115234375e+01,-2.100044631958007812e+01,-1.295716190338134766e+01,-3.747416019439697266e+00,3.281198024749755859e+00,7.975091934204101562e+00,2.107452630996704102e+00,-6.079750061035156250e+00,-1.307848167419433594e+01,-1.414073562622070312e+01,-1.425951385498046875e+01,-1.362480068206787109e+01,-1.180178833007812500e+01,-3.916952133178710938e+00,1.711262166500091553e-01,-5.436853766441345215e-01,2.471798062324523926e-01,2.447186708450317383e+00,3.972564220428466797e+00,2.111419677734375000e+00,1.529396772384643555e+00,3.312943696975708008e+00,2.713708400726318359e+00,7.147012948989868164e-01,-8.454763889312744141e-01,-3.008431196212768555e+00,-5.355168342590332031e+00,-9.249380111694335938e+00,-4.556702613830566406e+00,9.403277635574340820e-01,2.211094379425048828e+00,1.506085777282714844e+01,5.313909530639648438e+00,-1.457942199707031250e+01,-2.456438827514648438e+01,-4.461547470092773438e+01,-6.945888519287109375e+01,-8.052946472167968750e+01,-7.859661102294921875e+01,-7.980950927734375000e+01,-7.334063720703125000e+01,-6.410514831542968750e+01,-5.328371810913085938e+01,-4.306504058837890625e+01,-3.301775360107421875e+01,-2.733654785156250000e+01,-2.457222747802734375e+01,-1.143964385986328125e+01,-9.585273265838623047e-01,-1.896635532379150391e+00,-2.420609474182128906e+00,-2.436302661895751953e+00,3.181291103363037109e+00,8.224202156066894531e+00,5.046995162963867188e+00,1.229019165039062500e+00,3.091193675994873047e+00,8.775569915771484375e+00,1.104590034484863281e+01,9.142913818359375000e+00,7.988053798675537109e+00,7.979146957397460938e+00,7.846292495727539062e+00,4.957416057586669922e+00,6.482961177825927734e+00,8.781156539916992188e+00,3.763962745666503906e+00,2.559329032897949219e+00,6.043942451477050781e+00,7.714864730834960938e+00,9.385120391845703125e+00,5.045796871185302734e+00,-1.289478540420532227e-01,6.773468852043151855e-01,2.114674568176269531e+00,-6.494426727294921875e-01,2.243613004684448242e-01,6.035395622253417969e+00,6.422801971435546875e+00,1.161402940750122070e+00,3.658679008483886719e+00,1.850739479064941406e+01,3.446759796142578125e+01,3.891712951660156250e+01,4.045342636108398438e+01,3.935865020751953125e+01,3.158539962768554688e+01,2.704816055297851562e+01,2.436996078491210938e+01,1.951381874084472656e+01,1.355015373229980469e+01,1.447131347656250000e+01,1.049997138977050781e+01,1.378484821319580078e+01,1.635381698608398438e+01,1.173048019409179688e+01,1.200657463073730469e+01,-6.383605957031250000e+00,-3.794164276123046875e+01,-5.423136138916015625e+01,-5.929907226562500000e+01,-6.565614318847656250e+01,-6.806202697753906250e+01,-7.003974914550781250e+01,-7.209252929687500000e+01,-6.952508544921875000e+01,-5.751835250854492188e+01,-4.445789337158203125e+01,-3.234593200683593750e+01,-2.939091682434082031e+01,-2.582579421997070312e+01,-1.656125640869140625e+01,-5.034730911254882812e+00,1.922074317932128906e+00,9.469623565673828125e+00,1.181148815155029297e+01,-1.024820923805236816e+00,-8.624620437622070312e+00,-7.934561729431152344e+00,-5.459335803985595703e+00,4.446890950202941895e-01,2.135838699340820312e+01,3.779174804687500000e+01,4.441009902954101562e+01,4.202124786376953125e+01,3.916250610351562500e+01,4.203146362304687500e+01,3.626477050781250000e+01,2.887035942077636719e+01,2.337606811523437500e+01,2.107471847534179688e+01,1.882880783081054688e+01,1.670559501647949219e+01,1.658786010742187500e+01,1.253230285644531250e+01,1.262044239044189453e+01,1.696156692504882812e+01,1.716526412963867188e+01,1.442893600463867188e+01,1.961556053161621094e+01,2.317046737670898438e+01,1.700493049621582031e+01,1.420914649963378906e+01,1.382992362976074219e+01,1.332299423217773438e+01,8.992529869079589844e+00,1.591691017150878906e+00,-4.840620040893554688e+00,-5.620519161224365234e+00,-2.038281917572021484e+00,3.274022579193115234e+00,-2.565764188766479492e+00,-8.338724136352539062e+00,-9.968810081481933594e+00,-1.932408142089843750e+01,-2.747061920166015625e+01,-3.600047302246093750e+01,-3.801277160644531250e+01,-3.427533721923828125e+01,-1.894162368774414062e+01,-4.797698974609375000e+00,1.793425178527832031e+01,3.336251068115234375e+01,4.108906555175781250e+01,4.143488311767578125e+01,4.169818115234375000e+01,4.243803405761718750e+01,4.286982727050781250e+01,4.286081695556640625e+01,3.905930328369140625e+01,3.731990432739257812e+01,3.060300445556640625e+01,2.402616119384765625e+01,2.389336585998535156e+01,1.758243942260742188e+01,1.417191886901855469e+01,1.711470603942871094e+01,1.545109462738037109e+01,1.489038372039794922e+01,1.352348709106445312e+01,1.364143180847167969e+01,1.690414619445800781e+01,2.000115585327148438e+01,1.871781158447265625e+01,1.676303100585937500e+01,1.781445884704589844e+01,1.781655120849609375e+01,6.455477714538574219e+00,-1.983311772346496582e+00,1.789095163345336914e+00,5.412786006927490234e+00,8.033951759338378906e+00,-2.452192783355712891e+00,-1.817791748046875000e+01,-2.189355087280273438e+01,-2.414990425109863281e+01,-2.298626518249511719e+01,-1.494584083557128906e+01,-6.505434513092041016e+00,5.249513983726501465e-01,4.788724422454833984e+00,9.787961006164550781e+00,9.820371627807617188e+00,8.916992187500000000e+00,-7.807034015655517578e+00,-2.082015228271484375e+01,-3.041130447387695312e+01,-3.316117858886718750e+01,-2.966830825805664062e+01,-2.152307128906250000e+01,-2.706535339355468750e+00,5.602222919464111328e+00,8.352037429809570312e+00,1.453300094604492188e+01,2.660046005249023438e+01,3.759481048583984375e+01,3.863292694091796875e+01,3.693789672851562500e+01,3.545767974853515625e+01,3.290851974487304688e+01,2.963117599487304688e+01,1.879899978637695312e+01,9.230916976928710938e+00,1.159983634948730469e+01,1.530718421936035156e+01,1.598880481719970703e+01,1.287940597534179688e+01,1.742535018920898438e+01,1.909885597229003906e+01,1.989960098266601562e+01,2.107750701904296875e+01,1.852503967285156250e+01,1.614831161499023438e+01,1.936915016174316406e+01,1.690424537658691406e+01,1.529264831542968750e+01,1.061982727050781250e+01,7.616055488586425781e+00,1.190775012969970703e+01,1.515410137176513672e+01,1.767805290222167969e+01,1.915205764770507812e+01,1.996117401123046875e+01,1.411598587036132812e+01,-8.298502922058105469e+00,-2.500892639160156250e+01,-3.331681442260742188e+01,-3.348694610595703125e+01,-3.396741867065429688e+01,-2.499526214599609375e+01,1.279166126251220703e+01,2.755633926391601562e+01,2.783852195739746094e+01,2.696180725097656250e+01,2.700252151489257812e+01,1.582024192810058594e+01,1.384324836730957031e+01,2.387519073486328125e+01,2.517729187011718750e+01,2.477634811401367188e+01,1.253955936431884766e+01,2.764631986618041992e+00,5.113006234169006348e-01,-5.494004249572753906e+00,-1.183368873596191406e+01,-2.690232849121093750e+01,-3.373971557617187500e+01,-2.736181259155273438e+01,-3.127239799499511719e+01,-3.455979919433593750e+01,-2.533851432800292969e+01,-1.558313941955566406e+01,-6.540490627288818359e+00,1.533726215362548828e+00,7.380828380584716797e+00,1.334416389465332031e+01,1.872090721130371094e+01,1.962968063354492188e+01,1.646548652648925781e+01,1.253914546966552734e+01,1.315194129943847656e+01,1.535109710693359375e+01,1.586997413635253906e+01,1.821173095703125000e+01,2.133970260620117188e+01,2.087659835815429688e+01,2.519953536987304688e+01,4.212971878051757812e+01,5.092826843261718750e+01,4.615280151367187500e+01,4.428601074218750000e+01,3.726816558837890625e+01,2.391656494140625000e+01,2.178595924377441406e+01,2.674493598937988281e+01,2.598925781250000000e+01,2.848481369018554688e+01,2.384587097167968750e+01,2.642893600463867188e+01,1.623922729492187500e+01,-1.452775001525878906e-01,-1.558800506591796875e+01,-2.834115982055664062e+01,-4.338256072998046875e+01,-5.301133728027343750e+01,-5.558121490478515625e+01,-4.963208007812500000e+01,-4.023877334594726562e+01,-3.018596458435058594e+01,-2.813848876953125000e+01,-1.986913681030273438e+01,-7.430425643920898438e+00,-1.664836168289184570e+00,-1.647722244262695312e+00,-1.108092665672302246e-01,7.760520935058593750e+00,1.463384819030761719e+01,1.513036441802978516e+01,2.036486816406250000e+01,2.470773315429687500e+01,2.328763961791992188e+01,1.424777030944824219e+01,8.396339416503906250e+00,8.152238845825195312e+00,4.723462581634521484e+00,1.767965316772460938e+00,4.306247711181640625e+00,8.871076583862304688e+00,1.576210784912109375e+01,2.131103134155273438e+01,1.989428901672363281e+01,2.187603759765625000e+01,2.596263122558593750e+01,2.942688179016113281e+01,2.942899894714355469e+01,2.870669555664062500e+01,2.718921279907226562e+01,2.929333114624023438e+01,2.760865402221679688e+01,2.692080688476562500e+01,2.806962203979492188e+01,2.888755607604980469e+01,2.659556961059570312e+01,2.521621704101562500e+01,1.989235305786132812e+01,1.167607116699218750e+01,9.601984024047851562e+00,1.441290855407714844e+01,1.642498207092285156e+01,1.407468414306640625e+01,2.040468597412109375e+01,1.982839584350585938e+01,1.991701126098632812e+01,2.143314743041992188e+01,2.279532814025878906e+01,2.583167839050292969e+01,2.565083694458007812e+01,2.235126495361328125e+01,1.835720825195312500e+01,1.981220245361328125e+01,2.588181304931640625e+01,2.439697265625000000e+01,2.179863357543945312e+01,1.504949760437011719e+01,1.415658950805664062e+01,1.648281669616699219e+01,1.284078216552734375e+01,1.609462356567382812e+01,1.511375045776367188e+01,8.573424339294433594e+00,1.040857505798339844e+01,1.105206394195556641e+01,1.197596359252929688e+01,2.061510086059570312e+01,2.548039627075195312e+01,3.073100280761718750e+01,2.446813201904296875e+01,1.911222457885742188e+01,2.332725143432617188e+01,3.096397209167480469e+01,2.650627899169921875e+01,2.287836837768554688e+01,2.687515258789062500e+01,2.156743621826171875e+01,1.887184906005859375e+01,3.586249160766601562e+01,4.303667449951171875e+01,4.813359069824218750e+01,4.551254272460937500e+01,4.229193496704101562e+01,4.395642089843750000e+01,4.779607391357421875e+01,1.178976631164550781e+01,-1.672824859619140625e+01,-2.270325088500976562e+01,-2.132419776916503906e+01,-1.378992652893066406e+01,-8.621889114379882812e+00,-5.024249553680419922e+00,1.906214356422424316e-01,-5.678157806396484375e+00,-1.397005653381347656e+01,-1.639271736145019531e+01,-2.316119003295898438e+01,-2.522307205200195312e+01,-3.013362312316894531e+01,-2.867408370971679688e+01,-2.076949310302734375e+01,-1.153171539306640625e+01,-3.464155197143554688e+00,1.731192111968994141e+00,6.857712268829345703e+00,8.086998939514160156e+00,1.418489933013916016e+01,1.359078598022460938e+01,1.281982612609863281e+01,1.516654777526855469e+01,1.156987571716308594e+01,6.945175170898437500e+00,6.747956275939941406e-01,3.666682004928588867e+00,8.684970855712890625e+00,8.698958396911621094e+00,1.529086875915527344e+01,2.347697830200195312e+01,2.967742538452148438e+01,2.987572860717773438e+01,2.745763015747070312e+01,1.583867645263671875e+01,5.836111068725585938e+00,1.000299167633056641e+01,9.595138549804687500e+00,6.757832050323486328e+00,9.169773101806640625e+00,1.128785037994384766e+01,1.117321872711181641e+01,8.669949531555175781e+00,-1.331497907638549805e+00,-2.414135932922363281e-01,7.929586410522460938e+00,1.121755886077880859e+01,1.646191024780273438e+01,1.873164367675781250e+01,1.507007217407226562e+01,1.666196441650390625e+01,1.725220108032226562e+01,1.994433975219726562e+01,2.352475738525390625e+01,2.685503768920898438e+01,2.249982070922851562e+01,1.433707904815673828e+01,1.128659629821777344e+01,1.898488998413085938e+01,2.322805786132812500e+01,2.588169097900390625e+01,1.567968559265136719e+01,9.846979141235351562e+00,3.809648513793945312e+00,-1.562155723571777344e+00,-6.208912849426269531e+00,-8.184660911560058594e+00,-3.895444154739379883e+00,-3.053469657897949219e+00,-4.144403457641601562e+00,-4.399467468261718750e+00,3.016508817672729492e+00,1.420838832855224609e+01,1.186475372314453125e+01,6.731584548950195312e+00,8.300953865051269531e+00,1.444770240783691406e+01,3.920692443847656250e+00,2.856280565261840820e+00,5.654505729675292969e+00,1.067636609077453613e+00,8.543339729309082031e+00,1.517956638336181641e+01,1.698012542724609375e+01,1.658887100219726562e+01,2.028686141967773438e+01,1.927132415771484375e+01,1.886827278137207031e+01,1.705472183227539062e+01,1.646315002441406250e+01,1.389165687561035156e+01,1.441907405853271484e+01,1.746913909912109375e+01,1.514750766754150391e+01,1.433215999603271484e+01,6.552981376647949219e+00,-1.624953508377075195e+00,-1.809739112854003906e+00,5.377402305603027344e+00,1.534217166900634766e+01,1.997500228881835938e+01,2.659750366210937500e+01,3.580506134033203125e+01,3.012781524658203125e+01,-1.043927764892578125e+01,-3.776786041259765625e+01,-4.637919998168945312e+01,-5.139385986328125000e+01,-6.080916976928710938e+01,-6.393997192382812500e+01,-5.426430511474609375e+01,-4.395872497558593750e+01,-4.642114257812500000e+01,-4.651218795776367188e+01,-3.949024200439453125e+01,-2.878323745727539062e+01,-2.308951568603515625e+01,-1.881793594360351562e+01,-1.165291404724121094e+01,-5.856347560882568359e+00,-5.335656166076660156e+00,-2.083968639373779297e+00,1.723002910614013672e+00,-4.519450664520263672e+00,-1.183445930480957031e+01,-2.236902236938476562e+01,-2.976477241516113281e+01,-3.218120956420898438e+01,-3.679495239257812500e+01,-3.775886535644531250e+01,-4.380242538452148438e+01,-5.241257476806640625e+01,-6.078892517089843750e+01,-6.930333709716796875e+01,-6.890270996093750000e+01,-5.976284790039062500e+01,-4.791490173339843750e+01,-4.259592819213867188e+01,-3.245716094970703125e+01,-2.112822723388671875e+01,-8.032229423522949219e+00,-1.750034928321838379e+00,-1.214350461959838867e+00,8.755905151367187500e+00,9.635976791381835938e+00,1.425148367881774902e+00,-4.659976482391357422e+00,-1.597370386123657227e+00,8.967862129211425781e+00,1.900323867797851562e+01,1.838802528381347656e+01,1.681525230407714844e+01,2.155310440063476562e+01,3.630634307861328125e+01,3.602265548706054688e+01,3.365021514892578125e+01,2.850003051757812500e+01,1.660763931274414062e+01,-6.813306808471679688e+00,-3.208245849609375000e+01,-4.880599975585937500e+01,-5.150618743896484375e+01,-5.900654602050781250e+01,-6.158679962158203125e+01,-5.739628982543945312e+01,-4.589390563964843750e+01,-3.927976226806640625e+01,-3.876422882080078125e+01,-3.256331253051757812e+01,-2.779396247863769531e+01,-1.958959960937500000e+01,-1.144587802886962891e+01,-1.547131443023681641e+01,-3.258578872680664062e+01,-4.599800872802734375e+01,-5.309476089477539062e+01,-4.689242553710937500e+01,-3.694342803955078125e+01,-1.733888626098632812e+01,-8.867931365966796875e+00,-7.366459846496582031e+00,-1.458464241027832031e+01,-2.646742439270019531e+01,-1.917325401306152344e+01,-6.831519126892089844e+00,-4.333108663558959961e-01,5.430911064147949219e+00,9.619554519653320312e+00,-3.921177387237548828e+00,-2.520079421997070312e+01,-3.986685562133789062e+01,-4.512791061401367188e+01,-4.956446838378906250e+01,-5.459993362426757812e+01,-4.940749359130859375e+01,-3.494791030883789062e+01,-2.466049194335937500e+01,-2.053100204467773438e+01,-1.496890544891357422e+01,-2.251711273193359375e+01,-3.185793876647949219e+01,-3.911058807373046875e+01,-4.179804229736328125e+01,-4.641270446777343750e+01,-4.384050750732421875e+01,-4.266162872314453125e+01,-3.610376739501953125e+01,-3.146965408325195312e+01,-2.879915237426757812e+01,-1.442462348937988281e+01,-7.599360942840576172e+00,-3.124252796173095703e+00,3.112768888473510742e+00,7.962853431701660156e+00,2.303734970092773438e+01,3.761892318725585938e+01,3.880264282226562500e+01,3.144245910644531250e+01,3.397571563720703125e+01,3.531996917724609375e+01,3.322454833984375000e+01,2.435231018066406250e+01,1.404547691345214844e+01,5.737492084503173828e+00,2.030132770538330078e+00,-2.675653457641601562e+00,-4.488990902900695801e-01,-2.443081378936767578e+00,-6.455934047698974609e+00,-2.997729301452636719e+00,-4.279462397098541260e-01,2.129708766937255859e+00,5.571175575256347656e+00,3.257335186004638672e+00,5.099088668823242188e+00,2.537359714508056641e+00,3.383802771568298340e-01,-3.026496887207031250e+00,4.325751304626464844e+00,-1.322625160217285156e+01,-2.828235244750976562e+01,-3.472874069213867188e+01,-4.117364883422851562e+01,-4.046748733520507812e+01,-4.722740173339843750e+01,-4.961409759521484375e+01,-3.950760650634765625e+01,-2.919536972045898438e+01,-2.174408721923828125e+01,-9.653766632080078125e+00,-3.867569923400878906e+00,-1.583767294883728027e+00,-1.006175422668457031e+01,-3.453752136230468750e+01,-4.676009750366210938e+01,-5.111196136474609375e+01,-4.979288482666015625e+01,-5.398352813720703125e+01,-5.977766799926757812e+01,-5.976718139648437500e+01,-4.622371673583984375e+01,-1.150603580474853516e+01,5.911306858062744141e+00,1.383941459655761719e+01,1.298200416564941406e+01,1.118273830413818359e+01,1.259652519226074219e+01,9.749159812927246094e+00,7.835018157958984375e+00,1.099976158142089844e+01,2.086753845214843750e+01,2.020196151733398438e+01,3.365207910537719727e-01,-2.516769409179687500e+01,-4.595845031738281250e+01,-4.611035156250000000e+01,-4.179480743408203125e+01,-4.126598358154296875e+01,-4.486011123657226562e+01,-4.302732086181640625e+01,-3.452649688720703125e+01,-2.276403427124023438e+01,-1.130692958831787109e+01,-1.713692545890808105e+00,3.207161188125610352e+00,5.023924112319946289e-01,2.346415996551513672e+00,7.339169025421142578e+00,9.945726394653320312e+00,1.199124717712402344e+01,1.044396877288818359e+01,4.317427158355712891e+00,3.532511711120605469e+00,1.490955829620361328e+00,-1.568128871917724609e+01,-3.003275489807128906e+01,-3.840923309326171875e+01,-4.452664947509765625e+01,-3.754121398925781250e+01,-2.973003387451171875e+01,-2.004536437988281250e+01,-9.057449340820312500e+00,-9.021783828735351562e+00,-5.459091186523437500e+00,5.037514686584472656e+00,1.013798141479492188e+01,1.551791095733642578e+01,2.337025070190429688e+01,1.040547657012939453e+01,5.409638404846191406e+00,1.093031883239746094e+01,1.472328567504882812e+01,1.708111953735351562e+01,1.489335155487060547e+01,1.990239334106445312e+01,2.686362075805664062e+01,2.559024238586425781e+01,1.652064323425292969e+01,1.790959548950195312e+01,1.955870819091796875e+01,2.209420585632324219e+01,2.744937896728515625e+01,3.086410903930664062e+01,2.924461936950683594e+01,2.372956466674804688e+01,1.669438934326171875e+01,1.940960311889648438e+01,2.614298248291015625e+01,3.100434494018554688e+01,2.604493522644042969e+01,2.195439720153808594e+01,2.410063743591308594e+01,2.306749343872070312e+01,1.881011581420898438e+01,1.827155494689941406e+01,2.121056747436523438e+01,2.111632728576660156e+01,2.243228149414062500e+01,2.363983345031738281e+01,1.508503341674804688e+01,1.028546714782714844e+01,-1.239118576049804688e+00,-1.445914363861083984e+01,-2.176683425903320312e+01,-1.953794288635253906e+01,-1.071312904357910156e+01,-1.696462869644165039e+00,5.073762416839599609e+00,1.071147918701171875e+01,1.644261550903320312e+01,1.724741554260253906e+01,1.585270500183105469e+01,1.786518096923828125e+01,1.632920455932617188e+01,1.179520034790039062e+01,1.200398445129394531e+01,1.283467388153076172e+01,9.513586044311523438e+00,1.540969181060791016e+01,1.901448249816894531e+01,1.450412940979003906e+01,1.314111232757568359e+01,1.395298576354980469e+01,1.756997680664062500e+01,2.361546516418457031e+01,3.095729446411132812e+01,2.185480499267578125e+01,1.363227272033691406e+01,4.050908088684082031e+00,-3.936769485473632812e+00,-4.915617942810058594e+00,-1.390237450599670410e+00,6.932362556457519531e+00,1.166714954376220703e+01,1.405749893188476562e+01,1.643422317504882812e+01,1.751560211181640625e+01,1.953216552734375000e+01,1.776336479187011719e+01,1.288605499267578125e+01,8.940480232238769531e+00,1.138286352157592773e+00,-1.508972358703613281e+01,-3.063936042785644531e+01,-3.949457550048828125e+01,-4.105561828613281250e+01,-4.060348892211914062e+01,-3.716944122314453125e+01,-2.949419403076171875e+01,-2.154972648620605469e+01,-2.306292533874511719e+00,2.407298660278320312e+01,3.712947463989257812e+01,4.128964996337890625e+01,4.081472778320312500e+01,4.479199981689453125e+01,4.221947479248046875e+01,8.511238098144531250e+00,-2.245355224609375000e+01,-3.455855560302734375e+01,-4.215279769897460938e+01,-4.984679412841796875e+01,-4.968901443481445312e+01,-4.513710021972656250e+01,-3.443837738037109375e+01,-1.982619857788085938e+01,-1.210517883300781250e+01,-8.163360595703125000e+00,-2.833744525909423828e+00,4.555401802062988281e-01,-2.690510988235473633e+00,-8.562944412231445312e+00,-4.652439117431640625e+00,2.419793128967285156e+00,7.908165454864501953e+00,1.340892601013183594e+01,1.527241611480712891e+01,9.782438278198242188e+00,1.071241950988769531e+01,1.555454254150390625e+01,2.610698318481445312e+01,2.794454956054687500e+01,2.393167304992675781e+01,1.256019783020019531e+01,-7.200763702392578125e+00,-2.689618682861328125e+01,-4.742343139648437500e+01,-6.040069580078125000e+01,-5.945407104492187500e+01,-4.841909027099609375e+01,-3.956871032714843750e+01,-3.101036071777343750e+01,-2.137821578979492188e+01,-1.298070144653320312e+01,1.415007829666137695e+00,1.448148727416992188e+01,2.054075241088867188e+01,2.323569488525390625e+01,1.865669250488281250e+01,5.983009338378906250e+00,-9.521836280822753906e+00,-2.110512161254882812e+01,-2.893633460998535156e+01,-3.481238555908203125e+01,-3.549589538574218750e+01,-3.590127944946289062e+01,-3.354292678833007812e+01,-3.211152267456054688e+01,-2.835335159301757812e+01,-2.003516578674316406e+01,-1.927830886840820312e+01,-1.432135105133056641e+01,-7.335276603698730469e+00,1.623014211654663086e-01,5.933649539947509766e+00,1.488435649871826172e+01,2.386791992187500000e+01,2.557015609741210938e+01,1.734141921997070312e+01,7.014692306518554688e+00,1.910824394226074219e+01,9.200892448425292969e+00,-9.817278861999511719e+00,-2.474610900878906250e+01,-1.593452072143554688e+01,-1.228067588806152344e+01,-1.108710289001464844e+01,-3.986543893814086914e+00,3.596113204956054688e+00,9.772098541259765625e+00,1.529818916320800781e+01,1.809172058105468750e+01,1.768231773376464844e+01,2.240340805053710938e+01,1.403658485412597656e+01,7.356430053710937500e+00,1.138404726982116699e+00,-1.337092876434326172e+00,-5.696068763732910156e+00,-6.576614379882812500e+00,-4.452281951904296875e+00,-3.823162078857421875e+00,-2.020812988281250000e+00,9.466691970825195312e+00,1.309449958801269531e+01,1.910883712768554688e+01,9.311459541320800781e+00,3.523932933807373047e+00,9.920141220092773438e+00,1.670891761779785156e+01,1.821786499023437500e+01,1.574354362487792969e+01,1.888143157958984375e+01,2.028693389892578125e+01,1.990000152587890625e+01,2.316027450561523438e+01,2.351637840270996094e+01,2.111906433105468750e+01,2.437730598449707031e+01,2.449786949157714844e+01,2.659930610656738281e+01,2.611988067626953125e+01,1.961820602416992188e+01,2.490436172485351562e+01,2.399442291259765625e+01,2.161248397827148438e+01,2.851870346069335938e+01,2.481816482543945312e+01,2.380582427978515625e+01,2.317473983764648438e+01,1.940660858154296875e+01,2.030566596984863281e+01,2.288565063476562500e+01,2.274789619445800781e+01,1.840758132934570312e+01,2.007834243774414062e+01,1.779614830017089844e+01,8.058019638061523438e+00,-8.255708694458007812e+00,-2.742335510253906250e+01,-4.187512207031250000e+01,-4.414716720581054688e+01,-4.956436920166015625e+01,-5.988810729980468750e+01,-6.713909912109375000e+01,-6.629772186279296875e+01,-5.409025192260742188e+01,-4.230525970458984375e+01,-3.189646911621093750e+01,-2.186388778686523438e+01,-1.062604713439941406e+01,1.880260944366455078e+00,3.823895931243896484e+00,-3.709969520568847656e+00,-6.910614013671875000e+00,-4.228238105773925781e+00,-4.778505325317382812e+00,-8.195933341979980469e+00,-1.853982162475585938e+01,-2.684356307983398438e+01,-2.045096015930175781e+01,-8.430555343627929688e+00,-2.831954956054687500e-01,8.243492126464843750e+00,1.556949806213378906e+01,2.233205032348632812e+01,2.540623855590820312e+01,2.422766113281250000e+01,2.470494079589843750e+01,2.552049827575683594e+01,1.590998744964599609e+01,8.735477447509765625e+00,9.113546371459960938e+00,1.133430099487304688e+01,-2.736138105392456055e-01,-1.364943218231201172e+01,-2.952457046508789062e+01,-4.284358978271484375e+01,-4.472925567626953125e+01,-4.368682861328125000e+01,-4.257528686523437500e+01,-3.487187194824218750e+01,-2.070610809326171875e+01,-1.261603355407714844e+01,-8.790491104125976562e+00,-5.282179832458496094e+00,-1.574226570129394531e+01,-1.989073562622070312e+01,-2.342168045043945312e+01,-2.117836189270019531e+01,-8.730787277221679688e+00,2.091781616210937500e+00,1.178042793273925781e+01,1.351087188720703125e+01,9.342423439025878906e+00,1.304632377624511719e+01,2.216733932495117188e+01,2.572259521484375000e+01,2.025143432617187500e+01,1.961695671081542969e+01,3.511312866210937500e+01,4.303726959228515625e+01,4.692115020751953125e+01,4.476053619384765625e+01,3.348073959350585938e+01,2.174131584167480469e+01,2.462747383117675781e+01,1.806450653076171875e+01,1.157616424560546875e+01,7.988442420959472656e+00,4.194406032562255859e+00,4.729405403137207031e+00,1.319449806213378906e+01,1.717316818237304688e+01,1.124975967407226562e+01,7.746976852416992188e+00,1.109654235839843750e+01,1.546435451507568359e+01,2.161589431762695312e+01,2.903820991516113281e+01,3.141558265686035156e+01,2.864625167846679688e+01,2.470556259155273438e+01,2.285693931579589844e+01,2.653710174560546875e+01,2.744854354858398438e+01,2.052425003051757812e+01,2.220523071289062500e+01,2.239561080932617188e+01,1.953790283203125000e+01,1.480952453613281250e+01,1.955954170227050781e+01,2.416778945922851562e+01,2.655165672302246094e+01,2.268197631835937500e+01,2.198751449584960938e+01,1.981945037841796875e+01,1.730207061767578125e+01,2.075837326049804688e+01,2.474898147583007812e+01,2.211644172668457031e+01,2.091082000732421875e+01,2.068733215332031250e+01,2.174686431884765625e+01,2.304650115966796875e+01,2.169693183898925781e+01,1.933499145507812500e+01,2.009582901000976562e+01,2.119210433959960938e+01,2.468145751953125000e+01,2.058881950378417969e+01,1.603250503540039062e+01,1.640433502197265625e+01,2.071759414672851562e+01,2.016245651245117188e+01,1.291108131408691406e+01,1.470138168334960938e+01,1.696075057983398438e+01,2.020642471313476562e+01,2.345017623901367188e+01,2.056154441833496094e+01,2.065311622619628906e+01,2.197543334960937500e+01,2.022028350830078125e+01,2.278842544555664062e+01,2.737476730346679688e+01,2.548367691040039062e+01,1.653218269348144531e+01,-1.400993537902832031e+01,-2.755992126464843750e+01,-3.187735939025878906e+01,-3.152040100097656250e+01,-2.418664169311523438e+01,5.770574569702148438e+00,2.418539810180664062e+01,2.568271636962890625e+01,2.597224235534667969e+01,3.170033454895019531e+01,4.004165649414062500e+01,4.123178863525390625e+01,4.125060653686523438e+01,3.365329360961914062e+01,3.150733947753906250e+01,2.822242736816406250e+01,3.085855102539062500e+01,2.173129653930664062e+01,1.110184955596923828e+01,1.433312225341796875e+01,5.841411590576171875e+00,-5.001803398132324219e+00,-5.892000198364257812e+00,-1.003689575195312500e+01,-1.380830001831054688e+01,-5.515461921691894531e+00,1.597628355026245117e+00,-1.458815574645996094e+01,-2.817061614990234375e+01,-2.647118568420410156e+01,-2.148118782043457031e+01,-2.290784072875976562e+01,-2.171209716796875000e+01,-2.099136352539062500e+01,-1.286604404449462891e+01,-2.351244449615478516e+00,7.799767494201660156e+00,1.242819976806640625e+01,6.921219348907470703e+00,-9.077909469604492188e+00,-1.991666030883789062e+01,-2.074428939819335938e+01,-1.324692440032958984e+01,-1.335060119628906250e+01,-7.464816570281982422e+00,-6.628345012664794922e+00,-8.605984687805175781e+00,-8.265085816383361816e-01,1.115151214599609375e+01,4.886134147644042969e+00,-1.070556259155273438e+01,-1.491835308074951172e+01,-1.199673652648925781e+01,-3.056833982467651367e+00,5.129145622253417969e+00,1.201165676116943359e+01,2.212450790405273438e+01,2.038792991638183594e+01,1.867126083374023438e+01,1.919421958923339844e+01,1.841978645324707031e+01,2.008138656616210938e+01,1.991623306274414062e+01,1.590623283386230469e+01,1.931262588500976562e+01,2.211768531799316406e+01,1.400394630432128906e+01,5.226426124572753906e+00,2.357456684112548828e+00,-4.678082466125488281e+00,-5.561813831329345703e+00,-7.142027854919433594e+00,-1.728452563285827637e+00,-5.567412853240966797e+00,-1.028793621063232422e+01,-7.431057453155517578e+00,1.890799880027770996e+00,-3.859609603881835938e+00,-1.603781127929687500e+01,-1.530604457855224609e+01,-7.279015541076660156e+00,-1.673365211486816406e+01,-9.301708221435546875e+00,4.482607841491699219e+00,1.426359558105468750e+01,1.555017375946044922e+01,2.764189243316650391e+00,-1.195488166809082031e+01,-2.279069900512695312e+01,-2.798547554016113281e+01,-3.391077804565429688e+01,-2.392142486572265625e+01,-1.197636318206787109e+01,-4.788271188735961914e-01,2.642478942871093750e+00,1.713562607765197754e+00,6.268494606018066406e+00,6.366430282592773438e+00,1.349994277954101562e+01,1.319174766540527344e+01,1.394312858581542969e+01,1.604547309875488281e+01,1.420712852478027344e+01,1.371600246429443359e+01,1.858729743957519531e+01,2.575007820129394531e+01
3.395274353027343750e+01,2.935872840881347656e+01,2.495981597900390625e+01,2.386571121215820312e+01,2.145114898681640625e+01,1.987660217285156250e+01,1.959576606750488281e+01,1.942614173889160156e+01,2.266590118408203125e+01,2.635309219360351562e+01,3.111117935180664062e+01,2.978834152221679688e+01,2.749529838562011719e+01,2.697568893432617188e+01,2.558609771728515625e+01,2.716621208190917969e+01,3.093312835693359375e+01,2.406668281555175781e+01,6.848297595977783203e+00,5.324221611022949219e+00,7.549769401550292969e+00,8.468930244445800781e+00,8.498634338378906250e+00,6.312449932098388672e+00,-2.715275526046752930e+00,-4.329307556152343750e+00,-3.678541183471679688e+00,-5.478964805603027344e+00,-5.852852821350097656e+00,-3.921590328216552734e+00,3.401426315307617188e+00,1.436701011657714844e+01,1.690484619140625000e+01,1.171413230895996094e+01,1.179261970520019531e+01,1.901526451110839844e+01,2.381133460998535156e+01,2.839277076721191406e+01,2.726369285583496094e+01,2.642528152465820312e+01,2.561956024169921875e+01,2.037902450561523438e+01,2.081387329101562500e+01,1.639390563964843750e+01,1.686971855163574219e+01,2.060498428344726562e+01,2.710741424560546875e+01,2.861528396606445312e+01,2.938373565673828125e+01,1.990391731262207031e+01,1.283999729156494141e+01,1.286968994140625000e+01,1.971832656860351562e+01,2.520334053039550781e+01,3.339923477172851562e+01,3.951994705200195312e+01,3.343365859985351562e+01,3.688515472412109375e+01,3.674410247802734375e+01,3.290801620483398438e+01,3.115819168090820312e+01,2.918758010864257812e+01,3.187036132812500000e+01,3.158987045288085938e+01,2.609792327880859375e+01,3.000229263305664062e+01,2.871063613891601562e+01,2.677444839477539062e+01,2.597856521606445312e+01,2.438294601440429688e+01,2.379720497131347656e+01,2.560106849670410156e+01,2.696214675903320312e+01,2.834696960449218750e+01,3.009930229187011719e+01,2.925507354736328125e+01,3.178374290466308594e+01,3.138070297241210938e+01,2.877104949951171875e+01,3.042519378662109375e+01,2.617575836181640625e+01,2.268450927734375000e+01,2.267811393737792969e+01,2.470098495483398438e+01,2.954436111450195312e+01,3.077937698364257812e+01,3.177041244506835938e+01,2.605651664733886719e+01,2.167288208007812500e+01,2.335319709777832031e+01,1.103812217712402344e+01,1.030078125000000000e+01,1.135148048400878906e+01,4.816438198089599609e+00,5.550698280334472656e+00,5.666180133819580078e+00,4.285437583923339844e+00,-3.761571645736694336e-01,2.402304887771606445e+00,9.466037750244140625e+00,1.543196105957031250e+01,1.831677436828613281e+01,1.528221702575683594e+01,2.052444839477539062e+01,2.525368118286132812e+01,2.470728302001953125e+01,1.979632759094238281e+01,2.107942199707031250e+01,1.922870254516601562e+01,1.523427104949951172e+01,1.943430328369140625e+01,2.296256446838378906e+01,2.087131881713867188e+01,2.494805526733398438e+01,3.157324218750000000e+01,5.311359024047851562e+01,5.942343139648437500e+01,5.901852416992187500e+01,5.135752105712890625e+01,5.072356796264648438e+01,5.447436141967773438e+01,5.545083618164062500e+01,4.354385375976562500e+01,2.398939514160156250e+01,1.215640640258789062e+01,8.095994949340820312e+00,6.736612796783447266e+00,4.503309249877929688e+00,6.231098175048828125e+00,1.420158004760742188e+01,1.968865203857421875e+01,2.230130386352539062e+01,2.799169158935546875e+01,2.689896965026855469e+01,3.182433700561523438e+01,3.609373474121093750e+01,3.223715209960937500e+01,1.339139556884765625e+01,2.030050039291381836e+00,-2.469656318426132202e-01,1.136834716796875000e+01,1.673554992675781250e+01,2.260059738159179688e+01,2.102481842041015625e+01,1.450851058959960938e+01,5.906657218933105469e+00,4.970983028411865234e+00,5.030336380004882812e+00,1.170681953430175781e+01,2.647646713256835938e+01,2.978280258178710938e+01,1.914911651611328125e+01,2.121132659912109375e+01,3.464897918701171875e+01,4.087615203857421875e+01,3.506834793090820312e+01,3.079743194580078125e+01,3.276725769042968750e+01,2.937308692932128906e+01,2.818254089355468750e+01,2.299815368652343750e+01,2.757089996337890625e+01,3.005750274658203125e+01,3.561840820312500000e+01,3.824262237548828125e+01,4.327276611328125000e+01,4.520895767211914062e+01,4.244660186767578125e+01,4.333431243896484375e+01,4.287850189208984375e+01,4.510193634033203125e+01,5.818775939941406250e+01,6.188219833374023438e+01,5.667858886718750000e+01,5.691568756103515625e+01,5.866769027709960938e+01,5.024668884277343750e+01,4.389963531494140625e+01,4.512770843505859375e+01,4.011206054687500000e+01,2.575109481811523438e+01,1.022408676147460938e+01,2.718439817428588867e+00,3.002161502838134766e+00,9.755323410034179688e+00,1.393851280212402344e+01,2.581515121459960938e+01,3.340258026123046875e+01,4.057176971435546875e+01,4.493551635742187500e+01,4.951261138916015625e+01,4.794026184082031250e+01,4.282247543334960938e+01,4.297248840332031250e+01,4.527568054199218750e+01,5.184149169921875000e+01,5.102294158935546875e+01,4.922743225097656250e+01,4.332706069946289062e+01,3.698222351074218750e+01,3.139946174621582031e+01,2.801186561584472656e+01,2.798269271850585938e+01,2.580590820312500000e+01,2.404827880859375000e+01,2.315076828002929688e+01,2.059440994262695312e+01,2.385273742675781250e+01,3.261265563964843750e+01,3.615052413940429688e+01,3.831203460693359375e+01,4.035626220703125000e+01,4.050835418701171875e+01,3.486093139648437500e+01,4.373583984375000000e+01,4.971612167358398438e+01,4.212390136718750000e+01,3.988673400878906250e+01,3.678607177734375000e+01,3.125700378417968750e+01,3.178831672668457031e+01,3.403253936767578125e+01,3.427349853515625000e+01,2.857863998413085938e+01,3.086868667602539062e+01,3.833318710327148438e+01,3.772128295898437500e+01,3.119435501098632812e+01,3.314048004150390625e+01,3.331458282470703125e+01,3.585453033447265625e+01,3.011662101745605469e+01,3.170188903808593750e+01,3.120708084106445312e+01,2.960320663452148438e+01,3.486544799804687500e+01,3.543198394775390625e+01,3.276294708251953125e+01,3.246682357788085938e+01,3.136318969726562500e+01,3.298236846923828125e+01,3.186965179443359375e+01,2.364948654174804688e+01,2.158371162414550781e+01,3.381182861328125000e+01,3.672625732421875000e+01,4.905640411376953125e+01,5.222019195556640625e+01,4.805434417724609375e+01,3.816275787353515625e+01,2.695786666870117188e+01,2.599595260620117188e+01,2.650958824157714844e+01,2.654533767700195312e+01,2.542551422119140625e+01,2.733473205566406250e+01,2.890129661560058594e+01,2.803117752075195312e+01,3.746847534179687500e+01,5.270075225830078125e+01,6.122737884521484375e+01,6.276194763183593750e+01,6.600574493408203125e+01,7.068019104003906250e+01,6.652354431152343750e+01,5.108088684082031250e+01,4.804892730712890625e+01,5.268931198120117188e+01,4.848147583007812500e+01,4.215904998779296875e+01,3.659830474853515625e+01,3.430027389526367188e+01,6.178646087646484375e+00,-5.927616119384765625e+00,-9.604492187500000000e+00,-1.143388175964355469e+01,-2.321666479110717773e+00,-2.985410690307617188e-01,2.739825725555419922e+00,7.354067802429199219e+00,8.542921066284179688e+00,1.228530502319335938e+01,1.361013984680175781e+01,1.045090103149414062e+01,6.910616874694824219e+00,1.286091232299804688e+01,1.546975994110107422e+01,1.470324802398681641e+01,2.041231918334960938e+01,2.181560134887695312e+01,2.106647491455078125e+01,1.816378593444824219e+01,2.447202301025390625e+01,2.759133148193359375e+01,2.803893280029296875e+01,2.923821258544921875e+01,2.771473693847656250e+01,2.857273101806640625e+01,3.531848907470703125e+01,3.556555938720703125e+01,3.344370269775390625e+01,3.161304092407226562e+01,3.135091972351074219e+01,3.095585060119628906e+01,2.733606529235839844e+01,3.115015602111816406e+01,3.003248977661132812e+01,3.084827804565429688e+01,3.552542877197265625e+01,3.209757995605468750e+01,2.405392456054687500e+01,2.028744125366210938e+01,2.491714859008789062e+01,2.742573547363281250e+01,3.102782058715820312e+01,3.329598236083984375e+01,3.498985290527343750e+01,3.303524780273437500e+01,2.926145935058593750e+01,2.939461898803710938e+01,3.350809478759765625e+01,3.805822753906250000e+01,3.450021362304687500e+01,3.326290130615234375e+01,3.371401214599609375e+01,3.061347198486328125e+01,3.010083007812500000e+01,2.985634613037109375e+01,2.790593719482421875e+01,3.233444213867187500e+01,3.464608001708984375e+01,3.492610168457031250e+01,3.691661834716796875e+01,3.767611694335937500e+01,2.746590614318847656e+01,1.133955955505371094e+01,3.169983386993408203e+00,5.101563453674316406e+00,4.612192153930664062e+00,5.865303039550781250e+00,1.120883941650390625e+01,1.561688232421875000e+01,1.207292556762695312e+01,1.115725874900817871e+00,1.639359474182128906e+00,6.339783668518066406e+00,8.105978012084960938e+00,1.995356440544128418e+00,8.790895462036132812e+00,1.951383972167968750e+01,1.954599761962890625e+01,1.725966072082519531e+01,1.766140174865722656e+01,2.024329948425292969e+01,1.244582653045654297e+01,7.145663499832153320e-01,-4.667087078094482422e+00,-5.611551403999328613e-01,-5.917593955993652344e+00,-1.108430767059326172e+01,-6.923466205596923828e+00,-7.860438823699951172e+00,-7.427714347839355469e+00,-1.121629333496093750e+01,-1.496577072143554688e+01,-6.038659095764160156e+00,7.603406429290771484e+00,7.239612579345703125e+00,1.135699462890625000e+01,1.910196876525878906e+01,4.252577590942382812e+01,5.751931762695312500e+01,5.822166061401367188e+01,5.096689987182617188e+01,4.966665649414062500e+01,5.474410629272460938e+01,5.693672180175781250e+01,5.626955413818359375e+01,5.257263565063476562e+01,5.228884506225585938e+01,5.405748367309570312e+01,5.411129760742187500e+01,5.739702606201171875e+01,5.926293945312500000e+01,5.574290466308593750e+01,4.734500885009765625e+01,4.189723205566406250e+01,4.229737472534179688e+01,4.236863708496093750e+01,4.028698348999023438e+01,3.854455566406250000e+01,3.805121612548828125e+01,3.342124557495117188e+01,1.493873786926269531e+01,6.138711929321289062e+00,9.756547927856445312e+00,1.259662246704101562e+01,2.272312927246093750e+01,2.995064544677734375e+01,2.385628128051757812e+01,1.803452301025390625e+01,1.839486503601074219e+01,2.524229431152343750e+01,4.634983444213867188e+01,5.082927703857421875e+01,5.217546081542968750e+01,4.846696472167968750e+01,3.739801406860351562e+01,3.031202697753906250e+01,2.885336303710937500e+01,2.620767974853515625e+01,2.882315635681152344e+01,2.595459747314453125e+01,2.003425598144531250e+01,2.023949813842773438e+01,1.376981639862060547e+01,5.854308128356933594e+00,2.036147117614746094e+00,-3.778656482696533203e+00,-6.535259246826171875e+00,-9.988067150115966797e-01,2.641854763031005859e+00,2.471444129943847656e+00,2.413884401321411133e+00,9.818058013916015625e+00,2.181451416015625000e+01,2.565437698364257812e+01,2.578983497619628906e+01,2.692388153076171875e+01,2.254182052612304688e+01,2.410793113708496094e+01,2.661142349243164062e+01,2.558923339843750000e+01,2.761476898193359375e+01,4.630203247070312500e+01,4.819966888427734375e+01,3.978382873535156250e+01,3.539370727539062500e+01,3.285355377197265625e+01,2.829868507385253906e+01,2.340578079223632812e+01,2.994566726684570312e+01,3.772217559814453125e+01,4.004386138916015625e+01,3.497391510009765625e+01,3.378320312500000000e+01,3.562649536132812500e+01,3.335987854003906250e+01,2.774192428588867188e+01,2.944643783569335938e+01,3.040339660644531250e+01,3.061451339721679688e+01,3.474600982666015625e+01,3.376107788085937500e+01,2.954758453369140625e+01,2.819467544555664062e+01,2.799773025512695312e+01,2.694256782531738281e+01,2.440406417846679688e+01,2.372925376892089844e+01,2.543592071533203125e+01,4.980627822875976562e+01,7.328257751464843750e+01,7.468941497802734375e+01,7.005187225341796875e+01,6.228009033203125000e+01,5.417149353027343750e+01,4.246579742431640625e+01,3.041835784912109375e+01,1.782558250427246094e+01,1.575827312469482422e+01,2.383204460144042969e+01,3.070212364196777344e+01,4.472855758666992188e+01,5.297764587402343750e+01,5.590017700195312500e+01,5.503533554077148438e+01,4.536291503906250000e+01,3.741814422607421875e+01,3.411781311035156250e+01,3.062455177307128906e+01,3.070145034790039062e+01,3.282901000976562500e+01,3.300405883789062500e+01,2.923803138732910156e+01,3.039995956420898438e+01,3.303378677368164062e+01,3.898028564453125000e+01,3.591655731201171875e+01,3.710228347778320312e+01,4.207459259033203125e+01,3.689567565917968750e+01,2.742072296142578125e+01,1.564217376708984375e+01,1.039357089996337891e+01,1.176845455169677734e+01,1.536376762390136719e+01,2.005416107177734375e+01,1.791309165954589844e+01,1.826905822753906250e+01,1.692590713500976562e+01,1.541763305664062500e+01,1.802731132507324219e+01,2.068167877197265625e+01,1.564423179626464844e+01,1.358024978637695312e+01,1.708866882324218750e+01,2.238775634765625000e+01,2.174440383911132812e+01,2.041218376159667969e+01,1.976866149902343750e+01,2.039329338073730469e+01,1.668893623352050781e+01,1.749917793273925781e+01,1.500669097900390625e+01,5.522587299346923828e+00,-5.113813400268554688e+00,-5.061811447143554688e+00,-6.783072948455810547e-01,7.482855796813964844e+00,1.704608535766601562e+01,2.152826309204101562e+01,1.545545101165771484e+01,1.605891418457031250e+01,2.226153945922851562e+01,1.742275619506835938e+01,1.560531234741210938e+01,1.200497722625732422e+01,1.364602184295654297e+01,1.515707397460937500e+01,2.525111007690429688e+01,3.176694869995117188e+01,2.005131530761718750e+01,1.388408470153808594e+01,8.516508102416992188e+00,8.938571929931640625e+00,8.940834045410156250e+00,5.758135795593261719e+00,3.671751976013183594e+00,-5.223022460937500000e+00,-8.799639701843261719e+00,-7.468883991241455078e+00,5.429945945739746094e+00,1.514787864685058594e+01,1.896709823608398438e+01,1.875387191772460938e+01,2.172481155395507812e+01,2.399063873291015625e+01,1.946730804443359375e+01,2.081067276000976562e+01,1.989411926269531250e+01,1.672805595397949219e+01,1.910490036010742188e+01,2.025355911254882812e+01,2.209572601318359375e+01,1.996220016479492188e+01,2.230480575561523438e+01,1.859163284301757812e+01,2.100761032104492188e+01,2.607006645202636719e+01,2.837589645385742188e+01,2.536560440063476562e+01,2.454619598388671875e+01,3.327973937988281250e+01,3.344442367553710938e+01,3.144409370422363281e+01,2.745291137695312500e+01,2.247173309326171875e+01,2.240122222900390625e+01,2.996380424499511719e+01,5.226955413818359375e+01,4.582966613769531250e+01,3.408046722412109375e+01,2.140737915039062500e+01,1.539150238037109375e+01,2.274734878540039062e+01,2.043415069580078125e+01,2.303740310668945312e+01,2.944508552551269531e+01,3.512221145629882812e+01,3.469793701171875000e+01,4.240120697021484375e+01,4.910287475585937500e+01,6.163189697265625000e+01,6.218871688842773438e+01,5.268277740478515625e+01,4.416302490234375000e+01,4.104986190795898438e+01,3.768045806884765625e+01,3.414849853515625000e+01,2.903849792480468750e+01,3.243924713134765625e+01,4.423210906982421875e+01,5.408528900146484375e+01,5.801154327392578125e+01,5.967470550537109375e+01,5.892998123168945312e+01,4.778168487548828125e+01,4.562223815917968750e+01,4.657677078247070312e+01,4.266406250000000000e+01,4.003281402587890625e+01,2.764682006835937500e+01,2.813431167602539062e+01,3.287458801269531250e+01,3.563906097412109375e+01,4.097084426879882812e+01,6.291483306884765625e+01,7.381338500976562500e+01,7.247528076171875000e+01,5.905702972412109375e+01,4.797219085693359375e+01,3.893272018432617188e+01,4.048302459716796875e+01,2.247898864746093750e+01,1.418402576446533203e+01,1.123142051696777344e+01,1.403935623168945312e+01,2.255973052978515625e+01,3.120958709716796875e+01,3.358248138427734375e+01,3.105873489379882812e+01,2.944847106933593750e+01,2.808419799804687500e+01,2.277818679809570312e+01,2.153122329711914062e+01,2.019921875000000000e+01,2.247089004516601562e+01,3.680478668212890625e+01,5.247851562500000000e+01,5.716417694091796875e+01,5.451754760742187500e+01,5.323078155517578125e+01,5.129277801513671875e+01,4.886344146728515625e+01,4.192772674560546875e+01,4.310911560058593750e+01,4.382560729980468750e+01,4.931402206420898438e+01,5.527276611328125000e+01,4.852444458007812500e+01,4.972671127319335938e+01,5.012716674804687500e+01,5.455720138549804688e+01,5.275645446777343750e+01,4.553330230712890625e+01,4.128719329833984375e+01,4.823640441894531250e+01,4.205937957763671875e+01,2.020150375366210938e+01,1.667998504638671875e+01,2.338156890869140625e+01,2.272205352783203125e+01,2.633068466186523438e+01,4.196383666992187500e+01,5.831727218627929688e+01,5.189284515380859375e+01,3.932532882690429688e+01,2.877495574951171875e+01,1.693893051147460938e+01,9.037775039672851562e+00,6.860734462738037109e+00,4.553627014160156250e+00,3.193614006042480469e+00,2.874476909637451172e+00,8.564079284667968750e+00,9.527566909790039062e+00,8.629327774047851562e+00,5.119206428527832031e+00,6.242735862731933594e+00,8.132048606872558594e+00,1.334738063812255859e+01,1.875119972229003906e+01,2.184225654602050781e+01,2.921646118164062500e+01,2.887239837646484375e+01,2.808435821533203125e+01,3.129055404663085938e+01,3.182678222656250000e+01,3.486854171752929688e+01,3.338254165649414062e+01,2.869555664062500000e+01,2.766626358032226562e+01,3.173552703857421875e+01,3.363201904296875000e+01,2.832904052734375000e+01,2.659981155395507812e+01,2.578625106811523438e+01,2.696177291870117188e+01,3.182791137695312500e+01,3.084056854248046875e+01,3.073016357421875000e+01,3.204800796508789062e+01,2.860505676269531250e+01,3.020106315612792969e+01,3.184711265563964844e+01,2.929856872558593750e+01,2.523223495483398438e+01,2.460279464721679688e+01,2.786522293090820312e+01,2.733480834960937500e+01,2.273467254638671875e+01,2.985224151611328125e+01,5.687111282348632812e+01,5.648910522460937500e+01,5.053246688842773438e+01,4.588750839233398438e+01,4.857744598388671875e+01,4.994589233398437500e+01,3.783463287353515625e+01,2.628294944763183594e+01,2.204748916625976562e+01,1.807196044921875000e+01,1.566572093963623047e+01,1.195459365844726562e+01,7.547517776489257812e+00,6.355315208435058594e+00,6.106504440307617188e+00,5.832803726196289062e+00,-1.106634807586669922e+01,-2.198972320556640625e+01,-2.074505996704101562e+01,-1.494058609008789062e+01,-1.070880699157714844e+01,-2.797764539718627930e+00,6.777645111083984375e+00,1.155788612365722656e+01,1.905227279663085938e+01,2.332159805297851562e+01,2.896572685241699219e+01,3.573239517211914062e+01,4.186941146850585938e+01,4.016505050659179688e+01,3.785397338867187500e+01,3.830331802368164062e+01,3.216076660156250000e+01,2.855347633361816406e+01,2.780779457092285156e+01,2.878957748413085938e+01,2.593577575683593750e+01,2.435087394714355469e+01,2.385444641113281250e+01,1.815700721740722656e+01,1.656308746337890625e+01,1.764787864685058594e+01,2.236150741577148438e+01,2.007336425781250000e+01,2.186956214904785156e+01,2.326410293579101562e+01,2.012273025512695312e+01,1.503886795043945312e+01,1.567548751831054688e+01,1.622671890258789062e+01,1.926516723632812500e+01,2.072609710693359375e+01,2.069897460937500000e+01,2.096280097961425781e+01,2.043865966796875000e+01,2.033944702148437500e+01,1.554842376708984375e+01,1.274991607666015625e+01,1.118383216857910156e+01,1.734706306457519531e+01,2.281776809692382812e+01,1.724180984497070312e+01,2.199489402770996094e+01,2.009829330444335938e+01,2.053517913818359375e+01,2.268910217285156250e+01,2.603378868103027344e+01,2.833565330505371094e+01,3.892894744873046875e+01,6.038327789306640625e+01,6.505592346191406250e+01,5.906882858276367188e+01,4.885184478759765625e+01,4.266036224365234375e+01,3.938436126708984375e+01,2.831248092651367188e+01,2.062238693237304688e+01,2.030613327026367188e+01,2.684603118896484375e+01,3.206538391113281250e+01,3.350549697875976562e+01,3.558913421630859375e+01,3.414399337768554688e+01,3.723442840576171875e+01,3.461941146850585938e+01,2.631978797912597656e+01,2.711346435546875000e+01,2.938548469543457031e+01,2.671841430664062500e+01,3.017154693603515625e+01,3.737216186523437500e+01,3.693329238891601562e+01,3.997114562988281250e+01,4.185950088500976562e+01,5.563823699951171875e+01,5.903545379638671875e+01,6.173246002197265625e+01,6.301601409912109375e+01,6.702282714843750000e+01,6.716054534912109375e+01,5.337784957885742188e+01,5.359751510620117188e+01,5.768245697021484375e+01,6.515423583984375000e+01,6.288291168212890625e+01,5.137241744995117188e+01,3.992546081542968750e+01,2.580793762207031250e+01,1.562358474731445312e+01,1.736641693115234375e+01,2.584158706665039062e+01,3.096604919433593750e+01,3.257908630371093750e+01,3.431627655029296875e+01,3.572776031494140625e+01,3.789614486694335938e+01,3.361271286010742188e+01,3.086741638183593750e+01,2.762926864624023438e+01,2.546083450317382812e+01,3.117676162719726562e+01,3.099295425415039062e+01,2.750785446166992188e+01,3.131556701660156250e+01,2.660693740844726562e+01,1.288934326171875000e+01,1.676201224327087402e+00,-1.924971938133239746e-01,2.049932003021240234e+00,4.350627660751342773e-01,-1.066020011901855469e+00,1.989454388618469238e+00,1.111678314208984375e+01,1.837581062316894531e+01,1.412565994262695312e+01,1.219751739501953125e+01,1.462688159942626953e+01,3.405642700195312500e+01,5.980360412597656250e+01,6.619841003417968750e+01,7.476560974121093750e+01,7.336253356933593750e+01,6.712135314941406250e+01,5.871920013427734375e+01,5.301907730102539062e+01,4.594064331054687500e+01,3.642420196533203125e+01,2.202131652832031250e+01,1.480199241638183594e+01,1.471223258972167969e+01,1.184822273254394531e+01,7.154208183288574219e+00,9.485549926757812500e+00,9.267304420471191406e+00,7.808318138122558594e+00,4.946737289428710938e+00,5.970986843109130859e+00,1.147417259216308594e+01,1.335638904571533203e+01,1.571264362335205078e+01,1.830009269714355469e+01,1.772420692443847656e+01,1.606868553161621094e+01,1.493863487243652344e+01,1.219482421875000000e+01,1.360138893127441406e+01,1.344400596618652344e+01,1.438991451263427734e+01,2.222821617126464844e+01,2.559585952758789062e+01,2.491991043090820312e+01,2.031675720214843750e+01,1.672808074951171875e+01,1.557503890991210938e+01,1.587536430358886719e+01,1.383422279357910156e+01,1.527876472473144531e+01,1.721523094177246094e+01,3.067174530029296875e+01,4.983499145507812500e+01,5.595917129516601562e+01,4.725276184082031250e+01,3.502087783813476562e+01,2.208598327636718750e+01,1.584344768524169922e+01,1.532918930053710938e+01,1.936521148681640625e+01,1.962622451782226562e+01,1.367481994628906250e+01,1.892405271530151367e+00,-7.833375930786132812e+00,-1.400146102905273438e+01,-1.812995338439941406e+01,-2.308617973327636719e+01,-2.652233505249023438e+01,-2.586902618408203125e+01,-2.365907287597656250e+01,-2.237801361083984375e+01,-2.339320182800292969e+01,-1.778113937377929688e+01,-9.636878013610839844e+00,-5.431022644042968750e+00,1.064868545532226562e+01,2.633350753784179688e+01,3.684343338012695312e+01,3.386176300048828125e+01,4.632270050048828125e+01,5.676078414916992188e+01,6.444601440429687500e+01,7.159652709960937500e+01,7.288327026367187500e+01,7.298841857910156250e+01,6.898135375976562500e+01,7.004509735107421875e+01,7.118464660644531250e+01,6.780499267578125000e+01,6.463259887695312500e+01,6.374060058593750000e+01,5.335691833496093750e+01,3.746616363525390625e+01,1.960226821899414062e+01,8.823354721069335938e+00,8.298214912414550781e+00,4.726209640502929688e+00,3.078657627105712891e+00,4.747277736663818359e+00,9.568677902221679688e+00,1.361775970458984375e+01,1.160490226745605469e+01,1.351187419891357422e+01,1.594255065917968750e+01,1.745119667053222656e+01,2.268188858032226562e+01,1.723860168457031250e+01,1.593662452697753906e+01,2.385843467712402344e+01,2.452879714965820312e+01,2.313168334960937500e+01,2.036124992370605469e+01,2.083884048461914062e+01,2.050624847412109375e+01,2.069192695617675781e+01,2.198991394042968750e+01,2.246047401428222656e+01,1.939637184143066406e+01,1.918687248229980469e+01,2.883750534057617188e+01,3.799415588378906250e+01,4.534147644042968750e+01,5.169586181640625000e+01,5.004458618164062500e+01,5.159067535400390625e+01,4.957324981689453125e+01,3.831434631347656250e+01,3.444103622436523438e+01,3.811249160766601562e+01,4.879239273071289062e+01,4.582749176025390625e+01,4.178737640380859375e+01,4.007076263427734375e+01,4.370066452026367188e+01,3.759535598754882812e+01,3.649203109741210938e+01,3.282489013671875000e+01,2.705863189697265625e+01,2.986756896972656250e+01,3.821026611328125000e+01,4.576279449462890625e+01,4.822429656982421875e+01,4.499146270751953125e+01,4.168372726440429688e+01,2.746128082275390625e+01,2.042013549804687500e+01,1.442771720886230469e+01,1.083789634704589844e+01,8.966337203979492188e+00,1.623904800415039062e+01,2.286578941345214844e+01,2.276342391967773438e+01,2.116082382202148438e+01,2.333577728271484375e+01,2.420088958740234375e+01,1.691169738769531250e+01,1.025906848907470703e+01,1.422828197479248047e+01,8.042682647705078125e+00,6.142167568206787109e+00,1.340396881103515625e+01,1.622173309326171875e+01,1.163812255859375000e+01,1.117795181274414062e+01,1.507810974121093750e+01,2.321427536010742188e+01,2.029533386230468750e+01,1.916846466064453125e+01,2.128532028198242188e+01,2.140645980834960938e+01,2.321217536926269531e+01,2.216189765930175781e+01,2.465544128417968750e+01,2.723292160034179688e+01,2.966293716430664062e+01,2.683983993530273438e+01,2.264957046508789062e+01,2.476482009887695312e+01,2.938251495361328125e+01,2.621900558471679688e+01,2.373409652709960938e+01,1.714902877807617188e+01,1.332892799377441406e+01,1.686124420166015625e+01,1.627168273925781250e+01,1.480243682861328125e+01,1.990800857543945312e+01,2.172787094116210938e+01,1.688085937500000000e+01,1.371783447265625000e+01,1.705370712280273438e+01,1.584824371337890625e+01,3.345030784606933594e+00,-1.009978103637695312e+01,-1.010523223876953125e+01,-1.296231508255004883e+00,3.989711284637451172e+00,6.055946350097656250e+00,7.792941093444824219e+00,1.110916233062744141e+01,3.039463806152343750e+01,5.110219192504882812e+01,5.578817749023437500e+01,5.307852172851562500e+01,6.036724472045898438e+01,6.636663818359375000e+01,6.807627105712890625e+01,7.023335266113281250e+01,6.374528503417968750e+01,5.558183288574218750e+01,5.879985046386718750e+01,5.248134613037109375e+01,4.634001159667968750e+01,3.418777465820312500e+01,3.010237884521484375e+01,2.482089233398437500e+01,2.002951812744140625e+01,1.885069274902343750e+01,1.983293914794921875e+01,1.972784042358398438e+01,1.129610538482666016e+01,9.430336952209472656e+00,4.844933509826660156e+00,4.090437889099121094e+00,6.989803314208984375e+00,1.605895233154296875e+01,1.650920104980468750e+01,1.544082450866699219e+01,1.715223693847656250e+01,2.375379943847656250e+01,3.088357162475585938e+01,2.363878440856933594e+01,1.833955001831054688e+01,1.154723739624023438e+01,1.890044403076171875e+01,2.395447158813476562e+01,1.703626632690429688e+01,1.848379516601562500e+01,2.782915878295898438e+01,3.565469360351562500e+01,3.660646820068359375e+01,3.131719207763671875e+01,3.067323875427246094e+01,2.942931556701660156e+01,3.208282089233398438e+01,2.904171371459960938e+01,4.646634674072265625e+01,5.091055297851562500e+01,5.496426391601562500e+01,5.319505310058593750e+01,4.996592712402343750e+01,5.398394775390625000e+01,5.415848159790039062e+01,5.100385284423828125e+01,5.359455871582031250e+01,5.483525085449218750e+01,5.202318191528320312e+01,5.374153137207031250e+01,4.455986404418945312e+01,3.320621109008789062e+01,2.217048072814941406e+01,1.822919464111328125e+01,2.417695617675781250e+01,3.093437957763671875e+01,3.464003753662109375e+01,3.600645065307617188e+01,3.334358978271484375e+01,2.624857330322265625e+01,2.499201202392578125e+01,2.697357749938964844e+01,2.769090270996093750e+01,2.793933296203613281e+01,2.090269470214843750e+01,2.140924644470214844e+01,2.247008895874023438e+01,2.385104370117187500e+01,2.251491546630859375e+01,2.406592559814453125e+01,2.376201820373535156e+01,1.903900909423828125e+01,2.066205978393554688e+01,2.445233345031738281e+01,2.850949859619140625e+01,2.982857894897460938e+01,2.653225708007812500e+01,2.584471130371093750e+01,2.107288360595703125e+01,2.042895126342773438e+01,2.146109771728515625e+01,2.562853813171386719e+01,2.959523582458496094e+01,3.923932647705078125e+01,3.922133636474609375e+01,2.620106506347656250e+01,1.709569549560546875e+01,8.083536148071289062e+00,5.076932430267333984e+00,4.120285034179687500e+00,-5.381018519401550293e-01,-6.914224624633789062e+00,-7.293068885803222656e+00,-2.724795103073120117e+00,5.644114494323730469e+00,1.054646873474121094e+01,1.037615871429443359e+01,5.622735500335693359e+00,2.103267192840576172e+00,6.764986991882324219e+00,8.769302368164062500e+00,1.226121902465820312e+01,1.809245300292968750e+01,3.453870391845703125e+01,4.360535430908203125e+01,4.223524475097656250e+01,3.748742675781250000e+01,4.817461395263671875e+01,6.909655761718750000e+01,7.504431152343750000e+01,6.955082702636718750e+01,6.111026763916015625e+01,5.779993438720703125e+01,5.956713104248046875e+01,6.395019531250000000e+01,5.265420532226562500e+01,4.376259994506835938e+01,3.736319732666015625e+01,2.480277061462402344e+01,1.784086799621582031e+01,1.402336883544921875e+01,1.536802291870117188e+01,1.940552520751953125e+01,2.375836563110351562e+01,2.226235580444335938e+01,1.895281791687011719e+01,2.069743728637695312e+01,2.091691589355468750e+01,1.885070419311523438e+01,1.824986267089843750e+01,1.706108665466308594e+01,2.061562347412109375e+01,3.344966506958007812e+01,3.219173049926757812e+01,2.451354980468750000e+01,2.044125747680664062e+01,2.230512428283691406e+01,2.180198669433593750e+01,2.321823883056640625e+01,3.048802757263183594e+01,4.687496948242187500e+01,4.320281982421875000e+01,2.874927520751953125e+01,9.630681037902832031e+00,-2.184800863265991211e+00,-5.908677577972412109e-01,-4.082193374633789062e-01,-3.165714979171752930e+00,6.047219634056091309e-01,2.299833774566650391e+00,1.584525465965270996e+00,-1.159305095672607422e+00,-3.609981775283813477e+00,4.493432998657226562e+00,8.465999603271484375e+00,1.824859619140625000e+01,1.432508659362792969e+01,1.462022209167480469e+01,1.356430053710937500e+01,1.126867198944091797e+01,1.225272941589355469e+01,1.056950187683105469e+01,1.132246208190917969e+01,1.473509407043457031e+01,3.595030975341796875e+01,4.866210174560546875e+01,4.119105148315429688e+01,2.391666030883789062e+01,1.051647567749023438e+01,8.835966110229492188e+00,1.445502471923828125e+01,1.335764884948730469e+01,1.788432502746582031e+01,2.928376007080078125e+01,3.332473373413085938e+01,2.947145080566406250e+01,2.632871818542480469e+01,2.362709426879882812e+01,3.672846984863281250e+01,4.040272521972656250e+01,4.254534912109375000e+01,5.659771728515625000e+01,6.264055633544921875e+01,5.654901123046875000e+01,5.298104095458984375e+01,4.720569610595703125e+01,3.555757904052734375e+01,2.980381011962890625e+01,2.866343688964843750e+01,2.201216506958007812e+01,2.599910354614257812e+01,2.941276931762695312e+01,3.610498809814453125e+01,4.266615295410156250e+01,4.362949371337890625e+01,3.845401000976562500e+01,4.150172805786132812e+01,4.486183166503906250e+01,4.828105163574218750e+01,4.010128021240234375e+01,2.903307914733886719e+01,2.210494995117187500e+01,2.288788986206054688e+01,2.626452255249023438e+01,2.224621200561523438e+01,1.492594337463378906e+01,2.062851524353027344e+01,2.763058471679687500e+01,3.500863265991210938e+01,4.297776412963867188e+01,4.380015945434570312e+01,3.661297988891601562e+01,3.543976211547851562e+01,3.196785354614257812e+01,3.006768035888671875e+01,2.892920112609863281e+01,2.453679656982421875e+01,3.549263763427734375e+01,3.906047058105468750e+01,4.404790496826171875e+01,4.455336761474609375e+01,4.862862396240234375e+01,4.555022430419921875e+01,3.547972106933593750e+01,2.103390312194824219e+01,8.385219573974609375e+00,7.026875019073486328e+00,3.225953102111816406e+00,1.924562811851501465e+00,7.958717346191406250e+00,2.096263122558593750e+01,3.051767349243164062e+01,3.169512748718261719e+01,3.178046035766601562e+01,3.864008331298828125e+01,2.971866226196289062e+01,1.902005577087402344e+01,9.819597244262695312e+00,8.826545715332031250e+00,8.399662017822265625e+00,4.727688789367675781e+00,2.125825881958007812e+00,1.508251667022705078e+00,8.979006767272949219e+00,1.394925498962402344e+01,1.419739341735839844e+01,3.913257837295532227e+00,-3.908565998077392578e+00,-1.085041809082031250e+01,-9.152320861816406250e+00,3.254121541976928711e+00,1.162342834472656250e+01,1.811360549926757812e+01,2.355046844482421875e+01,2.416477584838867188e+01,2.268775177001953125e+01,2.593354415893554688e+01,2.717737579345703125e+01,3.346165084838867188e+01,5.083554840087890625e+01,6.317808151245117188e+01,6.656631469726562500e+01,6.146633529663085938e+01,5.478009414672851562e+01,4.855911254882812500e+01,4.104812240600585938e+01,3.981763458251953125e+01,3.315953063964843750e+01,2.728111457824707031e+01,2.317979431152343750e+01,2.177474975585937500e+01,2.610321998596191406e+01,2.734250068664550781e+01,2.707421112060546875e+01,1.828796195983886719e+01,1.075782680511474609e+01,1.106166648864746094e+01,1.621921920776367188e+01,1.500095081329345703e+01,1.724432754516601562e+01,2.246611595153808594e+01,1.925936889648437500e+01,1.599501991271972656e+01,1.781822395324707031e+01,2.092686080932617188e+01,1.999568748474121094e+01,2.239657020568847656e+01,2.387550163269042969e+01,2.177366256713867188e+01,2.265207481384277344e+01,1.965788269042968750e+01,2.295159149169921875e+01,2.697034835815429688e+01,2.669324493408203125e+01,2.161676788330078125e+01,1.730141830444335938e+01,2.446210861206054688e+01,2.791671371459960938e+01,2.970449638366699219e+01,2.718716049194335938e+01,2.778246498107910156e+01,2.991446876525878906e+01,2.986156845092773438e+01,2.902582931518554688e+01,3.137424087524414062e+01,2.572824859619140625e+01,2.040840148925781250e+01,1.938232803344726562e+01,1.787504577636718750e+01,1.737990951538085938e+01,2.043572998046875000e+01,3.626653289794921875e+01,4.772451019287109375e+01,4.889109802246093750e+01,4.278846359252929688e+01,3.367303466796875000e+01,3.050239372253417969e+01,2.650481796264648438e+01,3.309327697753906250e+01,3.367276763916015625e+01,3.262264251708984375e+01,2.854911804199218750e+01,2.356008338928222656e+01,2.058671760559082031e+01,2.505236816406250000e+01,2.889696502685546875e+01,3.163226699829101562e+01,3.391915512084960938e+01,3.970227432250976562e+01,4.069376754760742188e+01,2.976700592041015625e+01,2.052649688720703125e+01,1.379280281066894531e+01,1.279932117462158203e+01,1.506904411315917969e+01,1.751939010620117188e+01,1.232267761230468750e+01,1.098060798645019531e+01,9.095316886901855469e+00,7.400350570678710938e+00,2.995608806610107422e+00,-9.978131055831909180e-01,1.552381515502929688e+00,8.945207595825195312e+00,8.513828277587890625e+00,7.127039909362792969e+00,8.765449523925781250e+00,1.474512004852294922e+01,1.096973609924316406e+01,7.475910186767578125e+00,1.202678775787353516e+01,1.191762351989746094e+01,8.876190185546875000e+00,1.075636291503906250e+01,1.715820884704589844e+01,2.603340530395507812e+01,2.778043746948242188e+01,2.727511215209960938e+01,3.277696228027343750e+01,3.159704208374023438e+01,3.056429672241210938e+01,2.917983245849609375e+01,3.084786605834960938e+01,2.643215560913085938e+01,2.447225379943847656e+01,2.828042602539062500e+01,3.482477188110351562e+01,3.865960311889648438e+01,3.250430297851562500e+01,2.451946640014648438e+01,2.245900344848632812e+01,1.712567901611328125e+01,9.908940315246582031e+00,1.426361846923828125e+01,2.176495552062988281e+01,2.326855850219726562e+01,2.163121223449707031e+01,2.186761856079101562e+01,1.790320205688476562e+01,1.106851959228515625e+01,1.950341415405273438e+01,2.549601745605468750e+01,2.850389671325683594e+01,3.224299240112304688e+01,4.119683837890625000e+01,4.235203552246093750e+01,3.777044296264648438e+01,3.061647796630859375e+01,2.602062225341796875e+01,2.337673950195312500e+01,2.139567184448242188e+01,2.138471221923828125e+01,1.844186782836914062e+01,1.444113159179687500e+01,1.302729606628417969e+01,1.770338630676269531e+01,1.334422683715820312e+01,3.134826660156250000e+00,-1.079934120178222656e+00,1.160971999168395996e+00,8.504095077514648438e+00,1.460270309448242188e+01,1.925931167602539062e+01,2.004327774047851562e+01,1.134155368804931641e+01,9.424736022949218750e+00,1.181708717346191406e+01,1.258782958984375000e+01,7.909399509429931641e+00,7.033380508422851562e+00,1.257989311218261719e+01,1.792049789428710938e+01,1.392086601257324219e+01,1.639718246459960938e+01,1.867248916625976562e+01,1.612995147705078125e+01,1.513805007934570312e+01,1.534446334838867188e+01,2.044206047058105469e+01,2.513412094116210938e+01,2.105027008056640625e+01,1.820686721801757812e+01,1.924408149719238281e+01,1.776508712768554688e+01,2.206039047241210938e+01,2.601268386840820312e+01,2.985375213623046875e+01,2.379443740844726562e+01,2.148996734619140625e+01,2.917299652099609375e+01,3.196539497375488281e+01,2.498753738403320312e+01,2.332014465332031250e+01,2.781296157836914062e+01,3.099974822998046875e+01,2.795717048645019531e+01,2.834644508361816406e+01,3.024685859680175781e+01,2.996703147888183594e+01,2.940637016296386719e+01,2.508704376220703125e+01,2.396301651000976562e+01,2.974931907653808594e+01,3.356241607666015625e+01,3.533626556396484375e+01,3.480744171142578125e+01,3.586511230468750000e+01,2.970498847961425781e+01,2.479531478881835938e+01,2.961522293090820312e+01,2.529755401611328125e+01,2.282908439636230469e+01,2.294057846069335938e+01,3.518812179565429688e+01,4.279345703125000000e+01,4.395957946777343750e+01,4.114878082275390625e+01,5.237294006347656250e+01,6.191856765747070312e+01,4.347319412231445312e+01,2.462381553649902344e+01,1.050710010528564453e+01,3.060019016265869141e+00,-1.495407819747924805e+00,-1.649671554565429688e+00,6.443425178527832031e+00,5.142122745513916016e+00,3.092186212539672852e+00,9.427364349365234375e+00,1.210546684265136719e+01,1.163466072082519531e+01,1.445846271514892578e+01,1.985433197021484375e+01,6.474074363708496094e+00,-3.383674621582031250e+00,1.124749565124511719e+01,2.540325164794921875e+01,2.757177543640136719e+01,3.026109886169433594e+01,3.529434967041015625e+01,3.380516052246093750e+01,3.459700775146484375e+01,2.770525932312011719e+01,2.419281578063964844e+01,3.155347824096679688e+01,3.021842956542968750e+01,2.591177749633789062e+01,2.407333946228027344e+01,2.339193344116210938e+01,1.783167076110839844e+01,1.380297660827636719e+01,1.346245002746582031e+01,1.639390754699707031e+01,1.450301742553710938e+01,1.351474761962890625e+01,7.391190528869628906e+00,-3.850058555603027344e+00,-1.403743743896484375e+01,-1.626493835449218750e+01,-1.939750099182128906e+01,-2.067315292358398438e+01,-1.697404289245605469e+01,-1.652450180053710938e+01,-1.153946876525878906e+01,-4.900675296783447266e+00,-3.514395475387573242e+00,-2.862436294555664062e+00,-1.551877975463867188e+00,9.027420043945312500e+00,8.628840446472167969e+00,1.036936378479003906e+01,1.789142799377441406e+01,2.259354782104492188e+01,2.302084732055664062e+01,4.017086029052734375e+01,4.117476654052734375e+01,4.569935607910156250e+01,4.965470123291015625e+01,4.092362213134765625e+01,3.355301666259765625e+01,3.047954750061035156e+01,3.266196060180664062e+01,2.975010681152343750e+01,2.259799385070800781e+01,1.958820343017578125e+01,2.602262878417968750e+01,2.938032531738281250e+01,2.954099655151367188e+01,2.707431030273437500e+01,2.756379890441894531e+01,2.896265029907226562e+01,2.962692260742187500e+01,3.045255470275878906e+01,2.944993209838867188e+01,2.845330810546875000e+01,3.101679801940917969e+01,3.457707977294921875e+01,3.087135314941406250e+01,3.068414688110351562e+01,3.162131118774414062e+01,3.118675994873046875e+01,2.414212226867675781e+01,2.281183242797851562e+01,1.963529586791992188e+01,1.864834976196289062e+01,1.957458114624023438e+01,2.349473762512207031e+01,2.169481658935546875e+01,1.589029693603515625e+01,2.160077857971191406e+01,2.627588272094726562e+01,2.724854850769042969e+01,2.752305984497070312e+01,2.186743545532226562e+01,2.193326950073242188e+01,2.544607353210449219e+01,4.030855941772460938e+01,5.303314208984375000e+01,5.288211822509765625e+01,4.433856964111328125e+01,3.200666809082031250e+01,2.887905502319335938e+01,2.849836540222167969e+01,2.743476104736328125e+01,2.611311340332031250e+01,2.782979202270507812e+01,3.156379318237304688e+01,2.637144470214843750e+01,2.243709945678710938e+01,2.158917617797851562e+01,2.133180618286132812e+01,2.066458511352539062e+01,2.975423049926757812e+01,2.932701492309570312e+01,2.462783241271972656e+01,2.519750213623046875e+01,3.619024658203125000e+01,4.100882339477539062e+01,3.659513854980468750e+01,3.465785217285156250e+01,3.495745849609375000e+01,3.661908340454101562e+01,3.483278274536132812e+01,2.998236846923828125e+01,2.600370597839355469e+01,1.628903579711914062e+01,4.531353950500488281e+00,9.601632952690124512e-01,3.076090097427368164e+00,9.439110755920410156e+00,8.917257308959960938e+00,8.529725074768066406e+00,6.768908500671386719e+00,6.074000358581542969e+00,4.486280441284179688e+00,2.681484699249267578e+00,8.829416275024414062e+00,8.155121803283691406e+00,1.006169509887695312e+01,1.824214553833007812e+01,1.903420066833496094e+01,1.953101921081542969e+01,1.691664314270019531e+01,1.163877296447753906e+01,1.280672454833984375e+01,1.645433616638183594e+01,1.791467857360839844e+01,1.936319351196289062e+01,1.971509361267089844e+01,1.578571891784667969e+01,1.461963272094726562e+01,1.387182998657226562e+01,2.097089004516601562e+01,2.851442718505859375e+01,2.878437805175781250e+01,2.299281120300292969e+01,2.182964897155761719e+01,2.608438491821289062e+01,2.885827255249023438e+01,2.962966918945312500e+01,2.633928680419921875e+01,2.531064605712890625e+01,2.160234642028808594e+01,2.393158531188964844e+01,2.038974571228027344e+01,2.275038528442382812e+01,2.312417984008789062e+01,2.249698066711425781e+01,2.453249740600585938e+01,2.576144981384277344e+01,2.744119834899902344e+01,2.801942825317382812e+01,2.713393592834472656e+01,2.765113830566406250e+01,2.806513595581054688e+01,3.269230651855468750e+01,3.740733337402343750e+01,3.706494140625000000e+01,3.176393699645996094e+01,3.130069732666015625e+01,3.847254943847656250e+01,6.237528228759765625e+01,6.711786651611328125e+01,6.282489776611328125e+01,6.088284301757812500e+01,6.092648315429687500e+01,5.988750457763671875e+01,5.481327056884765625e+01,6.002485656738281250e+01,6.841558074951171875e+01,7.422798919677734375e+01,6.916806793212890625e+01,7.074558258056640625e+01,7.405728149414062500e+01,7.170980834960937500e+01,6.778414916992187500e+01,5.464606475830078125e+01,4.745323944091796875e+01,4.260520935058593750e+01,4.268588256835937500e+01,4.111184692382812500e+01,5.168441009521484375e+01,6.144116592407226562e+01,6.428081512451171875e+01,6.854910278320312500e+01,6.417054748535156250e+01,5.308064651489257812e+01,4.564172363281250000e+01,4.607101821899414062e+01,3.820660400390625000e+01,2.768489646911621094e+01,1.759122467041015625e+01,1.123811531066894531e+01,1.033178329467773438e+01,1.147608947753906250e+01,1.135076999664306641e+01,1.372692108154296875e+01,2.106641387939453125e+01,2.460198783874511719e+01,1.991234588623046875e+01,2.256484985351562500e+01,2.390733146667480469e+01,2.684168243408203125e+01,3.073277282714843750e+01,2.946561622619628906e+01,2.742695236206054688e+01,3.123118591308593750e+01,2.760250854492187500e+01,2.135155105590820312e+01,2.279313468933105469e+01,2.641185379028320312e+01,2.542455291748046875e+01,2.168753433227539062e+01,1.933531570434570312e+01,2.258084869384765625e+01,2.257336044311523438e+01,2.204704093933105469e+01,2.343210601806640625e+01,2.238365554809570312e+01,2.619535827636718750e+01,2.810725212097167969e+01,2.593984222412109375e+01,2.489864730834960938e+01,2.647049713134765625e+01,2.812845802307128906e+01,3.039219284057617188e+01,2.795473289489746094e+01,2.898422431945800781e+01,2.629816436767578125e+01,2.530398368835449219e+01,2.285373497009277344e+01,2.241950416564941406e+01,2.475511169433593750e+01,2.707807159423828125e+01,2.497100067138671875e+01,2.589593315124511719e+01,2.663685607910156250e+01,3.009239959716796875e+01,3.202639007568359375e+01,3.095631790161132812e+01,2.972724151611328125e+01,2.914832305908203125e+01,2.595020866394042969e+01,2.726186370849609375e+01,2.579923629760742188e+01,2.819816970825195312e+01,2.845690536499023438e+01,2.534149551391601562e+01,2.540682411193847656e+01,2.306179428100585938e+01,1.991961860656738281e+01,2.321762657165527344e+01,1.936515998840332031e+01,1.747850036621093750e+01,1.817762374877929688e+01,2.653376197814941406e+01,3.009171867370605469e+01,2.421920013427734375e+01,2.651234054565429688e+01,2.842701721191406250e+01,2.418190765380859375e+01,2.505617141723632812e+01,2.271017646789550781e+01,2.237613105773925781e+01,2.501907348632812500e+01,2.564917373657226562e+01,2.287115859985351562e+01,2.264135360717773438e+01,2.799826431274414062e+01,3.009350967407226562e+01,2.810025215148925781e+01,2.777201080322265625e+01,2.730601501464843750e+01,2.461839485168457031e+01,2.605913162231445312e+01,2.686969757080078125e+01,2.563504791259765625e+01,2.759613037109375000e+01,2.620886230468750000e+01,3.244923400878906250e+01,4.084509658813476562e+01,4.065946197509765625e+01,3.537714767456054688e+01,3.433827590942382812e+01,3.325882339477539062e+01,2.959321594238281250e+01,3.249897766113281250e+01,3.840441894531250000e+01,3.944894790649414062e+01,3.736264801025390625e+01,3.795845794677734375e+01,3.680532073974609375e+01,3.896942520141601562e+01,3.891366577148437500e+01,3.656442260742187500e+01,3.883584594726562500e+01,3.719593811035156250e+01,3.441648101806640625e+01,3.462055587768554688e+01,3.287201690673828125e+01,2.504684257507324219e+01,2.338274002075195312e+01,2.394049453735351562e+01,2.271965789794921875e+01,2.309795570373535156e+01,2.338837432861328125e+01,2.308509445190429688e+01,2.381999969482421875e+01,2.335350799560546875e+01,2.483818817138671875e+01,2.695982360839843750e+01,2.495543289184570312e+01,2.108004951477050781e+01,1.766554832458496094e+01,1.673245620727539062e+01,1.536389923095703125e+01,1.462798500061035156e+01,2.224734878540039062e+01,2.525555419921875000e+01,2.204346656799316406e+01,2.146525382995605469e+01,2.206234359741210938e+01,1.948114776611328125e+01,1.898209381103515625e+01,1.843824195861816406e+01,1.536361312866210938e+01,1.636310195922851562e+01,2.186588287353515625e+01,2.794565582275390625e+01,3.878287506103515625e+01,4.512822723388671875e+01,4.924942779541015625e+01,5.245070648193359375e+01,4.339699554443359375e+01,4.058779907226562500e+01,4.665726470947265625e+01,4.206185913085937500e+01,3.930221939086914062e+01,4.075406646728515625e+01,3.229144668579101562e+01,2.843377685546875000e+01,1.646458053588867188e+01,1.112904739379882812e+01,5.298841476440429688e+00,5.742330074310302734e+00,9.705718994140625000e+00,9.684053421020507812e+00,1.615773677825927734e+00,9.681913852691650391e-01,1.302880096435546875e+01,2.099902153015136719e+01,2.578851890563964844e+01,2.557665252685546875e+01,2.289218330383300781e+01,2.237834167480468750e+01,2.639507293701171875e+01,2.660131072998046875e+01,2.581910705566406250e+01,2.046966934204101562e+01,1.524270439147949219e+01,1.811558914184570312e+01,1.867928123474121094e+01,2.625103378295898438e+01,2.202744483947753906e+01,2.032909584045410156e+01,1.886707496643066406e+01,1.623018074035644531e+01,2.266123199462890625e+01,2.361259078979492188e+01,2.772319602966308594e+01,2.815430641174316406e+01,2.203165435791015625e+01,2.303720474243164062e+01,2.625570487976074219e+01,2.112162208557128906e+01,1.962349700927734375e+01,2.407623291015625000e+01,2.858650779724121094e+01,2.403436088562011719e+01,1.942204666137695312e+01,2.051596832275390625e+01,1.939328193664550781e+01,1.505866622924804688e+01,2.081908226013183594e+01,2.083498191833496094e+01,1.942433929443359375e+01,2.588662910461425781e+01,2.084363555908203125e+01,1.638624000549316406e+01,1.899120712280273438e+01,2.061139297485351562e+01,2.174914360046386719e+01,2.378019905090332031e+01,2.583978080749511719e+01,2.420641708374023438e+01,2.417125129699707031e+01,2.773682975769042969e+01,2.412225723266601562e+01,2.406415176391601562e+01,2.496565628051757812e+01,2.113027572631835938e+01,2.499633026123046875e+01,2.204328346252441406e+01,2.628188133239746094e+01,2.934398841857910156e+01,2.761745071411132812e+01,2.241003417968750000e+01,2.677545547485351562e+01,2.663403320312500000e+01,4.057925033569335938e+01,5.973497772216796875e+01,5.858995819091796875e+01,5.061458587646484375e+01,3.864680099487304688e+01,3.375913238525390625e+01,3.467224121093750000e+01,3.474684524536132812e+01,3.573521423339843750e+01,4.895040130615234375e+01,5.306657791137695312e+01,5.756742858886718750e+01,5.850771713256835938e+01,5.400633239746093750e+01,4.567076873779296875e+01,3.307323455810546875e+01,2.997550201416015625e+01,3.186135101318359375e+01,4.560615158081054688e+01,6.319261169433593750e+01,7.121082305908203125e+01,7.041780090332031250e+01,6.841717529296875000e+01,6.547914123535156250e+01,4.509004592895507812e+01,4.295792388916015625e+01,4.797239685058593750e+01,4.301791000366210938e+01,3.303947067260742188e+01,2.201089859008789062e+01,2.555098342895507812e+01,2.588854980468750000e+01,2.235559082031250000e+01,2.131205558776855469e+01,2.240092468261718750e+01,2.658090209960937500e+01,2.560813140869140625e+01,2.894217681884765625e+01,3.066287422180175781e+01,3.772499847412109375e+01,4.441241455078125000e+01,5.044542694091796875e+01,5.149637603759765625e+01,4.910598754882812500e+01,4.506053161621093750e+01,4.420974731445312500e+01,3.868362426757812500e+01,3.468222808837890625e+01,3.267950057983398438e+01,3.293472290039062500e+01,3.558680725097656250e+01,2.522555160522460938e+01,1.018185043334960938e+01,-8.349248766899108887e-01,5.246307373046875000e+00,1.330922222137451172e+01,2.001247787475585938e+01,2.037418746948242188e+01,2.261341094970703125e+01,2.444193649291992188e+01,1.845860671997070312e+01,2.324737167358398438e+01,2.977678489685058594e+01,2.397171783447265625e+01,2.192963600158691406e+01,1.971103668212890625e+01,2.220249748229980469e+01,1.981699752807617188e+01,2.557124328613281250e+01,2.113842010498046875e+01,2.458663177490234375e+01,2.526156997680664062e+01,2.746660423278808594e+01,3.146411895751953125e+01,2.944727134704589844e+01,2.856493568420410156e+01,2.736405944824218750e+01,2.301913642883300781e+01,2.816696929931640625e+01,5.858171081542968750e+01,7.652761077880859375e+01,7.520788574218750000e+01,6.760371398925781250e+01,6.302654266357421875e+01,5.883899307250976562e+01,4.570283126831054688e+01,3.550968933105468750e+01,3.580262374877929688e+01,3.871850204467773438e+01,3.847995376586914062e+01,4.928819274902343750e+01,5.218902206420898438e+01,4.479994583129882812e+01,3.976373672485351562e+01,3.610396575927734375e+01,3.307958221435546875e+01,2.652712249755859375e+01,2.407341003417968750e+01,2.847931289672851562e+01,2.885653114318847656e+01,3.124367904663085938e+01,3.196491050720214844e+01,3.399790954589843750e+01,2.925930213928222656e+01,1.839902877807617188e+01,1.631501770019531250e+01,1.430516052246093750e+01,1.395069694519042969e+01,1.409800529479980469e+01,1.151138114929199219e+01,1.095727062225341797e+01,7.759102821350097656e+00,5.408487319946289062e+00,4.626070976257324219e+00,8.266062736511230469e+00,1.274075317382812500e+01,1.577187442779541016e+01,1.697561073303222656e+01,2.284192085266113281e+01,1.891197776794433594e+01,1.544763755798339844e+01,1.259341907501220703e+01,1.928035545349121094e+01,1.910155868530273438e+01,1.527358150482177734e+01,1.680022048950195312e+01,1.884748458862304688e+01,2.029400634765625000e+01,1.894172286987304688e+01,1.916427612304687500e+01,2.229893112182617188e+01,2.315520858764648438e+01,2.390047836303710938e+01,2.127173805236816406e+01,2.175356864929199219e+01,1.965058517456054688e+01,1.547705459594726562e+01,1.740076065063476562e+01,1.503134918212890625e+01,1.842449569702148438e+01,1.569242286682128906e+01,1.422428035736083984e+01,1.647241592407226562e+01,1.621923446655273438e+01,2.069031906127929688e+01,1.868844032287597656e+01,1.857690429687500000e+01,2.019326400756835938e+01,1.872100830078125000e+01,2.170953369140625000e+01,2.337825775146484375e+01,2.582376861572265625e+01,1.851854896545410156e+01,1.610035896301269531e+01,1.782226181030273438e+01,1.629026031494140625e+01,1.906445693969726562e+01,2.134603118896484375e+01,1.857839202880859375e+01,1.789125633239746094e+01,2.222813224792480469e+01,2.526744079589843750e+01,2.363172912597656250e+01,7.540595054626464844e+00,-2.317055225372314453e+00,-5.005923271179199219e+00,-2.505418777465820312e+00,3.220805168151855469e+00,2.253075027465820312e+01,3.856774902343750000e+01,4.707115173339843750e+01,5.208712768554687500e+01,5.882451629638671875e+01,6.497029876708984375e+01,7.203251647949218750e+01,7.267643737792968750e+01,6.325183105468750000e+01,5.346193695068359375e+01,4.623191070556640625e+01,3.655481719970703125e+01,2.787477874755859375e+01,1.838957595825195312e+01,1.985786437988281250e+01,2.381259155273437500e+01,2.568307876586914062e+01,2.361027145385742188e+01,2.631766128540039062e+01,2.906164550781250000e+01,3.007189178466796875e+01,3.730155944824218750e+01,3.501825714111328125e+01,3.195695877075195312e+01,3.231781005859375000e+01,2.977009963989257812e+01,2.838301467895507812e+01,2.471757507324218750e+01,2.350259399414062500e+01,2.786470031738281250e+01,2.740663909912109375e+01,3.172589874267578125e+01,2.987875938415527344e+01,2.426164054870605469e+01,2.213994407653808594e+01,2.428177452087402344e+01,2.822968673706054688e+01,2.447622680664062500e+01,2.057097625732421875e+01,2.051915359497070312e+01,2.483739471435546875e+01,2.256379699707031250e+01,2.705054473876953125e+01,2.929078865051269531e+01,2.490710830688476562e+01,2.396809005737304688e+01,2.670352554321289062e+01,2.537795257568359375e+01,2.788617706298828125e+01,2.977887916564941406e+01,2.355285072326660156e+01,3.181251907348632812e+01,7.285028839111328125e+01,8.084576416015625000e+01,7.594139099121093750e+01,6.913829040527343750e+01,6.923215484619140625e+01,7.277220916748046875e+01,6.450304412841796875e+01,5.415408706665039062e+01,5.361547088623046875e+01,5.453353881835937500e+01,5.115773391723632812e+01,4.583474731445312500e+01,5.115308380126953125e+01,4.300402069091796875e+01,3.189136695861816406e+01,3.274195098876953125e+01,3.594663238525390625e+01,3.801302719116210938e+01,4.382463836669921875e+01,3.960619354248046875e+01,4.302083587646484375e+01,5.291229629516601562e+01,5.528944778442382812e+01,5.861499786376953125e+01,5.938290405273437500e+01,5.437545013427734375e+01,5.120687484741210938e+01,6.059358215332031250e+01,6.450749206542968750e+01,6.665944671630859375e+01,6.498430633544921875e+01,6.395046234130859375e+01,5.734316253662109375e+01,4.723362731933593750e+01,3.037575531005859375e+01,1.134469223022460938e+01,6.481250762939453125e+00,-2.260658144950866699e-01,-2.561006546020507812e+00,2.044595718383789062e+00,2.039785623550415039e+00,9.024725914001464844e+00,1.529139995574951172e+01,1.668888092041015625e+01,1.459286308288574219e+01,8.771121978759765625e+00,-4.223565101623535156e+00,-2.182405471801757812e+00,7.271629333496093750e+00,2.094985961914062500e+01,2.535021591186523438e+01,1.486143493652343750e+01,4.207675933837890625e+00,-1.567257642745971680e-01,5.561829566955566406e+00,6.609313488006591797e+00,7.024758338928222656e+00,1.217129421234130859e+01,2.155487060546875000e+01,2.524250793457031250e+01,1.942737388610839844e+01,1.208746242523193359e+01,1.007688903808593750e+01,1.040276336669921875e+01,9.453970909118652344e+00,1.472140884399414062e+01,2.186808395385742188e+01,2.019333267211914062e+01,1.439628219604492188e+01,1.849318885803222656e+01,1.392686462402343750e+01,5.756582260131835938e+00,7.193514823913574219e+00,3.395170688629150391e+00,-5.870227813720703125e+00,-1.093171024322509766e+01,-6.745472908020019531e+00,-4.759896278381347656e+00,5.286101818084716797e+00,1.673831558227539062e+01,2.001485443115234375e+01,2.403189468383789062e+01,2.687791442871093750e+01,2.849705314636230469e+01,2.130629158020019531e+01,6.512883186340332031e+00,-8.605862617492675781e+00,-1.186026382446289062e+01,-1.366258621215820312e+01,-1.394564628601074219e+01,-5.595537662506103516e+00,-7.305445671081542969e-01,8.261579513549804688e+00,1.460293483734130859e+01,2.290006065368652344e+01,2.562095642089843750e+01,2.817311477661132812e+01,2.840971755981445312e+01,3.313587951660156250e+01,4.128776550292968750e+01,3.752086257934570312e+01,3.266038513183593750e+01,3.171129226684570312e+01,2.641193771362304688e+01,2.253040313720703125e+01,2.824765014648437500e+01,2.705209350585937500e+01,2.404570770263671875e+01,2.759518432617187500e+01,2.667024993896484375e+01,2.405402946472167969e+01,2.849536132812500000e+01,2.452104759216308594e+01,2.324488067626953125e+01,2.659771347045898438e+01,2.354625129699707031e+01,1.960238265991210938e+01,2.218489074707031250e+01,2.706499862670898438e+01,3.210110473632812500e+01,3.256665802001953125e+01,2.342731094360351562e+01,2.342864990234375000e+01,2.693449020385742188e+01,2.798182296752929688e+01,2.574795341491699219e+01,2.718727684020996094e+01,-4.409680366516113281e+00,-3.729387998580932617e+00,-4.214974403381347656e+00,-1.900080919265747070e+00,7.517439842224121094e+00,8.676784515380859375e+00,7.313607215881347656e+00,8.252030372619628906e+00,6.758737564086914062e+00,1.280955076217651367e+00,1.126873850822448730e+00,-1.664647221565246582e+00,3.739022314548492432e-01,2.971158027648925781e+00,7.551388740539550781e+00,1.129126167297363281e+01,1.347402954101562500e+01,9.386545181274414062e+00,6.360939025878906250e+00,3.164045333862304688e+00,-3.416551113128662109e+00,-1.229445743560791016e+01,-2.383080101013183594e+01,-2.358200836181640625e+01,-2.290534591674804688e+01,-1.969044113159179688e+01,-1.528826904296875000e+01,-7.227533340454101562e+00,2.746895790100097656e+00,3.101844310760498047e+00,6.495275497436523438e+00,1.564643287658691406e+01,2.240313529968261719e+01,1.831912422180175781e+01,2.053061866760253906e+01,2.639652633666992188e+01,2.575335693359375000e+01,2.877494621276855469e+01,2.529482269287109375e+01,3.176462173461914062e+01,3.400499725341796875e+01,2.832282257080078125e+01,2.655397796630859375e+01,2.663118934631347656e+01,1.844010162353515625e+01,1.707334518432617188e+01,2.089021682739257812e+01,2.807977676391601562e+01,4.109617233276367188e+01,3.089286231994628906e+01,1.098131179809570312e+01,2.635017395019531250e+00,9.411985874176025391e-01,-2.345872163772583008e+00,-7.566058158874511719e+00,-6.998688697814941406e+00,-6.020196914672851562e+00,-1.219558525085449219e+01,-1.515073966979980469e+01,-1.300910377502441406e+01,-1.346011352539062500e+01,-4.318597793579101562e+00,1.346867752075195312e+01,2.410274887084960938e+01,2.869962692260742188e+01,3.422490692138671875e+01,4.384965133666992188e+01,5.491963958740234375e+01,4.303281784057617188e+01,2.687093734741210938e+01,2.123782348632812500e+01,1.578397941589355469e+01,1.077279853820800781e+01,4.856691837310791016e+00,1.084011745452880859e+01,1.311176872253417969e+01,1.266414833068847656e+01,1.580043220520019531e+01,2.055688095092773438e+01,2.265309143066406250e+01,1.900326156616210938e+01,3.764555454254150391e+00,-2.307659387588500977e+00,6.255530357360839844e+00,1.937411117553710938e+01,2.196215057373046875e+01,1.941953659057617188e+01,7.709654808044433594e+00,4.230424404144287109e+00,8.483663558959960938e+00,9.573832511901855469e+00,8.228026390075683594e+00,9.599915504455566406e+00,1.246725082397460938e+01,2.170384597778320312e+01,4.633546447753906250e+01,5.092367553710937500e+01,4.238708114624023438e+01,3.905694961547851562e+01,3.636525726318359375e+01,3.173788833618164062e+01,3.149585723876953125e+01,2.055326080322265625e+01,1.653004264831542969e+01,1.526132965087890625e+01,1.459001255035400391e+01,1.435250663757324219e+01,2.065443420410156250e+01,3.565180969238281250e+01,4.359641265869140625e+01,4.778958129882812500e+01,4.974530029296875000e+01,4.625123977661132812e+01,3.574664688110351562e+01,2.951041793823242188e+01,3.162357330322265625e+01,3.176997375488281250e+01,2.355445861816406250e+01,2.702198028564453125e+01,3.523693466186523438e+01,3.684129333496093750e+01,3.652241516113281250e+01,3.386949920654296875e+01,3.173979759216308594e+01,3.416487503051757812e+01,4.142145919799804688e+01,3.901652908325195312e+01,3.872068023681640625e+01,3.940126800537109375e+01,3.158603858947753906e+01,2.767100143432617188e+01,3.144049644470214844e+01,3.096653747558593750e+01,2.888949012756347656e+01,2.682188224792480469e+01,2.633200263977050781e+01,2.863307571411132812e+01,3.731481552124023438e+01,3.412266540527343750e+01,2.964673805236816406e+01,2.889698028564453125e+01,2.358538436889648438e+01,2.815705490112304688e+01,2.863477325439453125e+01,2.868431091308593750e+01,2.660150909423828125e+01,2.588773345947265625e+01,3.158807182312011719e+01,4.416632080078125000e+01,5.351309967041015625e+01,4.978944396972656250e+01,4.144002532958984375e+01,3.924147033691406250e+01,4.003139877319335938e+01,3.894687652587890625e+01,4.391759109497070312e+01,5.610408782958984375e+01,5.740242767333984375e+01,5.940840148925781250e+01,5.840317916870117188e+01,5.764797210693359375e+01,5.493461608886718750e+01,5.533303070068359375e+01,5.536396408081054688e+01,5.922182464599609375e+01,6.598638153076171875e+01,6.476519775390625000e+01,4.824680709838867188e+01,3.445603561401367188e+01,2.947898101806640625e+01,2.963251876831054688e+01,2.535953903198242188e+01,2.392381286621093750e+01,2.764514541625976562e+01,3.112178802490234375e+01,3.419976806640625000e+01,2.216922760009765625e+01,1.528000640869140625e+01,1.135597419738769531e+01,7.029279708862304688e+00,3.479317665100097656e+00,-7.905953407287597656e+00,-1.637834548950195312e+01,-2.049020004272460938e+01,-2.497243881225585938e+01,-1.983527374267578125e+01,-1.116997146606445312e+01,-1.148122787475585938e+01,-2.703563690185546875e+00,-6.555395126342773438e+00,-1.511042690277099609e+01,-1.350966835021972656e+01,-1.403478813171386719e+01,-1.573209571838378906e+01,-1.396836280822753906e+01,-1.003808784484863281e+01,-1.022181320190429688e+01,5.537505149841308594e-01,3.144312858581542969e+00,5.154031276702880859e+00,2.269542884826660156e+01,3.804616546630859375e+01,4.809766387939453125e+01,5.043645858764648438e+01,4.691117858886718750e+01,4.157295989990234375e+01,3.487575912475585938e+01,2.863553619384765625e+01,2.989294433593750000e+01,4.128676986694335938e+01,5.790253829956054688e+01,6.609965515136718750e+01,6.531370544433593750e+01,6.409953308105468750e+01,6.070358657836914062e+01,5.708217620849609375e+01,5.248286437988281250e+01,3.887926864624023438e+01,2.902348327636718750e+01,2.510960006713867188e+01,2.849689483642578125e+01,3.596054077148437500e+01,3.170534133911132812e+01,8.749870300292968750e+00,-7.734169960021972656e+00,-1.028333854675292969e+01,-8.568084716796875000e+00,-2.511741638183593750e+00,6.432117938995361328e+00,1.663483428955078125e+01,2.705674743652343750e+01,2.721789169311523438e+01,2.866187095642089844e+01,4.511153030395507812e+01,5.337022781372070312e+01,5.409339523315429688e+01,5.386322784423828125e+01,5.592134475708007812e+01,5.281604003906250000e+01,4.081830596923828125e+01,3.419620895385742188e+01,3.101786613464355469e+01,3.346325683593750000e+01,2.625652694702148438e+01,2.205538368225097656e+01,2.561316490173339844e+01,3.180434799194335938e+01,3.057168579101562500e+01,1.693353271484375000e+01,7.618817806243896484e+00,3.953468322753906250e+00,-4.572428703308105469e+00,-9.941149711608886719e+00,-1.084676647186279297e+01,-8.914747238159179688e+00,-6.852306842803955078e+00,4.193213880062103271e-01,1.154085731506347656e+01,1.664687156677246094e+01,2.076441764831542969e+01,2.397549057006835938e+01,2.303698921203613281e+01,2.899349594116210938e+01,3.541278076171875000e+01,3.154360961914062500e+01,3.260577392578125000e+01,4.255432128906250000e+01,4.254220962524414062e+01,3.926996612548828125e+01,4.280337524414062500e+01,3.556212997436523438e+01,2.577984237670898438e+01,2.803092384338378906e+01,2.720129013061523438e+01,2.057978820800781250e+01,9.528415679931640625e+00,8.737405776977539062e+00,2.127239227294921875e+01,2.948150634765625000e+01,2.384713363647460938e+01,2.453748512268066406e+01,3.599372863769531250e+01,4.213216781616210938e+01,4.738494873046875000e+01,5.327887725830078125e+01,5.728306579589843750e+01,6.298720169067382812e+01,6.242533874511718750e+01,6.277436065673828125e+01,7.054778289794921875e+01,6.905073547363281250e+01,6.477629089355468750e+01,6.949804687500000000e+01,7.325479888916015625e+01,7.644303131103515625e+01,7.336123657226562500e+01,6.481393432617187500e+01,5.965269470214843750e+01,5.671282958984375000e+01,5.129934692382812500e+01,4.745381164550781250e+01,4.213376998901367188e+01,4.483483886718750000e+01,4.481534957885742188e+01,4.468329620361328125e+01,4.202243804931640625e+01,3.974188232421875000e+01,3.962270355224609375e+01,5.431588745117187500e+01,6.820237731933593750e+01,6.639711761474609375e+01,6.188041687011718750e+01,6.449560546875000000e+01,6.247796630859375000e+01,6.640443420410156250e+01,6.760606384277343750e+01,6.468345642089843750e+01,6.417493438720703125e+01,7.251857757568359375e+01,7.200050354003906250e+01,6.615061187744140625e+01,6.057369613647460938e+01,5.841708755493164062e+01,5.556134033203125000e+01,5.605389022827148438e+01,5.761789703369140625e+01,5.164292907714843750e+01,5.255484008789062500e+01,4.512725830078125000e+01,3.877740478515625000e+01,3.522668457031250000e+01,2.603992652893066406e+01,1.963860702514648438e+01,1.800861740112304688e+01,1.612970542907714844e+01,1.109602832794189453e+01,8.334920883178710938e+00,1.161139106750488281e+01,1.427378082275390625e+01,1.206590461730957031e+01,1.224740028381347656e+01,1.712511253356933594e+01,1.714128303527832031e+01,8.065080642700195312e+00,2.200188398361206055e+00,2.639787912368774414e+00,7.419663429260253906e+00,1.463098144531250000e+01,1.890360641479492188e+01,2.450051498413085938e+01,2.704887390136718750e+01,2.572467803955078125e+01,2.970300292968750000e+01,3.081128311157226562e+01,2.562462806701660156e+01,2.595469474792480469e+01,1.543893718719482422e+01,-7.019800662994384766e+00,-1.461968517303466797e+01,-6.088090896606445312e+00,9.064908027648925781e+00,1.618440628051757812e+01,2.011105155944824219e+01,1.145710754394531250e+01,6.758481979370117188e+00,3.790686607360839844e+00,2.711403369903564453e+00,-1.892006397247314453e+00,-7.970908641815185547e+00,-6.911067008972167969e+00,-3.005300521850585938e+00,6.232151985168457031e+00,1.390559196472167969e+01,1.764826774597167969e+01,3.047104454040527344e+01,3.622934341430664062e+01,3.437157440185546875e+01,2.095169258117675781e+01,9.260929107666015625e+00,1.608486533164978027e+00,-4.585231542587280273e-01,4.946293830871582031e+00,9.443092346191406250e+00,1.723032760620117188e+01,1.657233810424804688e+01,9.909896850585937500e+00,3.949432849884033203e+00,6.620069503784179688e+00,1.058876800537109375e+01,9.370831489562988281e+00,2.516159117221832275e-01,-7.402545928955078125e+00,-6.194225311279296875e+00,-3.183406591415405273e+00,-7.314823150634765625e+00,-7.646353721618652344e+00,-1.160478210449218750e+01,-1.369676494598388672e+01,-8.783342361450195312e+00,-6.659208983182907104e-02,9.831920623779296875e+00,1.417767524719238281e+01,2.180553817749023438e+01,3.134702873229980469e+01,3.562191009521484375e+01,2.975922393798828125e+01,2.978713989257812500e+01,3.740807723999023438e+01,3.642928314208984375e+01,2.810945510864257812e+01,1.322497558593750000e+01,9.901405334472656250e+00,1.636537742614746094e+01,2.249040031433105469e+01,2.619668960571289062e+01,1.681989860534667969e+01,-2.383561134338378906e+00,-2.064321136474609375e+01,-2.036191368103027344e+01,-1.583490085601806641e+01,-1.384486770629882812e+01,-1.655122947692871094e+01,-1.890641593933105469e+01,-1.534873008728027344e+01,-8.428411483764648438e+00,-2.471336364746093750e+00,5.001371860504150391e+00,1.297437667846679688e+01,1.974798583984375000e+01,2.952050018310546875e+01,3.344404220581054688e+01,2.963040924072265625e+01,5.070474243164062500e+01,6.291772842407226562e+01,5.910082244873046875e+01,4.971934127807617188e+01,4.349091339111328125e+01,4.025799560546875000e+01,3.163075447082519531e+01,2.383138656616210938e+01,2.200994110107421875e+01,2.781089591979980469e+01,3.086128616333007812e+01,2.737371063232421875e+01,2.579352188110351562e+01,2.616346359252929688e+01,2.462172698974609375e+01,2.635044479370117188e+01,2.811056518554687500e+01,2.578342819213867188e+01,2.613024902343750000e+01,2.431730270385742188e+01,2.196630096435546875e+01,2.381029891967773438e+01,2.554019355773925781e+01,2.648136520385742188e+01,2.569422721862792969e+01,2.487473297119140625e+01,2.602420806884765625e+01,3.054979324340820312e+01,3.314935302734375000e+01,2.930025100708007812e+01,2.782539367675781250e+01,3.009864807128906250e+01,2.690788650512695312e+01,2.541704559326171875e+01,2.197098541259765625e+01,7.035220146179199219e+00,-7.764027595520019531e+00,-1.701993942260742188e+01,-1.474380111694335938e+01,-9.804201126098632812e+00,-7.764716148376464844e+00,-5.045170783996582031e+00,-3.038983583450317383e+00,-1.674441814422607422e+00,5.201742172241210938e+00,1.121173477172851562e+01,4.441841125488281250e+00,1.544117927551269531e-02,4.835142135620117188e+00,9.672224044799804688e+00,1.574930763244628906e+01,1.974306869506835938e+01,2.840574264526367188e+01,3.363949966430664062e+01,3.362931823730468750e+01,2.621515083312988281e+01,2.037896537780761719e+01,2.359143829345703125e+01,2.438300323486328125e+01,2.373134994506835938e+01,3.004787445068359375e+01,2.963404846191406250e+01,2.283772468566894531e+01,1.840708923339843750e+01,1.601181030273437500e+01,1.231464195251464844e+01,1.052274703979492188e+01,1.494668197631835938e+01,2.228557205200195312e+01,2.534643936157226562e+01,2.412335586547851562e+01,1.686154747009277344e+01,1.155079460144042969e+01,9.647645354270935059e-01,-5.257711559534072876e-02,-6.291042566299438477e-01,4.036479592323303223e-01,-2.025494337081909180e+00,4.799824714660644531e+00,9.239410400390625000e+00,2.126326370239257812e+01,3.749684524536132812e+01,4.265779113769531250e+01,4.462841033935546875e+01,4.439033126831054688e+01,3.359704971313476562e+01,3.256639099121093750e+01,3.360935592651367188e+01,3.291435241699218750e+01,3.141944503784179688e+01,3.204787445068359375e+01,4.055585861206054688e+01,4.201136016845703125e+01,4.408313369750976562e+01,3.810838317871093750e+01,3.108534622192382812e+01,2.529536247253417969e+01,2.104537010192871094e+01,1.772389602661132812e+01,1.619894027709960938e+01,2.797530746459960938e+01,3.960765075683593750e+01,4.582019805908203125e+01,5.583939743041992188e+01,6.398934555053710938e+01,6.309061431884765625e+01,5.382359313964843750e+01,4.887889099121093750e+01,4.716635131835937500e+01,4.744640350341796875e+01,4.914661407470703125e+01,4.188668441772460938e+01,3.206263732910156250e+01,2.633378791809082031e+01,2.362424087524414062e+01,2.387079429626464844e+01,1.922250938415527344e+01,2.058896255493164062e+01,3.146641921997070312e+01,3.746032714843750000e+01,3.921215057373046875e+01,4.147402191162109375e+01,4.127982330322265625e+01,4.071989059448242188e+01,3.995455551147460938e+01,3.401839447021484375e+01,3.118856048583984375e+01,3.163826751708984375e+01,3.157568931579589844e+01,2.597699356079101562e+01,1.934386444091796875e+01,1.428258419036865234e+01,1.035160446166992188e+01,1.233685493469238281e+01,1.444216156005859375e+01,1.683205032348632812e+01,1.021592998504638672e+01,3.237215995788574219e+00,-1.737674474716186523e+00,-7.172464370727539062e+00,-6.025006294250488281e+00,-8.802545547485351562e+00,-1.016893005371093750e+01,-1.181798171997070312e+01,-1.300621414184570312e+01,-6.695472717285156250e+00,-1.920279979705810547e+00,4.685039997100830078e+00,1.417391967773437500e+01,1.742570877075195312e+01,2.606963348388671875e+01,4.453247070312500000e+01,4.588139343261718750e+01,4.172359466552734375e+01,4.221961212158203125e+01,3.377248382568359375e+01,2.809626960754394531e+01,2.314210128784179688e+01,1.996437072753906250e+01,2.161110115051269531e+01,2.802704238891601562e+01,2.784352874755859375e+01,3.002499389648437500e+01,3.328154754638671875e+01,2.762322998046875000e+01,2.523532485961914062e+01,2.363692092895507812e+01,2.304364013671875000e+01,2.459778976440429688e+01,2.783127975463867188e+01,2.845572662353515625e+01,2.764717483520507812e+01,2.268698883056640625e+01,2.012056922912597656e+01,2.479506683349609375e+01,2.548737525939941406e+01,1.699029922485351562e+01,1.494947052001953125e+01,1.745372009277343750e+01,1.891418075561523438e+01,1.845434188842773438e+01,2.324150466918945312e+01,2.513984298706054688e+01,2.608542633056640625e+01,2.278612518310546875e+01,2.291152954101562500e+01,2.405675506591796875e+01,2.186235046386718750e+01,2.537867736816406250e+01,6.422016143798828125e+01,8.659928894042968750e+01,8.297215270996093750e+01,5.792508697509765625e+01,4.301351928710937500e+01,3.811878204345703125e+01,2.803094100952148438e+01,1.455260086059570312e+01,1.142172622680664062e+01,1.642140197753906250e+01,2.828125000000000000e+01,3.635402297973632812e+01,3.233099746704101562e+01,3.278187179565429688e+01,2.992093467712402344e+01,2.723800277709960938e+01,2.466535568237304688e+01,2.287025833129882812e+01,2.629744529724121094e+01,2.673819923400878906e+01,2.523357009887695312e+01,2.584346008300781250e+01,2.597707366943359375e+01,2.416266632080078125e+01,2.302690505981445312e+01,2.407573699951171875e+01,2.325574874877929688e+01,2.548377990722656250e+01,2.302439498901367188e+01,2.100664138793945312e+01,1.673536682128906250e+01,1.556797313690185547e+01,1.910473251342773438e+01,1.965866088867187500e+01,1.602322578430175781e+01,1.545087718963623047e+01,1.835422706604003906e+01,1.935115814208984375e+01,1.723860359191894531e+01,1.666473388671875000e+01,1.703790855407714844e+01,1.574692344665527344e+01,1.717356872558593750e+01,1.738906860351562500e+01,1.799937629699707031e+01,2.041051101684570312e+01,2.175921630859375000e+01,1.535955810546875000e+01,1.762450790405273438e+01,1.995947074890136719e+01,2.046641540527343750e+01,2.503465270996093750e+01,2.436366081237792969e+01,2.099001693725585938e+01,2.169187545776367188e+01,3.585243988037109375e+01,5.113848495483398438e+01,5.213911437988281250e+01,3.938021087646484375e+01,2.268295288085937500e+01,1.276499080657958984e+01,2.843320846557617188e+00,-6.020834922790527344e+00,1.219338417053222656e+00,1.410261535644531250e+01,2.656812667846679688e+01,3.150460624694824219e+01,3.753960418701171875e+01,4.604998016357421875e+01,4.751172637939453125e+01,4.115095138549804688e+01,3.803701782226562500e+01,3.730245208740234375e+01,5.538267517089843750e+01,6.387907791137695312e+01,6.265076446533203125e+01,5.347653961181640625e+01,3.957586669921875000e+01,2.324132919311523438e+01,8.533370018005371094e+00,1.206612968444824219e+01,2.601691627502441406e+01,3.346344757080078125e+01,3.560589981079101562e+01,4.067441558837890625e+01,3.196714782714843750e+01,1.821003723144531250e+01,7.966834068298339844e+00,1.005487799644470215e+00,6.988594055175781250e+00,2.613019371032714844e+01,4.313533020019531250e+01,4.751615524291992188e+01,5.091291809082031250e+01,4.738324737548828125e+01,3.799250793457031250e+01,2.365942192077636719e+01,1.929754829406738281e+01,1.033847808837890625e+01,3.726325035095214844e+00,1.052310752868652344e+01,1.965799903869628906e+01,1.532398033142089844e+01,1.944295120239257812e+01,2.391406822204589844e+01,3.083326148986816406e+01,2.911469841003417969e+01,2.576807403564453125e+01,2.745353889465332031e+01,1.317795467376708984e+01,-2.947323799133300781e+00,-1.602194023132324219e+01,-2.278131866455078125e+01,-2.310560035705566406e+01,-1.541726875305175781e+01,-1.120728874206542969e+01,-1.557515144348144531e+01,-1.801075363159179688e+01,-1.530816459655761719e+01,-1.540614891052246094e+01,-1.294405937194824219e+01,-8.430738449096679688e+00,-4.109868049621582031e+00,1.120231151580810547e-01,6.852349758148193359e+00,5.989418506622314453e+00,8.413461685180664062e+00,1.087799644470214844e+01,1.258102989196777344e+01,3.214464950561523438e+01,4.939264678955078125e+01,4.518769073486328125e+01,3.252029418945312500e+01,2.316704559326171875e+01,1.994964599609375000e+01,2.308202743530273438e+01,2.080750274658203125e+01,1.619329071044921875e+01,1.677024078369140625e+01,2.332909584045410156e+01,3.104430198669433594e+01,3.335714721679687500e+01,3.090270996093750000e+01,2.301245689392089844e+01,2.088795089721679688e+01,2.254692840576171875e+01,2.671816825866699219e+01,2.439515495300292969e+01,2.165904998779296875e+01,2.408388519287109375e+01,2.320513916015625000e+01,2.086068725585937500e+01,2.229905509948730469e+01,2.749330902099609375e+01,2.462887954711914062e+01,2.004683876037597656e+01,2.217429351806640625e+01,2.016016960144042969e+01,1.742000198364257812e+01,2.633407211303710938e+01,3.454562377929687500e+01,3.249784469604492188e+01,2.377429580688476562e+01,1.661467742919921875e+01,1.590599822998046875e+01,1.380710601806640625e+01,6.924905776977539062e+00,5.440215110778808594e+00,8.721767425537109375e+00,1.473354911804199219e+01,1.825457000732421875e+01,1.937885475158691406e+01,1.567395019531250000e+01,1.212857246398925781e+01,9.051396369934082031e+00,5.738443374633789062e+00,1.063054084777832031e+01,1.640284538269042969e+01,1.644771957397460938e+01,1.575555229187011719e+01,1.879115295410156250e+01,1.722314834594726562e+01,1.868098449707031250e+01,1.507416343688964844e+01,9.861113548278808594e+00,1.273364925384521484e+01,1.643075942993164062e+01,1.252677536010742188e+01,1.481468296051025391e+01,1.824879837036132812e+01,1.839225769042968750e+01,1.280542755126953125e+01,1.395459270477294922e+01,1.294939327239990234e+01,1.402447223663330078e+01,1.542055225372314453e+01,1.944034957885742188e+01,1.755446624755859375e+01,2.077196884155273438e+01,2.323097610473632812e+01,2.334403419494628906e+01,2.489331817626953125e+01,2.563368988037109375e+01,3.701094055175781250e+01,4.443606567382812500e+01,4.200814819335937500e+01,3.695315551757812500e+01,3.436836242675781250e+01,3.456864166259765625e+01,3.076701736450195312e+01,3.351647186279296875e+01,5.054238128662109375e+01,6.238405609130859375e+01,5.326505279541015625e+01,4.178049850463867188e+01,3.760895538330078125e+01,3.208255767822265625e+01,2.503688812255859375e+01,2.476357460021972656e+01,2.832244491577148438e+01,2.932459640502929688e+01,3.076952362060546875e+01,3.040907669067382812e+01,2.108633232116699219e+01,1.587277603149414062e+01,1.057767868041992188e+01,2.777427434921264648e+00,6.052315711975097656e+00,1.726632690429687500e+01,2.372551345825195312e+01,2.881581306457519531e+01,3.600261688232421875e+01,4.712925720214843750e+01,4.714052581787109375e+01,4.821408081054687500e+01,4.818276977539062500e+01,4.477312088012695312e+01,4.171644592285156250e+01,4.140937423706054688e+01,3.663512802124023438e+01,3.609745788574218750e+01,2.818487548828125000e+01,2.654886817932128906e+01,2.668058776855468750e+01,2.398204421997070312e+01,2.393933486938476562e+01,1.970450592041015625e+01,1.789751625061035156e+01,1.829995155334472656e+01,1.995666885375976562e+01,2.494838333129882812e+01,2.395880889892578125e+01,2.197650527954101562e+01,2.014117813110351562e+01,1.969558715820312500e+01,2.090003204345703125e+01,1.743371772766113281e+01,1.639674949645996094e+01,1.913442230224609375e+01,2.565735244750976562e+01,3.028912353515625000e+01,3.034663391113281250e+01,2.620468902587890625e+01,2.362983131408691406e+01,2.937011337280273438e+01,2.607756805419921875e+01,4.946302795410156250e+01,7.391240692138671875e+01,7.490603637695312500e+01,7.410301208496093750e+01,7.337857055664062500e+01,7.361914062500000000e+01,7.481611633300781250e+01,7.253125000000000000e+01,7.164170837402343750e+01,7.180297851562500000e+01,6.975123596191406250e+01,7.095446777343750000e+01,6.055687713623046875e+01,5.157283020019531250e+01,4.640727233886718750e+01,4.462470245361328125e+01,4.333193969726562500e+01,3.997675323486328125e+01,4.106812286376953125e+01,3.954927825927734375e+01,3.696064758300781250e+01,3.873139190673828125e+01,4.844557189941406250e+01,5.509495162963867188e+01,4.599435043334960938e+01,3.292342376708984375e+01,2.157687759399414062e+01,1.637691116333007812e+01,1.234749889373779297e+01,1.440875434875488281e+01,1.994938278198242188e+01,2.097383499145507812e+01,2.109464645385742188e+01,1.951450729370117188e+01,1.803648948669433594e+01,1.773971176147460938e+01,1.415555095672607422e+01,9.232751846313476562e+00,8.396371841430664062e+00,1.025300884246826172e+01,1.533512687683105469e+01,1.769891738891601562e+01,1.685019302368164062e+01,1.644169998168945312e+01,3.235330963134765625e+01,5.148142623901367188e+01,5.687445068359375000e+01,5.073068237304687500e+01,4.888124847412109375e+01,4.451588439941406250e+01,4.070317459106445312e+01,4.556494140625000000e+01,4.347028350830078125e+01,4.626147079467773438e+01,4.225430297851562500e+01,3.600259017944335938e+01,2.743666648864746094e+01,1.868233299255371094e+01,1.294460678100585938e+01,1.111814117431640625e+01,1.636846542358398438e+00,-2.810395717620849609e+00,2.503568649291992188e+00,5.729985713958740234e+00,-5.646792054176330566e-01,-7.765100002288818359e+00,-1.106719398498535156e+01,-1.092054557800292969e+01,-5.748456954956054688e+00,-6.236578464508056641e+00,-5.711400032043457031e+00,-7.646780490875244141e+00,-8.612815856933593750e+00,-9.415948867797851562e+00,-8.301446914672851562e+00,-1.234256148338317871e+00,2.179910391569137573e-01,1.883100867271423340e+00,-1.768702268600463867e-02,5.098931312561035156e+00,8.516069412231445312e+00,3.024928092956542969e+00,-5.126883983612060547e+00,-1.247984695434570312e+01,-1.528448963165283203e+01,-2.082054519653320312e+01,-2.349050140380859375e+01,-2.778401947021484375e+01,-2.521601486206054688e+01,-1.788934898376464844e+01,-1.191866016387939453e+01,-1.400144004821777344e+01,-5.901917457580566406e+00,5.195261955261230469e+00,1.705283927917480469e+01,2.388228607177734375e+01,2.258681869506835938e+01,2.495676803588867188e+01,2.733318328857421875e+01,3.208921813964843750e+01,3.065156555175781250e+01,3.059344482421875000e+01,3.037786102294921875e+01,2.832734680175781250e+01,2.450680351257324219e+01,2.673416137695312500e+01,2.289156150817871094e+01,2.157135772705078125e+01,1.924939727783203125e+01,1.908887481689453125e+01,2.239649200439453125e+01,2.298876571655273438e+01,2.186031341552734375e+01,2.414347457885742188e+01,1.903559875488281250e+01,2.222042465209960938e+01,2.559712791442871094e+01,3.191450119018554688e+01,3.213767623901367188e+01,3.485835266113281250e+01,4.525370407104492188e+01,4.446580886840820312e+01,3.725517272949218750e+01,3.246068954467773438e+01,3.295481872558593750e+01,3.483826446533203125e+01,4.093102645874023438e+01,4.180731201171875000e+01,3.534435272216796875e+01,3.033996200561523438e+01,2.848709487915039062e+01,3.544450378417968750e+01,3.504989624023437500e+01,3.108749389648437500e+01,3.297356033325195312e+01,2.918284034729003906e+01,2.697552490234375000e+01,3.944599914550781250e+01,4.211053085327148438e+01,3.452458572387695312e+01,1.688326263427734375e+01,1.884527206420898438e+01,3.110891723632812500e+01,3.444082641601562500e+01,3.164444732666015625e+01,3.391636657714843750e+01,3.865001296997070312e+01,3.334400177001953125e+01,3.113436508178710938e+01,3.630000305175781250e+01,4.365630722045898438e+01,4.134681701660156250e+01,3.646870040893554688e+01,3.144415283203125000e+01,2.807111740112304688e+01,3.210327911376953125e+01,4.145040893554687500e+01,5.187184906005859375e+01,5.572290420532226562e+01,4.663951873779296875e+01,3.466899871826171875e+01,2.411491203308105469e+01,2.807359504699707031e+01,3.204906463623046875e+01,3.252149963378906250e+01,1.632274627685546875e+01,4.116650104522705078e+00,3.789920091629028320e+00,3.707064628601074219e+00,7.092258453369140625e+00,4.314461708068847656e+00,1.077689933776855469e+01,2.851653289794921875e+01,3.104219245910644531e+01,2.209818267822265625e+01,1.446435546875000000e+01,1.436016273498535156e+01,1.076398468017578125e+01,1.167223930358886719e+01,1.242510414123535156e+01,3.293392181396484375e+00,8.489202857017517090e-01,3.610772132873535156e+00,6.525825977325439453e+00,1.245848560333251953e+01,1.810754013061523438e+01,1.861272430419921875e+01,1.357642936706542969e+01,1.206411361694335938e+01,1.904763793945312500e+01,2.626184844970703125e+01,3.631058502197265625e+01,3.296774291992187500e+01,3.100235366821289062e+01,3.767692565917968750e+01,4.024020385742187500e+01,3.527962493896484375e+01,3.344322586059570312e+01,2.854974174499511719e+01,2.790824127197265625e+01,3.252990341186523438e+01,4.334065246582031250e+01,5.220741271972656250e+01,5.392167282104492188e+01,6.215876388549804688e+01,5.826040649414062500e+01,4.695879364013671875e+01,4.125031280517578125e+01,3.453052520751953125e+01,3.216439437866210938e+01,3.103702545166015625e+01,2.706724548339843750e+01,2.816675567626953125e+01,3.032833862304687500e+01,2.823615264892578125e+01,2.264285850524902344e+01,2.433410263061523438e+01,3.111486053466796875e+01,2.814525985717773438e+01,2.407681274414062500e+01,2.780323219299316406e+01,2.566922760009765625e+01,2.388635635375976562e+01,2.567651367187500000e+01,3.294095611572265625e+01,3.171263122558593750e+01,3.341892242431640625e+01,3.172582817077636719e+01,2.444881439208984375e+01,2.801198196411132812e+01,3.629103851318359375e+01,4.336112213134765625e+01,3.847397613525390625e+01,3.475804901123046875e+01,3.538428497314453125e+01,3.812773895263671875e+01,4.040727233886718750e+01,3.728480911254882812e+01,4.114076995849609375e+01,4.654148101806640625e+01,4.861013793945312500e+01,4.683657073974609375e+01,4.616651153564453125e+01,4.670127105712890625e+01,4.312800979614257812e+01,4.440985488891601562e+01,4.126582336425781250e+01,3.677236557006835938e+01,3.391358184814453125e+01,3.013764190673828125e+01,3.093817329406738281e+01,2.293376350402832031e+01,1.711612319946289062e+01,1.630389785766601562e+01,1.832621383666992188e+01,2.006424522399902344e+01,2.177522850036621094e+01,2.868888092041015625e+01,2.656869506835937500e+01,2.841847229003906250e+01,3.599057769775390625e+01,3.202076721191406250e+01,2.549991607666015625e+01,3.665503692626953125e+01,4.508747100830078125e+01,3.940104675292968750e+01,3.425289916992187500e+01,2.699432373046875000e+01,1.558457565307617188e+01,1.923482131958007812e+01,2.161984634399414062e+01,1.912007141113281250e+01,1.621421051025390625e+01,1.563291358947753906e+01,1.526583480834960938e+01,2.274689865112304688e+01,2.832934570312500000e+01,2.394537734985351562e+01,1.117563056945800781e+01,1.147538185119628906e+01,2.045441818237304688e+01,1.990389633178710938e+01,1.527309131622314453e+01,1.844974136352539062e+01,1.985585784912109375e+01,6.862666130065917969e+00,-7.973959445953369141e-01,-4.957635879516601562e+00,-7.676012039184570312e+00,-7.376688003540039062e+00,-1.204255008697509766e+01,-7.996281623840332031e+00,2.558763504028320312e+00,7.772181987762451172e+00,1.614253616333007812e+01,1.737372398376464844e+01,1.683068084716796875e+01,3.114337158203125000e+01,4.740373229980468750e+01,5.142199707031250000e+01,4.978574371337890625e+01,4.878996276855468750e+01,4.511127471923828125e+01,3.696846008300781250e+01,3.306369781494140625e+01,2.992341613769531250e+01,2.837675476074218750e+01,3.121869087219238281e+01,3.239526367187500000e+01,3.098686599731445312e+01,2.633573532104492188e+01,2.525539779663085938e+01,2.725968742370605469e+01,2.539428329467773438e+01,1.233313941955566406e+01,8.620601654052734375e+00,6.759687423706054688e+00,1.482126617431640625e+01,1.618334579467773438e+01,1.879861831665039062e+01,2.504567909240722656e+01,2.082827377319335938e+01,2.047535324096679688e+01,2.102405548095703125e+01,1.202776718139648438e+01,1.437630462646484375e+01,2.383887481689453125e+01,3.395587158203125000e+01,5.392894744873046875e+01,6.055004119873046875e+01,5.047454833984375000e+01,5.361123657226562500e+01,5.550281524658203125e+01,6.198454284667968750e+01,6.875962829589843750e+01,7.060256958007812500e+01,7.559548950195312500e+01,8.163986206054687500e+01,7.042540740966796875e+01,5.250909423828125000e+01,4.134838867187500000e+01,3.220303344726562500e+01,2.731723403930664062e+01,2.002349662780761719e+01,1.765047454833984375e+01,2.561164855957031250e+01,2.956851768493652344e+01,3.509072113037109375e+01,2.365398788452148438e+01,2.000539779663085938e+01,2.297650909423828125e+01,3.018652343750000000e+01,3.041179275512695312e+01,2.845053863525390625e+01,2.888967132568359375e+01,2.933023834228515625e+01,2.783909606933593750e+01,3.501779174804687500e+01,4.383220672607421875e+01,4.198006057739257812e+01,2.883966445922851562e+01,2.312620162963867188e+01,2.227959823608398438e+01,3.517431259155273438e+01,4.859637451171875000e+01,5.874457550048828125e+01,6.403466033935546875e+01,6.671315765380859375e+01,6.725650787353515625e+01,6.684016418457031250e+01,6.093965911865234375e+01,5.846843719482421875e+01,4.986163330078125000e+01,4.185107040405273438e+01,2.162323760986328125e+01,8.065624237060546875e+00,3.824120998382568359e+00,4.196757316589355469e+00,8.006930351257324219e+00,1.642431640625000000e+01,1.816807174682617188e+01,8.007660865783691406e+00,-3.266460895538330078e+00,-1.012347412109375000e+01,-1.309838294982910156e+00,1.619215965270996094e+01,2.934141921997070312e+01,3.232569503784179688e+01,3.677855682373046875e+01,3.711877441406250000e+01,4.182167053222656250e+01,4.751824569702148438e+01,5.273593139648437500e+01,5.685848236083984375e+01,5.752888488769531250e+01,5.695967864990234375e+01,5.224179077148437500e+01,4.970250701904296875e+01,4.208361053466796875e+01,3.601491546630859375e+01,3.179047203063964844e+01,2.846706390380859375e+01,2.862923812866210938e+01,3.097834777832031250e+01,6.244222259521484375e+01,6.765242004394531250e+01,5.775973892211914062e+01,3.993541717529296875e+01,3.365356445312500000e+01,3.390447235107421875e+01,3.572918319702148438e+01,3.398821640014648438e+01,3.224247360229492188e+01,3.211368560791015625e+01,3.032058334350585938e+01,2.437200164794921875e+01,3.384204101562500000e+01,3.281789779663085938e+01,5.585665893554687500e+01,7.249433898925781250e+01,7.733012390136718750e+01,7.865370178222656250e+01,7.384364318847656250e+01,7.410285186767578125e+01,7.723991394042968750e+01,7.813253021240234375e+01,7.739924621582031250e+01,7.096702575683593750e+01,5.495565795898437500e+01,4.898756408691406250e+01,4.105498504638671875e+01,3.943531036376953125e+01,4.463748931884765625e+01,4.081883621215820312e+01,4.001136016845703125e+01,3.922023773193359375e+01,3.768950271606445312e+01,3.471568679809570312e+01,3.641756439208984375e+01,3.877454376220703125e+01,3.370732879638671875e+01,4.113397598266601562e+01,3.782658386230468750e+01,2.592465591430664062e+01,1.233483123779296875e+01,-8.774755001068115234e-01,-8.508127212524414062e+00,-1.132134246826171875e+01,-1.332921981811523438e+01,-1.109550380706787109e+01,-5.560457229614257812e+00,-4.967027664184570312e+00,-2.078173637390136719e+00,4.973876774311065674e-01,4.516064167022705078e+00,1.115774631500244141e+01,1.257641792297363281e+01,1.685511589050292969e+01,2.194403266906738281e+01,2.718037605285644531e+01,3.143885421752929688e+01,2.470446968078613281e+01,2.757921600341796875e+01,2.976430892944335938e+01,3.070634078979492188e+01,2.924179649353027344e+01,2.735844802856445312e+01,2.303304672241210938e+01,9.367763519287109375e+00,-1.556653261184692383e+00,-2.928845167160034180e+00,1.026578903198242188e+01,2.233274269104003906e+01,2.764486122131347656e+01,2.322638320922851562e+01,3.194384193420410156e+01,4.225083160400390625e+01,4.438268661499023438e+01,4.899163818359375000e+01,5.279110336303710938e+01,5.148487091064453125e+01,4.892623901367187500e+01,4.736384582519531250e+01,4.102050018310546875e+01,3.577568817138671875e+01,3.287360763549804688e+01,4.075894165039062500e+01,3.462152099609375000e+01,2.378698348999023438e+01,1.740670776367187500e+01,1.531694030761718750e+01,2.101373672485351562e+01,2.519045257568359375e+01,2.696298408508300781e+01,2.711075592041015625e+01,2.380204200744628906e+01,1.972953796386718750e+01,2.392020034790039062e+01,2.485095977783203125e+01,2.429544830322265625e+01,2.446363067626953125e+01,2.872665405273437500e+01,2.991517257690429688e+01,2.648630905151367188e+01,1.851925277709960938e+01,1.039326953887939453e+01,1.043181419372558594e+01,9.269553184509277344e+00,7.011347293853759766e+00,4.123852252960205078e+00,6.249072074890136719e+00,1.889123320579528809e-01,8.673578500747680664e-01,2.147901058197021484e+00,3.039987802505493164e+00,8.916352987289428711e-01,7.259635448455810547e+00,1.550900077819824219e+01,1.617896652221679688e+01,2.229595565795898438e+01,2.245923805236816406e+01,1.672007179260253906e+01,1.846703720092773438e+01,2.233033752441406250e+01,2.366769218444824219e+01,2.220895195007324219e+01,2.517265892028808594e+01,2.605300903320312500e+01,2.051740455627441406e+01,2.609487152099609375e+01,2.283560180664062500e+01,1.559941101074218750e+01,1.987393379211425781e+01,2.801447296142578125e+01,2.220022201538085938e+01,2.492047500610351562e+01,2.458658218383789062e+01,2.480007934570312500e+01,2.829843139648437500e+01,2.139462280273437500e+01,1.673645973205566406e+01,1.790457534790039062e+01,1.421686553955078125e+01,2.059770584106445312e+01,1.907656860351562500e+01,2.356285476684570312e+01,2.232863998413085938e+01,1.756760025024414062e+01,1.650108146667480469e+01,1.577558135986328125e+01,2.012472534179687500e+01,2.312153053283691406e+01,1.951200485229492188e+01,1.591595840454101562e+01,1.618098449707031250e+01,1.500679779052734375e+01,5.523336887359619141e+00,-1.295342445373535156e+00,-1.136251163482666016e+01,-1.826527976989746094e+01,-2.115353775024414062e+01,-2.073262023925781250e+01,-1.556319618225097656e+01,-6.562433242797851562e+00,-1.996571302413940430e+00,7.943652153015136719e+00,2.072115707397460938e+01,3.072061538696289062e+01,3.640840148925781250e+01,4.459956359863281250e+01,4.804602050781250000e+01,5.045235824584960938e+01,5.334575653076171875e+01,5.341687011718750000e+01,6.002244186401367188e+01,4.363687896728515625e+01,2.031625747680664062e+01,1.465113449096679688e+01,1.055669784545898438e+01,4.268078327178955078e+00,-1.163379073143005371e+00,-3.026798725128173828e+00,-2.284771919250488281e+00,1.920239925384521484e-01,5.955166339874267578e+00,5.139336109161376953e+00,1.036330604553222656e+01,1.594332122802734375e+01,2.672068405151367188e+01,3.399403381347656250e+01,2.575504302978515625e+01,2.195780944824218750e+01,2.145756530761718750e+01,2.156607055664062500e+01,2.269619369506835938e+01,2.360936355590820312e+01,2.182138061523437500e+01,2.414009475708007812e+01,2.975288391113281250e+01,3.002455139160156250e+01,2.561687088012695312e+01,2.869225311279296875e+01,2.724911117553710938e+01,2.127314949035644531e+01,2.479915428161621094e+01,2.604256439208984375e+01,2.538002395629882812e+01,2.906369781494140625e+01,2.780890274047851562e+01,2.817555999755859375e+01,2.426615142822265625e+01,3.587264633178710938e+01,4.992713165283203125e+01,5.209024429321289062e+01,4.185137176513671875e+01,2.619307136535644531e+01,2.758701705932617188e+01,3.216396331787109375e+01,3.353386688232421875e+01,3.388203430175781250e+01,3.224290466308593750e+01,2.993382644653320312e+01,2.318137359619140625e+01,5.038659095764160156e+00,-1.050006628036499023e+00,-8.211687207221984863e-01,2.102376461029052734e+00,4.051142692565917969e+00,-2.012747049331665039e+00,-1.337267684936523438e+01,-1.820439910888671875e+01,-1.649262428283691406e+01,-1.532155513763427734e+01,-1.771496582031250000e+01,-2.253701019287109375e+01,-1.951316261291503906e+01,-1.714889526367187500e+01,-1.262222480773925781e+01,-2.048315525054931641e+00,7.155323982238769531e+00,1.480390357971191406e+01,1.425173950195312500e+01,1.010436344146728516e+01,8.921691894531250000e+00,1.485308074951171875e+01,1.514717674255371094e+01,1.220787620544433594e+01,9.545763015747070312e+00,1.802444458007812500e+01,2.779843711853027344e+01,3.534671020507812500e+01,3.485718536376953125e+01,2.311843872070312500e+01,1.376265048980712891e+01,1.224508666992187500e+01,1.482040596008300781e+01,1.843929100036621094e+01,2.093833923339843750e+01,1.561454868316650391e+01,1.866588211059570312e+01,2.197753143310546875e+01,2.346925926208496094e+01,2.640138626098632812e+01,3.266893768310546875e+01,3.213520431518554688e+01,3.578770446777343750e+01,4.582199096679687500e+01,5.794115447998046875e+01,6.508628082275390625e+01,6.332366943359375000e+01,5.721336746215820312e+01,5.902470397949218750e+01,5.363920593261718750e+01,4.029055786132812500e+01,2.531546783447265625e+01,2.781533432006835938e+01,3.022674751281738281e+01,3.146542358398437500e+01,3.188673400878906250e+01,2.344097137451171875e+01,2.812382507324218750e+01,3.953879547119140625e+01,4.238173675537109375e+01,3.147542572021484375e+01,2.397892379760742188e+01,2.755254554748535156e+01,2.741072082519531250e+01,1.506054306030273438e+01,1.289125251770019531e+01,8.469217300415039062e+00,6.809676170349121094e+00,1.264168167114257812e+01,1.325344467163085938e+01,1.291576194763183594e+01,1.741513633728027344e+01,2.702788925170898438e+01,3.362289428710937500e+01,3.413066101074218750e+01,3.292877960205078125e+01,3.972400665283203125e+01,5.333920288085937500e+01,5.797334289550781250e+01,5.306691741943359375e+01,4.796958160400390625e+01,3.921330642700195312e+01,3.641914367675781250e+01,3.406003570556640625e+01,3.353910064697265625e+01,3.220820999145507812e+01,3.040452003479003906e+01,3.150102233886718750e+01,3.225882339477539062e+01,3.267330932617187500e+01,2.662789154052734375e+01,2.356058502197265625e+01,2.908622741699218750e+01,2.636339950561523438e+01,2.655866622924804688e+01,2.937170791625976562e+01,3.560132598876953125e+01,3.380101776123046875e+01,3.049411964416503906e+01,3.677356719970703125e+01,2.907338714599609375e+01,2.583293724060058594e+01,2.496549034118652344e+01,2.714295768737792969e+01,2.500816917419433594e+01,3.470540237426757812e+01,6.613213348388671875e+01,7.661111450195312500e+01,7.305509185791015625e+01,7.014073181152343750e+01,7.009991455078125000e+01,6.713444519042968750e+01,6.683969116210937500e+01,6.208003234863281250e+01,5.484905242919921875e+01,4.594566726684570312e+01,3.154015731811523438e+01,1.937126731872558594e+01,1.183158683776855469e+01,1.190720748901367188e+01,1.273279571533203125e+01,1.321916007995605469e+01,2.098861312866210938e+01,3.909851074218750000e+01,4.461978149414062500e+01,4.014817047119140625e+01,3.447015380859375000e+01,3.058804321289062500e+01,3.298605346679687500e+01,3.477135467529296875e+01,3.563594436645507812e+01,3.443413543701171875e+01,2.745003890991210938e+01,-3.015234470367431641e+00,-1.311574363708496094e+01,-7.006110191345214844e+00,-3.639924526214599609e+00,-5.353737831115722656e+00,-8.031363487243652344e+00,-1.696064758300781250e+01,-2.495820617675781250e+01,-2.654002380371093750e+01,-2.267754745483398438e+01,-1.694811058044433594e+01,-1.239478683471679688e+01,-3.167910575866699219e+00,-3.801426291465759277e-01,5.196618080139160156e+00,3.831665754318237305e+00,9.312267303466796875e+00,1.521271324157714844e+01,1.321966457366943359e+01,1.484204769134521484e+01,1.662660789489746094e+01,2.069092178344726562e+01,2.217264175415039062e+01,2.261893081665039062e+01,2.088601303100585938e+01,1.661224746704101562e+01,1.727015686035156250e+01,1.814502906799316406e+01,1.621826171875000000e+01,1.660823631286621094e+01,1.684715270996093750e+01,1.823845291137695312e+01,1.871023941040039062e+01,1.636132049560546875e+01,2.231975555419921875e+01,2.329879188537597656e+01,1.947006225585937500e+01,1.814722442626953125e+01,1.748808288574218750e+01,2.064986038208007812e+01,2.164768981933593750e+01,2.193841552734375000e+01,1.778446388244628906e+01,2.092464637756347656e+01,2.138324737548828125e+01,2.380750656127929688e+01,2.563900375366210938e+01,2.054751396179199219e+01,2.378007698059082031e+01,2.473669242858886719e+01,2.611810874938964844e+01,2.359601974487304688e+01,1.891050910949707031e+01,2.174398040771484375e+01,2.555216598510742188e+01,2.269527626037597656e+01,1.618626403808593750e+01,1.488821601867675781e+01,3.774459838867187500e+01,5.850306320190429688e+01,5.122936248779296875e+01,4.072306442260742188e+01,3.951021575927734375e+01,4.576495361328125000e+01,4.584844589233398438e+01,4.472100067138671875e+01,4.529054260253906250e+01,4.181514739990234375e+01,3.639056396484375000e+01,2.335015106201171875e+01,8.916280746459960938e+00,1.360373258590698242e+00,-7.438354492187500000e+00,-1.031586837768554688e+01,-4.840596675872802734e+00,2.810110092163085938e+00,5.741713523864746094e+00,8.478002548217773438e+00,1.476871585845947266e+01,2.112662696838378906e+01,2.175237274169921875e+01,1.921952438354492188e+01,2.518234252929687500e+01,4.926750183105468750e+01,6.750766754150390625e+01,6.822708129882812500e+01,5.318485260009765625e+01,4.201821136474609375e+01,3.858663940429687500e+01,3.614699172973632812e+01,3.961915206909179688e+01,4.256316375732421875e+01,4.293953704833984375e+01,3.951393127441406250e+01,3.667479705810546875e+01,3.327454376220703125e+01,2.929634857177734375e+01,2.213458251953125000e+01,2.517847061157226562e+01,2.830551719665527344e+01,2.624108505249023438e+01,2.471979904174804688e+01,3.292908859252929688e+01,3.637837982177734375e+01,3.857669067382812500e+01,3.248569107055664062e+01,3.186404418945312500e+01,3.651277923583984375e+01,4.821934127807617188e+01,5.763944244384765625e+01,6.267138671875000000e+01,6.647064208984375000e+01,6.786811828613281250e+01,7.139845275878906250e+01,6.842078399658203125e+01,6.698291015625000000e+01,7.105115509033203125e+01,6.622378540039062500e+01,6.265245056152343750e+01,5.842695617675781250e+01,5.485771179199218750e+01,5.128310012817382812e+01,4.017861938476562500e+01,3.571476745605468750e+01,3.236467361450195312e+01,2.915515518188476562e+01,2.857467460632324219e+01,2.770847320556640625e+01,2.816152572631835938e+01,2.340190505981445312e+01,2.162522506713867188e+01,2.202959442138671875e+01,2.006046676635742188e+01,2.314417648315429688e+01,2.546338081359863281e+01,2.470248031616210938e+01,2.144576263427734375e+01,2.208913612365722656e+01,2.260598373413085938e+01,2.128160858154296875e+01,1.935637283325195312e+01,2.138785934448242188e+01,2.346875762939453125e+01,2.299678802490234375e+01,1.858712768554687500e+01,1.968716812133789062e+01,2.177353668212890625e+01,2.512738609313964844e+01,2.042171478271484375e+01,2.589260864257812500e+01,4.022123718261718750e+01,5.237664794921875000e+01,4.700799560546875000e+01,3.792290115356445312e+01,3.010318756103515625e+01,1.672054481506347656e+01,1.210374355316162109e+01,1.225094604492187500e+01,5.240930080413818359e+00,8.837472915649414062e+00,1.601718139648437500e+01,1.345164299011230469e+01,6.377172470092773438e+00,5.180363178253173828e+00,8.622438430786132812e+00,1.048642730712890625e+01,1.793576431274414062e+01,4.654692840576171875e+01,5.445282363891601562e+01,5.693230819702148438e+01,5.748275756835937500e+01,5.671167755126953125e+01,5.378129577636718750e+01,4.509284210205078125e+01,4.110620880126953125e+01,3.681148910522460938e+01,3.399943161010742188e+01,2.908335113525390625e+01,2.843404769897460938e+01,2.522936630249023438e+01,2.231727600097656250e+01,2.472013664245605469e+01,2.639174461364746094e+01,2.051337623596191406e+01,2.269305419921875000e+01,2.110997009277343750e+01,1.833001327514648438e+01,2.244269943237304688e+01,2.203901290893554688e+01,2.131264686584472656e+01,1.449291324615478516e+01,4.910748481750488281e+00,2.408165931701660156e+00,9.845327377319335938e+00,1.284888744354248047e+01,2.212510299682617188e+01,2.202881813049316406e+01,2.328268051147460938e+01,2.315665435791015625e+01,1.935544586181640625e+01,1.717399024963378906e+01,1.388210105895996094e+01,1.641238784790039062e+01,1.779836082458496094e+01,1.512354087829589844e+01,1.668927764892578125e+01,1.320859146118164062e+01,8.569094657897949219e+00,9.608839988708496094e+00,9.381402015686035156e+00,1.222636032104492188e+01,1.690182876586914062e+01,1.774760818481445312e+01,1.868442916870117188e+01,1.337693405151367188e+01,1.820387840270996094e+01,2.245137405395507812e+01,2.233490371704101562e+01,2.163080596923828125e+01,1.941161346435546875e+01,1.903317260742187500e+01,2.223651313781738281e+01,2.144073867797851562e+01,1.546102523803710938e+01,1.494935703277587891e+01,1.415950393676757812e+01,1.601397323608398438e+01,1.885605049133300781e+01,2.009518623352050781e+01,2.055986022949218750e+01,2.476394653320312500e+01,2.496434783935546875e+01,2.683762931823730469e+01,2.965558433532714844e+01,2.851576805114746094e+01,2.713824653625488281e+01,3.390039062500000000e+01,3.736032867431640625e+01,3.776027679443359375e+01,2.485979080200195312e+01,1.076217842102050781e+01,1.262976932525634766e+01,1.351041126251220703e+01,9.022855758666992188e+00,3.066799545288085938e+01,5.171056365966796875e+01,5.902607727050781250e+01,5.619335174560546875e+01,4.860911178588867188e+01,3.945957183837890625e+01,4.033321380615234375e+01,4.281639862060546875e+01,4.460548400878906250e+01,4.438294982910156250e+01,4.045487213134765625e+01,4.287812042236328125e+01,4.083420562744140625e+01,4.291743087768554688e+01,4.644576644897460938e+01,4.570718765258789062e+01,4.538690948486328125e+01,4.216562652587890625e+01,4.481507110595703125e+01,5.502422714233398438e+01,4.643881988525390625e+01,2.923964691162109375e+01,2.275040817260742188e+01,2.025829315185546875e+01,1.573580169677734375e+01,1.224421882629394531e+01,1.053100395202636719e+01,1.097188377380371094e+01,7.906361579895019531e+00,1.212953186035156250e+01,2.053266906738281250e+01,2.737490844726562500e+01,3.317869186401367188e+01,3.553129577636718750e+01,2.403008651733398438e+01,2.021182632446289062e+01,2.169540023803710938e+01,2.570070266723632812e+01,2.080838012695312500e+01,6.256568908691406250e+00,-6.656949996948242188e+00,-1.273019218444824219e+01,-1.367836761474609375e+01,-1.480148506164550781e+01,-1.364196205139160156e+01,-1.198698043823242188e+01,-2.235994577407836914e+00,-1.121321439743041992e+00,2.995335578918457031e+00,1.626201248168945312e+01,2.935905838012695312e+01,2.755768013000488281e+01,3.209411621093750000e+01,3.513371658325195312e+01,3.379730987548828125e+01,4.395650482177734375e+01,4.414406967163085938e+01,4.012241363525390625e+01,3.824248886108398438e+01,4.298328399658203125e+01,4.617880249023437500e+01,4.660213088989257812e+01,4.301640701293945312e+01,3.982730865478515625e+01,4.738481140136718750e+01,5.318919372558593750e+01,4.639448547363281250e+01,3.797570037841796875e+01,3.961892318725585938e+01,4.040554809570312500e+01,4.191247558593750000e+01,3.546282577514648438e+01,3.680799484252929688e+01,4.678228759765625000e+01,5.582688903808593750e+01,5.937471008300781250e+01,5.642139434814453125e+01,4.400699234008789062e+01,3.459206008911132812e+01,2.617990493774414062e+01,1.669036102294921875e+01,6.202257156372070312e+00,7.381885647773742676e-01,3.843999862670898438e+00,1.025632476806640625e+01,1.955852127075195312e+01,3.036147689819335938e+01,4.059443664550781250e+01,4.287412261962890625e+01,3.482459259033203125e+01,3.616931915283203125e+01,4.151277923583984375e+01,3.295025634765625000e+01,2.504524612426757812e+01,2.302243804931640625e+01,2.468656921386718750e+01,2.522570419311523438e+01,2.338413619995117188e+01,1.933809852600097656e+01,1.577842330932617188e+01,1.452939987182617188e+01,1.485217571258544922e+01,1.863706111907958984e+00,-1.116786003112792969e+01,-7.321293830871582031e+00,-5.828376770019531250e+00,-3.468253135681152344e+00,-5.067621231079101562e+00,-6.283160209655761719e+00,-5.036846160888671875e+00,-2.846026420593261719e+00,2.895578384399414062e+00,6.472829818725585938e+00,1.457786083221435547e+01,1.479537200927734375e+01,1.647277832031250000e+01,1.486120796203613281e+01,2.053442382812500000e+01,2.386660957336425781e+01,2.468759346008300781e+01,1.944100952148437500e+01,1.821906661987304688e+01,2.976462745666503906e+01,3.147316741943359375e+01,2.097266960144042969e+01,2.069239044189453125e+01,1.914085960388183594e+01,1.485432243347167969e+01,1.880066490173339844e+01,2.086505889892578125e+01,1.666456604003906250e+01,2.073700332641601562e+01,2.149728393554687500e+01,2.487776184082031250e+01,2.565655136108398438e+01,2.115000534057617188e+01,1.937385368347167969e+01,1.910495376586914062e+01,1.710096168518066406e+01,2.076794433593750000e+01,1.792926406860351562e+01,1.800697517395019531e+01,1.995883369445800781e+01,1.837613677978515625e+01,1.952425956726074219e+01,1.345677375793457031e+01,1.847472381591796875e+01,2.170035743713378906e+01,2.289241600036621094e+01,2.375365066528320312e+01,2.253621292114257812e+01,2.145317459106445312e+01,2.282733917236328125e+01,1.921329879760742188e+01,1.876226425170898438e+01,3.109079933166503906e+01,6.231744766235351562e+01,7.499983978271484375e+01,6.379361724853515625e+01,4.497275161743164062e+01,3.976213836669921875e+01,4.427791595458984375e+01,3.996506118774414062e+01,3.897360229492187500e+01,4.017560577392578125e+01,4.076554870605468750e+01,3.788995742797851562e+01,3.411845779418945312e+01,2.986274337768554688e+01,3.445095062255859375e+01,4.382419586181640625e+01,3.243688583374023438e+01,1.718160247802734375e+01,8.199196815490722656e+00,8.692240715026855469e+00,1.641520690917968750e+01,2.571515655517578125e+01,2.802981185913085938e+01,2.920391845703125000e+01,2.957589340209960938e+01,2.727974319458007812e+01,2.700448608398437500e+01,2.400835037231445312e+01,2.474665832519531250e+01,3.175761795043945312e+01,3.655586242675781250e+01,3.268534469604492188e+01,3.781986999511718750e+01,3.900527191162109375e+01,3.631518936157226562e+01,2.729072761535644531e+01,2.393298339843750000e+01,2.627750778198242188e+01,1.669457244873046875e+01,8.873184204101562500e+00,8.160416483879089355e-01,-4.432092666625976562e+00,-1.736225724220275879e+00,3.951644897460937500e-02,3.075639963150024414e+00,5.612442970275878906e+00,1.764354133605957031e+01,2.199589347839355469e+01,1.762343215942382812e+01,2.259929275512695312e+01,3.139029312133789062e+01,4.631562423706054688e+01,6.252333450317382812e+01,7.329739379882812500e+01,7.851356506347656250e+01,7.805387878417968750e+01,7.321546936035156250e+01,6.413392639160156250e+01,5.617868423461914062e+01,4.841948699951171875e+01,4.301951599121093750e+01,4.421101379394531250e+01,4.703609848022460938e+01,4.040266418457031250e+01,3.306429290771484375e+01,3.145361709594726562e+01,3.025820922851562500e+01,2.163285255432128906e+01,1.325508308410644531e+01,7.921521663665771484e+00,9.233247756958007812e+00,1.092613792419433594e+01,4.829763889312744141e+00,7.451507091522216797e+00,1.020725154876708984e+01,2.180804824829101562e+01,3.877363204956054688e+01,3.547405624389648438e+01,2.431492424011230469e+01,2.546934890747070312e+01,2.354343032836914062e+01,2.586930274963378906e+01,2.756840515136718750e+01,1.953017616271972656e+01,1.516529655456542969e+01,1.846790695190429688e+01,2.564409255981445312e+01,2.769287872314453125e+01,2.307593917846679688e+01,2.077928161621093750e+01,2.291762542724609375e+01,2.330156135559082031e+01,2.665789794921875000e+01,2.149149322509765625e+01,3.338560104370117188e+01,4.269210815429687500e+01,4.494921875000000000e+01,4.974652099609375000e+01,5.024422454833984375e+01,4.874156570434570312e+01,4.614439392089843750e+01,3.708523941040039062e+01,3.215334320068359375e+01,2.809151840209960938e+01,3.193498229980468750e+01,3.559870147705078125e+01,2.906337928771972656e+01,2.742029571533203125e+01,2.659639930725097656e+01,1.984387588500976562e+01,5.615005016326904297e+00,-5.563439130783081055e-01,1.774142682552337646e-02,1.927375316619873047e+00,2.347066164016723633e+00,1.824362039566040039e+00,1.845669388771057129e+00,3.037081003189086914e+00,2.026004791259765625e+00,1.275618076324462891e-01,1.791191548109054565e-01,2.246160209178924561e-01,-6.017525792121887207e-01,3.202495574951171875e+00,1.116199970245361328e+01,3.755996322631835938e+01,4.786621856689453125e+01,4.521697235107421875e+01,3.970107269287109375e+01,4.040918731689453125e+01,4.020233154296875000e+01,3.539269256591796875e+01,2.256352996826171875e+01,1.396953201293945312e+01,9.101772308349609375e+00,4.386152267456054688e+00,6.296040058135986328e+00,7.862724304199218750e+00,1.022052860260009766e+01,1.685130310058593750e+01,1.603965377807617188e+01,2.110066795349121094e+01,2.372566032409667969e+01,3.284785461425781250e+01,3.629862213134765625e+01,3.121922683715820312e+01,3.510276794433593750e+01,2.991109848022460938e+01,1.672625350952148438e+01,7.740167617797851562e+00,5.786455631256103516e+00,8.492443084716796875e+00,1.044259071350097656e+01,1.147421073913574219e+01,1.256861972808837891e+01,1.584367656707763672e+01,2.053670501708984375e+01,1.990528106689453125e+01,2.187344360351562500e+01,2.289965629577636719e+01,2.501998710632324219e+01,2.759322738647460938e+01,2.577120971679687500e+01,2.350040817260742188e+01,2.049535369873046875e+01,1.765399742126464844e+01,1.905327224731445312e+01,2.441510772705078125e+01,3.013784599304199219e+01,2.304222488403320312e+01,1.452216911315917969e+01,9.825804710388183594e+00,1.431237792968750000e+01,2.632876396179199219e+01,2.990879058837890625e+01,2.598543167114257812e+01,8.986436843872070312e+00,2.554424524307250977e+00,4.557909965515136719e+00,8.857310295104980469e+00,7.551385879516601562e+00,2.964371204376220703e+00,-1.523823142051696777e+00,-4.367968559265136719e+00,6.765490770339965820e-02,3.856912136077880859e+00,1.352653026580810547e+00,2.187017202377319336e+00,2.893723845481872559e-01,3.910334587097167969e+00,1.064244365692138672e+01,1.759059524536132812e+01,2.497051620483398438e+01,3.199634933471679688e+01,3.088862419128417969e+01,2.864143943786621094e+01,2.935799217224121094e+01,3.146424865722656250e+01,3.840191650390625000e+01,3.571974945068359375e+01,3.258214569091796875e+01,3.620129013061523438e+01,3.390650177001953125e+01,3.337486648559570312e+01,3.170160293579101562e+01,3.451509857177734375e+01,3.262098693847656250e+01,2.648947143554687500e+01,3.171515083312988281e+01,3.590723800659179688e+01,3.295509719848632812e+01,2.523859405517578125e+01,2.346232986450195312e+01,2.841866683959960938e+01,2.816295814514160156e+01,2.785576438903808594e+01,3.244548797607421875e+01,3.254508972167968750e+01,2.009921264648437500e+01,1.295579242706298828e+01,2.369910621643066406e+01,3.222363662719726562e+01,3.645063781738281250e+01,4.473075866699218750e+01,4.585143280029296875e+01,4.439174652099609375e+01,4.344817352294921875e+01,3.507563781738281250e+01,3.876015472412109375e+01,4.855576705932617188e+01,5.402991485595703125e+01,5.754690933227539062e+01,6.204214859008789062e+01,6.084439468383789062e+01,4.580812072753906250e+01,3.696301651000976562e+01,2.789398193359375000e+01,2.570119476318359375e+01,2.055107879638671875e+01,1.558361816406250000e+01,5.884870529174804688e+00,1.009302973747253418e+00,6.781736850738525391e+00,1.853071594238281250e+01,1.882726669311523438e+01,1.904464340209960938e+01,2.150890350341796875e+01,2.739199829101562500e+01,2.759020042419433594e+01,2.395199775695800781e+01,2.856028747558593750e+01,3.329911041259765625e+01,3.484396362304687500e+01,3.123208427429199219e+01,2.916255187988281250e+01,3.453554534912109375e+01,3.992261505126953125e+01,3.762151336669921875e+01,3.509526824951171875e+01,3.141474914550781250e+01,3.186338233947753906e+01,2.946938323974609375e+01,2.809157562255859375e+01,2.747112655639648438e+01,2.684791755676269531e+01,2.630071258544921875e+01,2.636832427978515625e+01,2.609432983398437500e+01,2.726097106933593750e+01,2.955964279174804688e+01,2.785716819763183594e+01,2.788704681396484375e+01,2.514300537109375000e+01,2.245900726318359375e+01,2.070874023437500000e+01,2.339918518066406250e+01,2.804246139526367188e+01,2.740574264526367188e+01,2.512313842773437500e+01,2.724650764465332031e+01,2.944253921508789062e+01,2.567638969421386719e+01,2.203531646728515625e+01,2.344635200500488281e+01,2.637896156311035156e+01,2.371204757690429688e+01,2.283333587646484375e+01,2.069919586181640625e+01,2.329964828491210938e+01,2.680875396728515625e+01,3.006887435913085938e+01,3.407643127441406250e+01,3.680796813964843750e+01,3.341306304931640625e+01,3.066931533813476562e+01,3.225798416137695312e+01,3.644478225708007812e+01,3.613384246826171875e+01,2.885641479492187500e+01,3.021605873107910156e+01,3.553279495239257812e+01,2.796528816223144531e+01,1.924843215942382812e+01,1.395925331115722656e+01,8.889905929565429688e+00,1.579028892517089844e+01,2.363728141784667969e+01,2.049269676208496094e+01,1.971516799926757812e+01,2.032976531982421875e+01,5.141652679443359375e+01,7.266588592529296875e+01,7.322850036621093750e+01,7.619630432128906250e+01,7.309733581542968750e+01,7.274114227294921875e+01,6.753694152832031250e+01,5.472071456909179688e+01,4.837229156494140625e+01,4.543404388427734375e+01,4.052133178710937500e+01,3.532952880859375000e+01,2.636054992675781250e+01,2.175404357910156250e+01,1.975646972656250000e+01,2.860869598388671875e+01,2.567819023132324219e+01,2.543571472167968750e+01,3.033926391601562500e+01,3.031378936767578125e+01,2.601539611816406250e+01,1.789906692504882812e+01,1.913733863830566406e+01,1.775386428833007812e+01,1.401202774047851562e+01,1.785821342468261719e+01,3.255696105957031250e+01,3.685345077514648438e+01,3.558773040771484375e+01,4.241789245605468750e+01,4.127415466308593750e+01,4.393645095825195312e+01,5.034597015380859375e+01,5.010866546630859375e+01,4.507746124267578125e+01,4.681329345703125000e+01,4.541457748413085938e+01,3.316492462158203125e+01,2.015936470031738281e+01,1.201028823852539062e+01,6.421628952026367188e+00,4.979111671447753906e+00,1.057433247566223145e+00,-1.396291553974151611e-01,4.520823478698730469e+00,1.157842540740966797e+01,1.423625564575195312e+01,1.740542221069335938e+01,2.097327423095703125e+01,2.537700271606445312e+01,2.972130584716796875e+01,2.695433425903320312e+01,2.580388641357421875e+01,2.987577247619628906e+01,3.244206619262695312e+01,3.588985824584960938e+01,1.991243934631347656e+01,7.781319141387939453e+00,1.306466102600097656e+00,4.650449275970458984e+00,1.064409255981445312e+01,1.742216491699218750e+01,1.332662963867187500e+01,1.537948608398437500e+01,1.964725303649902344e+01,2.153248405456542969e+01,2.686845016479492188e+01,8.189540863037109375e+00,5.975809097290039062e+00,3.784138679504394531e+00,-7.231980323791503906e+00,-1.434756851196289062e+01,-1.927619743347167969e+01,-2.027090835571289062e+01,-2.545397567749023438e+01,-1.931407165527343750e+01,-1.624255943298339844e+01,-1.649505615234375000e+01,-1.471854972839355469e+01,-1.268808174133300781e+01,-1.407977676391601562e+01,-7.001198768615722656e+00,1.184398382902145386e-01,5.529659271240234375e+00,1.701453399658203125e+01,1.979701614379882812e+01,1.873795318603515625e+01,2.580949974060058594e+01,3.299962615966796875e+01,3.429027557373046875e+01,3.230580520629882812e+01,3.609310150146484375e+01,3.220139312744140625e+01,3.129627418518066406e+01,3.099856567382812500e+01,3.075118446350097656e+01,3.008164978027343750e+01,2.943726539611816406e+01,3.085232353210449219e+01,3.163015747070312500e+01,2.753065872192382812e+01,3.138475227355957031e+01,3.841762542724609375e+01,3.326779937744140625e+01,3.104636764526367188e+01,3.118418884277343750e+01,2.368600273132324219e+01,2.334352493286132812e+01,2.654265213012695312e+01,3.088620758056640625e+01,3.609143066406250000e+01,3.948332977294921875e+01,3.319905471801757812e+01,3.089666366577148438e+01,2.938354873657226562e+01,2.837905883789062500e+01,2.964149856567382812e+01,2.759898757934570312e+01,2.695394325256347656e+01,2.571110534667968750e+01,2.868690299987792969e+01,3.076231956481933594e+01,3.392797088623046875e+01,3.203678512573242188e+01,2.899017715454101562e+01,3.008650588989257812e+01,3.002338790893554688e+01,2.853943443298339844e+01,2.587575149536132812e+01,2.824210739135742188e+01,3.317762756347656250e+01,5.077913665771484375e+01,4.880112457275390625e+01,4.282016372680664062e+01,3.682722854614257812e+01,3.731625747680664062e+01,3.874924850463867188e+01,4.330312347412109375e+01,3.512065887451171875e+01,2.911117935180664062e+01,1.696580505371093750e+01,8.572106361389160156e+00,4.598409652709960938e+00,4.484030246734619141e+00,9.302164912223815918e-01,1.062963157892227173e-01,-2.834128379821777344e+00,-9.356434941291809082e-01,-1.865150690078735352e+00,2.290568828582763672e+00,1.395919227600097656e+01,2.244507217407226562e+01,2.718059158325195312e+01,2.725906372070312500e+01,1.749621582031250000e+01,1.304642868041992188e+01,2.758172225952148438e+01,4.444172668457031250e+01,5.250190734863281250e+01,4.835075759887695312e+01,4.801522827148437500e+01,6.602737426757812500e+01,7.004991149902343750e+01,7.110652160644531250e+01,7.417125701904296875e+01,7.769780731201171875e+01,7.659450531005859375e+01,7.919259643554687500e+01,7.915471649169921875e+01,7.840235900878906250e+01,7.720005798339843750e+01,6.785198211669921875e+01,5.486194610595703125e+01,5.271941375732421875e+01,5.107867431640625000e+01,4.217592620849609375e+01,4.249024200439453125e+01,7.850065612792968750e+01,8.441421508789062500e+01,7.112956237792968750e+01,5.783098602294921875e+01,5.525883483886718750e+01,6.265137481689453125e+01,6.819049072265625000e+01,6.518155670166015625e+01,5.554975891113281250e+01,5.307767486572265625e+01,5.521311187744140625e+01,6.258050918579101562e+01,6.974917602539062500e+01,7.511848449707031250e+01,7.833860778808593750e+01,7.370922851562500000e+01,5.405214691162109375e+01,3.572716522216796875e+01,3.115835189819335938e+01,2.695190811157226562e+01,1.752633285522460938e+01,1.211543083190917969e+01,7.475496292114257812e+00,9.765361785888671875e+00,1.126232051849365234e+01,1.039338684082031250e+01,1.256694221496582031e+01,1.148675346374511719e+01,1.040292739868164062e+01,3.142751932144165039e+00,4.914090037345886230e-01,6.102550506591796875e+00,1.232903861999511719e+01,1.299982070922851562e+01,1.411647701263427734e+01,1.730673789978027344e+01,1.970608901977539062e+01,2.317492103576660156e+01,2.487572479248046875e+01,2.303310775756835938e+01,2.256812095642089844e+01,2.641987800598144531e+01,1.925944137573242188e+01,8.366757392883300781e+00,1.061271667480468750e+00,6.538985252380371094e+00,1.177220726013183594e+01,1.396481609344482422e+01,1.294556617736816406e+01,2.922191619873046875e+01,4.908705902099609375e+01,5.148480224609375000e+01,4.434893035888671875e+01,4.042000579833984375e+01,3.680304718017578125e+01,2.597913932800292969e+01,2.541541671752929688e+01,2.392508697509765625e+01,1.337697601318359375e+01,4.816743373870849609e+00,1.273874044418334961e-01,-2.809136152267456055e+00,-2.786663055419921875e+00,-2.360843181610107422e+00,-7.973595619201660156e+00,-9.663921356201171875e+00,-9.501077651977539062e+00,-1.793376564979553223e+00,4.978926479816436768e-01,3.612629890441894531e+00,5.540801525115966797e+00,1.114180278778076172e+01,2.381267547607421875e+01,2.815529441833496094e+01,2.732931709289550781e+01,2.721305084228515625e+01,2.788616943359375000e+01,2.758876419067382812e+01,3.059213256835937500e+01,3.703543853759765625e+01,3.149156951904296875e+01,2.795050048828125000e+01,2.809449386596679688e+01,2.735955047607421875e+01,2.549600982666015625e+01,2.826933097839355469e+01,2.539055252075195312e+01,2.396453475952148438e+01,2.613966751098632812e+01,2.778130531311035156e+01,3.409265899658203125e+01,3.366413879394531250e+01,2.554286193847656250e+01,2.479186439514160156e+01,2.232899284362792969e+01,2.582807922363281250e+01,2.988628005981445312e+01,2.947700119018554688e+01,2.805908966064453125e+01,2.721016693115234375e+01,2.373497772216796875e+01,2.830773162841796875e+01,3.086181449890136719e+01,3.634075164794921875e+01,3.662100219726562500e+01,3.101959609985351562e+01,2.668070983886718750e+01,2.806552314758300781e+01,1.968526840209960938e+01,6.841382026672363281e+00,1.793048858642578125e+00,9.708984375000000000e+00,1.674161529541015625e+01,2.252032852172851562e+01,1.866392517089843750e+01,7.924718856811523438e+00,1.226633310317993164e+00,1.310841679573059082e+00,2.036654949188232422e+00,1.216497778892517090e+00,1.613598763942718506e-01,-4.776460170745849609e+00,-3.531456947326660156e+00,9.459231376647949219e+00,2.289702987670898438e+01,3.112966918945312500e+01,2.839034652709960938e+01,2.225558471679687500e+01,1.965916824340820312e+01,1.663205337524414062e+01,1.252825832366943359e+01,1.077400970458984375e+01,5.378213405609130859e+00,-1.833355903625488281e+00,-1.246762275695800781e+00,-5.518362045288085938e+00,-6.068151473999023438e+00,-1.324857330322265625e+01,-1.024555015563964844e+01,-1.131553459167480469e+01,-1.330945968627929688e+01,-1.227044105529785156e+01,-9.169649124145507812e+00,-8.038547515869140625e+00,-4.682213783264160156e+00,-1.483716607093811035e+00,1.840125322341918945e+00,-4.577041625976562500e+00,-6.857686042785644531e+00,-1.219508361816406250e+01,-1.321863842010498047e+01,-7.513807773590087891e+00,-1.170315980911254883e+00,2.344388961791992188e+00,2.732299804687500000e+00,8.311440467834472656e+00,7.855202674865722656e+00,9.055332183837890625e+00,1.263194847106933594e+01,1.308347892761230469e+01,1.832010459899902344e+01,2.214943695068359375e+01,2.511418724060058594e+01,2.799819183349609375e+01,4.255136871337890625e+01,5.227133941650390625e+01,6.078849792480468750e+01,5.767265319824218750e+01,4.902983093261718750e+01,4.145934295654296875e+01,3.143766784667968750e+01,2.275201988220214844e+01,2.748643112182617188e+01,2.224713325500488281e+01,1.565523719787597656e+01,8.434475898742675781e+00,3.840020656585693359e+00,2.040677547454833984e+00,9.055061340332031250e+00,1.223590755462646484e+01,1.384439659118652344e+01,1.330354309082031250e+01,1.463875389099121094e+01,2.488500595092773438e+01,3.746627807617187500e+01,3.328673553466796875e+01,2.722859573364257812e+01,1.733118057250976562e+01,1.596820259094238281e+01,1.844270133972167969e+01,2.210446357727050781e+01,2.957845306396484375e+01,3.496726989746093750e+01,3.186141395568847656e+01,2.958745002746582031e+01,3.203132247924804688e+01,3.592784118652343750e+01,3.295127487182617188e+01,3.094045639038085938e+01,2.800560379028320312e+01,2.664140701293945312e+01,3.036680412292480469e+01,3.592274475097656250e+01,3.364279174804687500e+01,2.945539474487304688e+01,2.598130798339843750e+01,3.015063095092773438e+01,3.040451049804687500e+01,2.955713844299316406e+01,2.933652114868164062e+01,3.044697189331054688e+01,2.588542175292968750e+01,2.296022033691406250e+01,3.080049896240234375e+01,3.037300872802734375e+01,2.852712631225585938e+01,2.593136215209960938e+01,2.414463424682617188e+01,2.814188003540039062e+01,3.126840972900390625e+01,3.907147979736328125e+01,5.262460327148437500e+01,5.183577728271484375e+01,4.446140289306640625e+01,4.089056015014648438e+01,4.058112335205078125e+01,4.783666229248046875e+01,4.376784515380859375e+01,4.665016937255859375e+01,4.548418045043945312e+01,4.425427627563476562e+01,4.575799560546875000e+01,4.599823760986328125e+01,3.874592590332031250e+01,5.567243957519531250e+01,5.942870330810546875e+01,5.292668151855468750e+01,4.356348037719726562e+01,3.420436859130859375e+01,3.124551010131835938e+01,2.702728843688964844e+01,2.655339431762695312e+01,2.555163383483886719e+01,2.544775772094726562e+01,1.997275161743164062e+01,2.091787719726562500e+01,1.195845317840576172e+01,1.740443706512451172e-02,-4.497815132141113281e+00,-3.777410030364990234e+00,-3.859901428222656250e-02,3.719866752624511719e+00,7.721693515777587891e+00,1.063786697387695312e+01,1.372632408142089844e+01,9.123804092407226562e+00,9.925788879394531250e+00,1.902333450317382812e+01,2.345664978027343750e+01,2.760502624511718750e+01,3.044792938232421875e+01,3.352709197998046875e+01,2.413279724121093750e+01,1.536578273773193359e+01,1.456177139282226562e+01,2.214694595336914062e+01,2.227508926391601562e+01,1.439473819732666016e+01,1.256870555877685547e+01,1.038588333129882812e+01,9.482221603393554688e+00,9.672168731689453125e+00,8.328178405761718750e+00,1.193052291870117188e+01,1.118860912322998047e+01,2.042315483093261719e+01,2.514321517944335938e+01,9.328481674194335938e+00,1.561294198036193848e-01,-5.137960433959960938e+00,-6.168152809143066406e+00,-4.938908576965332031e+00,4.943273544311523438e+00,9.634304046630859375e+00,2.447053909301757812e+00,-1.636767745018005371e+00,-3.449358463287353516e+00,-2.672449827194213867e+00,-6.253461360931396484e+00,-1.131154251098632812e+01,-1.300265693664550781e+01,-1.415025615692138672e+01,-6.465283870697021484e+00,-6.164995193481445312e+00,-4.898628711700439453e+00,-1.140706658363342285e+00,6.346129417419433594e+00,1.058020782470703125e+01,1.288398742675781250e+01,1.355874347686767578e+01,1.859467697143554688e+01,1.313208961486816406e+01,-2.374176502227783203e+00,-1.184667587280273438e+01,-1.606363677978515625e+01,-1.488963603973388672e+01,-1.323109912872314453e+01,-1.208522510528564453e+01,-4.501205921173095703e+00,4.005700111389160156e+00,8.560648918151855469e+00,1.618528366088867188e+01,2.279410171508789062e+01,2.562385940551757812e+01,2.776190948486328125e+01,3.511366271972656250e+01,3.396471405029296875e+01,3.197939300537109375e+01,3.004774665832519531e+01,2.797353935241699219e+01,2.414244842529296875e+01,1.906390762329101562e+01,2.574167251586914062e+01,2.854197502136230469e+01,2.384346771240234375e+01,2.506684494018554688e+01,3.214031982421875000e+01,2.900713729858398438e+01,2.794331741333007812e+01,3.333133697509765625e+01,2.714134788513183594e+01,2.609892654418945312e+01,2.916622924804687500e+01,3.056502914428710938e+01,2.624422073364257812e+01,2.480138397216796875e+01,3.956089782714843750e+01,3.626716232299804688e+01,3.238447570800781250e+01,2.291830062866210938e+01,1.394867706298828125e+01,2.055464553833007812e+01,2.344478607177734375e+01,2.640250015258789062e+01,2.697163963317871094e+01,2.601593399047851562e+01,2.929204559326171875e+01,2.825102806091308594e+01,1.880562973022460938e+01,1.694165802001953125e+01,1.502347278594970703e+01,1.966673278808593750e+01,1.623948287963867188e+01,1.924904251098632812e+01,1.738686752319335938e+01,2.437562179565429688e+01,2.909032821655273438e+01,2.914078140258789062e+01,3.517053985595703125e+01,3.633470153808593750e+01,2.896109008789062500e+01,2.459941673278808594e+01,3.061918449401855469e+01,3.309151458740234375e+01,4.188881683349609375e+01,5.048529815673828125e+01,4.327011108398437500e+01,3.985300445556640625e+01,4.010655975341796875e+01,3.259761047363281250e+01,3.335027313232421875e+01,3.780860137939453125e+01,3.004517364501953125e+01,2.445800781250000000e+01,2.934079360961914062e+01,2.569214630126953125e+01,2.213818359375000000e+01,2.645036315917968750e+01,3.047886848449707031e+01,2.783362579345703125e+01,2.532594108581542969e+01,2.616089248657226562e+01,2.700116729736328125e+01,2.988369178771972656e+01,2.752006149291992188e+01,2.375436592102050781e+01,2.143484115600585938e+01,2.356452751159667969e+01,2.010111999511718750e+01,2.275419807434082031e+01,2.748937988281250000e+01,2.278367614746093750e+01,2.076786041259765625e+01,1.836582183837890625e+01,1.839754676818847656e+01,2.347059822082519531e+01,2.071248817443847656e+01,2.129977035522460938e+01,2.283705329895019531e+01,2.276907730102539062e+01,2.173530197143554688e+01,2.501981735229492188e+01,3.656108093261718750e+01,5.001951599121093750e+01,5.924731445312500000e+01,6.107981109619140625e+01,5.529046249389648438e+01,4.428080749511718750e+01,2.728310966491699219e+01,4.833701610565185547e+00,-1.083679080009460449e+00,-2.815666675567626953e+00,-1.684616208076477051e-01,7.661657810211181641e+00,1.171890068054199219e+01,1.248957633972167969e+01,1.432537841796875000e+01,1.103634643554687500e+01,9.385557174682617188e+00,8.799299240112304688e+00,9.503133773803710938e+00,3.499641418457031250e+01,5.643315124511718750e+01,5.738934326171875000e+01,5.176158142089843750e+01,4.272667694091796875e+01,2.980105018615722656e+01,2.645397949218750000e+01,2.419047164916992188e+01,2.676944732666015625e+01,3.019599342346191406e+01,3.161700820922851562e+01,3.994981765747070312e+01,5.007916259765625000e+01,5.227529907226562500e+01,5.399365234375000000e+01,5.580090332031250000e+01,5.582490921020507812e+01,3.920378875732421875e+01,2.380053710937500000e+01,1.095456600189208984e+01,1.717029190063476562e+01,2.114145660400390625e+01,2.097278213500976562e+01,1.950311851501464844e+01,1.508654785156250000e+01,1.738891983032226562e+01,2.374409866333007812e+01,2.320215415954589844e+01,2.227021408081054688e+01,2.851588439941406250e+01,3.133937072753906250e+01,3.198980903625488281e+01,3.170886230468750000e+01,2.140298652648925781e+01,2.712405776977539062e+01,3.799207305908203125e+01,4.034281158447265625e+01,3.627042388916015625e+01,2.995442962646484375e+01,1.855894470214843750e+01,1.337211036682128906e+01,8.652658462524414062e+00,7.045795917510986328e+00,8.187548637390136719e+00,9.663103103637695312e+00,1.671739196777343750e+01,1.708112525939941406e+01,1.854929733276367188e+01,1.773594284057617188e+01,1.414527320861816406e+01,1.371650123596191406e+01,1.653635215759277344e+01,7.788273811340332031e+00,5.998117327690124512e-01,-5.284718275070190430e-01,-6.176910400390625000e-01,-3.469446659088134766e+00,-6.520348072052001953e+00,-5.494904518127441406e+00,-4.204876422882080078e+00,-2.571098089218139648e+00,-8.978137969970703125e+00,3.641657352447509766e+00,8.734122276306152344e+00,1.241195106506347656e+01,1.516154670715332031e+01,1.557804107666015625e+01,2.578253173828125000e+01,1.874463462829589844e+01,-2.674232959747314453e+00,-4.249148845672607422e+00,-2.525983572006225586e+00,4.569876194000244141e+00,7.728928565979003906e+00,1.676385879516601562e+01,3.361938476562500000e+01,4.039101028442382812e+01,4.232387542724609375e+01,3.360137176513671875e+01,3.143370056152343750e+01,3.797641754150390625e+01,3.396085357666015625e+01,2.581665802001953125e+01,1.333195877075195312e+01,7.124271392822265625e+00,5.262776374816894531e+00,8.822324752807617188e+00,1.719494056701660156e+01,2.740590095520019531e+01,2.977295303344726562e+01,3.929239654541015625e+01,4.933860778808593750e+01,4.180480957031250000e+01,2.908690452575683594e+01,1.422423553466796875e+01,9.983850479125976562e+00,1.484037113189697266e+01,1.945740890502929688e+01,2.278480339050292969e+01,2.237993240356445312e+01,2.544732856750488281e+01,2.436489486694335938e+01,1.992795944213867188e+01,1.502054786682128906e+01,1.292198753356933594e+01,1.152389526367187500e+01,3.219476461410522461e+00,2.924135625362396240e-01,2.340832233428955078e+00,6.227241992950439453e+00,-2.150863647460937500e+00,-2.112715005874633789e+00,1.734200716018676758e+00,4.362258911132812500e+00,3.292665004730224609e+00,-1.895151287317276001e-01,6.498436450958251953e+00,1.695410156250000000e+01,1.858533859252929688e+01,1.861283874511718750e+01,1.557353210449218750e+01,1.694373703002929688e+01,2.556122970581054688e+01,2.666027450561523438e+01,1.926700592041015625e+01,1.941870498657226562e+01,1.967883300781250000e+01,2.485218811035156250e+01,2.709331130981445312e+01,2.745006561279296875e+01,2.365268325805664062e+01,1.992844009399414062e+01,1.996242141723632812e+01,2.028264617919921875e+01,2.157488632202148438e+01,2.043870925903320312e+01,1.861113357543945312e+01,2.133621215820312500e+01,1.906218719482421875e+01,2.009023094177246094e+01,2.173098373413085938e+01,1.871554946899414062e+01,1.820576477050781250e+01,1.574482154846191406e+01,1.689567947387695312e+01,2.345045852661132812e+01,2.086394309997558594e+01,1.924359130859375000e+01,1.592428779602050781e+01,1.425831985473632812e+01,1.989463424682617188e+01,2.457758331298828125e+01,1.994392776489257812e+01,4.602375030517578125e+00,-6.801847457885742188e+00,-1.181168270111083984e+01,-1.728516578674316406e+01,-1.929128837585449219e+01,-1.833388900756835938e+01,-1.681188964843750000e+01,-7.175727844238281250e+00,2.932479619979858398e+00,5.666722297668457031e+00,1.109893035888671875e+01,1.312129688262939453e+01,1.095962333679199219e+01,5.067358970642089844e+00,4.422718524932861328e+00,1.252226829528808594e+01,2.238188171386718750e+01,2.338269042968750000e+01,2.421155166625976562e+01,2.456616210937500000e+01,3.074897766113281250e+01,3.673101043701171875e+01,3.585580444335937500e+01,3.621368026733398438e+01,3.805770492553710938e+01,3.822774505615234375e+01,3.708811950683593750e+01,3.234833526611328125e+01,2.960968017578125000e+01,2.016330718994140625e+01,1.321966361999511719e+01,1.740833854675292969e+01,2.145679664611816406e+01,2.274669647216796875e+01,1.538490104675292969e+01,1.803078460693359375e+01,1.966118621826171875e+01,2.039945602416992188e+01,3.111187362670898438e+01,4.694333648681640625e+01,5.747240447998046875e+01,6.149295043945312500e+01,6.026131439208984375e+01,6.141178131103515625e+01,6.275022888183593750e+01,6.070531463623046875e+01,5.313718795776367188e+01,4.228097152709960938e+01,2.925292587280273438e+01,1.560759925842285156e+01,1.485441207885742188e+01,1.287521362304687500e+01,1.144649410247802734e+01,1.039142894744873047e+01,1.590438747406005859e+01,1.383103656768798828e+01,1.534957504272460938e+01,1.205412292480468750e+01,3.774374246597290039e+00,5.909804105758666992e-01,-2.359071016311645508e+00,-7.085906982421875000e+00,5.913583040237426758e-01,5.815087318420410156e+00,1.412212371826171875e+01,2.608467483520507812e+01,2.228734588623046875e+01,1.873297882080078125e+01,2.395803451538085938e+01,2.357243728637695312e+01,2.490360069274902344e+01,2.264281082153320312e+01,1.802199935913085938e+01,2.004335021972656250e+01,1.885312843322753906e+01,2.130372238159179688e+01,2.824316024780273438e+01,2.976942062377929688e+01,3.047599792480468750e+01,2.677548027038574219e+01,2.561775970458984375e+01,2.989636802673339844e+01,2.304984664916992188e+01,2.193762588500976562e+01,2.732571792602539062e+01,2.607267951965332031e+01,2.391625595092773438e+01,2.995102691650390625e+01,2.802857589721679688e+01,2.620422363281250000e+01,2.274031066894531250e+01,2.154009246826171875e+01,2.614403915405273438e+01,2.609322357177734375e+01,2.510608673095703125e+01,2.805356597900390625e+01,2.662442779541015625e+01,2.493307876586914062e+01,2.713564872741699219e+01,2.804970169067382812e+01,3.126423072814941406e+01,5.379557037353515625e+01,6.804613494873046875e+01,6.481885528564453125e+01,4.658151245117187500e+01,3.273643112182617188e+01,2.739949035644531250e+01,2.983548736572265625e+01,3.625775146484375000e+01,4.626474380493164062e+01,4.737678527832031250e+01,5.101193237304687500e+01,5.519911956787109375e+01,4.994325256347656250e+01,3.409651947021484375e+01,1.792050933837890625e+01,6.410140991210937500e+00,4.875073432922363281e+00,-1.441062241792678833e-02,-3.284517288208007812e+00,-2.068530559539794922e+00,-2.984867334365844727e+00,-7.879402160644531250e+00,-1.000850486755371094e+01,-4.031507492065429688e+00,6.108045578002929688e-03,1.986563110351562500e+01,3.997836303710937500e+01,5.485822677612304688e+01,5.324777984619140625e+01,3.962332153320312500e+01,3.498226547241210938e+01,3.307726287841796875e+01,3.997299957275390625e+01,2.584155654907226562e+01,4.396091461181640625e+00,-3.307698249816894531e+00,-7.274395942687988281e+00,-4.764963626861572266e+00,7.296424508094787598e-01,1.608914732933044434e+00,2.390301465988159180e+00,-3.144149541854858398e+00,-8.442252159118652344e+00,-7.835527896881103516e+00,-2.956721305847167969e+00,-2.677619457244873047e+00,3.437189579010009766e+00,8.008006811141967773e-01,-3.341436386108398438e-01,3.996394872665405273e+00,1.054907798767089844e+01,1.806219863891601562e+01,2.259332275390625000e+01,2.628329658508300781e+01,3.031347656250000000e+01,3.243410110473632812e+01,2.896500015258789062e+01,2.863988876342773438e+01,3.158280944824218750e+01,3.472504425048828125e+01,3.388347625732421875e+01,3.198505401611328125e+01,2.615983200073242188e+01,2.396172142028808594e+01,2.900099563598632812e+01,5.391063690185546875e+01,6.046098709106445312e+01,5.139530944824218750e+01,4.333654785156250000e+01,4.413806915283203125e+01,4.813280868530273438e+01,5.825023651123046875e+01,6.618248748779296875e+01,6.267951583862304688e+01,4.724433135986328125e+01,3.654568481445312500e+01,3.722161483764648438e+01,4.177379608154296875e+01,5.030569839477539062e+01,5.281541442871093750e+01,5.351834106445312500e+01,4.685740661621093750e+01,4.627231216430664062e+01,3.004822921752929688e+01,2.413469696044921875e+01,2.296596145629882812e+01,1.365846061706542969e+01,3.761405706405639648e+00,-3.720547676086425781e+00,-2.620055913925170898e+00,9.940701723098754883e-01,-1.805251359939575195e+00,-2.771718025207519531e+00,2.157779216766357422e+00,3.169665813446044922e+00,2.490600585937500000e+01,3.762990570068359375e+01,3.864098358154296875e+01,3.463644409179687500e+01,3.404416656494140625e+01,2.994301986694335938e+01,3.230134201049804688e+01,3.524494171142578125e+01,2.890339279174804688e+01,2.632031250000000000e+01,3.165265846252441406e+01,2.599038314819335938e+01,3.337372589111328125e+01,3.163347434997558594e+01,2.593162918090820312e+01,1.992085838317871094e+01,1.981429290771484375e+01,2.128912353515625000e+01,2.131137466430664062e+01,2.354171943664550781e+01,2.805514907836914062e+01,2.844479751586914062e+01,2.691651916503906250e+01,3.592356872558593750e+01,5.251104354858398438e+01,6.545697021484375000e+01,6.718208312988281250e+01,5.752214813232421875e+01,3.951850128173828125e+01,1.949994468688964844e+01,1.163782501220703125e+01,1.481919288635253906e+01,1.322138595581054688e+01,1.330617523193359375e+01,1.775580024719238281e+01,2.424825286865234375e+01,2.334854888916015625e+01,2.186459350585937500e+01,1.750556182861328125e+01,2.299662971496582031e+01,2.288207626342773438e+01,2.670349693298339844e+01,2.171129798889160156e+01,1.210637664794921875e+01,7.563040852546691895e-01,-8.807123899459838867e-01,-2.854467630386352539e-01,1.068793833255767822e-01,1.294406652450561523e+00,1.110162925720214844e+01,2.346936035156250000e+01,3.618384170532226562e+01,4.467556762695312500e+01,3.888438796997070312e+01,3.785314178466796875e+01,3.526594161987304688e+01,3.285086822509765625e+01,3.265588378906250000e+01,4.376769256591796875e+01,5.219119644165039062e+01,4.592789077758789062e+01,3.809498596191406250e+01,3.454452514648437500e+01,3.147728919982910156e+01,2.819388961791992188e+01,2.776685333251953125e+01,2.768960189819335938e+01,3.050113296508789062e+01,2.853912544250488281e+01,2.314333343505859375e+01,2.307937622070312500e+01,2.012695693969726562e+01,2.169176292419433594e+01,2.494286346435546875e+01,2.306327247619628906e+01,1.708300018310546875e+01,1.872603607177734375e+01,2.770313262939453125e+01,3.315270996093750000e+01,3.283356857299804688e+01,3.073346328735351562e+01,3.627597808837890625e+01,3.645731353759765625e+01,3.245543670654296875e+01,3.258851623535156250e+01,3.103876495361328125e+01,2.863312149047851562e+01,2.388876152038574219e+01,2.563537025451660156e+01,2.247147369384765625e+01,2.328249549865722656e+01,2.751514816284179688e+01,2.771654701232910156e+01,3.290507125854492188e+01,4.079282379150390625e+01,5.909392929077148438e+01,6.411804199218750000e+01,6.007477951049804688e+01,5.644733428955078125e+01,4.771198272705078125e+01,4.400395202636718750e+01,5.677712249755859375e+01,6.523851013183593750e+01,7.018457031250000000e+01,7.127407073974609375e+01,5.478943634033203125e+01,3.746009063720703125e+01,2.042544555664062500e+01,1.029625511169433594e+01,9.250504493713378906e+00,7.179491043090820312e+00,1.028488349914550781e+01,1.458181381225585938e+01,2.081414985656738281e+01,2.674672317504882812e+01,3.378498840332031250e+01,3.554056549072265625e+01,2.971551895141601562e+01,2.756072616577148438e+01,3.002687263488769531e+01,2.625656127929687500e+01,2.445748901367187500e+01,5.349537658691406250e+01,6.076058959960937500e+01,5.419665908813476562e+01,4.615159988403320312e+01,4.492222976684570312e+01,3.655529785156250000e+01,3.045782089233398438e+01,2.568408393859863281e+01,1.892309951782226562e+01,2.147978782653808594e+01,2.358254241943359375e+01,2.454685592651367188e+01,2.745535278320312500e+01,2.773686981201171875e+01,2.797126960754394531e+01,3.105446243286132812e+01,3.301752853393554688e+01,4.117000961303710938e+01,5.340821075439453125e+01,5.975427246093750000e+01,6.272815322875976562e+01,6.302145385742187500e+01,6.006918716430664062e+01,5.833139801025390625e+01,5.861728286743164062e+01,5.744615936279296875e+01,5.842754745483398438e+01,5.671946716308593750e+01,6.321557617187500000e+01,6.316495132446289062e+01,5.479332733154296875e+01,5.053920745849609375e+01,5.180064010620117188e+01,5.875858306884765625e+01,5.672146987915039062e+01,5.473394012451171875e+01,5.998724746704101562e+01,7.210469055175781250e+01,7.401800537109375000e+01,6.418771362304687500e+01,4.922401428222656250e+01,4.140058898925781250e+01,4.279996490478515625e+01,3.785941696166992188e+01,3.490113830566406250e+01,3.526132202148437500e+01,3.489702987670898438e+01,3.496836090087890625e+01,2.842070388793945312e+01,2.493659782409667969e+01,1.918754196166992188e+01,7.138958454132080078e+00,-7.579376697540283203e-01,-3.635928630828857422e+00,-5.127896308898925781e+00,-3.922643423080444336e+00,-3.100107669830322266e+00,-6.007015705108642578e-01,-1.190585851669311523e+00,-2.247192859649658203e+00,3.416714191436767578e+00,1.198051261901855469e+01,2.903621292114257812e+01,2.988261604309082031e+01,2.547543907165527344e+01,2.560166931152343750e+01,3.071930122375488281e+01,3.617110443115234375e+01,3.382356262207031250e+01,2.389111328125000000e+01,2.415571403503417969e+01,2.729871749877929688e+01,2.799079322814941406e+01,2.933918380737304688e+01,3.566666412353515625e+01,3.199763107299804688e+01,2.319477462768554688e+01,2.663552093505859375e+01,2.610433197021484375e+01,2.395206832885742188e+01,2.765246200561523438e+01,2.669743347167968750e+01,1.937035942077636719e+01,1.931633758544921875e+01,2.490374374389648438e+01,2.711043739318847656e+01,3.028229522705078125e+01,2.645008277893066406e+01,2.155150604248046875e+01,2.417579078674316406e+01,2.083261108398437500e+01,1.883465957641601562e+01,2.156643486022949219e+01,2.563536071777343750e+01,2.456293487548828125e+01,2.263461303710937500e+01,2.337742614746093750e+01,2.229164505004882812e+01,2.334593391418457031e+01,2.751938629150390625e+01,2.764564132690429688e+01,2.555703735351562500e+01,2.639494132995605469e+01,1.784964179992675781e+01,2.339307403564453125e+01,2.887317657470703125e+01,2.843980789184570312e+01,3.083670425415039062e+01,3.162764930725097656e+01,3.014978790283203125e+01,2.732443237304687500e+01,3.062512016296386719e+01,3.458664321899414062e+01,2.905635070800781250e+01,2.166607093811035156e+01,2.398581314086914062e+01,2.708195686340332031e+01,2.457591438293457031e+01,2.827833557128906250e+01,2.767490386962890625e+01,2.291616058349609375e+01,2.680199432373046875e+01,2.827511405944824219e+01,2.682211685180664062e+01,2.483495712280273438e+01,2.330657577514648438e+01,2.249522018432617188e+01,1.973793029785156250e+01,1.989106369018554688e+01,2.308805274963378906e+01,2.609510421752929688e+01,2.827705192565917969e+01,2.870172309875488281e+01,2.569790458679199219e+01,2.911481857299804688e+01,3.171778488159179688e+01,2.957974624633789062e+01,2.492824935913085938e+01,2.536954498291015625e+01,2.707083892822265625e+01,2.799554061889648438e+01,3.020470809936523438e+01,2.421102142333984375e+01,2.616041946411132812e+01,2.834775924682617188e+01,1.860627365112304688e+01,1.292664813995361328e+01,1.235266971588134766e+01,1.368739509582519531e+01,2.146823120117187500e+01,2.516097640991210938e+01,2.354086875915527344e+01,2.250414466857910156e+01,2.312037086486816406e+01,1.970545578002929688e+01,1.944528579711914062e+01,2.168074417114257812e+01,2.023414802551269531e+01,2.180765533447265625e+01,3.240306854248046875e+01,4.469892120361328125e+01,5.006146621704101562e+01,5.414234924316406250e+01,5.181743621826171875e+01,4.843693542480468750e+01,4.710921478271484375e+01,4.922360229492187500e+01,4.845170593261718750e+01,4.985351562500000000e+01,5.187573623657226562e+01,4.746976470947265625e+01,4.396595001220703125e+01,4.946525573730468750e+01,5.209946441650390625e+01,4.712590026855468750e+01,3.542633056640625000e+01,2.647247123718261719e+01,1.984814071655273438e+01,2.366975212097167969e+01,5.238195037841796875e+01,5.956925201416015625e+01,5.928568267822265625e+01,6.420838928222656250e+01,6.578110504150390625e+01,6.179792785644531250e+01,5.420466995239257812e+01,4.304914093017578125e+01,3.340625000000000000e+01,2.951975250244140625e+01,3.198015594482421875e+01,2.739568138122558594e+01,2.823388671875000000e+01,2.976686286926269531e+01,2.238167572021484375e+01,2.378368377685546875e+01,2.387951278686523438e+01,2.363899612426757812e+01,2.409906578063964844e+01,2.802414321899414062e+01,2.763688278198242188e+01,2.668850708007812500e+01,2.272865867614746094e+01,2.348394775390625000e+01,3.441884231567382812e+01,4.564131164550781250e+01,5.641662597656250000e+01,5.440417480468750000e+01,4.469975280761718750e+01,3.708021926879882812e+01,2.674878692626953125e+01,1.841272163391113281e+01,1.505856323242187500e+01,1.629794883728027344e+01,1.889001846313476562e+01,1.983971405029296875e+01,1.848736572265625000e+01,2.100512695312500000e+01,2.122138977050781250e+01,2.264793586730957031e+01,2.291167259216308594e+01,2.083808135986328125e+01,1.351502227783203125e+01,1.874089431762695312e+01,2.551136016845703125e+01,2.099011611938476562e+01,1.709928894042968750e+01,1.696285247802734375e+01,1.886593246459960938e+01,1.665467071533203125e+01,1.890348625183105469e+01,3.010831832885742188e+01,3.537622070312500000e+01,3.013921356201171875e+01,2.258235740661621094e+01,1.284763145446777344e+01,9.977027893066406250e+00,9.853816986083984375e+00,1.407197189331054688e+01,1.695754623413085938e+01,1.224806022644042969e+01,1.438727378845214844e+01,1.439032554626464844e+01,1.333372879028320312e+01,1.304447460174560547e+01,1.618612480163574219e+01,2.039441299438476562e+01,2.593750000000000000e+01,2.327503967285156250e+01,2.800459098815917969e+01,3.080198669433593750e+01,3.136414337158203125e+01,3.345257186889648438e+01,3.176054000854492188e+01,2.053520965576171875e+01,6.442589759826660156e+00,5.241893768310546875e+00,1.617500305175781250e+01,3.880486297607421875e+01,4.667774963378906250e+01,4.292927551269531250e+01,3.809762573242187500e+01,3.826884841918945312e+01,3.675219726562500000e+01,3.581141662597656250e+01,3.475533294677734375e+01,2.826263427734375000e+01,2.525565719604492188e+01,2.827408218383789062e+01,2.978635025024414062e+01,2.650530242919921875e+01,2.529859733581542969e+01,2.534538650512695312e+01,2.648711395263671875e+01,2.355606842041015625e+01,1.874055671691894531e+01,1.985443305969238281e+01,1.958765792846679688e+01,1.460527801513671875e+01,1.667300033569335938e+01,1.839122009277343750e+01,1.787661552429199219e+01,2.143634414672851562e+01,2.203749465942382812e+01,2.300259399414062500e+01,2.293400192260742188e+01,2.156935882568359375e+01,2.812936019897460938e+01,2.509709167480468750e+01,2.286885833740234375e+01,6.670257568359375000e+00,-6.014273643493652344e+00,-8.889832496643066406e+00,-9.873405456542968750e+00,-2.749829292297363281e+00,2.375210285186767578e+00,4.378859043121337891e+00,8.250570297241210938e+00,7.934677600860595703e+00,7.010669231414794922e+00,1.134830284118652344e+01,1.841316413879394531e+01,1.823157310485839844e+01,2.691990661621093750e+01,3.001708793640136719e+01,2.543798255920410156e+01,2.425334548950195312e+01,3.705828857421875000e+01,4.688313293457031250e+01,5.580350494384765625e+01,5.691224670410156250e+01,5.693902587890625000e+01,6.197091674804687500e+01,5.723195648193359375e+01,3.768064880371093750e+01,2.569553756713867188e+01,2.408414840698242188e+01,2.762516784667968750e+01,3.211414337158203125e+01,3.412674331665039062e+01,3.776446151733398438e+01,3.503052520751953125e+01,3.597053909301757812e+01,1.558510589599609375e+01,2.982070684432983398e+00,-8.991318941116333008e-01,-2.717708349227905273e+00,-3.277006626129150391e+00,1.368021845817565918e+00,8.791019439697265625e+00,1.657124519348144531e+01,2.933436203002929688e+01,3.378714752197265625e+01,4.308449554443359375e+01,4.940951156616210938e+01,4.238630294799804688e+01,3.754981994628906250e+01,3.208707046508789062e+01,3.239391326904296875e+01,3.374066925048828125e+01,3.105385589599609375e+01,3.080066680908203125e+01,3.081889343261718750e+01,2.939526176452636719e+01,3.347212600708007812e+01,3.227618408203125000e+01,3.003894042968750000e+01,2.636365127563476562e+01,2.510143852233886719e+01,2.922436523437500000e+01,3.286293792724609375e+01,2.999715042114257812e+01,2.190022659301757812e+01,2.005303001403808594e+01,2.337030410766601562e+01,2.366781234741210938e+01,2.660144424438476562e+01,2.886296844482421875e+01,2.789526939392089844e+01,2.904811477661132812e+01,2.816433334350585938e+01,2.897670364379882812e+01,3.091162872314453125e+01,3.379256439208984375e+01,3.224961853027343750e+01,3.156347465515136719e+01,3.393196868896484375e+01,3.940038681030273438e+01,4.043428039550781250e+01,4.017186737060546875e+01,3.661081314086914062e+01,3.541246032714843750e+01,3.879904174804687500e+01,3.379145812988281250e+01,2.860766029357910156e+01,3.406367111206054688e+01,3.684670257568359375e+01,3.284156417846679688e+01,3.640457153320312500e+01,3.878244018554687500e+01,3.794821929931640625e+01,3.559272003173828125e+01,3.626670074462890625e+01,3.741507720947265625e+01,4.027140808105468750e+01,3.776697158813476562e+01,3.333553695678710938e+01,3.499966430664062500e+01,3.847083282470703125e+01,3.226755905151367188e+01,9.530057907104492188e+00,3.048203885555267334e-01,5.697597980499267578e+00,1.306732273101806641e+01,1.246161079406738281e+01,1.297778129577636719e+01,1.528110504150390625e+01,1.779009628295898438e+01,1.926607513427734375e+01,1.469471168518066406e+01,1.425433349609375000e+01,1.217265033721923828e+01,1.313778686523437500e+01,1.793588447570800781e+01,2.221405029296875000e+01,2.543512535095214844e+01,2.374498367309570312e+01,1.526483726501464844e+01,6.103795051574707031e+00,5.182987689971923828e+00,1.636026859283447266e+00,-6.752609252929687500e+00,-6.890476226806640625e+00,-3.289036273956298828e+00,3.054513692855834961e+00,1.987372589111328125e+01,3.009877395629882812e+01,3.274943542480468750e+01,3.353722381591796875e+01,3.212655639648437500e+01,3.082250404357910156e+01,3.179583358764648438e+01,3.983040618896484375e+01,3.499887084960937500e+01,2.526002120971679688e+01,2.088453292846679688e+01,2.233952903747558594e+01,2.284392929077148438e+01,8.367904663085937500e+00,-3.054233074188232422e+00,-1.730686426162719727e-01,-2.204675197601318359e+00,-3.652947902679443359e+00,-2.158795118331909180e+00,-6.665624380111694336e-01,-4.425672531127929688e+00,-2.272647857666015625e+00,9.552830457687377930e-01,1.600059866905212402e+00,4.173233032226562500e+00,9.430490493774414062e+00,1.485423088073730469e+01,1.463383769989013672e+01,1.880791091918945312e+01,2.331566047668457031e+01,2.827285003662109375e+01,3.584717559814453125e+01,4.607419586181640625e+01,3.966852569580078125e+01,1.947637939453125000e+01,9.942667961120605469e+00,7.923858642578125000e+00,1.037734794616699219e+01,9.348609924316406250e+00,6.975654125213623047e+00,2.977180242538452148e+00,-1.071601390838623047e+00,-5.743295550346374512e-01,3.736055850982666016e+00,8.034715652465820312e+00,1.538477706909179688e+01,1.869204711914062500e+01,2.370969390869140625e+01,2.601021575927734375e+01,2.490543746948242188e+01,2.456577301025390625e+01,3.248309326171875000e+01,3.619380950927734375e+01,3.810884094238281250e+01,3.861138153076171875e+01,3.947920608520507812e+01,3.796575927734375000e+01,3.365798187255859375e+01,3.046508789062500000e+01,3.635258483886718750e+01,3.122087097167968750e+01,2.850735092163085938e+01,2.719085311889648438e+01,2.876859092712402344e+01,3.003629684448242188e+01,3.210145568847656250e+01,3.309663772583007812e+01,3.431061553955078125e+01,3.670192718505859375e+01,3.416210937500000000e+01,3.176858139038085938e+01,3.037308502197265625e+01,2.498570251464843750e+01,2.078104019165039062e+01,2.218005943298339844e+01,2.168509292602539062e+01,2.775030136108398438e+01,3.296296691894531250e+01,2.798009300231933594e+01,2.704807662963867188e+01,2.479106140136718750e+01,2.888631820678710938e+01,2.884740447998046875e+01,2.797238159179687500e+01,2.440694808959960938e+01,2.464493370056152344e+01,2.820885467529296875e+01,2.952526283264160156e+01,2.943424415588378906e+01,2.788445281982421875e+01,2.149742889404296875e+01,2.417830467224121094e+01,2.776642227172851562e+01,2.510016632080078125e+01,2.249048042297363281e+01,2.547218322753906250e+01,3.004364585876464844e+01,3.310391998291015625e+01,3.231662750244140625e+01,2.795297622680664062e+01,3.083577728271484375e+01,3.080173873901367188e+01,2.878192520141601562e+01,2.713532066345214844e+01,2.409313774108886719e+01,2.484375762939453125e+01,5.234991455078125000e+01,7.572642517089843750e+01,7.978202056884765625e+01,7.572273254394531250e+01,6.826104736328125000e+01,6.344464874267578125e+01,5.304710388183593750e+01,4.001929473876953125e+01,3.791339111328125000e+01,2.342264556884765625e+01,7.004237174987792969e+00,3.937963485717773438e+00,3.230003356933593750e+00,-1.593323945999145508e-01,-2.962510108947753906e+00,-5.131544589996337891e+00,-9.065397262573242188e+00,-1.139754295349121094e+01,-1.186985492706298828e+01,-2.636663913726806641e+00,7.476385116577148438e+00,9.112050056457519531e+00,9.606326103210449219e+00,7.603330135345458984e+00,1.071937847137451172e+01,1.002190589904785156e+01,2.409741973876953125e+01,4.695664215087890625e+01,5.784140777587890625e+01,6.158686828613281250e+01,6.220854187011718750e+01,6.403698730468750000e+01,6.017052459716796875e+01,4.681005859375000000e+01,3.148829269409179688e+01,1.689707946777343750e+01,1.149489498138427734e+01,1.059435081481933594e+01,1.248336601257324219e+01,1.043976116180419922e+01,7.899209022521972656e+00,1.257632637023925781e+01,1.533100128173828125e+01,1.942932510375976562e+01,3.234911346435546875e+01,4.662368011474609375e+01,4.653751754760742188e+01,4.410651397705078125e+01,3.481661987304687500e+01,2.679842376708984375e+01,2.689076423645019531e+01,3.470901489257812500e+01,3.721012115478515625e+01,3.286219024658203125e+01,2.961330604553222656e+01,2.969146156311035156e+01,2.198674392700195312e+01,1.427907943725585938e+01,2.028447532653808594e+01,2.198217391967773438e+01,2.513737869262695312e+01,2.698466873168945312e+01,2.922525024414062500e+01,3.126706695556640625e+01,2.973204803466796875e+01,3.063545417785644531e+01,2.943859481811523438e+01,2.592717742919921875e+01,2.777699279785156250e+01,3.137298965454101562e+01,3.113260650634765625e+01,2.906777191162109375e+01,2.667312622070312500e+01,2.518459701538085938e+01,2.617067718505859375e+01,2.555923080444335938e+01,2.427609062194824219e+01,2.693818473815917969e+01,3.021677780151367188e+01,3.541095733642578125e+01,3.097049713134765625e+01,3.187184143066406250e+01,3.133202552795410156e+01,2.841178131103515625e+01,2.841497039794921875e+01,2.420061874389648438e+01,2.761366271972656250e+01,2.995780754089355469e+01,3.142783355712890625e+01,2.898880004882812500e+01,2.651546096801757812e+01,2.661465454101562500e+01,2.708486557006835938e+01,2.996674919128417969e+01,3.315447616577148438e+01,2.864107131958007812e+01,2.618023872375488281e+01,2.947210693359375000e+01,3.000112915039062500e+01,3.173573303222656250e+01,2.991555404663085938e+01,3.000748825073242188e+01,3.240467834472656250e+01,2.946957015991210938e+01,3.072660064697265625e+01,2.951521110534667969e+01,2.861435127258300781e+01,2.573323440551757812e+01,2.430698394775390625e+01,2.639669036865234375e+01,2.884443283081054688e+01,2.626903343200683594e+01,2.380598068237304688e+01,2.416237258911132812e+01,2.385871124267578125e+01,2.430579948425292969e+01,2.600819969177246094e+01,2.548333740234375000e+01,2.656588745117187500e+01,2.539698410034179688e+01,1.562362670898437500e+01,1.710978698730468750e+01,1.727988243103027344e+01,1.662782669067382812e+01,1.910547447204589844e+01,1.918869209289550781e+01,1.849533843994140625e+01,2.208465003967285156e+01,2.626398277282714844e+01,2.853214263916015625e+01,2.878813552856445312e+01,2.877801704406738281e+01,3.366882324218750000e+01,2.658365058898925781e+01,2.582490921020507812e+01,3.031461715698242188e+01,2.788164138793945312e+01,2.883646774291992188e+01,2.736047554016113281e+01,2.528878784179687500e+01,3.006416320800781250e+01,2.898547363281250000e+01,2.663643264770507812e+01,2.751044082641601562e+01,2.401073837280273438e+01,2.499068069458007812e+01,2.912398529052734375e+01,2.773503875732421875e+01,2.907067489624023438e+01,2.906187820434570312e+01,2.636155700683593750e+01,2.749005126953125000e+01,2.379256057739257812e+01,2.478485870361328125e+01,2.989066314697265625e+01,3.077044296264648438e+01,2.663223457336425781e+01,3.060213470458984375e+01,2.874951171875000000e+01,2.693280220031738281e+01,2.771419143676757812e+01,2.898719215393066406e+01,2.878241539001464844e+01,2.574470901489257812e+01,3.021760177612304688e+01,2.840843009948730469e+01,2.768767547607421875e+01,2.592894363403320312e+01,2.519917678833007812e+01,2.565402793884277344e+01,2.782528114318847656e+01,2.637339019775390625e+01,1.764279937744140625e+01,2.114628982543945312e+01,3.232113647460937500e+01,3.159506988525390625e+01,2.857694244384765625e+01,2.910010910034179688e+01,3.487027740478515625e+01,3.403144454956054688e+01,2.827344131469726562e+01,2.650317001342773438e+01,2.464451789855957031e+01,2.271524047851562500e+01,2.459810638427734375e+01,2.338775634765625000e+01,2.499518203735351562e+01,2.425006484985351562e+01,2.163537216186523438e+01,2.248145103454589844e+01,2.322955131530761719e+01,1.160881137847900391e+01,1.033243060111999512e+00,-5.701537132263183594e-01,5.588119506835937500e+00,1.277820014953613281e+01,2.138033103942871094e+01,2.191733169555664062e+01,2.381599235534667969e+01,3.098337745666503906e+01,3.794635772705078125e+01,4.427572631835937500e+01,4.393363189697265625e+01,4.399848937988281250e+01,3.835353469848632812e+01,3.778366088867187500e+01,4.133766937255859375e+01,3.704678344726562500e+01,3.871304321289062500e+01,4.124286651611328125e+01,4.134909439086914062e+01,4.105292892456054688e+01,3.850531768798828125e+01,3.819017791748046875e+01,4.571312713623046875e+01,5.277763366699218750e+01,5.149015808105468750e+01,4.041020584106445312e+01,2.706558609008789062e+01,1.941304016113281250e+01,2.017929840087890625e+01,2.428468704223632812e+01,2.910166931152343750e+01,3.182189178466796875e+01,2.683360671997070312e+01,2.694939422607421875e+01,3.081160354614257812e+01,2.403287315368652344e+01,2.129244995117187500e+01,2.536540222167968750e+01,2.582089233398437500e+01,2.452476692199707031e+01,2.510588073730468750e+01,2.799365615844726562e+01,3.010613250732421875e+01,2.267670822143554688e+01,1.941498565673828125e+01,2.571070861816406250e+01,4.962348175048828125e+01,5.497105407714843750e+01,4.935081481933593750e+01,3.630981063842773438e+01,2.862477493286132812e+01,1.955274581909179688e+01,1.388292026519775391e+01,1.274313545227050781e+01,1.381672477722167969e+01,1.642690086364746094e+01,1.831659698486328125e+01,2.100313377380371094e+01,2.771117782592773438e+01,2.914133071899414062e+01,3.482210540771484375e+01,3.593888092041015625e+01,3.738674163818359375e+01,3.458313751220703125e+01,2.905513381958007812e+01,2.199098205566406250e+01,1.687896537780761719e+01,1.651907539367675781e+01,1.231970882415771484e+01,1.882750701904296875e+01,2.195662307739257812e+01,1.966843795776367188e+01,2.783008193969726562e+01,2.543956565856933594e+01,2.179530334472656250e+01,2.336946105957031250e+01,2.344333267211914062e+01,2.603706359863281250e+01,3.073936843872070312e+01,3.217578125000000000e+01,2.928829193115234375e+01,2.620938873291015625e+01,2.352108764648437500e+01,2.490076446533203125e+01,2.301378631591796875e+01,2.775094985961914062e+01,2.556172752380371094e+01,2.574591445922851562e+01,2.356181335449218750e+01,2.291340255737304688e+01,2.027417564392089844e+01,2.345280075073242188e+01,2.600051689147949219e+01,2.847806167602539062e+01,2.940756988525390625e+01,2.997097206115722656e+01,3.171711730957031250e+01,2.290979766845703125e+01,1.739711189270019531e+01,1.984096145629882812e+01,1.612479209899902344e+01,1.790369796752929688e+01,2.251371765136718750e+01,2.186144447326660156e+01,2.395971298217773438e+01,2.613941192626953125e+01,2.887758636474609375e+01,2.696326065063476562e+01,2.185803794860839844e+01,2.331639671325683594e+01,2.196194076538085938e+01,2.515842056274414062e+01,2.918164825439453125e+01,2.654567146301269531e+01,2.762651443481445312e+01,2.704137039184570312e+01,2.401022911071777344e+01,2.604502487182617188e+01,2.926160812377929688e+01,3.236412811279296875e+01,3.395298767089843750e+01,2.987022209167480469e+01,3.036079597473144531e+01,2.899306869506835938e+01,2.691433906555175781e+01,3.142546463012695312e+01,3.266794204711914062e+01,3.338578414916992188e+01,3.774253845214843750e+01,3.209464263916015625e+01,2.717678451538085938e+01,2.749134445190429688e+01,2.884914779663085938e+01,2.653596305847167969e+01,2.588527297973632812e+01,2.349946403503417969e+01,2.185918426513671875e+01,2.439563179016113281e+01,2.265654563903808594e+01,1.970003890991210938e+01,1.725329399108886719e+01,1.483995628356933594e+01,2.072660446166992188e+01,2.406660461425781250e+01,2.605522727966308594e+01,2.970232009887695312e+01,3.009521484375000000e+01,2.758124732971191406e+01,2.420994186401367188e+01,1.919845199584960938e+01,2.332417106628417969e+01,2.693116378784179688e+01,2.768601226806640625e+01,2.416548347473144531e+01,2.779525947570800781e+01,2.628474426269531250e+01,2.229972076416015625e+01,1.756959533691406250e+01,1.965367126464843750e+01,2.651449966430664062e+01,2.484030151367187500e+01,2.598728179931640625e+01,2.524842834472656250e+01,2.613890838623046875e+01,3.033105850219726562e+01,2.863395309448242188e+01,3.129205703735351562e+01,3.096982955932617188e+01,2.492077255249023438e+01,1.911222648620605469e+01,2.004533386230468750e+01,1.528707122802734375e+01,1.487568664550781250e+01,1.587787532806396484e+01,1.477254676818847656e+01,2.153150939941406250e+01,1.970382308959960938e+01,1.967730712890625000e+01,2.458576965332031250e+01,3.263545227050781250e+01,3.460500335693359375e+01,1.312409973144531250e+01,-1.938129663467407227e+00,-5.890085220336914062e+00,4.698626399040222168e-01,7.298046112060546875e+00,9.882312774658203125e+00,1.345991992950439453e+01,1.967306327819824219e+01,2.287103652954101562e+01,2.756817817687988281e+01,3.796733856201171875e+01,4.145239257812500000e+01,4.487270355224609375e+01,4.172528839111328125e+01,3.677019119262695312e+01,3.345626449584960938e+01,2.663020706176757812e+01,2.572022438049316406e+01,2.084197616577148438e+01,1.324627494812011719e+01,1.426675415039062500e+01,1.561113548278808594e+01,1.780205154418945312e+01,1.400940036773681641e+01,1.926434326171875000e+01,2.186583328247070312e+01,1.824611282348632812e+01,2.246581459045410156e+01,4.152654266357421875e+01,5.587617492675781250e+01,5.994543457031250000e+01,6.724230957031250000e+01,6.182512664794921875e+01,5.211233520507812500e+01,4.235847473144531250e+01,4.449323272705078125e+01,4.454095840454101562e+01,3.720973968505859375e+01,3.026720046997070312e+01,2.662409973144531250e+01,2.597855949401855469e+01,3.008779525756835938e+01,3.812431716918945312e+01,3.714611816406250000e+01,3.331565475463867188e+01,2.856503868103027344e+01,3.127111434936523438e+01,2.928435897827148438e+01,2.687653350830078125e+01,2.888430213928222656e+01,4.613521194458007812e+01,4.825788116455078125e+01,4.546990585327148438e+01,4.921635437011718750e+01,5.547788238525390625e+01,6.057934570312500000e+01,6.135034179687500000e+01,5.603502655029296875e+01,4.782180786132812500e+01,4.065928649902343750e+01,3.860311126708984375e+01,3.680763244628906250e+01,3.882558059692382812e+01,4.394851684570312500e+01,5.922538757324218750e+01,6.049198913574218750e+01,5.468154907226562500e+01,4.520783996582031250e+01,3.466046905517578125e+01,3.109782981872558594e+01,3.446115875244140625e+01,3.910580444335937500e+01,3.933684539794921875e+01,4.644892120361328125e+01,5.632429504394531250e+01,5.388247680664062500e+01,4.880970764160156250e+01,4.296948242187500000e+01,2.875040054321289062e+01,1.895582580566406250e+01,1.344240951538085938e+01,1.783864974975585938e+01,1.892037391662597656e+01,2.260202217102050781e+01,2.348315048217773438e+01,2.290565490722656250e+01,2.719740867614746094e+01,2.746078872680664062e+01,2.563917350769042969e+01,2.157979965209960938e+01,2.193833160400390625e+01,2.367218017578125000e+01,2.469257736206054688e+01,2.502589607238769531e+01,2.554391098022460938e+01,3.027463912963867188e+01,2.760725784301757812e+01,2.282535934448242188e+01,2.104965972900390625e+01,2.072010993957519531e+01,2.167886161804199219e+01,2.276704025268554688e+01,2.473620986938476562e+01,2.980086708068847656e+01,2.873502731323242188e+01,2.468790054321289062e+01,2.209796142578125000e+01,2.409621810913085938e+01,2.683864593505859375e+01,2.859259986877441406e+01,2.901813888549804688e+01,3.118415069580078125e+01,3.008079910278320312e+01,2.592085075378417969e+01,2.621231842041015625e+01,2.601242446899414062e+01,2.380010604858398438e+01,2.252296638488769531e+01,1.718105697631835938e+01,2.068132400512695312e+01,2.120431900024414062e+01,1.899916076660156250e+01,2.089610671997070312e+01,2.109504699707031250e+01,1.950682449340820312e+01,2.112362289428710938e+01,2.122661972045898438e+01,2.107266998291015625e+01,2.089951705932617188e+01,1.662142753601074219e+01,1.949443435668945312e+01,2.245514297485351562e+01,2.101642799377441406e+01,2.304347229003906250e+01,2.074235916137695312e+01,1.901123237609863281e+01,2.222761154174804688e+01,2.373620223999023438e+01,2.209769821166992188e+01,2.253310394287109375e+01,2.379392242431640625e+01,2.183240890502929688e+01,2.280441093444824219e+01,2.199690628051757812e+01,2.366355514526367188e+01,2.332348632812500000e+01,2.522602462768554688e+01,2.066122055053710938e+01,2.483419799804687500e+01,2.522782135009765625e+01,2.892944717407226562e+01,2.876634979248046875e+01,2.727288818359375000e+01,2.716405487060546875e+01,2.895492172241210938e+01,2.701761627197265625e+01,2.404627799987792969e+01,2.657221603393554688e+01,2.628033828735351562e+01,2.604070091247558594e+01,2.308439254760742188e+01,1.857521820068359375e+01,1.731781196594238281e+01,1.918851470947265625e+01,2.148355484008789062e+01,1.858450889587402344e+01,1.835986328125000000e+01,1.925785446166992188e+01,1.872983169555664062e+01,1.855298042297363281e+01,2.003482437133789062e+01,1.899760818481445312e+01,1.765212249755859375e+01,2.053841400146484375e+01,2.381137847900390625e+01,2.688712120056152344e+01,2.586033248901367188e+01,2.729411315917968750e+01,2.712967872619628906e+01,2.723169517517089844e+01,2.908016586303710938e+01,2.961991310119628906e+01,2.753139686584472656e+01,2.251380538940429688e+01,2.465312957763671875e+01,2.395755195617675781e+01,2.055147552490234375e+01,1.902172088623046875e+01,2.304978179931640625e+01,2.874037933349609375e+01,2.580174064636230469e+01,2.810284805297851562e+01,2.438815307617187500e+01,2.533096313476562500e+01,2.006140899658203125e+01,1.628818130493164062e+01,1.599938964843750000e+01,1.713700866699218750e+01,1.569063663482666016e+01,1.537211322784423828e+01,1.917939376831054688e+01,2.283664321899414062e+01,2.052959060668945312e+01,1.788511657714843750e+01,2.090897750854492188e+01,2.386990737915039062e+01,2.341804313659667969e+01,2.302783203125000000e+01,2.405935668945312500e+01,2.697143936157226562e+01,2.639735794067382812e+01,2.408563232421875000e+01,1.959683609008789062e+01,2.162644767761230469e+01,2.697458457946777344e+01,3.089780044555664062e+01,3.330258178710937500e+01,3.299180984497070312e+01,3.684607696533203125e+01,3.297655487060546875e+01,2.858724212646484375e+01,3.083422279357910156e+01,3.185073089599609375e+01,2.901345443725585938e+01,3.244467163085937500e+01,3.703342437744140625e+01,3.224709320068359375e+01,3.325955200195312500e+01,3.064137268066406250e+01,2.974338722229003906e+01,3.646610260009765625e+01,3.779955291748046875e+01,3.388519287109375000e+01,3.762004470825195312e+01,3.556632995605468750e+01,3.094865417480468750e+01,2.726867675781250000e+01,2.483305358886718750e+01,2.376225280761718750e+01,2.214502525329589844e+01,2.577202224731445312e+01,2.924718856811523438e+01,3.040135955810546875e+01,3.056912231445312500e+01,3.179813575744628906e+01,2.685218048095703125e+01,1.875307273864746094e+01,1.504731750488281250e+01,1.811043548583984375e+01,2.248993110656738281e+01,1.873547744750976562e+01,1.915404891967773438e+01,1.678820800781250000e+01,1.407415390014648438e+01,1.470535087585449219e+01,1.266296005249023438e+01,1.896603202819824219e+01,2.216370391845703125e+01,2.467482376098632812e+01,2.542280387878417969e+01,2.194111633300781250e+01,2.109311676025390625e+01,2.003329467773437500e+01,2.028466415405273438e+01,2.367237472534179688e+01,2.573534393310546875e+01,2.392192077636718750e+01,2.303808212280273438e+01,2.474161529541015625e+01,2.660321807861328125e+01,2.492585754394531250e+01,2.497201156616210938e+01,2.514176177978515625e+01,2.662694740295410156e+01,3.002032089233398438e+01,2.816851425170898438e+01,2.632470512390136719e+01,3.403669738769531250e+01,3.317906188964843750e+01,3.188112258911132812e+01,3.091556930541992188e+01,3.770574951171875000e+01,3.372332000732421875e+01,2.914637947082519531e+01,2.696195220947265625e+01,2.621409606933593750e+01,3.039049148559570312e+01,3.528193664550781250e+01,3.300488281250000000e+01,2.592356109619140625e+01,2.791334342956542969e+01,3.179108047485351562e+01,3.027496337890625000e+01,3.039838027954101562e+01,2.838624191284179688e+01,2.950762748718261719e+01,2.372106170654296875e+01,2.328553771972656250e+01,2.624283409118652344e+01,3.032425689697265625e+01,2.704375457763671875e+01,2.801947402954101562e+01,3.064016532897949219e+01,3.351280975341796875e+01,3.753562927246093750e+01,3.757551574707031250e+01,3.666514205932617188e+01,3.561505126953125000e+01,3.344200897216796875e+01,3.882367706298828125e+01,3.822225189208984375e+01,3.447593307495117188e+01,3.284332275390625000e+01,3.142086791992187500e+01,3.127502632141113281e+01,3.223021697998046875e+01,3.147671890258789062e+01,3.312697601318359375e+01,3.795917510986328125e+01,3.666415023803710938e+01,3.589534378051757812e+01,3.819705200195312500e+01,1.685048675537109375e+01,8.114281654357910156e+00,1.003934097290039062e+01,1.621488761901855469e+01,1.497345733642578125e+01,1.946955871582031250e+01,1.816522789001464844e+01,1.696665573120117188e+01,2.309329986572265625e+01,2.721562194824218750e+01,3.054377746582031250e+01,2.871379852294921875e+01,1.608952331542968750e+01,8.111001968383789062e+00,-3.798785448074340820e+00,-8.878175735473632812e+00,-7.615770339965820312e+00,-4.400509834289550781e+00,-1.558855652809143066e+00,4.088043689727783203e+00,1.238471889495849609e+01,2.192212295532226562e+01,2.919923019409179688e+01,3.544627380371093750e+01,4.377944946289062500e+01,4.754869842529296875e+01,4.820993423461914062e+01,3.699838256835937500e+01,3.192119979858398438e+01,3.157448768615722656e+01,3.549250793457031250e+01,3.439832305908203125e+01,3.390912628173828125e+01,3.582949829101562500e+01,3.752175521850585938e+01,4.427955627441406250e+01,4.447196960449218750e+01,4.123255920410156250e+01,3.569411468505859375e+01,3.222647476196289062e+01,3.803667068481445312e+01,3.339281463623046875e+01,3.152208709716796875e+01,3.106404113769531250e+01,2.850416374206542969e+01,2.925297164916992188e+01,3.022406005859375000e+01,2.687035942077636719e+01,2.679470062255859375e+01,2.030235290527343750e+01,7.529949665069580078e+00,5.126083374023437500e+00,5.532108306884765625e+00,5.953233718872070312e+00,8.114141464233398438e+00,7.207707405090332031e+00,9.506612777709960938e+00,8.427324295043945312e+00,1.054908084869384766e+01,1.841518592834472656e+01,2.393448257446289062e+01,2.343890380859375000e+01,2.174702453613281250e+01,2.081487655639648438e+01,1.231457996368408203e+01,8.867008209228515625e+00,9.208362579345703125e+00,1.819288635253906250e+01,2.035653686523437500e+01,2.619661903381347656e+01,2.725920486450195312e+01,2.872358894348144531e+01,3.220814514160156250e+01,4.532110595703125000e+01,4.745723724365234375e+01,3.801160430908203125e+01,2.739272308349609375e+01,1.776031875610351562e+01,5.376025199890136719e+00,2.438354015350341797e+00,4.479285240173339844e+00,3.683249950408935547e+00,3.208275794982910156e+00,6.459650039672851562e+00,8.175110816955566406e+00,1.536605072021484375e+01,3.209545898437500000e+01,3.480799102783203125e+01,3.292817687988281250e+01,2.960523605346679688e+01,2.812040328979492188e+01,3.124003219604492188e+01,2.782688903808593750e+01,3.002993392944335938e+01,3.694737243652343750e+01,3.445311355590820312e+01,3.052367782592773438e+01,2.499951934814453125e+01,2.477763366699218750e+01,2.383317565917968750e+01,2.209617614746093750e+01,2.210513687133789062e+01,2.455195617675781250e+01,2.114937973022460938e+01,1.626732635498046875e+01,1.632806396484375000e+01,2.048575210571289062e+01,2.607422637939453125e+01,3.437965011596679688e+01,3.479149627685546875e+01,3.125032043457031250e+01,2.952232742309570312e+01,2.667787170410156250e+01,2.253467369079589844e+01,2.284981536865234375e+01,1.849043273925781250e+01,1.206398200988769531e+01,8.282814025878906250e+00,1.023032951354980469e+01,9.619692802429199219e+00,1.489048385620117188e+01,3.506178665161132812e+01,4.859382247924804688e+01,4.035163497924804688e+01,2.770419120788574219e+01,2.000638961791992188e+01,2.058831024169921875e+01,2.086656951904296875e+01,8.732861518859863281e+00,2.775700092315673828e+00,8.234950900077819824e-01,8.496492385864257812e+00,1.082953166961669922e+01,1.048608207702636719e+01,9.818645477294921875e+00,5.962451934814453125e+00,9.211901664733886719e+00,1.437012100219726562e+01,1.344308185577392578e+01,1.129816150665283203e+01,1.287513446807861328e+01,1.499071311950683594e+01,2.007825851440429688e+01,2.248349380493164062e+01,2.539558982849121094e+01,2.304569625854492188e+01,2.587794494628906250e+01,3.023405838012695312e+01,3.648439025878906250e+01,4.827361679077148438e+01,4.832210540771484375e+01,4.685500335693359375e+01,5.429633331298828125e+01,5.938099288940429688e+01,5.823719787597656250e+01,6.419859313964843750e+01,6.905555725097656250e+01,6.815480041503906250e+01,6.374362945556640625e+01,5.601208496093750000e+01,4.919110870361328125e+01,4.037921142578125000e+01,2.934941482543945312e+01,2.784787178039550781e+01,2.843515777587890625e+01,2.391070175170898438e+01,2.362331581115722656e+01,2.819094467163085938e+01,2.681243133544921875e+01,1.997757911682128906e+01,1.888705825805664062e+01,2.004123687744140625e+01,2.083245086669921875e+01,2.190650939941406250e+01,2.266915130615234375e+01,2.299317741394042969e+01,2.644587707519531250e+01,2.506088829040527344e+01,2.533293724060058594e+01,2.741711425781250000e+01,2.637611007690429688e+01,2.719629669189453125e+01,2.629707717895507812e+01,2.546839904785156250e+01,2.423822212219238281e+01,2.156427001953125000e+01,2.616798782348632812e+01,3.533249282836914062e+01,3.654224777221679688e+01,3.936003875732421875e+01,3.780772399902343750e+01,3.198604774475097656e+01,2.434167861938476562e+01,1.558666419982910156e+01,1.265153026580810547e+01,1.626564407348632812e+01,1.850603485107421875e+01,1.634662055969238281e+01,1.621507453918457031e+01,1.546501922607421875e+01,2.085964202880859375e+01,1.813154792785644531e+01,1.914043045043945312e+01,2.542181777954101562e+01,3.402394104003906250e+01,3.837921142578125000e+01,3.563312530517578125e+01,3.080871582031250000e+01,2.197875976562500000e+01,1.642609596252441406e+01,1.744316864013671875e+01,1.932620239257812500e+01,2.348835754394531250e+01,2.596627044677734375e+01,4.426654052734375000e+01,6.384244537353515625e+01,5.991778564453125000e+01,4.507062530517578125e+01,2.913498687744140625e+01,2.584440231323242188e+01,2.331789016723632812e+01,2.384616470336914062e+01,2.188560485839843750e+01,1.693973922729492188e+01,1.519149875640869141e+01,1.366359138488769531e+01,1.621045303344726562e+01,2.051640319824218750e+01,3.325861358642578125e+01,5.147935485839843750e+01,5.142905426025390625e+01,4.916807174682617188e+01,4.334296798706054688e+01,3.728036499023437500e+01,2.924675369262695312e+01,2.665601921081542969e+01,2.504727554321289062e+01,1.739780426025390625e+01,1.352449417114257812e+01,1.528651809692382812e+01,1.488701248168945312e+01,1.346919536590576172e+01,1.772372817993164062e+01,2.698992538452148438e+01,2.259445571899414062e+01,2.232860565185546875e+01,2.616086769104003906e+01,2.645439147949218750e+01,2.584784698486328125e+01,2.655317306518554688e+01,2.609479904174804688e+01,2.903790855407714844e+01,3.161585235595703125e+01,3.353736114501953125e+01,2.793100357055664062e+01,2.970308876037597656e+01,3.288068389892578125e+01,3.214388275146484375e+01,3.251861572265625000e+01,3.698013305664062500e+01,3.570128250122070312e+01,3.156214523315429688e+01,3.210908889770507812e+01,2.518432807922363281e+01,2.957678985595703125e+01,3.287169265747070312e+01,3.198157501220703125e+01,3.454124069213867188e+01,3.007319641113281250e+01,2.915835189819335938e+01,2.919554519653320312e+01,2.642567443847656250e+01,2.360653686523437500e+01,1.625466156005859375e+01,4.463768482208251953e+00,-6.176479816436767578e+00,-5.849197387695312500e+00,-7.088546752929687500e+00,-1.305487442016601562e+01,-3.285027027130126953e+00,3.063674926757812500e+00,6.874084949493408203e+00,5.208269119262695312e+00,3.943959236145019531e+00,1.540901279449462891e+01,3.235885620117187500e+01,3.113874053955078125e+01,2.755460357666015625e+01,2.936343002319335938e+01,3.227028274536132812e+01,2.938814544677734375e+01,2.448054122924804688e+01,3.223498535156250000e+01,5.093904113769531250e+01,6.110221862792968750e+01,5.856060409545898438e+01,5.650835418701171875e+01,4.550365447998046875e+01,3.488868713378906250e+01,3.227512359619140625e+01,2.837417602539062500e+01,2.119609069824218750e+01,2.393171310424804688e+01,2.755804252624511719e+01,2.518718719482421875e+01,2.208357429504394531e+01,2.496760559082031250e+01,2.688916206359863281e+01,2.895281219482421875e+01,2.831167984008789062e+01,2.767166328430175781e+01,2.563813400268554688e+01,1.298200893402099609e+01,1.551562690734863281e+01,2.607470130920410156e+01,2.725013732910156250e+01,2.301206207275390625e+01,1.840851593017578125e+01,1.072325515747070312e+01,9.367022514343261719e+00,1.052094841003417969e+01,1.156775856018066406e+01,1.287874984741210938e+01,1.477493476867675781e+01,1.698146438598632812e+01,2.047258758544921875e+01,2.818741989135742188e+01,2.614795303344726562e+01,2.285698699951171875e+01,2.905424499511718750e+01,2.724113464355468750e+01,2.305882644653320312e+01,2.516020584106445312e+01,3.153716278076171875e+01,3.149084663391113281e+01,4.115808105468750000e+01,5.506143951416015625e+01,6.271847534179687500e+01,5.960356140136718750e+01,5.181525039672851562e+01,4.529112243652343750e+01,4.722360992431640625e+01,5.496472167968750000e+01,5.345315551757812500e+01,5.552610778808593750e+01,5.354470443725585938e+01,3.819889068603515625e+01,3.632059478759765625e+01,2.985354804992675781e+01,2.816973304748535156e+01,2.748638725280761719e+01,2.689570999145507812e+01,2.095139694213867188e+01,2.007268905639648438e+01,2.554882812500000000e+01,2.876582717895507812e+01,3.005593490600585938e+01,2.812340736389160156e+01,1.952175521850585938e+01,2.671380996704101562e+00,-4.550764083862304688e+00,9.817110061645507812e+00,3.431272125244140625e+01,4.613414764404296875e+01,5.101516723632812500e+01,5.309613037109375000e+01,4.265217971801757812e+01,3.693547821044921875e+01,3.445779800415039062e+01,2.766989517211914062e+01,2.336365127563476562e+01,2.459753417968750000e+01,4.156083679199218750e+01,4.963244247436523438e+01,4.875130462646484375e+01,4.009265899658203125e+01,4.001578521728515625e+01,4.348925781250000000e+01,3.918365478515625000e+01,3.210288619995117188e+01,3.203384017944335938e+01,2.902463531494140625e+01,3.532613372802734375e+01,4.068966293334960938e+01,4.546547698974609375e+01,4.896520614624023438e+01,3.972291564941406250e+01,3.208977890014648438e+01,5.125083923339843750e+01,6.415267944335937500e+01,6.844526672363281250e+01,6.813167572021484375e+01,5.821532058715820312e+01,3.673406219482421875e+01,2.389773178100585938e+01,1.351807022094726562e+01,2.303193807601928711e+00,9.113967418670654297e-01,1.033295440673828125e+01,2.468927764892578125e+01,3.181005477905273438e+01,2.769183349609375000e+01,2.296226119995117188e+01,2.011804962158203125e+01,2.019829177856445312e+01,1.352285671234130859e+01,1.460223960876464844e+01,1.361665821075439453e+01,9.069147109985351562e+00,1.481120491027832031e+01,1.790563201904296875e+01,1.733890914916992188e+01,1.449977970123291016e+01,1.540551948547363281e+01,1.823922348022460938e+01,1.813020133972167969e+01,1.621129417419433594e+01,1.435017967224121094e+01,1.849545288085937500e+01,2.583162689208984375e+01,2.381083297729492188e+01,2.356313514709472656e+01,2.037265586853027344e+01,1.484455871582031250e+01,1.740410614013671875e+01,2.176405334472656250e+01,1.928053283691406250e+01,1.684364128112792969e+01,1.991455841064453125e+01,2.285433197021484375e+01,2.322778701782226562e+01,2.620098495483398438e+01,2.439183235168457031e+01,2.822501754760742188e+01,2.335464668273925781e+01,2.383467102050781250e+01,2.974556350708007812e+01,2.610656166076660156e+01,2.665145874023437500e+01,2.571407127380371094e+01,3.005689239501953125e+01,2.686764907836914062e+01,2.372076797485351562e+01,2.527814102172851562e+01,2.970192718505859375e+01,2.613276290893554688e+01,2.857973098754882812e+01,2.949252700805664062e+01,2.648896408081054688e+01,2.920687866210937500e+01,2.894591522216796875e+01,3.095082092285156250e+01,3.191848945617675781e+01,3.324390792846679688e+01,3.166112899780273438e+01,2.688851928710937500e+01,2.603431701660156250e+01,1.102238273620605469e+01,-2.116451740264892578e+00,3.589887619018554688e-01,8.143092989921569824e-01,6.037702560424804688e+00,8.379802703857421875e+00,1.201759910583496094e+01,1.360814666748046875e+01,1.812493515014648438e+01,2.257710838317871094e+01,3.040420913696289062e+01,3.050038528442382812e+01,3.124607086181640625e+01,2.966458892822265625e+01,2.787114334106445312e+01,3.131935691833496094e+01,1.912691116333007812e+01,1.390053558349609375e+01,6.004768848419189453e+00,-2.241425275802612305e+00,-3.723140239715576172e+00,4.400160312652587891e+00,1.134048080444335938e+01,8.035602569580078125e+00,3.988573551177978516e+00,6.252711296081542969e+00,5.474155426025390625e+00,5.642889022827148438e+00,5.867113590240478516e+00,4.117434978485107422e+00,-5.239865183830261230e-01,-2.673869609832763672e+00,-1.009536027908325195e+00,1.825352072715759277e+00,4.462456703186035156e+00,8.485834121704101562e+00,1.095465183258056641e+01,1.430082511901855469e+01,1.254144096374511719e+01,1.698429298400878906e+01,2.245056724548339844e+01,2.112450027465820312e+01,2.699577713012695312e+01,2.339131164550781250e+01,2.400761222839355469e+01,2.957091140747070312e+01,3.161163711547851562e+01,2.901173210144042969e+01,2.330680847167968750e+01,2.176291275024414062e+01,2.289868164062500000e+01,2.758733367919921875e+01,4.083498764038085938e+01,4.473204803466796875e+01,4.174546051025390625e+01,3.885428237915039062e+01,3.179745674133300781e+01,2.173576736450195312e+01,1.760186576843261719e+01,2.074189376831054688e+01,2.078737831115722656e+01,2.261794281005859375e+01,2.472711372375488281e+01,2.210963630676269531e+01,2.408701705932617188e+01,2.746347427368164062e+01,2.227017974853515625e+01,1.799063491821289062e+01,1.326174354553222656e+01,1.244860076904296875e+01,1.098771286010742188e+01,1.402413845062255859e+01,1.908410835266113281e+01,2.020481872558593750e+01,2.173288345336914062e+01,1.914356994628906250e+01,1.477298355102539062e+01,1.176316738128662109e+01,8.085676193237304688e+00,1.066367149353027344e+01,1.504376316070556641e+01,1.247650527954101562e+01,1.146221923828125000e+01,7.730709075927734375e+00,9.696483612060546875e+00,1.375765991210937500e+01,1.088464546203613281e+01,1.335131454467773438e+01,1.861338996887207031e+01,1.954781723022460938e+01,2.268183135986328125e+01,2.128469085693359375e+01,2.089747238159179688e+01,2.426654815673828125e+01,2.368420410156250000e+01,2.351554870605468750e+01,2.212943267822265625e+01,1.862965774536132812e+01,1.758043289184570312e+01,1.744251441955566406e+01,1.858492469787597656e+01,1.468665504455566406e+01,9.271683692932128906e+00,1.130367469787597656e+01,1.056701755523681641e+01,9.847229003906250000e+00,5.199266433715820312e+00,-1.112949490547180176e+00,-6.020468473434448242e-02,2.851130008697509766e+00,4.383476257324218750e+00,4.333156108856201172e+00,4.579782009124755859e+00,5.077996730804443359e+00,6.150108814239501953e+00,7.237869262695312500e+00,9.704921722412109375e+00,9.690620422363281250e+00,1.287042236328125000e+01,2.740882301330566406e+01,4.249153900146484375e+01,5.252962493896484375e+01,5.956734848022460938e+01,6.154380416870117188e+01,5.292981719970703125e+01,5.280770111083984375e+01,5.489388275146484375e+01,5.301439666748046875e+01,4.245317077636718750e+01,3.484049224853515625e+01,3.003476715087890625e+01,2.890561294555664062e+01,2.275919723510742188e+01,1.389018821716308594e+01,1.287029266357421875e+01,1.018346405029296875e+01,1.256979084014892578e+01,1.677988815307617188e+01,1.947815704345703125e+01,1.824657440185546875e+01,1.777664566040039062e+01,1.613603591918945312e+01,1.520559310913085938e+01,1.854392433166503906e+01,2.279092979431152344e+01,2.363879013061523438e+01,2.211047363281250000e+01,2.080487060546875000e+01,2.128544044494628906e+01,1.713232040405273438e+01,1.732513046264648438e+01,1.861027145385742188e+01,1.873280715942382812e+01,1.878499984741210938e+01,1.719677352905273438e+01,1.972272300720214844e+01,2.239470291137695312e+01,3.042712402343750000e+01,3.221143341064453125e+01,3.340988159179687500e+01,3.177095794677734375e+01,2.457014274597167969e+01,2.268375968933105469e+01,2.171090316772460938e+01,2.724698257446289062e+01,2.336268997192382812e+01,1.974274063110351562e+01,1.752408981323242188e+01,1.715842056274414062e+01,2.015543365478515625e+01,9.382440567016601562e+00,8.542060852050781250e+00,7.814535140991210938e+00,2.588099241256713867e+00,-1.405229091644287109e+00,-5.467185497283935547e+00,-3.692348718643188477e+00,-7.329310417175292969e+00,-7.924304008483886719e+00,-8.729549407958984375e+00,-6.181133747100830078e+00,-7.164798736572265625e+00,-7.682422637939453125e+00,-4.838591098785400391e+00,-2.175369024276733398e+00,5.086344718933105469e+00,6.780479431152343750e+00,8.923459053039550781e+00,1.593751907348632812e+01,1.802296447753906250e+01,1.800989151000976562e+01,1.694128417968750000e+01,1.717926406860351562e+01,1.806463623046875000e+01,7.814236640930175781e+00,1.166373491287231445e+00,-2.237795829772949219e+00,-2.539147377014160156e+00,1.832211256027221680e+00,8.294501304626464844e+00,8.199652671813964844e+00,1.264286708831787109e+01,1.979202842712402344e+01,2.648611068725585938e+01,3.111316871643066406e+01,3.554111480712890625e+01,3.729451751708984375e+01,3.947249603271484375e+01,3.811577224731445312e+01,3.451972198486328125e+01,3.026536178588867188e+01,2.731071853637695312e+01,2.539731979370117188e+01,2.593123626708984375e+01,2.881456184387207031e+01,2.321783065795898438e+01,2.293399429321289062e+01,2.444274330139160156e+01,2.194969177246093750e+01,2.432239913940429688e+01,2.971419525146484375e+01,2.873066329956054688e+01,2.183708572387695312e+01,2.251893424987792969e+01,2.617551040649414062e+01,2.213552093505859375e+01,2.473941040039062500e+01,2.469431495666503906e+01,2.822667503356933594e+01,3.114594459533691406e+01,2.632246780395507812e+01,3.829543590545654297e+00,3.763373374938964844e+00,9.138123393058776855e-01,-2.612740278244018555e+00,-6.535841941833496094e+00,-1.420403122901916504e+00,3.548628807067871094e+00,7.430556297302246094e+00,8.946872711181640625e+00,1.199156856536865234e+01,2.884152793884277344e+01,4.682661056518554688e+01,5.380535888671875000e+01,5.759045791625976562e+01,5.455083465576171875e+01,5.167312240600585938e+01,4.878919601440429688e+01,4.084078216552734375e+01,1.251196765899658203e+01,1.941500544548034668e+00,1.791500091552734375e+00,-5.817751288414001465e-01,6.772520542144775391e-01,6.578591823577880859e+00,9.411418914794921875e+00,7.428403854370117188e+00,1.311623382568359375e+01,1.558288669586181641e+01,1.800584602355957031e+01,1.527600860595703125e+01,1.337712478637695312e+01,1.619077301025390625e+01,1.651061630249023438e+01,1.641067314147949219e+01,1.944469070434570312e+01,2.083689498901367188e+01,2.283281326293945312e+01,1.280879592895507812e+01,3.916160821914672852e+00,1.872481346130371094e+00,6.869195103645324707e-01,3.955508232116699219e+00,5.437952995300292969e+00,4.781493186950683594e+00,2.501766443252563477e+00,3.766606569290161133e+00,7.200990676879882812e+00,1.294334697723388672e+01,2.189092636108398438e+01,2.930149269104003906e+01,3.277474594116210938e+01,3.665196228027343750e+01,3.944564056396484375e+01,3.447852325439453125e+01,2.980292510986328125e+01,2.244242477416992188e+01,6.370633840560913086e-01,-2.168827533721923828e+00,3.815217018127441406e-01,1.005443692207336426e+00,2.944715917110443115e-01,-3.853376388549804688e+00,-1.583946943283081055e-01,2.515466213226318359e+00,9.388492584228515625e+00,1.309058761596679688e+01,2.077999114990234375e+01,3.469442367553710938e+01,3.616457366943359375e+01,3.509950256347656250e+01,4.138183593750000000e+01,4.562554931640625000e+01,3.765591430664062500e+01,2.160516738891601562e+01,5.404289245605468750e+00,-7.284929752349853516e+00,9.477221369743347168e-01,7.951268196105957031e+00,1.069016361236572266e+01,1.041948890686035156e+01,1.181184291839599609e+01,1.127300262451171875e+01,1.931576156616210938e+01,2.723713684082031250e+01,2.850235748291015625e+01,3.369493865966796875e+01,3.680489730834960938e+01,3.140098190307617188e+01,3.311186599731445312e+01,3.844110870361328125e+01,3.757786178588867188e+01,3.915506744384765625e+01,4.766714096069335938e+01,4.930942535400390625e+01,4.313333892822265625e+01,4.165250778198242188e+01,5.346568298339843750e+01,5.318507385253906250e+01,4.873022079467773438e+01,4.459934997558593750e+01,4.072663497924804688e+01,3.966773605346679688e+01,3.897002410888671875e+01,3.580250549316406250e+01,3.182170104980468750e+01,3.599289703369140625e+01,3.716614532470703125e+01,3.511668395996093750e+01,2.852861022949218750e+01,2.471608352661132812e+01,3.025306320190429688e+01,2.280305671691894531e+01,1.980747604370117188e+01,1.782861328125000000e+01,1.673011398315429688e+01,1.921479988098144531e+01,2.713365554809570312e+01,2.569699096679687500e+01,2.146169090270996094e+01,2.004833602905273438e+01,2.082419967651367188e+01,2.178718185424804688e+01,2.453480339050292969e+01,2.599593353271484375e+01,2.750325775146484375e+01,3.962193298339843750e+01,3.632238769531250000e+01,3.146780776977539062e+01,3.079243469238281250e+01,2.537088394165039062e+01,2.646548843383789062e+01,3.393864059448242188e+01,2.584147834777832031e+01,2.246683120727539062e+01,2.146912384033203125e+01,1.635801506042480469e+01,1.790875244140625000e+01,1.696129989624023438e+01,2.368686676025390625e+01,2.520103645324707031e+01,2.776163291931152344e+01,3.196842193603515625e+01,2.970518875122070312e+01,2.589439773559570312e+01,2.403075027465820312e+01,2.616807746887207031e+01,2.667922973632812500e+01,2.822029495239257812e+01,3.046115875244140625e+01,2.827961730957031250e+01,2.498893356323242188e+01,1.418729400634765625e+01,5.771959781646728516e+00,3.062419176101684570e+00,-1.202461838722229004e+00,-2.383179664611816406e+00,-3.127389907836914062e+00,-3.290295124053955078e+00,1.749427318572998047e-01,1.470160245895385742e+00,2.333386898040771484e+00,1.785985565185546875e+01,3.265565490722656250e+01,3.933007812500000000e+01,4.287859344482421875e+01,4.012076187133789062e+01,3.661167526245117188e+01,3.842929840087890625e+01,3.961924743652343750e+01,3.225713348388671875e+01,1.328739929199218750e+01,5.619108676910400391e+00,6.709572315216064453e+00,1.204836368560791016e+01,2.192663574218750000e+01,2.184563827514648438e+01,2.272810935974121094e+01,2.570115280151367188e+01,2.472772979736328125e+01,2.196940231323242188e+01,2.606121826171875000e+01,2.849744796752929688e+01,2.630108261108398438e+01,2.555509376525878906e+01,2.495563888549804688e+01,2.340862655639648438e+01,2.337574577331542969e+01,2.393998336791992188e+01,3.065859603881835938e+01,2.946178817749023438e+01,2.959014892578125000e+01,2.668462944030761719e+01,3.034371185302734375e+01,2.918267059326171875e+01,2.596068000793457031e+01,2.650687789916992188e+01,2.623893356323242188e+01,2.800492095947265625e+01,3.344737243652343750e+01,3.231040191650390625e+01,2.795746040344238281e+01,2.467839431762695312e+01,2.791582870483398438e+01,2.725314331054687500e+01,2.614298629760742188e+01,2.589207649230957031e+01,2.210828018188476562e+01,2.390534782409667969e+01,2.238608551025390625e+01,2.387337875366210938e+01,2.650529098510742188e+01,3.191522026062011719e+01,2.930930519104003906e+01,2.191021919250488281e+01,2.656207656860351562e+01,2.905109024047851562e+01,2.537137985229492188e+01,2.844384765625000000e+01,2.632467079162597656e+01,2.315323066711425781e+01,2.238342094421386719e+01,2.004251098632812500e+01,2.509344863891601562e+01,9.668467521667480469e+00,6.706636428833007812e+00,8.494472503662109375e+00,4.125121593475341797e+00,-1.371006965637207031e-01,7.133496284484863281e+00,8.332803726196289062e+00,5.949629783630371094e+00,8.039985656738281250e+00,2.334603118896484375e+01,4.153704071044921875e+01,4.721261596679687500e+01,4.516450500488281250e+01,4.420767974853515625e+01,4.067818450927734375e+01,3.525962448120117188e+01,3.057782173156738281e+01,2.374892234802246094e+01,1.340947341918945312e+01,3.520009219646453857e-01,-2.087049961090087891e+00,-3.574886560440063477e+00,-2.178055524826049805e+00,5.668755054473876953e+00,4.784647941589355469e+00,2.836658239364624023e+00,7.710082054138183594e+00,1.057491683959960938e+01,1.711251831054687500e+01,1.440130424499511719e+01,1.051737785339355469e+01,1.269497871398925781e+01,1.442785453796386719e+01,2.014746284484863281e+01,3.882816696166992188e+01,4.966079330444335938e+01,4.927507019042968750e+01,4.677661132812500000e+01,4.560442352294921875e+01,4.379887390136718750e+01,3.532316589355468750e+01,2.174403953552246094e+01,5.102843284606933594e+00,4.456680297851562500e+00,8.728445053100585938e+00,1.421221828460693359e+01,1.476042556762695312e+01,1.068166255950927734e+01,4.914811134338378906e+00,-3.453137636184692383e+00,-9.055321693420410156e+00,-1.200611495971679688e+01,-1.615587043762207031e+01,-1.110476112365722656e+01,-5.052989959716796875e+00,-8.478992581367492676e-01,4.118657588958740234e+00,6.306966781616210938e+00,1.835524749755859375e+01,2.831034851074218750e+01,3.320077133178710938e+01,3.298239135742187500e+01,4.208037185668945312e+01,4.336924743652343750e+01,3.768099975585937500e+01,3.444537734985351562e+01,2.658070373535156250e+01,2.395317077636718750e+01,3.841540908813476562e+01,4.132941818237304688e+01,3.715043640136718750e+01,3.489121627807617188e+01,3.619950103759765625e+01,4.227227020263671875e+01,5.238211059570312500e+01,5.531288146972656250e+01,5.744652938842773438e+01,5.929910659790039062e+01,5.746066665649414062e+01,5.636712265014648438e+01,5.142481613159179688e+01,4.566855621337890625e+01,4.405430603027343750e+01,4.388451385498046875e+01,5.380959320068359375e+01,5.975983428955078125e+01,5.951615524291992188e+01,4.802106094360351562e+01,3.880623626708984375e+01,3.058554458618164062e+01,2.758773040771484375e+01,2.722483444213867188e+01,1.818015670776367188e+01,9.212797164916992188e+00,2.060032367706298828e+00,5.688232779502868652e-01,3.427612066268920898e+00,3.063733577728271484e+00,2.877931594848632812e+00,1.051622748374938965e+00,3.850500345230102539e+00,1.056398868560791016e+01,1.605366516113281250e+01,2.397338104248046875e+01,2.506164932250976562e+01,2.323343849182128906e+01,2.630119895935058594e+01,2.691643142700195312e+01,1.935951995849609375e+01,1.814511680603027344e+01,2.428964805603027344e+01,2.664418601989746094e+01,2.762646865844726562e+01,2.827293395996093750e+01,3.106298828125000000e+01,3.283169555664062500e+01,3.457431411743164062e+01,3.404556274414062500e+01,3.606478881835937500e+01,3.091940307617187500e+01,2.560492706298828125e+01,2.611772155761718750e+01,2.533998870849609375e+01,2.693477439880371094e+01,3.270046615600585938e+01,2.804988479614257812e+01,2.645862579345703125e+01,2.662982559204101562e+01,2.397650527954101562e+01,2.317918395996093750e+01,2.375100326538085938e+01,2.336233520507812500e+01,2.056241607666015625e+01,1.924169921875000000e+01,2.044120025634765625e+01,2.160145187377929688e+01,2.536478233337402344e+01,3.942321014404296875e+01,5.002470016479492188e+01,4.823962402343750000e+01,4.756184387207031250e+01,4.110993194580078125e+01,3.353252410888671875e+01,4.337761688232421875e+01,5.671424865722656250e+01,5.371264648437500000e+01,5.634013366699218750e+01,5.381269073486328125e+01,5.031465148925781250e+01,4.717098236083984375e+01,4.339132690429687500e+01,5.168988418579101562e+01,5.797010421752929688e+01,5.725704956054687500e+01,5.561280059814453125e+01,4.509201812744140625e+01,3.793925857543945312e+01,3.161595916748046875e+01,2.828688812255859375e+01,2.717145538330078125e+01,2.204449462890625000e+01,2.030487823486328125e+01,2.171274757385253906e+01,2.478907012939453125e+01,2.296790313720703125e+01,1.861950683593750000e+01,1.849792098999023438e+01,2.066697692871093750e+01,2.130460548400878906e+01,2.020413970947265625e+01,1.824149322509765625e+01,2.085177230834960938e+01,2.547098159790039062e+01,2.894551658630371094e+01,2.523365783691406250e+01,2.351226425170898438e+01,2.433584785461425781e+01,2.561555099487304688e+01,2.275691223144531250e+01,2.110607910156250000e+01,1.918037414550781250e+01,2.144883346557617188e+01,2.212711143493652344e+01,2.060361099243164062e+01,2.418699836730957031e+01,2.386794662475585938e+01,2.240974426269531250e+01,2.107502555847167969e+01,1.732625389099121094e+01,2.123549270629882812e+01,2.059228897094726562e+01,1.980612182617187500e+01,2.094865989685058594e+01,2.419794845581054688e+01,2.656434631347656250e+01,2.541996765136718750e+01,2.461468887329101562e+01,2.936004638671875000e+01,1.475005531311035156e+01,3.316711425781250000e+00,-2.734898924827575684e-01,1.529458880424499512e+00,5.169011116027832031e+00,1.327810668945312500e+01,1.394424629211425781e+01,1.631293869018554688e+01,1.678327369689941406e+01,1.323819160461425781e+01,1.278620529174804688e+01,1.122716522216796875e+01,1.271807479858398438e+01,1.321136856079101562e+01,1.542745399475097656e+01,2.021135330200195312e+01,2.352751541137695312e+01,3.161566925048828125e+01,3.709377288818359375e+01,3.464911651611328125e+01,3.458442687988281250e+01,2.904499816894531250e+01,1.791986083984375000e+01,8.578798294067382812e+00,8.216977119445800781e-03,-2.598955154418945312e+00,-6.095540523529052734e+00,-9.857141494750976562e+00,-1.036615753173828125e+01,-5.839580535888671875e+00,-1.815194964408874512e+00,-8.463770151138305664e-02,8.992401123046875000e+00,1.316675376892089844e+01,1.372762584686279297e+01,1.289404487609863281e+01,1.469613456726074219e+01,1.535205650329589844e+01,1.444265556335449219e+01,1.787401962280273438e+01,2.004763412475585938e+01,1.997087669372558594e+01,1.473885250091552734e+01,2.208155822753906250e+01,2.514908981323242188e+01,1.881838226318359375e+01,1.736748123168945312e+01,1.953839492797851562e+01,2.402637481689453125e+01,2.434099388122558594e+01,2.924659919738769531e+01,3.480142974853515625e+01,4.905888748168945312e+01,5.438901519775390625e+01,4.846397399902343750e+01,3.606955718994140625e+01,3.166168975830078125e+01,3.040232658386230469e+01,3.970883941650390625e+01,4.273056030273437500e+01,3.705010604858398438e+01,3.834003448486328125e+01,2.755691146850585938e+01,1.202017974853515625e+01,3.228837966918945312e+00,6.527704000473022461e-01,2.630781650543212891e+00,6.212633132934570312e+00,1.187792491912841797e+01,1.931642913818359375e+01,2.943696784973144531e+01,3.826327514648437500e+01,3.485049438476562500e+01,2.252621841430664062e+01,1.630362129211425781e+01,1.842333602905273438e+01,2.882115554809570312e+01,3.082154083251953125e+01,2.191970062255859375e+01,2.443227195739746094e+01,2.191898918151855469e+01,2.193432426452636719e+01,2.121405029296875000e+01,2.553194808959960938e+01,2.737718391418457031e+01,2.700087928771972656e+01,2.650341606140136719e+01,2.804257583618164062e+01,2.684119987487792969e+01,3.218458175659179688e+01,3.759298706054687500e+01,3.950350189208984375e+01,3.975703430175781250e+01,3.621737670898437500e+01,3.595663452148437500e+01,3.325232696533203125e+01,3.188471221923828125e+01,3.096470642089843750e+01,2.904308891296386719e+01,3.728532409667968750e+01,4.178485107421875000e+01,3.797399139404296875e+01,2.406104278564453125e+01,1.192795658111572266e+01,8.542699813842773438e+00,9.215084075927734375e+00,1.103203010559082031e+01,1.139373016357421875e+01,1.448853111267089844e+01,2.183097076416015625e+01,3.121165466308593750e+01,3.441983032226562500e+01,3.433341598510742188e+01,3.675378417968750000e+01,4.262410736083984375e+01,4.699046325683593750e+01,4.792736053466796875e+01,5.222631072998046875e+01,5.780908966064453125e+01,5.380384826660156250e+01,4.464808654785156250e+01,3.750417327880859375e+01,2.992394256591796875e+01,2.538337326049804688e+01,2.427873992919921875e+01,2.158036422729492188e+01,2.014790534973144531e+01,2.278835296630859375e+01,2.248844528198242188e+01,2.335839462280273438e+01,2.290849494934082031e+01,2.596434402465820312e+01,2.261342048645019531e+01,2.082718658447265625e+01,1.926953125000000000e+01,2.050492286682128906e+01,2.367958641052246094e+01,2.256086540222167969e+01,2.390258598327636719e+01,2.056015014648437500e+01,1.830383682250976562e+01,1.636470222473144531e+01,1.232444858551025391e+01,1.867711448669433594e+01,1.961126899719238281e+01,2.137216186523437500e+01,1.615574455261230469e+01,1.356441688537597656e+01,1.692066574096679688e+01,1.811570930480957031e+01,1.890629196166992188e+01,1.513249588012695312e+01,2.385958099365234375e+01,3.013299751281738281e+01,4.694543457031250000e+01,4.994118499755859375e+01,4.770800781250000000e+01,5.010515594482421875e+01,4.507616424560546875e+01,3.676438903808593750e+01,2.284197425842285156e+01,1.282634353637695312e+01,1.446296691894531250e+01,1.706458091735839844e+01,1.134868144989013672e+01,1.258103656768798828e+01,1.044968414306640625e+01,1.371333026885986328e+01,1.186425209045410156e+01,7.981842517852783203e+00,5.747169494628906250e+00,2.139360189437866211e+00,6.586031913757324219e+00,1.479984664916992188e+01,1.420040321350097656e+01,1.514538574218750000e+01,1.959531021118164062e+01,2.725140380859375000e+01,2.955762100219726562e+01,3.174406242370605469e+01,3.307313537597656250e+01,1.715079879760742188e+01,5.731270790100097656e+00,3.737125873565673828e+00,1.594099521636962891e+00,2.520179271697998047e+00,6.896797180175781250e+00,9.252143859863281250e+00,1.296790790557861328e+01,2.213339805603027344e+01,4.019770050048828125e+01,4.846222686767578125e+01,4.509119415283203125e+01,3.757473754882812500e+01,3.279668045043945312e+01,3.440304183959960938e+01,2.726957511901855469e+01,2.155749702453613281e+01,2.440666198730468750e+01,2.598192977905273438e+01,2.498969841003417969e+01,2.542547607421875000e+01,3.087946128845214844e+01,3.411824798583984375e+01,2.865361404418945312e+01,2.661715316772460938e+01,2.437025260925292969e+01,1.750238800048828125e+01,1.676002120971679688e+01,2.008475494384765625e+01,1.919928359985351562e+01,2.032943916320800781e+01,1.685451889038085938e+01,1.699638748168945312e+01,1.699851417541503906e+01,1.650656318664550781e+01,1.502883529663085938e+01,1.118290901184082031e+01,1.669490051269531250e+01,2.213182830810546875e+01,2.218080520629882812e+01,1.978974723815917969e+01,2.035909461975097656e+01,1.692890548706054688e+01,1.266824340820312500e+01,1.375704574584960938e+01,1.480648612976074219e+01,1.316295623779296875e+01,6.413960456848144531e+00,1.994602918624877930e+00,-2.544908285140991211e+00,-5.619254112243652344e+00,2.787210226058959961e+00,1.127726364135742188e+01,1.278842353820800781e+01,1.913989639282226562e+01,2.829034042358398438e+01,3.141844558715820312e+01,3.122043228149414062e+01,2.694672775268554688e+01,2.124048233032226562e+01,1.447213935852050781e+01,1.059547424316406250e+01,6.793719291687011719e+00,8.036330223083496094e+00,1.218365669250488281e+01,2.057136535644531250e+01,2.087035751342773438e+01,1.160548019409179688e+01,5.905781745910644531e+00,1.021699905395507812e+01,4.267185211181640625e+00,-2.013727664947509766e+00,-3.871180057525634766e+00,-1.004207992553710938e+01,-1.441266441345214844e+01,-1.402534103393554688e+01,-1.253389739990234375e+01,-9.432170867919921875e+00,-9.467401504516601562e+00,-9.326593399047851562e+00,-3.481453180313110352e+00,7.124803066253662109e-01,3.570633411407470703e+00,1.327312469482421875e+01,1.766222000122070312e+01,1.595484924316406250e+01,2.250695419311523438e+01,1.703595924377441406e+01,1.807163429260253906e+01,2.121747589111328125e+01,1.707015991210937500e+01,1.726704025268554688e+01,1.906824874877929688e+01,2.427330017089843750e+01,2.483675003051757812e+01,1.936631393432617188e+01,1.918486404418945312e+01,1.965439605712890625e+01,2.204768753051757812e+01,2.153096580505371094e+01,2.126058006286621094e+01,2.156637573242187500e+01,2.355449295043945312e+01,2.067464828491210938e+01,2.003362274169921875e+01,2.220280456542968750e+01,2.236530303955078125e+01,2.121557617187500000e+01,2.184848785400390625e+01,2.193091583251953125e+01,1.914167022705078125e+01,2.266899108886718750e+01,2.212702751159667969e+01,2.516310691833496094e+01,2.569439125061035156e+01,2.246595382690429688e+01,2.392163848876953125e+01,2.488618278503417969e+01,2.328887748718261719e+01,2.786186408996582031e+01,2.505095481872558594e+01,2.280224800109863281e+01,2.366504669189453125e+01,2.201731491088867188e+01,1.832324218750000000e+01,2.135205078125000000e+01,2.464757537841796875e+01,2.443301010131835938e+01,1.981838417053222656e+01,1.706083106994628906e+01,2.584862136840820312e+01,3.211652374267578125e+01,2.865046691894531250e+01,2.529119491577148438e+01,2.163219451904296875e+01,2.503009796142578125e+01,2.416222763061523438e+01,2.404491424560546875e+01,2.637669754028320312e+01,2.384555435180664062e+01,2.220024490356445312e+01,2.023402023315429688e+01,1.878418731689453125e+01,2.436885070800781250e+01,2.492664909362792969e+01,2.423978042602539062e+01,2.162643814086914062e+01,2.447437858581542969e+01,2.728060150146484375e+01,2.869400787353515625e+01,3.010498046875000000e+01,2.569212532043457031e+01,2.885054779052734375e+01,2.869214248657226562e+01,2.720723152160644531e+01,2.852770233154296875e+01,2.517139434814453125e+01,2.625436401367187500e+01,2.663817214965820312e+01,2.360167121887207031e+01,2.574210739135742188e+01,2.596526718139648438e+01,2.744300079345703125e+01,2.212920951843261719e+01,1.990147399902343750e+01,1.906662940979003906e+01,2.488714599609375000e+01,2.631221389770507812e+01,2.438724136352539062e+01,2.149713706970214844e+01,2.276703071594238281e+01,2.570906829833984375e+01,2.710921096801757812e+01,2.656266403198242188e+01,2.583210372924804688e+01,2.831194877624511719e+01,2.456892395019531250e+01,2.203557205200195312e+01,1.914849472045898438e+01,1.956366157531738281e+01,2.391203498840332031e+01,2.459150505065917969e+01,2.483062934875488281e+01,2.250662231445312500e+01,2.403611373901367188e+01,2.735818290710449219e+01,2.257158660888671875e+01,2.356610488891601562e+01,2.930768394470214844e+01,2.462718963623046875e+01,2.304401588439941406e+01,2.025194168090820312e+01,1.882353973388671875e+01,1.813325691223144531e+01,1.265815067291259766e+01,1.359555053710937500e+01,1.487330245971679688e+01,1.385371112823486328e+01,1.544557857513427734e+01,2.029750823974609375e+01,2.065122222900390625e+01,1.773525047302246094e+01,1.552903747558593750e+01,1.507186126708984375e+01,1.779456710815429688e+01,7.966199874877929688e+00,-1.592346191406250000e+00,-1.056981468200683594e+01,-1.406636810302734375e+01,-1.481874847412109375e+01,-1.423575782775878906e+01,-1.292506599426269531e+01,-8.023934364318847656e+00,-5.010457515716552734e+00,-5.647787570953369141e+00,-2.749552249908447266e+00,3.352684080600738525e-01,3.063495397567749023e+00,8.284739494323730469e+00,1.055930805206298828e+01,1.095012283325195312e+01,1.157849121093750000e+01,1.108221530914306641e+01,1.457150459289550781e+01,1.860137748718261719e+01,1.756052017211914062e+01,1.998339080810546875e+01,2.475336074829101562e+01,2.193693351745605469e+01,2.345880889892578125e+01,2.400569534301757812e+01,2.167726516723632812e+01,2.115733337402343750e+01,3.149766540527343750e+01,6.484497070312500000e+01,7.567376708984375000e+01,7.289875793457031250e+01,6.803182220458984375e+01,6.529110717773437500e+01,5.674068450927734375e+01,4.325376892089843750e+01,4.169472503662109375e+01,4.456334686279296875e+01,3.817585754394531250e+01,3.453604888916015625e+01,2.771314048767089844e+01,2.058501052856445312e+01,3.103635597229003906e+01,4.763729858398437500e+01,5.755614471435546875e+01,6.319472503662109375e+01,5.533365631103515625e+01,3.772848510742187500e+01,3.016262626647949219e+01,2.529013252258300781e+01,2.805629348754882812e+01,2.723290252685546875e+01,2.657366180419921875e+01,2.817224121093750000e+01,2.914940643310546875e+01,4.948833465576171875e+01,5.400816345214843750e+01,5.306426620483398438e+01,4.020237350463867188e+01,3.550853729248046875e+01,4.194026947021484375e+01,4.831591796875000000e+01,4.834449005126953125e+01,4.424213790893554688e+01,4.146353912353515625e+01,3.489928054809570312e+01,3.397833633422851562e+01,3.730453491210937500e+01,2.715461730957031250e+01,1.133711528778076172e+01,1.270130157470703125e+00,-6.001342773437500000e+00,-4.808044433593750000e+00,2.511945962905883789e+00,8.194825172424316406e+00,1.499657821655273438e+01,1.890948867797851562e+01,1.481255149841308594e+01,1.639690017700195312e+01,1.838583374023437500e+01,1.526029014587402344e+01,1.558809280395507812e+01,1.564433574676513672e+01,1.803604316711425781e+01,1.735823440551757812e+01,1.542473125457763672e+01,1.586427688598632812e+01,1.755783081054687500e+01,2.797213363647460938e+01,3.365215301513671875e+01,3.413866043090820312e+01,2.073331642150878906e+01,1.459733867645263672e+01,1.781499862670898438e+01,1.619001960754394531e+01,1.587902259826660156e+01,1.864992141723632812e+01,2.844311904907226562e+01,3.431687164306640625e+01,2.515718841552734375e+01,2.044344711303710938e+01,2.094510459899902344e+01,2.548816680908203125e+01,2.263175582885742188e+01,2.230724716186523438e+01,3.644169235229492188e+01,3.966786575317382812e+01,3.316936492919921875e+01,2.283880805969238281e+01,2.265240097045898438e+01,1.927127647399902344e+01,2.484101676940917969e+01,2.220327568054199219e+01,2.344650650024414062e+01,2.460146903991699219e+01,2.221500205993652344e+01,1.715420150756835938e+01,2.041590309143066406e+01,2.313824081420898438e+01,2.589509582519531250e+01,2.256420516967773438e+01,2.027289962768554688e+01,2.144505119323730469e+01,1.785412216186523438e+01,1.840018081665039062e+01,1.782617187500000000e+01,1.629938125610351562e+01,1.622837829589843750e+01,1.811486816406250000e+01,2.064678573608398438e+01,2.017042350769042969e+01,2.306033325195312500e+01,2.842714500427246094e+01,2.122684097290039062e+01,1.347250461578369141e+01,1.249499988555908203e+01,7.199439048767089844e+00,7.657075524330139160e-01,3.851318359375000000e+00,1.432193756103515625e+00,-8.526800870895385742e-01,5.636421203613281250e+00,9.640670776367187500e+00,2.369452857971191406e+01,2.525023651123046875e+01,1.982949638366699219e+01,2.132715225219726562e+01,2.416914558410644531e+01,2.651120758056640625e+01,3.228206634521484375e+01,3.422744750976562500e+01,2.953543853759765625e+01,2.861491775512695312e+01,2.260087203979492188e+01,2.806608200073242188e+01,4.271535873413085938e+01,3.999755859375000000e+01,3.196574783325195312e+01,2.751361274719238281e+01,2.814102363586425781e+01,2.493808937072753906e+01,2.687450027465820312e+01,3.039616394042968750e+01,3.363820648193359375e+01,3.236883163452148438e+01,2.795033264160156250e+01,2.052402687072753906e+01,2.065385437011718750e+01,2.442669677734375000e+01,2.452510833740234375e+01,2.590208816528320312e+01,2.615303421020507812e+01,2.084679794311523438e+01,1.897587203979492188e+01,2.969202041625976562e+01,5.571891784667968750e+01,6.218146133422851562e+01,6.170761871337890625e+01,6.027228546142578125e+01,5.292024230957031250e+01,4.487772369384765625e+01,3.853537368774414062e+01,2.585488891601562500e+01,1.835880851745605469e+01,1.318290996551513672e+01,1.551649093627929688e+01,1.856534767150878906e+01,1.624025917053222656e+01,9.347604751586914062e+00,6.341935157775878906e+00,3.267052650451660156e+00,4.647188186645507812e+00,1.161348724365234375e+01,1.589194011688232422e+01,1.584183692932128906e+01,1.624953460693359375e+01,1.788675117492675781e+01,1.702908325195312500e+01,1.713772583007812500e+01,1.972034454345703125e+01,2.256307983398437500e+01,3.043060874938964844e+01,4.440859603881835938e+01,5.509009552001953125e+01,5.885593414306640625e+01,5.786016845703125000e+01,5.788365173339843750e+01,5.354859542846679688e+01,4.879553222656250000e+01,4.503767395019531250e+01,4.239261627197265625e+01,3.669001007080078125e+01,2.836688423156738281e+01,2.830446624755859375e+01,2.390658950805664062e+01,2.220903396606445312e+01,2.052841949462890625e+01,2.023519515991210938e+01,1.994882202148437500e+01,1.969393920898437500e+01,2.454532241821289062e+01,2.441238403320312500e+01,2.204215621948242188e+01,1.838656234741210938e+01,1.704477119445800781e+01,1.965290260314941406e+01,1.269008827209472656e+01,1.770557785034179688e+01,3.801078414916992188e+01,4.478441619873046875e+01,2.609700965881347656e+01,1.349100303649902344e+01,1.365623569488525391e+01,1.171223068237304688e+01,1.482249617576599121e+00,-5.629832267761230469e+00,-1.148058128356933594e+01,-1.361198902130126953e+01,-7.293608665466308594e+00,-2.298832654953002930e+00,-4.315246582031250000e+00,5.923076272010803223e-01,5.673802375793457031e+00,2.803662776947021484e+00,8.819929122924804688e+00,2.368370056152343750e+01,2.386352920532226562e+01,2.873344612121582031e+01,3.843467712402343750e+01,4.642756271362304688e+01,4.589830017089843750e+01,4.420619583129882812e+01,4.601308441162109375e+01,4.251945495605468750e+01,4.050701522827148438e+01,3.656669235229492188e+01,3.333180999755859375e+01,3.176603698730468750e+01,3.253047561645507812e+01,3.377662277221679688e+01,2.641330337524414062e+01,3.518716430664062500e+01,4.795656585693359375e+01,4.987874984741210938e+01,5.088601684570312500e+01,4.843360519409179688e+01,4.694627761840820312e+01,4.557971191406250000e+01,4.525507736206054688e+01,4.175372314453125000e+01,4.548710250854492188e+01,4.849188613891601562e+01,4.747830200195312500e+01,4.108607101440429688e+01,3.329962158203125000e+01,2.958559417724609375e+01,2.549033737182617188e+01,2.336752891540527344e+01,2.779051589965820312e+01,2.806761932373046875e+01,2.212587165832519531e+01,2.590722274780273438e+01,3.301300430297851562e+01,3.843920135498046875e+01,4.430061340332031250e+01,4.720960235595703125e+01,3.723935699462890625e+01,2.947452163696289062e+01,2.778420257568359375e+01,2.870374488830566406e+01,3.432942199707031250e+01,3.271002578735351562e+01,2.799621009826660156e+01,1.372680664062500000e+01,8.225584030151367188e-02,-6.387695312500000000e+00,5.682404041290283203e-01,7.668451309204101562e+00,5.196884155273437500e+00,6.520609378814697266e+00,9.850882530212402344e+00,9.906126976013183594e+00,2.381052255630493164e+00,-3.885611057281494141e+00,4.780590236186981201e-01,4.941650867462158203e+00,7.939288139343261719e+00,1.197594261169433594e+01,1.871553039550781250e+01,2.197217559814453125e+01,2.727614212036132812e+01,4.308193206787109375e+01,5.290654754638671875e+01,4.654747772216796875e+01,3.487854766845703125e+01,3.378598022460937500e+01,4.067541503906250000e+01,4.348541259765625000e+01,4.065132904052734375e+01,3.848790740966796875e+01,4.038071441650390625e+01,3.828100585937500000e+01,3.896163940429687500e+01,4.676097106933593750e+01,4.265853881835937500e+01,3.541362762451171875e+01,3.207099914550781250e+01,2.693196678161621094e+01,2.816976547241210938e+01,2.919511795043945312e+01,2.697711181640625000e+01,2.732557487487792969e+01,3.033015823364257812e+01,2.834422302246093750e+01,3.152215194702148438e+01,3.628378295898437500e+01,3.800988006591796875e+01,3.737687683105468750e+01,3.586102676391601562e+01,3.273175811767578125e+01,3.070108032226562500e+01,3.098884201049804688e+01,4.391654968261718750e+01,5.883784866333007812e+01,6.603491973876953125e+01,7.273699188232421875e+01,7.691127014160156250e+01,7.212358093261718750e+01,4.605375671386718750e+01,2.676924514770507812e+01,1.219784927368164062e+01,8.427295684814453125e+00,1.209362411499023438e+01,1.911754989624023438e+01,2.626528549194335938e+01,3.550346374511718750e+01,4.698037719726562500e+01,4.865290069580078125e+01,3.845436859130859375e+01,3.337052917480468750e+01,3.418807220458984375e+01,3.458541870117187500e+01,3.027090072631835938e+01,2.837331390380859375e+01,2.740425872802734375e+01,2.355374145507812500e+01,1.960756683349609375e+01,2.055159187316894531e+01,1.922713470458984375e+01,2.011399078369140625e+01,2.279357528686523438e+01,2.439642143249511719e+01,2.210891342163085938e+01,2.324536132812500000e+01,2.635044479370117188e+01,2.921737289428710938e+01,2.829641342163085938e+01,2.363240242004394531e+01,2.483074569702148438e+01,2.900733757019042969e+01,2.826176261901855469e+01,2.895802688598632812e+01,3.030981063842773438e+01,2.768521499633789062e+01,2.179405212402343750e+01,1.634606170654296875e+01,2.337760162353515625e+01,2.530459594726562500e+01,2.507417488098144531e+01,2.046944427490234375e+01,1.163909530639648438e+01,1.127631568908691406e+01,8.816860198974609375e+00,7.320372581481933594e+00,4.551427841186523438e+00,7.553353786468505859e+00,1.656612777709960938e+01,2.236024093627929688e+01,1.964997291564941406e+01,1.407309532165527344e+01,1.885163116455078125e+01,1.294095802307128906e+01,7.334918975830078125e+00,2.927299022674560547e+00,3.149304389953613281e+00,1.001704120635986328e+01,-6.185509562492370605e-01,7.637164592742919922e-01,5.418441295623779297e+00,5.721475601196289062e+00,6.377016067504882812e+00,7.573259353637695312e+00,1.169014739990234375e+01,1.660936737060546875e+01,2.076911544799804688e+01,1.768950080871582031e+01,1.671531486511230469e+01,2.128120040893554688e+01,1.800589752197265625e+01,1.727046012878417969e+01,1.979664993286132812e+01,2.317055511474609375e+01,2.304317855834960938e+01,2.156698036193847656e+01,2.460783958435058594e+01,2.050634765625000000e+01,2.109296607971191406e+01,2.248155593872070312e+01,2.434477996826171875e+01,2.351976013183593750e+01,2.920227241516113281e+01,2.878504943847656250e+01,2.055897140502929688e+01,2.245800399780273438e+01,3.366944122314453125e+01,3.501720809936523438e+01,3.188245964050292969e+01,2.856110000610351562e+01,2.846541595458984375e+01,3.058394432067871094e+01,3.471298599243164062e+01,4.993167495727539062e+01,5.131497192382812500e+01,4.776964569091796875e+01,4.585212707519531250e+01,4.386359786987304688e+01,4.283909225463867188e+01,4.020966339111328125e+01,3.917653274536132812e+01,3.750264739990234375e+01,3.745293426513671875e+01,3.979696273803710938e+01,4.176739120483398438e+01,4.415837097167968750e+01,4.440903472900390625e+01,3.978846740722656250e+01,3.228864288330078125e+01,1.569817543029785156e+01,8.250526428222656250e+00,9.086543083190917969e+00,1.017504978179931641e+01,1.482751274108886719e+01,1.453423213958740234e+01,1.658717727661132812e+01,2.072995376586914062e+01,3.202107238769531250e+01,4.966297912597656250e+01,5.813181304931640625e+01,6.069164276123046875e+01,6.067721557617187500e+01,5.221881103515625000e+01,4.640779876708984375e+01,4.511276245117187500e+01,4.867266845703125000e+01,4.455209350585937500e+01,5.082376861572265625e+01,6.468544769287109375e+01,7.224044036865234375e+01,6.280729675292968750e+01,4.878115463256835938e+01,3.799500274658203125e+01,3.236809539794921875e+01,2.412200546264648438e+01,2.395466804504394531e+01,3.035543823242187500e+01,3.434188842773437500e+01,2.935760498046875000e+01,2.655773162841796875e+01,1.969002151489257812e+01,1.427815341949462891e+01,1.199056243896484375e+01,1.406613349914550781e+01,1.508875560760498047e+01,1.873931503295898438e+01,1.891658401489257812e+01,1.682641601562500000e+01,7.273018836975097656e+00,1.003354787826538086e+00,-5.758074760437011719e+00,-1.248710060119628906e+01,-1.579966545104980469e+01,-1.302177619934082031e+01,-1.029023170471191406e+01,-5.307808876037597656e+00,-4.267863035202026367e-01,5.580954551696777344e+00,4.771887302398681641e+00,4.783784389495849609e+00,2.846751213073730469e+01,5.398382568359375000e+01,5.980611419677734375e+01,5.969193267822265625e+01,6.093111419677734375e+01,5.661906433105468750e+01,4.825666046142578125e+01,5.063466644287109375e+01,5.658531951904296875e+01,6.426206970214843750e+01,5.910892486572265625e+01,4.600645446777343750e+01,4.324025726318359375e+01,3.913570404052734375e+01,4.089975738525390625e+01,4.473264312744140625e+01,5.046857070922851562e+01,5.050744628906250000e+01,4.679099655151367188e+01,4.461618423461914062e+01,4.432485961914062500e+01,4.381856536865234375e+01,3.854667663574218750e+01,3.417120361328125000e+01,3.147447204589843750e+01,2.833019638061523438e+01,2.993674468994140625e+01,2.997776794433593750e+01,3.097084808349609375e+01,2.864124298095703125e+01,3.117142868041992188e+01,2.785725021362304688e+01,2.691030120849609375e+01,2.501684188842773438e+01,1.736927795410156250e+01,1.572655200958251953e+01,1.890770912170410156e+01,1.797209930419921875e+01,2.057177734375000000e+01,2.737090682983398438e+01,2.541194534301757812e+01,2.577144241333007812e+01,2.558555793762207031e+01,2.697257232666015625e+01,3.292149353027343750e+01,3.183695602416992188e+01,3.094804382324218750e+01,2.548277473449707031e+01,2.522984695434570312e+01,2.765272140502929688e+01,2.472192764282226562e+01,2.499742507934570312e+01,2.196407318115234375e+01,2.593691062927246094e+01,2.520219802856445312e+01,2.187501907348632812e+01,1.925566101074218750e+01,2.224697494506835938e+01,2.567312622070312500e+01,2.785877418518066406e+01,2.778881645202636719e+01,2.058860397338867188e+01,2.317530632019042969e+01,2.618352317810058594e+01,2.289505386352539062e+01,2.169791030883789062e+01,2.017393493652343750e+01,1.917052841186523438e+01,2.273877716064453125e+01,2.605868721008300781e+01,2.547328758239746094e+01,2.696082115173339844e+01,3.123038291931152344e+01,2.546695709228515625e+01,2.609875679016113281e+01,2.957689285278320312e+01,3.349245452880859375e+01,3.362745285034179688e+01,2.695939636230468750e+01,2.859229278564453125e+01,2.380925559997558594e+01,1.047506332397460938e+01,-4.087718009948730469e+00,-1.212559318542480469e+01,-1.166524696350097656e+01,-7.013560771942138672e+00,1.387466192245483398e-01,3.432183742523193359e+00,9.917936325073242188e+00,3.544296264648437500e+01,6.128890991210937500e+01,6.659886169433593750e+01,6.272890853881835938e+01,6.460331726074218750e+01,6.335266876220703125e+01,5.931470489501953125e+01,5.497911834716796875e+01,5.600490570068359375e+01,5.276341247558593750e+01,5.046833801269531250e+01,4.590055847167968750e+01,3.698096466064453125e+01,4.328255844116210938e+01,5.041160202026367188e+01,4.769006729125976562e+01,5.695460891723632812e+01,6.067107391357421875e+01,5.166065216064453125e+01,4.194656753540039062e+01,4.625267028808593750e+01,4.861623764038085938e+01,4.523562240600585938e+01,3.786093902587890625e+01,3.745243072509765625e+01,3.759392547607421875e+01,3.380445861816406250e+01,3.717163085937500000e+01,6.416908264160156250e+01,6.546385192871093750e+01,5.934764099121093750e+01,4.123938751220703125e+01,3.332765960693359375e+01,3.270448684692382812e+01,2.764559173583984375e+01,2.337869644165039062e+01,1.996158027648925781e+01,1.701645660400390625e+01,1.488600540161132812e+01,1.801968765258789062e+01,2.148127746582031250e+01,2.002166366577148438e+01,1.753948783874511719e+01,2.023711395263671875e+01,1.716352844238281250e+01,1.666255569458007812e+01,2.058842277526855469e+01,1.964153671264648438e+01,1.416697883605957031e+01,1.248098087310791016e+01,1.235643005371093750e+01,1.818929100036621094e+01,2.409811401367187500e+01,2.858443832397460938e+01,1.840672683715820312e+01,4.104979991912841797e+00,-8.115579605102539062e+00,-1.519217872619628906e+01,-1.622391891479492188e+01,-1.990746498107910156e+01,-1.064370250701904297e+01,-3.981299400329589844e-01,-3.139015674591064453e+00,-1.725767731666564941e+00,-4.093808174133300781e+00,8.337235450744628906e+00,2.337294960021972656e+01,2.553753852844238281e+01,2.148858642578125000e+01,1.648410987854003906e+01,2.457373428344726562e+01,5.182598876953125000e+01,6.135729217529296875e+01,5.302871704101562500e+01,3.952807235717773438e+01,3.711878967285156250e+01,3.691582489013671875e+01,3.486661529541015625e+01,2.932417869567871094e+01,3.073472785949707031e+01,3.067376708984375000e+01,2.517466354370117188e+01,2.960224533081054688e+01,3.137103271484375000e+01,2.572603607177734375e+01,2.364905548095703125e+01,2.340353393554687500e+01,2.934327316284179688e+01,3.857270050048828125e+01,4.649523162841796875e+01,5.141355133056640625e+01,5.426953887939453125e+01,5.393709564208984375e+01,5.305940246582031250e+01,4.820014953613281250e+01,4.148484039306640625e+01,3.713307189941406250e+01,2.368309974670410156e+01,2.180058670043945312e+01,1.755984687805175781e+01,1.332683372497558594e+01,9.519785881042480469e+00,2.750898361206054688e+00,2.151208639144897461e+00,4.161569595336914062e+00,7.696302890777587891e+00,1.522377490997314453e+01,2.873131179809570312e+01,3.627629470825195312e+01,3.607191848754882812e+01,3.320455169677734375e+01,2.808820915222167969e+01,2.514283752441406250e+01,2.288764190673828125e+01,1.972720718383789062e+01,1.563060379028320312e+01,6.491034984588623047e+00,1.259771466255187988e+00,-2.014779448509216309e-01,2.796247243881225586e+00,-3.720671176910400391e+00,-1.507907772064208984e+01,-1.663864517211914062e+01,-1.474090194702148438e+01,-1.506078147888183594e+01,-1.582260513305664062e+01,-1.071636962890625000e+01,-4.130747318267822266e+00,-6.371788024902343750e+00,-1.025623321533203125e+01,-6.510112762451171875e+00,-3.935451507568359375e+00,-3.925880670547485352e+00,-2.820861101150512695e+00,3.576265811920166016e+00,1.403649330139160156e+01,2.358356475830078125e+01,3.241036605834960938e+01,3.271099853515625000e+01,4.005048370361328125e+01,3.691752624511718750e+01,3.296403884887695312e+01,3.227312088012695312e+01,3.228446960449218750e+01,2.996510696411132812e+01,2.984384918212890625e+01,4.023119354248046875e+01,4.333375167846679688e+01,4.735799789428710938e+01,4.921855926513671875e+01,4.317263793945312500e+01,3.657478713989257812e+01,3.211669158935546875e+01,2.769414138793945312e+01,1.963665008544921875e+01,1.095867824554443359e+01,6.929930210113525391e+00,8.279555320739746094e+00,6.339889049530029297e+00,3.441935062408447266e+00,5.038539886474609375e+00,4.611683368682861328e+00,2.818426132202148438e+00,2.818663835525512695e+00,5.742335319519042969e+00,1.627418398857116699e+00,-5.532631278038024902e-01,1.438328385353088379e+00,2.538515090942382812e+00,4.940870285034179688e+00,1.359862709045410156e+01,1.615055274963378906e+01,1.396552181243896484e+01,2.426148605346679688e+01,3.810339355468750000e+01,4.999390411376953125e+01,5.156604003906250000e+01,5.306396484375000000e+01,5.147649765014648438e+01,4.564752960205078125e+01,3.662896728515625000e+01,3.324908828735351562e+01,1.548917961120605469e+01,1.515413093566894531e+01,1.531884002685546875e+01,1.585188865661621094e+01,1.364830780029296875e+01,7.860474586486816406e+00,7.129785537719726562e+00,1.564806747436523438e+01,1.703972434997558594e+01,7.034869194030761719e+00,2.691422462463378906e+00,9.250875115394592285e-01,4.622781753540039062e+00,1.634440040588378906e+01,2.157060432434082031e+01,2.195239639282226562e+01,2.363830947875976562e+01,1.701133537292480469e+01,1.616223144531250000e+01,1.081192588806152344e+01,1.621386885643005371e+00,6.707265853881835938e+00,1.096036911010742188e+01,1.130434608459472656e+01,1.382142353057861328e+01,1.297707843780517578e+01,7.013055801391601562e+00,1.319063949584960938e+01,1.716508102416992188e+01,1.425897216796875000e+01,1.485415077209472656e+01,1.292333793640136719e+01,1.374926948547363281e+01,1.603650856018066406e+01,1.422145748138427734e+01,1.127105998992919922e+01,1.437989425659179688e+01,1.245004653930664062e+01,1.205395698547363281e+01,1.344449138641357422e+01,1.817757034301757812e+01,2.097235870361328125e+01,2.178820228576660156e+01,1.916080474853515625e+01,2.390600204467773438e+01,2.386946678161621094e+01,2.492367172241210938e+01,2.303627395629882812e+01,1.744509315490722656e+01,1.353092956542968750e+01,1.096465873718261719e+01,5.442316055297851562e+00,2.621449232101440430e+00,3.544758319854736328e+00,4.688264846801757812e+00,1.271041870117187500e+01,2.685064888000488281e+01,2.401852035522460938e+01,2.192369842529296875e+01,2.620291137695312500e+01,2.885615921020507812e+01,2.960184860229492188e+01,2.344864273071289062e+01,1.630948448181152344e+01,1.292869949340820312e+01,1.663479614257812500e+01,1.155345821380615234e+01,2.427849769592285156e+00,5.178750514984130859e+00,3.923995256423950195e+00,-7.010334730148315430e-01,-3.368148803710937500e+00,2.033975839614868164e+00,2.763852834701538086e+00,8.122573852539062500e+00,1.021515083312988281e+01,2.001037025451660156e+01,2.209148025512695312e+01,1.912186813354492188e+01,2.272588348388671875e+01,2.695493316650390625e+01,2.921854400634765625e+01,2.638429641723632812e+01,1.813767242431640625e+01,5.420717239379882812e+00,3.032999753952026367e+00,4.095710754394531250e+00,9.028365135192871094e+00,6.250239849090576172e+00,1.095831394195556641e+01,1.487287807464599609e+01,1.102721405029296875e+01,1.098283386230468750e+01,1.619583129882812500e+01,1.813397598266601562e+01,2.023975563049316406e+01,1.491545867919921875e+01,1.046398353576660156e+01,1.260167598724365234e+01,1.743111419677734375e+01,2.312095832824707031e+01,2.622466659545898438e+01,3.559371566772460938e+01,4.539080047607421875e+01,4.582116317749023438e+01,4.363910675048828125e+01,3.115331459045410156e+01,2.555993270874023438e+01,3.104943466186523438e+01,2.551259422302246094e+01,1.838610649108886719e+01,1.186848735809326172e+01,1.496877956390380859e+01,1.981784629821777344e+01,3.176468276977539062e+01,3.829787063598632812e+01,4.114992904663085938e+01,4.352244567871093750e+01,4.196881866455078125e+01,5.664782333374023438e+01,6.091981124877929688e+01,6.221699905395507812e+01,6.093929290771484375e+01,5.809233856201171875e+01,5.040928649902343750e+01,4.354321289062500000e+01,3.743525695800781250e+01,3.031546020507812500e+01,2.094925498962402344e+01,2.244665145874023438e+01,2.693321037292480469e+01,2.765672302246093750e+01,2.563196182250976562e+01,2.744998931884765625e+01,3.137004089355468750e+01,2.893098258972167969e+01,2.476456642150878906e+01,2.498510360717773438e+01,2.607399368286132812e+01,3.061786651611328125e+01,3.095860671997070312e+01,3.255224609375000000e+01,3.402413940429687500e+01,3.223074340820312500e+01,2.846619224548339844e+01,3.290047454833984375e+01,3.239772796630859375e+01,3.006915664672851562e+01,3.129646873474121094e+01,2.938861465454101562e+01,3.059902954101562500e+01,2.560327911376953125e+01,1.772817993164062500e+01,6.343991279602050781e+00,3.564085721969604492e+00,6.917903423309326172e+00,1.710633468627929688e+01,2.697595405578613281e+01,2.311639022827148438e+01,2.182879257202148438e+01,2.515723037719726562e+01,2.574912071228027344e+01,3.045429992675781250e+01,2.605567932128906250e+01,3.294292449951171875e+01,3.674887084960937500e+01,3.833008575439453125e+01,3.255935668945312500e+01,2.808439636230468750e+01,2.482833480834960938e+01,2.927433586120605469e+01,2.657421493530273438e+01,2.296662902832031250e+01,2.810405921936035156e+01,3.253709411621093750e+01,2.726381683349609375e+01,2.671267700195312500e+01,2.650242805480957031e+01,3.430116271972656250e+01,5.657192611694335938e+01,5.767481231689453125e+01,5.494392395019531250e+01,5.491888046264648438e+01,5.457236862182617188e+01,5.597465515136718750e+01,5.933216094970703125e+01,7.277580261230468750e+01,7.471472167968750000e+01,5.749525070190429688e+01,5.041256713867187500e+01,4.507698059082031250e+01,3.532608795166015625e+01,2.916263580322265625e+01,2.323493957519531250e+01,5.920784473419189453e+00,1.934143424034118652e+00,4.529717266559600830e-01,-5.454731583595275879e-01,1.109688282012939453e-01,9.027588367462158203e-01,-4.071072340011596680e-01,2.071307182312011719e+00,-1.540723800659179688e+00,7.566449642181396484e+00,1.810017013549804688e+01,2.606178283691406250e+01,2.847981834411621094e+01,3.014829444885253906e+01,1.722344589233398438e+01,9.727692604064941406e+00,8.483201980590820312e+00,1.165275764465332031e+01,1.656150627136230469e+01,2.306265449523925781e+01,3.316863632202148438e+01,3.682241821289062500e+01,4.735438537597656250e+01,5.097121429443359375e+01,4.799621582031250000e+01,4.706124114990234375e+01,4.316254425048828125e+01,3.351168823242187500e+01,1.289146900177001953e+01,1.274303078651428223e+00,2.534736633300781250e+00,5.035745620727539062e+00,5.701747417449951172e+00,1.562626266479492188e+01,2.752240371704101562e+01,4.014548492431640625e+01,4.857134246826171875e+01,4.725537109375000000e+01,4.560306549072265625e+01,4.657343673706054688e+01,5.403705215454101562e+01,6.302256774902343750e+01,4.756124877929687500e+01,3.425334548950195312e+01,2.287542724609375000e+01,1.342456626892089844e+01,9.793509483337402344e+00,8.508394241333007812e+00,6.818406105041503906e+00,1.209075736999511719e+01,9.200296401977539062e+00,1.166988754272460938e+01,2.142672729492187500e+01,2.870053100585937500e+01,2.664628410339355469e+01,2.836222839355468750e+01,2.578122711181640625e+01,1.215776634216308594e+01,8.394502639770507812e+00,1.243483924865722656e+01,1.392440223693847656e+01,1.843583106994628906e+01,1.829685401916503906e+01,1.727006912231445312e+01,1.468826389312744141e+01,1.190318012237548828e+01,9.142822265625000000e+00,1.020543575286865234e+01,1.643253326416015625e+01,2.801172256469726562e+01,3.614556884765625000e+01,2.999192428588867188e+01,2.783057403564453125e+01,2.337560272216796875e+01,2.822713470458984375e+01,2.174370193481445312e+01,1.653557586669921875e+01,1.714155769348144531e+01,1.574502563476562500e+01,-3.987776756286621094e+00,-1.147557163238525391e+01,-7.099976539611816406e+00,6.195844650268554688e+00,1.811112022399902344e+01,2.842415237426757812e+01,2.844735336303710938e+01,2.744098281860351562e+01,2.703166961669921875e+01,2.516738891601562500e+01,2.608191490173339844e+01,3.885625457763671875e+01,6.084194183349609375e+01,6.874970245361328125e+01,6.597167968750000000e+01,6.547317504882812500e+01,6.195611572265625000e+01,4.693003845214843750e+01,3.574227905273437500e+01,3.217554473876953125e+01,3.154271316528320312e+01,3.300827789306640625e+01,3.773060226440429688e+01,3.569631958007812500e+01,3.333633422851562500e+01,3.769886016845703125e+01,4.084508514404296875e+01,3.925728607177734375e+01,3.429528808593750000e+01,2.972164154052734375e+01,2.770146369934082031e+01,2.741566658020019531e+01,2.931474494934082031e+01,2.840883255004882812e+01,3.042062759399414062e+01,2.617905426025390625e+01,3.058771324157714844e+01,3.415900421142578125e+01,3.139524841308593750e+01,3.564071655273437500e+01,3.444478988647460938e+01,3.432554244995117188e+01,3.260281372070312500e+01,2.563442611694335938e+01,2.366981124877929688e+01,2.311100387573242188e+01,2.037367057800292969e+01,2.128881072998046875e+01,2.523501968383789062e+01,2.569886779785156250e+01,2.953448104858398438e+01,2.974665069580078125e+01,2.830859947204589844e+01,2.698812103271484375e+01,3.101739883422851562e+01,3.412754821777343750e+01,3.184039878845214844e+01,2.220118904113769531e+01,1.047678565979003906e+01,6.211680412292480469e+00,6.055512428283691406e+00,5.561883926391601562e+00,-9.734439849853515625e-02,-1.041679763793945312e+01,-2.105900001525878906e+01,-1.666349220275878906e+01,-1.343899917602539062e+01,-1.309086036682128906e+01,-1.428141784667968750e+01,-1.149324417114257812e+01,-4.639295101165771484e+00,7.858761787414550781e+00,4.393970870971679688e+01,5.428275299072265625e+01,5.275964355468750000e+01,5.313618469238281250e+01,5.588537597656250000e+01,5.537043380737304688e+01,5.269556427001953125e+01,5.407505416870117188e+01,4.895895385742187500e+01,4.371582794189453125e+01,4.404762649536132812e+01,4.259407806396484375e+01,4.213191986083984375e+01,4.053282546997070312e+01,4.025772094726562500e+01,3.381548309326171875e+01,3.393191528320312500e+01,2.755434989929199219e+01,2.423152732849121094e+01,2.430941963195800781e+01,2.340092849731445312e+01,2.090682220458984375e+01,1.214089584350585938e+01,-3.757134675979614258e-01,-8.192723274230957031e+00,-1.421427488327026367e+00,3.859238862991333008e+00,-2.331227540969848633e+00,-8.964117050170898438e+00,-8.100734710693359375e+00,-5.083323478698730469e+00,1.583269357681274414e+00,2.511974811553955078e+00,-1.545488119125366211e+00,-4.321202278137207031e+00,-6.031017303466796875e+00,-8.497573852539062500e+00,-1.495181441307067871e+00,1.282096672058105469e+01,2.045766639709472656e+01,2.758579254150390625e+01,2.715757369995117188e+01,2.630165672302246094e+01,2.884138488769531250e+01,3.897462463378906250e+01,4.782195281982421875e+01,4.388198089599609375e+01,4.215514373779296875e+01,4.506109619140625000e+01,4.940887069702148438e+01,5.068004226684570312e+01,4.294708251953125000e+01,3.338651275634765625e+01,2.635040664672851562e+01,1.212562847137451172e+01,2.809447288513183594e+00,-5.114295005798339844e+00,-4.610348701477050781e+00,-2.239322662353515625e+00,3.068667888641357422e+00,1.711148142814636230e+00,4.993664741516113281e+00,4.211323261260986328e+00,3.448813199996948242e+00,8.410548210144042969e+00,1.590835094451904297e+01,2.384671783447265625e+01,2.408683204650878906e+01,2.606015396118164062e+01,2.738560104370117188e+01,2.577459716796875000e+01,3.606737518310546875e+01,4.041851425170898438e+01,3.250438690185546875e+01,3.196154022216796875e+01,3.604617691040039062e+01,3.255206298828125000e+01,2.607854652404785156e+01,2.957633972167968750e+01,2.916746520996093750e+01,3.070547485351562500e+01,3.605804443359375000e+01,3.212016677856445312e+01,3.132229232788085938e+01,2.917885780334472656e+01,3.228533172607421875e+01,3.400656127929687500e+01,3.097540092468261719e+01,3.016890525817871094e+01,3.061409378051757812e+01,2.760918045043945312e+01,2.605859947204589844e+01,2.912065887451171875e+01,2.911845397949218750e+01,2.541052627563476562e+01,2.426116561889648438e+01,2.551766586303710938e+01,2.488020324707031250e+01,2.703997039794921875e+01,2.414419555664062500e+01,2.267388534545898438e+01,2.627829742431640625e+01,2.875439262390136719e+01,3.123061370849609375e+01,2.874739074707031250e+01,2.636061859130859375e+01,2.886814498901367188e+01,3.062738418579101562e+01,2.957641220092773438e+01,2.899090194702148438e+01,2.654252624511718750e+01,3.116157913208007812e+01,3.179850387573242188e+01,3.335879898071289062e+01,1.681404876708984375e+01,1.261763381958007812e+01,7.691826820373535156e+00,-6.888433933258056641e+00,-1.222655296325683594e+01,-1.262516593933105469e+01,-1.078704357147216797e+01,-1.907299518585205078e+00,6.066071987152099609e-01,6.017036437988281250e+00,8.854770660400390625e+00,1.591262817382812500e+01,1.833154487609863281e+01,1.054829120635986328e+01,9.338858604431152344e+00,1.631540298461914062e+01,1.982213592529296875e+01,2.831503295898437500e+01,4.060753250122070312e+01,5.308502960205078125e+01,6.589884948730468750e+01,7.564959716796875000e+01,7.298420715332031250e+01,7.116488647460937500e+01,6.748986053466796875e+01,6.495455932617187500e+01,6.813876342773437500e+01,6.477655029296875000e+01,5.034401321411132812e+01,3.731439208984375000e+01,3.426163101196289062e+01,3.106082534790039062e+01,2.949616432189941406e+01,2.818067550659179688e+01,2.295520019531250000e+01,2.333540916442871094e+01,2.444632530212402344e+01,2.532769584655761719e+01,2.787283134460449219e+01,2.634915542602539062e+01,1.711060142517089844e+01,9.570708274841308594e+00,1.026612854003906250e+01,1.270031738281250000e+01,1.213298606872558594e+01,2.381738853454589844e+01,3.541110229492187500e+01,3.757106781005859375e+01,4.579981231689453125e+01,5.424980163574218750e+01,4.415517807006835938e+01,3.333707427978515625e+01,3.139783859252929688e+01,3.338984298706054688e+01,3.381882095336914062e+01,3.484471130371093750e+01,3.589345169067382812e+01,4.115459442138671875e+01,4.628647613525390625e+01,4.961457824707031250e+01,4.854873657226562500e+01,4.632946777343750000e+01,4.114024353027343750e+01,3.911478042602539062e+01,3.254774475097656250e+01,3.200067901611328125e+01,4.617022705078125000e+01,5.952218627929687500e+01,5.693421936035156250e+01,4.684133911132812500e+01,4.513607025146484375e+01,4.390426635742187500e+01,4.828818893432617188e+01,5.795286178588867188e+01,6.358606338500976562e+01,5.610643005371093750e+01,4.950102233886718750e+01,4.793318939208984375e+01,4.493937683105468750e+01,4.394777679443359375e+01,3.703517913818359375e+01,3.358744049072265625e+01,2.837397003173828125e+01,2.628682136535644531e+01,2.262902069091796875e+01,3.000692939758300781e+01,3.377555084228515625e+01,3.208499908447265625e+01,2.127136421203613281e+01,2.327170944213867188e+01,2.959328269958496094e+01,2.851936721801757812e+01,3.212815093994140625e+01,3.294778442382812500e+01,2.870086860656738281e+01,2.898427772521972656e+01,3.355931091308593750e+01,3.746212005615234375e+01,3.531293487548828125e+01,3.411221313476562500e+01,3.527146530151367188e+01,3.020521545410156250e+01,3.093977737426757812e+01,2.502610206604003906e+01,2.602490234375000000e+01,3.133040428161621094e+01,3.158495330810546875e+01
3.871747255325317383e+00,1.570005536079406738e+00,-1.718243598937988281e+00,-3.701802015304565430e+00,-7.220674514770507812e+00,-1.453017830848693848e+00,-8.048868179321289062e-01,6.756322979927062988e-01,-3.507622480392456055e-01,-7.112657070159912109e+00,-6.275865554809570312e+00,2.300684213638305664e+00,-1.002372980117797852e+00,-5.420649528503417969e+00,-6.710711479187011719e+00,-1.948500275611877441e+00,4.612152576446533203e-01,-7.134660243988037109e+00,-2.773884963989257812e+01,-2.351235771179199219e+01,-2.252055358886718750e+01,-2.041363525390625000e+01,-1.511470603942871094e+01,-1.614942932128906250e+01,-2.444775962829589844e+01,-2.716825675964355469e+01,-2.259420394897460938e+01,-1.954808044433593750e+01,-1.130803489685058594e+01,-1.163632583618164062e+01,-1.841692352294921875e+01,-1.960220336914062500e+01,-2.238785743713378906e+01,-2.068338012695312500e+01,-1.601570892333984375e+01,-1.487094306945800781e+01,-1.988269805908203125e+01,-2.117250442504882812e+01,-2.112652969360351562e+01,-1.609816741943359375e+01,-1.189068603515625000e+01,-1.035280609130859375e+01,-1.098064804077148438e+01,-1.482097434997558594e+01,-1.463516998291015625e+01,-1.484280204772949219e+01,-9.286185264587402344e+00,-1.076010036468505859e+01,-1.518990516662597656e+01,-1.950660324096679688e+01,-2.262526702880859375e+01,-2.235563278198242188e+01,-1.986410713195800781e+01,-1.718501281738281250e+01,-1.578704643249511719e+01,-1.255526256561279297e+01,-8.585803031921386719e+00,-5.734609127044677734e+00,-1.552796363830566406e+00,-2.130310535430908203e+00,-7.326878070831298828e+00,-4.255890846252441406e+00,-4.852334976196289062e+00,-7.569919586181640625e+00,-8.479257583618164062e+00,-3.985098123550415039e+00,-2.665683507919311523e+00,-5.155739784240722656e+00,-4.859075069427490234e+00,-6.291430473327636719e+00,-6.754265785217285156e+00,-6.959218025207519531e+00,-6.338710784912109375e+00,-5.650822639465332031e+00,-7.780850410461425781e+00,-4.263729095458984375e+00,-2.113656520843505859e+00,-1.503084540367126465e+00,-2.682265520095825195e+00,-3.240893840789794922e+00,-1.501702308654785156e+00,-4.986211776733398438e+00,-4.687471866607666016e+00,-7.961961746215820312e+00,-8.127657890319824219e+00,-5.220602989196777344e+00,-3.874698638916015625e+00,-5.537493705749511719e+00,-1.080724143981933594e+01,-2.052191162109375000e+01,-3.891425323486328125e+01,-4.317511749267578125e+01,-3.349694442749023438e+01,-3.481988525390625000e+01,-3.541378402709960938e+01,-2.606264114379882812e+01,-1.962169265747070312e+01,-1.967602920532226562e+01,-2.030067443847656250e+01,-2.365293693542480469e+01,-2.189735984802246094e+01,-2.037331008911132812e+01,-1.637603950500488281e+01,-8.472640037536621094e+00,-2.244110107421875000e+01,-2.449678421020507812e+01,-1.840474319458007812e+01,-1.744250488281250000e+01,-2.897797012329101562e+01,-3.004934310913085938e+01,-2.794909667968750000e+01,-2.573503875732421875e+01,-2.502555084228515625e+01,-2.166615676879882812e+01,-1.751568984985351562e+01,-2.080590248107910156e+00,-8.885996937751770020e-01,-3.354227542877197266e+00,-1.783794283866882324e+00,-2.932844877243041992e+00,-8.373382568359375000e+00,-1.495355033874511719e+01,-1.641633415222167969e+01,-1.937209701538085938e+01,-1.803529739379882812e+01,-1.342515277862548828e+01,-1.244599342346191406e+01,-1.105456733703613281e+01,-1.221132659912109375e+01,-1.519262218475341797e+01,-1.198755073547363281e+01,-7.501536369323730469e+00,-4.309075355529785156e+00,-5.145495414733886719e+00,-2.727569103240966797e+00,-7.766360282897949219e+00,-8.543999671936035156e+00,-1.725774002075195312e+01,-2.131806945800781250e+01,-1.940451622009277344e+01,-1.504078865051269531e+01,-1.687516593933105469e+01,-1.604460144042968750e+01,-1.856269454956054688e+01,-2.192895889282226562e+01,-1.942497253417968750e+01,-2.213924980163574219e+01,-2.564701843261718750e+01,-2.667503356933593750e+01,-2.720887374877929688e+01,-2.229316902160644531e+01,-1.846572685241699219e+01,-1.073896217346191406e+01,-6.850639820098876953e+00,-3.030853033065795898e+00,-6.025222778320312500e+00,-7.867185592651367188e+00,-2.869318962097167969e+00,-1.280943202972412109e+01,-1.889389610290527344e+01,-2.134930801391601562e+01,-1.162574386596679688e+01,-8.821356773376464844e+00,-8.878316879272460938e+00,-9.249373435974121094e+00,-4.734990119934082031e+00,-3.613793373107910156e+00,-6.593731880187988281e+00,-4.710277557373046875e+00,-3.313797473907470703e+00,-2.778630554676055908e-01,-1.020990848541259766e+00,-5.632665634155273438e+00,-1.186331462860107422e+01,-7.853261470794677734e+00,-5.122327804565429688e+00,-4.808093547821044922e+00,-2.085473775863647461e+00,-1.545340776443481445e+00,-6.858998775482177734e+00,-2.228799057006835938e+01,-2.886786270141601562e+01,-3.037920761108398438e+01,-2.784825897216796875e+01,-2.534748840332031250e+01,-2.347482299804687500e+01,-1.853265380859375000e+01,-1.407848072052001953e+01,-5.646652698516845703e+00,-2.297139167785644531e-02,4.018768072128295898e-01,-7.156325340270996094e+00,-1.487131881713867188e+01,-1.461449050903320312e+01,-1.418703174591064453e+01,-8.670204162597656250e+00,-2.563305139541625977e+00,-5.630373954772949219e-01,-5.760030746459960938e+00,-1.184496498107910156e+01,-1.307989978790283203e+01,-8.482755661010742188e+00,-8.579716682434082031e+00,-7.359366893768310547e+00,-8.830770492553710938e+00,-7.995054721832275391e+00,-8.395463943481445312e+00,-1.199826431274414062e+01,-1.239601039886474609e+01,-3.544471263885498047e+00,5.015639066696166992e-01,-3.854682922363281250e+00,1.376330137252807617e+00,1.624096155166625977e+00,-1.273952960968017578e+01,-1.316790485382080078e+01,-8.449851989746093750e+00,-6.208679199218750000e+00,-4.299179077148437500e+00,-7.165460586547851562e+00,-6.311196327209472656e+00,-2.381177902221679688e+00,-3.017407178878784180e+00,-7.634798049926757812e+00,-5.169067382812500000e+00,-1.676492929458618164e+00,-4.790844440460205078e+00,-7.271145820617675781e+00,-6.708637237548828125e+00,-1.148069381713867188e+00,2.759412303566932678e-02,-7.240140438079833984e+00,-7.605250835418701172e+00,-5.570231914520263672e+00,-6.393459320068359375e+00,-5.804430007934570312e+00,-6.636604309082031250e+00,-6.420753002166748047e+00,-8.613833427429199219e+00,-7.681876182556152344e+00,-5.645329475402832031e+00,-1.132708358764648438e+01,-1.128940010070800781e+01,-1.104383182525634766e+01,-8.111904144287109375e+00,-7.321038246154785156e+00,-1.622822570800781250e+01,-2.795480728149414062e+01,-3.177820205688476562e+01,-3.379106903076171875e+01,-3.423417663574218750e+01,-2.743685150146484375e+01,-1.983466720581054688e+01,-2.316207122802734375e+01,-3.088922882080078125e+01,-3.011536979675292969e+01,-2.316766929626464844e+01,-1.748296356201171875e+01,-8.270788192749023438e+00,-1.372974681854248047e+01,-2.506138229370117188e+01,-2.499852752685546875e+01,-1.970835876464843750e+01,-2.412944602966308594e+01,-2.238206481933593750e+01,-1.643222808837890625e+01,-9.733922958374023438e+00,-3.282256424427032471e-01,-2.045886516571044922e-01,-2.753999471664428711e+00,-6.597433090209960938e+00,-1.040412902832031250e+01,-2.746124649047851562e+01,-4.117087554931640625e+01,-4.403570556640625000e+01,-4.390876007080078125e+01,-3.870417785644531250e+01,-3.908031082153320312e+01,-3.366664505004882812e+01,-3.382867050170898438e+01,-4.279558563232421875e+01,-3.604428100585937500e+01,-2.909375953674316406e+01,-2.200047683715820312e+01,-1.488257217407226562e+01,-7.235052585601806641e+00,-4.545600414276123047e+00,-3.188356399536132812e+00,-1.844246864318847656e+00,-5.662780284881591797e+00,-7.783984661102294922e+00,-6.066241264343261719e+00,-4.353280544281005859e+00,-1.938193321228027344e+00,-2.006380558013916016e+00,-6.610789299011230469e-01,-4.780844449996948242e-01,-1.270382881164550781e+00,1.974856615066528320e+00,1.630054235458374023e+00,3.174639344215393066e-01,-4.836785793304443359e+00,-4.351593971252441406e+00,-2.537500143051147461e+00,-4.249292314052581787e-01,-1.121587514877319336e+00,-6.415626525878906250e+00,-4.422835350036621094e+00,-2.995531558990478516e+00,-3.402340888977050781e+00,-6.334054470062255859e+00,-5.494616031646728516e+00,-2.526540040969848633e+00,-1.056022644042968750e+00,-3.020802736282348633e-01,-2.781802654266357422e+00,-4.560340404510498047e+00,-4.517424583435058594e+00,-3.422313213348388672e+00,-3.861677646636962891e+00,-4.162792682647705078e+00,-1.535250902175903320e+00,-7.559638023376464844e+00,-6.325520515441894531e+00,-7.096206665039062500e+00,-6.900184631347656250e+00,-6.622585296630859375e+00,-4.612573146820068359e+00,-4.572849750518798828e+00,-4.532248497009277344e+00,-7.498660087585449219e+00,-6.078910827636718750e+00,-3.282166957855224609e+00,-6.269010543823242188e+00,-1.668785858154296875e+01,-2.078064918518066406e+01,-1.949245452880859375e+01,-1.969863700866699219e+01,-2.953673553466796875e+01,-3.303187942504882812e+01,-3.179483795166015625e+01,-2.676403617858886719e+01,-2.599354171752929688e+01,-3.475627899169921875e+01,-3.185711288452148438e+01,-2.353200531005859375e+01,-1.731694412231445312e+01,-1.330914688110351562e+01,-2.270570755004882812e+01,-3.287290954589843750e+01,-3.419192504882812500e+01,-2.614863967895507812e+01,-1.988879013061523438e+01,-1.015315723419189453e+01,-3.081254005432128906e+00,-1.629213523864746094e+01,-2.434166336059570312e+01,-2.233383750915527344e+01,-1.986701202392578125e+01,-2.488749504089355469e+01,-2.719747734069824219e+01,-2.942884826660156250e+01,-3.069766044616699219e+01,-2.269194984436035156e+01,-2.811969375610351562e+01,-3.590338897705078125e+01,-3.386935424804687500e+01,-3.417380523681640625e+01,-3.017062377929687500e+01,-2.304106903076171875e+01,-3.502227020263671875e+01,-2.884554672241210938e+01,-2.570279693603515625e+01,-2.380865287780761719e+01,-1.790913963317871094e+01,-2.436186313629150391e+00,-4.054218769073486328e+00,-5.807979583740234375e+00,-3.727032184600830078e+00,-5.355286598205566406e+00,-2.023827791213989258e+00,-1.021930456161499023e+00,-1.999009609222412109e+00,2.742995500564575195e+00,3.799334049224853516e+00,2.147181987762451172e+00,3.401834487915039062e+00,6.039988517761230469e+00,1.165744781494140625e+00,-9.589421004056930542e-02,-6.204033374786376953e+00,-7.966184616088867188e+00,-7.179193973541259766e+00,-2.707761764526367188e+01,-3.484779357910156250e+01,-3.076836776733398438e+01,-2.839191818237304688e+01,-2.648632049560546875e+01,-2.041945075988769531e+01,-8.401187896728515625e+00,-6.442852020263671875e+00,-3.020031452178955078e+00,-2.517253398895263672e+00,-2.284817695617675781e+01,-3.021842193603515625e+01,-2.467240333557128906e+01,-1.493189430236816406e+01,-9.249784469604492188e+00,-2.597163200378417969e+00,6.199919581413269043e-01,-6.612353324890136719e+00,-9.492448806762695312e+00,-8.019817352294921875e+00,-4.432331562042236328e+00,-3.706156253814697266e+00,-1.727632713317871094e+01,-2.891690444946289062e+01,-3.571221160888671875e+01,-3.685581970214843750e+01,-4.174230575561523438e+01,-3.892189788818359375e+01,-3.455963134765625000e+01,-3.116823577880859375e+01,-2.742827796936035156e+01,-1.741588211059570312e+01,-1.634696006774902344e+01,-2.254361343383789062e+01,-2.474499511718750000e+01,-1.938789176940917969e+01,-1.626567268371582031e+01,-5.608227729797363281e+00,4.350802898406982422e-01,-4.783617496490478516e+00,-1.115859222412109375e+01,-8.416855812072753906e+00,-1.314752006530761719e+01,-1.389365959167480469e+01,-1.298673629760742188e+01,-8.445466041564941406e+00,-6.978856086730957031e+00,-5.947354316711425781e+00,-7.993214130401611328e-01,1.144646835327148438e+01,1.191491031646728516e+01,5.524674892425537109e+00,2.136660099029541016e+00,4.109022140502929688e+00,2.293345332145690918e-01,-2.279951810836791992e+00,2.621909618377685547e+00,1.232428312301635742e+00,-2.018123388290405273e+00,-4.396044909954071045e-01,-3.174653291702270508e+00,-3.805428028106689453e+00,-2.939254045486450195e+00,2.323853969573974609e+00,-2.756614685058593750e-01,-9.612941741943359375e-01,3.434337973594665527e-01,-4.153070926666259766e+00,-3.107048988342285156e+00,-7.986707210540771484e+00,-1.429987525939941406e+01,-1.116734504699707031e+01,-8.299300193786621094e+00,-2.858258485794067383e+00,-5.856944084167480469e+00,-1.329032135009765625e+01,-2.002798461914062500e+01,-1.916769599914550781e+01,-1.485449600219726562e+01,-1.403346252441406250e+01,-1.129304599761962891e+01,-1.609845733642578125e+01,-1.694637298583984375e+01,-1.816051101684570312e+01,-1.789301681518554688e+01,-1.629375076293945312e+01,-1.106419563293457031e+01,-5.768694877624511719e+00,-5.220358848571777344e+00,-1.181458234786987305e+00,-2.601111650466918945e+00,-1.107908058166503906e+01,-1.974916076660156250e+01,-2.417112922668457031e+01,-2.231550216674804688e+01,-2.811571121215820312e+01,-2.736242675781250000e+01,-1.676709747314453125e+01,-7.316434860229492188e+00,-4.199234962463378906e+00,-8.024801254272460938e+00,-1.153997421264648438e+01,-1.385987663269042969e+01,-1.102921485900878906e+01,-3.059487342834472656e+00,-3.680361509323120117e+00,-6.265380859375000000e+00,-6.612767219543457031e+00,-9.289045333862304688e+00,-9.308666229248046875e+00,1.458992958068847656e+00,-8.467188477516174316e-01,-3.781160831451416016e+00,-7.071569919586181641e+00,-6.337035655975341797e+00,-7.418828964233398438e+00,-1.027131748199462891e+01,-8.043694496154785156e+00,-1.039182090759277344e+01,-1.363571548461914062e+01,-1.340200042724609375e+01,-1.325928306579589844e+01,-1.652994155883789062e+01,-2.404382705688476562e+01,-3.127561187744140625e+01,-3.367922973632812500e+01,-3.481581115722656250e+01,-3.270772933959960938e+01,-3.218184661865234375e+01,-3.414743041992187500e+01,-3.350344085693359375e+01,-3.159074783325195312e+01,-2.780290222167968750e+01,-2.637774658203125000e+01,-2.352855300903320312e+01,-1.637835502624511719e+01,-2.086496353149414062e+01,-1.580492591857910156e+01,-1.032069206237792969e+01,-2.068450355529785156e+01,-2.536065292358398438e+01,-2.697072601318359375e+01,-2.991722869873046875e+01,-2.828408050537109375e+01,-2.553455352783203125e+01,-3.567195892333984375e+01,-4.722529983520507812e+01,-4.935893249511718750e+01,-4.865030670166015625e+01,-3.778122329711914062e+01,-2.841888427734375000e+01,-2.282284164428710938e+01,-2.279426383972167969e+01,-2.093835067749023438e+01,-1.826475906372070312e+01,-1.461315917968750000e+01,-1.283493804931640625e+01,-1.405972290039062500e+01,-1.160021495819091797e+01,-7.697418212890625000e+00,-6.553019523620605469e+00,-5.675268173217773438e+00,-9.520876884460449219e+00,-4.161311149597167969e+00,-5.476270198822021484e+00,-7.683600902557373047e+00,-3.376057386398315430e+00,-5.536983013153076172e+00,-7.603326320648193359e+00,-7.068040847778320312e+00,-6.909559249877929688e+00,-7.967681884765625000e+00,-6.486724853515625000e+00,-1.088520336151123047e+01,-1.121174621582031250e+01,-8.100590705871582031e+00,-5.999734878540039062e+00,-1.208381652832031250e+01,-2.461380767822265625e+01,-2.817271041870117188e+01,-2.805372238159179688e+01,-2.582891654968261719e+01,-2.337505149841308594e+01,-2.645936203002929688e+01,-3.083865928649902344e+01,-2.843116378784179688e+01,-1.546407413482666016e+01,-7.817572593688964844e+00,-1.604306411743164062e+01,-2.694815444946289062e+01,-2.764674377441406250e+01,-2.299663925170898438e+01,-1.969183731079101562e+01,-2.168695449829101562e+01,-1.954406738281250000e+01,-1.730961990356445312e+01,-1.893785476684570312e+01,-2.166413497924804688e+01,-1.701770782470703125e+01,-7.127667427062988281e+00,-1.039982414245605469e+01,-1.550326347351074219e+01,-1.565467643737792969e+01,-1.408381938934326172e+01,-1.238059997558593750e+01,-7.961262702941894531e+00,6.404542922973632812e-01,1.723447203636169434e+00,-1.947119235992431641e+00,-1.317054939270019531e+01,-1.129055023193359375e+01,-7.003619670867919922e+00,-5.135282039642333984e+00,-2.706725597381591797e+00,-1.139030075073242188e+01,-1.693355178833007812e+01,-1.558851814270019531e+01,-1.059566783905029297e+01,-1.082435035705566406e+01,-1.089886665344238281e+01,-7.703523159027099609e+00,-2.480529022216796875e+01,-4.317116546630859375e+01,-4.329682922363281250e+01,-3.278676223754882812e+01,-2.236821174621582031e+01,-1.713853645324707031e+01,-2.024518203735351562e+01,-1.378519439697265625e+01,-5.806889057159423828e+00,-1.300611495971679688e+00,-2.851955413818359375e+00,-6.058923721313476562e+00,-6.696310997009277344e+00,-4.498954296112060547e+00,-1.651255607604980469e+01,-2.369610404968261719e+01,-2.120822525024414062e+01,-1.879605865478515625e+01,-1.547090530395507812e+01,-1.146929454803466797e+01,-9.920719146728515625e+00,-9.313283920288085938e+00,-1.088264465332031250e+00,-1.819226264953613281e+00,-1.600321006774902344e+01,-2.211976432800292969e+01,-2.647890090942382812e+01,-2.200738143920898438e+01,-2.298438453674316406e+01,-1.455566024780273438e+01,-1.596297168731689453e+01,-2.489343261718750000e+01,-2.574399948120117188e+01,-2.392898178100585938e+01,-3.242420196533203125e+01,-4.175621032714843750e+01,-2.780686569213867188e+01,-1.894395828247070312e+01,-1.617815399169921875e+01,-7.254878044128417969e+00,-8.982725143432617188e+00,-1.751998138427734375e+01,-2.109726142883300781e+01,-1.905419921875000000e+01,-2.163653945922851562e+01,-2.654600524902343750e+01,-3.356097412109375000e+01,-3.435371017456054688e+01,-3.435074615478515625e+01,-3.422625732421875000e+01,-2.822113037109375000e+01,-1.871394157409667969e+01,-1.542374801635742188e+01,-2.028361892700195312e+01,-2.182985687255859375e+01,-2.336670494079589844e+01,-2.189343261718750000e+01,-1.641498947143554688e+01,-1.392539024353027344e+01,-1.037967300415039062e+01,-7.718279361724853516e-01,-6.168878078460693359e+00,-7.361927032470703125e+00,-6.331865310668945312e+00,-5.350157737731933594e+00,-2.501199722290039062e+00,-7.046034336090087891e+00,-7.187605381011962891e+00,-7.478835105895996094e+00,-5.539933681488037109e+00,-3.704339265823364258e+00,-4.143970966339111328e+00,-6.858632564544677734e+00,-1.962547779083251953e+00,4.000746726989746094e+00,-1.476856589317321777e+00,-4.714121818542480469e+00,-4.677920341491699219e+00,-6.872759819030761719e+00,-1.283771705627441406e+01,-1.013541221618652344e+01,-5.476430416107177734e+00,-6.455095291137695312e+00,-5.739122390747070312e+00,-5.244776725769042969e+00,-3.608820199966430664e+00,-8.537086844444274902e-01,-6.359503746032714844e+00,-9.925848007202148438e+00,-2.413755798339843750e+01,-2.601278877258300781e+01,-2.649224853515625000e+01,-2.445928955078125000e+01,-2.420795440673828125e+01,-2.977648544311523438e+01,-2.119479751586914062e+01,-1.319323158264160156e+01,-1.482261943817138672e+01,-2.290946578979492188e+01,-3.266969680786132812e+01,-3.734543991088867188e+01,-3.850518035888671875e+01,-3.551536560058593750e+01,-3.441275405883789062e+01,-3.755914306640625000e+01,-5.526853561401367188e+01,-6.853788757324218750e+01,-6.853614044189453125e+01,-6.132511901855468750e+01,-5.821173858642578125e+01,-5.093555068969726562e+01,-4.599369049072265625e+01,-4.257864761352539062e+01,-3.430439758300781250e+01,-2.905877494812011719e+01,-2.185849761962890625e+01,-1.782190704345703125e+01,-1.042421531677246094e+01,-6.641524314880371094e+00,-7.198570728302001953e+00,-4.866026878356933594e+00,-5.615354537963867188e+00,-4.434674739837646484e+00,-2.845674991607666016e+00,-1.647354483604431152e+00,-3.041198253631591797e+00,-2.337823629379272461e+00,-2.891333580017089844e+00,-6.667540550231933594e+00,-8.429011344909667969e+00,-9.281258583068847656e+00,-2.753905773162841797e+00,-4.786974906921386719e+00,-1.769641399383544922e+00,2.019469499588012695e+00,3.642254471778869629e-01,-6.073916435241699219e+00,-7.575979232788085938e+00,-4.412742137908935547e+00,1.102313995361328125e+00,-8.463102579116821289e-01,2.496521472930908203e+00,7.358051300048828125e+00,3.991919040679931641e+00,4.446979984641075134e-02,-2.896732807159423828e+00,-6.479090690612792969e+00,-7.481678009033203125e+00,-5.409180641174316406e+00,1.396519541740417480e-01,-5.835152626037597656e+00,-8.445226669311523438e+00,-3.942800045013427734e+00,-5.987874984741210938e+00,-7.276951789855957031e+00,-9.700311422348022461e-01,5.386422872543334961e-01,7.042540907859802246e-01,-8.895823478698730469e+00,-1.628602981567382812e+01,-1.184004497528076172e+01,-5.402342796325683594e+00,-4.726112365722656250e+00,-1.425138664245605469e+01,-1.772649002075195312e+01,-1.738507080078125000e+01,-1.781620025634765625e+01,-1.571509742736816406e+01,-9.519119262695312500e+00,-1.837638974189758301e+00,-4.048943519592285156e-02,5.062112212181091309e-01,-5.288072109222412109e+00,-1.601707839965820312e+01,-1.976626777648925781e+01,-2.095262908935546875e+01,-2.356916046142578125e+01,-2.262142753601074219e+01,-1.947566795349121094e+01,-1.455946922302246094e+01,-1.711756896972656250e+01,-2.060912322998046875e+01,-2.504636383056640625e+01,-2.814002227783203125e+01,-2.664064788818359375e+01,-2.112798309326171875e+01,-2.369253921508789062e+01,-2.629911231994628906e+01,-2.046301651000976562e+01,-1.913466262817382812e+01,-9.886828422546386719e+00,-1.228929710388183594e+01,-1.660770225524902344e+01,-1.812624359130859375e+01,-2.461974716186523438e+01,-2.516942214965820312e+01,-2.547389793395996094e+01,-2.833305740356445312e+01,-3.402524948120117188e+01,-3.425160217285156250e+01,-3.048873901367187500e+01,-3.121667289733886719e+01,-3.075514793395996094e+01,-3.044623184204101562e+01,-2.735013198852539062e+01,-2.164574050903320312e+01,-1.967485427856445312e+01,-1.263836193084716797e+01,-3.664032220840454102e+00,-2.553324460983276367e+00,1.670415639877319336e+00,-1.080936670303344727e+00,-7.475070357322692871e-01,-1.870362162590026855e+00,-8.715152740478515625e+00,-2.599817085266113281e+01,-3.321965789794921875e+01,-3.518849945068359375e+01,-3.386268997192382812e+01,-4.152253723144531250e+01,-4.176037597656250000e+01,-3.101342582702636719e+01,-2.417326354980468750e+01,-2.881888198852539062e+01,-2.438795280456542969e+01,-1.876706314086914062e+01,-1.832047653198242188e+01,-2.312521171569824219e+01,-3.133449745178222656e+01,-2.754668426513671875e+01,-2.436837005615234375e+01,-2.549295043945312500e+01,-1.623489189147949219e+01,-4.291955947875976562e+00,-9.966157674789428711e-01,-2.775025367736816406e+00,-1.820790100097656250e+01,-2.935303878784179688e+01,-2.706376266479492188e+01,-2.173200988769531250e+01,-2.855752944946289062e+01,-2.743284225463867188e+01,-2.366657638549804688e+01,-2.135322189331054688e+01,-1.901848030090332031e+01,-1.573124694824218750e+01,-9.541045188903808594e+00,-6.915649890899658203e+00,-1.113930892944335938e+01,-7.917400836944580078e+00,-3.321859836578369141e+00,-6.974539756774902344e+00,-6.388717651367187500e+00,-7.576950073242187500e+00,-3.508057594299316406e+00,-4.316729545593261719e+00,-4.793163299560546875e+00,-4.445852279663085938e+00,-2.389598846435546875e+00,-3.801380872726440430e+00,-3.462791442871093750e+00,-4.181102275848388672e+00,-5.766624450683593750e+00,-4.153988838195800781e+00,-5.727398872375488281e+00,-6.228149414062500000e+00,-3.185779094696044922e+00,-1.350691199302673340e+00,-6.700761795043945312e+00,-5.796573638916015625e+00,-4.928670883178710938e+00,-6.567325592041015625e+00,-1.111461639404296875e+01,-9.988595962524414062e+00,-1.148443984985351562e+01,-1.237840843200683594e+01,-1.354342079162597656e+01,-2.157068252563476562e+01,-3.358956146240234375e+01,-4.403066253662109375e+01,-5.058945465087890625e+01,-5.678258132934570312e+01,-5.866087341308593750e+01,-5.969857788085937500e+01,-6.232717132568359375e+01,-6.224203491210937500e+01,-5.856331634521484375e+01,-5.129535675048828125e+01,-4.393833923339843750e+01,-4.477915954589843750e+01,-4.184941101074218750e+01,-3.431401062011718750e+01,-2.965165328979492188e+01,-2.540248680114746094e+01,-3.322050857543945312e+01,-3.309024810791015625e+01,-3.467081451416015625e+01,-3.138384437561035156e+01,-2.516961288452148438e+01,-2.226654624938964844e+01,-2.011108016967773438e+01,-2.294226837158203125e+01,-2.488867568969726562e+01,-2.173254776000976562e+01,-1.605002975463867188e+01,-1.183167457580566406e+01,-9.861610412597656250e+00,-9.889918327331542969e+00,-5.384128093719482422e+00,-1.157240962982177734e+01,-1.942319488525390625e+01,-2.283629989624023438e+01,-2.494979858398437500e+01,-2.257437896728515625e+01,-1.364091300964355469e+01,-1.316794013977050781e+01,-1.097957038879394531e+01,-8.709146499633789062e+00,-6.983530044555664062e+00,-9.586212158203125000e+00,-6.811297416687011719e+00,-4.472520828247070312e+00,-1.328021907806396484e+01,-1.735750007629394531e+01,-6.635076999664306641e+00,-5.998790740966796875e+00,-5.479111194610595703e+00,-6.000201225280761719e+00,7.838739752769470215e-01,-2.689669132232666016e+00,-1.153545737266540527e+00,4.413088798522949219e+00,3.167165279388427734e+00,-3.121523380279541016e+00,-3.222404003143310547e+00,3.786817789077758789e+00,-2.137456893920898438e+00,-1.580691337585449219e+01,-1.794970512390136719e+01,-1.718988418579101562e+01,-1.575354194641113281e+01,-1.514351272583007812e+01,-1.206905364990234375e+01,-2.000515747070312500e+01,-2.852034378051757812e+01,-1.584847259521484375e+01,-4.858373641967773438e+00,-1.697167396545410156e+00,-3.029353141784667969e+00,-5.514219284057617188e+00,-1.296926498413085938e+01,-1.643274307250976562e+01,-1.646507072448730469e+01,-1.634727668762207031e+01,-2.404199981689453125e+01,-2.976675415039062500e+01,-2.838061141967773438e+01,-2.527007293701171875e+01,-2.100777053833007812e+01,-1.727268028259277344e+01,-1.832202720642089844e+01,-1.907714462280273438e+01,-2.479452514648437500e+01,-2.743700027465820312e+01,-2.651707649230957031e+01,-1.951880836486816406e+01,-1.446034240722656250e+01,-1.326760101318359375e+01,-1.525518798828125000e+01,-1.557188034057617188e+01,-1.333330726623535156e+01,-1.969343566894531250e+01,-2.073148727416992188e+01,-1.714999580383300781e+01,-2.632907485961914062e+01,-2.946716690063476562e+01,-1.505232715606689453e+01,-9.885858535766601562e+00,-9.784564971923828125e+00,-6.937254905700683594e+00,-1.149552917480468750e+01,-8.350673675537109375e+00,-9.781418800354003906e+00,-9.660648345947265625e+00,-7.194563865661621094e+00,-7.614472866058349609e+00,-3.249762058258056641e+00,-6.631025791168212891e+00,-2.558545827865600586e+00,2.771596312522888184e-01,-7.022717595100402832e-01,-3.516380071640014648e+00,-7.859925270080566406e+00,-7.505648612976074219e+00,-6.818586349487304688e+00,-3.174531936645507812e+00,1.172634243965148926e+00,-3.228299617767333984e+00,-3.395406007766723633e+00,-3.959651470184326172e+00,-6.448948860168457031e+00,-5.309027194976806641e+00,-2.339669615030288696e-01,-1.346111297607421875e+00,6.390337944030761719e-01,7.910861968994140625e-01,-9.129897356033325195e-01,-2.274208831787109375e+01,-4.275562286376953125e+01,-5.341130828857421875e+01,-5.100329971313476562e+01,-4.393748474121093750e+01,-3.811920928955078125e+01,-2.593781852722167969e+01,-2.150435256958007812e+01,-1.534702110290527344e+01,-2.135500144958496094e+01,-2.882156562805175781e+01,-2.874482536315917969e+01,-2.774287796020507812e+01,-2.814273071289062500e+01,-3.030944442749023438e+01,-2.864342880249023438e+01,-2.703747367858886719e+01,-2.585069656372070312e+01,-2.420980453491210938e+01,-1.467624092102050781e+01,-1.579376411437988281e+01,-1.651667976379394531e+01,-1.486432075500488281e+01,-1.281897735595703125e+01,-1.706159782409667969e+01,-1.897031784057617188e+01,-1.228503227233886719e+01,-4.544660568237304688e+00,3.005863428115844727e-01,2.503775596618652344e+00,-6.122409820556640625e+00,-1.463906288146972656e+01,-1.478162956237792969e+01,-1.286228370666503906e+01,-1.058985614776611328e+01,-1.212018108367919922e+01,-1.133580970764160156e+01,-5.453856468200683594e+00,1.009425282478332520e+00,5.289984226226806641e+00,8.473566174507141113e-01,2.980135917663574219e+00,-2.605232238769531250e+00,-1.308884811401367188e+01,-1.251042175292968750e+01,-1.406533241271972656e+01,-2.137563323974609375e+01,-1.824693679809570312e+01,-1.399027633666992188e+01,-1.666919517517089844e+01,-1.780014419555664062e+01,-2.001077651977539062e+01,-2.317843246459960938e+01,-1.447014808654785156e+01,-1.148730850219726562e+01,-2.783550262451171875e+01,-3.332380676269531250e+01,-2.989967727661132812e+01,-2.239719390869140625e+01,-1.904695892333984375e+01,-1.421245193481445312e+01,-1.213157558441162109e+01,-1.291563224792480469e+01,-1.360263442993164062e+01,-9.134908676147460938e+00,-1.058687877655029297e+01,-1.545747184753417969e+01,-1.633918190002441406e+01,-1.992002868652343750e+01,-2.251285934448242188e+01,-1.999086570739746094e+01,-1.027807426452636719e+01,-1.083730697631835938e+01,-1.144757080078125000e+01,-7.526737213134765625e+00,-8.308098793029785156e+00,-9.735393524169921875e+00,-4.149756431579589844e+00,-6.807602882385253906e+00,-5.451364517211914062e+00,-5.733696937561035156e+00,-9.565889358520507812e+00,-8.306215286254882812e+00,-1.135248565673828125e+01,-1.437439155578613281e+01,-1.518630123138427734e+01,-1.227207469940185547e+01,-1.170309925079345703e+01,-1.736275863647460938e+01,-1.558198738098144531e+01,-1.444472503662109375e+01,-2.269553375244140625e+01,-1.858470916748046875e+01,-9.624635696411132812e+00,-8.835511207580566406e+00,-1.217783164978027344e+01,-1.076337051391601562e+01,-1.229150009155273438e+01,-1.164672279357910156e+01,-9.009470939636230469e+00,-3.374912738800048828e-01,-7.207679748535156250e-02,-1.721111106872558594e+01,-2.578470230102539062e+01,-2.815542411804199219e+01,-3.212062454223632812e+01,-3.354488372802734375e+01,-3.327513122558593750e+01,-3.998568344116210938e+01,-4.320610809326171875e+01,-4.775989532470703125e+01,-4.484803009033203125e+01,-4.361124420166015625e+01,-5.255055999755859375e+01,-5.516891860961914062e+01,-5.425307464599609375e+01,-4.382519149780273438e+01,-3.836172103881835938e+01,-2.695565414428710938e+01,-2.352498626708984375e+01,-3.594316101074218750e+01,-3.823120880126953125e+01,-3.653463745117187500e+01,-3.666113281250000000e+01,-2.691775321960449219e+01,-2.967699432373046875e+01,-2.808298301696777344e+01,-2.289301300048828125e+01,-1.398100280761718750e+01,-9.235538482666015625e+00,-1.622801208496093750e+01,-2.031336212158203125e+01,-2.530615615844726562e+01,-2.235785293579101562e+01,-1.691791915893554688e+01,-1.425806427001953125e+01,-1.700612640380859375e+01,-1.690377807617187500e+01,-9.265232086181640625e+00,9.978451728820800781e-01,2.458619832992553711e+00,5.720104575157165527e-01,-4.476537704467773438e+00,-4.095359802246093750e+00,-1.072984337806701660e+00,-2.074573040008544922e+00,1.140906453132629395e+00,-5.170325756072998047e+00,-7.441908836364746094e+00,-1.280270195007324219e+01,-1.513371849060058594e+01,-5.399703025817871094e+00,-3.879722833633422852e+00,-7.899238109588623047e+00,-8.585401535034179688e+00,-4.341971874237060547e+00,-1.573912024497985840e+00,-2.728129029273986816e-01,-1.443974685668945312e+01,-2.856265068054199219e+01,-4.416353607177734375e+01,-5.834317398071289062e+01,-6.019815826416015625e+01,-5.048212432861328125e+01,-4.645013427734375000e+01,-4.688759613037109375e+01,-5.578961944580078125e+01,-5.854341125488281250e+01,-5.644123077392578125e+01,-5.359654235839843750e+01,-4.030435943603515625e+01,-3.229157257080078125e+01,-2.825673675537109375e+01,-3.656320953369140625e+01,-3.960793304443359375e+01,-4.601526641845703125e+01,-5.010267639160156250e+01,-5.121652984619140625e+01,-4.504461669921875000e+01,-3.476960754394531250e+01,-2.809186363220214844e+01,-2.892592239379882812e+01,-3.551748657226562500e+01,-4.025185394287109375e+01,-4.419404602050781250e+01,-4.653553771972656250e+01,-3.614362335205078125e+01,-2.517249298095703125e+01,-2.342733001708984375e+01,-2.715587997436523438e+01,-3.272847747802734375e+01,-2.927349472045898438e+01,-2.034171295166015625e+01,-1.204299545288085938e+01,-1.635030746459960938e+01,-3.253171539306640625e+01,-4.174664688110351562e+01,-3.262719726562500000e+01,-1.926324844360351562e+01,-1.997612571716308594e+01,-2.098126792907714844e+01,-1.599678039550781250e+01,-1.121627998352050781e+01,-1.235216712951660156e+01,-1.577994537353515625e+01,-1.238799858093261719e+01,-1.353856658935546875e+01,-1.264622306823730469e+01,-1.515897941589355469e+01,-1.446864891052246094e+01,-1.196996498107910156e+01,-9.669838905334472656e+00,-1.427570152282714844e+01,-1.492322921752929688e+01,-9.350752830505371094e+00,-3.886261880397796631e-01,3.103868007659912109e+00,-6.828251481056213379e-01,-8.417894363403320312e+00,-1.055294418334960938e+01,-6.914790630340576172e+00,-8.749803543090820312e+00,-1.227689552307128906e+01,-1.058874511718750000e+01,-1.251319503784179688e+01,-1.170131492614746094e+01,-1.377501487731933594e+01,-1.572455120086669922e+01,-1.243223381042480469e+01,-5.391398429870605469e+00,7.046643495559692383e-01,2.878167390823364258e+00,2.881849050521850586e+00,1.320673346519470215e+00,-1.180374717712402344e+01,-2.241008949279785156e+01,-2.248141479492187500e+01,-2.061619567871093750e+01,-2.517495727539062500e+01,-2.381052970886230469e+01,-1.700318527221679688e+01,-1.368612289428710938e+01,-1.745981979370117188e+01,-1.345530700683593750e+01,-1.480349254608154297e+01,-2.016000366210937500e+01,-1.788686752319335938e+01,-9.660425186157226562e+00,-2.169942140579223633e+00,-3.268579006195068359e+00,-3.471190929412841797e+00,-3.672629833221435547e+00,-6.956146717071533203e+00,-1.279036331176757812e+01,-2.068366622924804688e+01,-2.188094711303710938e+01,-2.272070312500000000e+01,-2.158310317993164062e+01,-2.255007934570312500e+01,-2.488431167602539062e+01,-1.698579025268554688e+01,-1.214843368530273438e+01,-7.985780715942382812e+00,-2.070122909545898438e+01,-3.039035797119140625e+01,-3.084202575683593750e+01,-3.032566452026367188e+01,-2.797440719604492188e+01,-2.407798385620117188e+01,-1.900731277465820312e+01,-1.127329063415527344e+01,-1.285831260681152344e+01,-1.022394561767578125e+01,-3.938373804092407227e+00,-5.058794021606445312e+00,-1.042826461791992188e+01,-8.041365623474121094e+00,-7.930002212524414062e+00,-9.839715957641601562e+00,-1.550716018676757812e+01,-2.053308486938476562e+01,-2.212452697753906250e+01,-2.025379180908203125e+01,-1.194958400726318359e+01,-9.401783943176269531e+00,-1.738172912597656250e+01,-2.559991836547851562e+01,-2.416470527648925781e+01,-2.270182991027832031e+01,-2.255993080139160156e+01,-2.171534156799316406e+01,-2.358750534057617188e+01,-2.499798011779785156e+01,-1.783038711547851562e+01,-1.458053016662597656e+01,-1.126481056213378906e+01,-1.194241714477539062e+01,-1.210818004608154297e+01,-1.101576423645019531e+01,-1.268067169189453125e+01,-1.327567577362060547e+01,-1.503802108764648438e+01,-1.369903659820556641e+01,-1.188680648803710938e+01,-7.891558647155761719e+00,-5.893454074859619141e+00,-3.459756374359130859e+00,-1.087559700012207031e+01,-1.362243175506591797e+01,-5.892046928405761719e+00,-7.101809501647949219e+00,-1.250706291198730469e+01,-1.125940227508544922e+01,-1.011856746673583984e+01,-8.333564758300781250e+00,-4.568153858184814453e+00,-8.113801002502441406e+00,-1.127186775207519531e+01,-1.068740653991699219e+01,-9.982181549072265625e+00,-6.103112220764160156e+00,-4.952856063842773438e+00,-6.685541152954101562e+00,-7.338528633117675781e+00,-1.353919219970703125e+01,-1.350849151611328125e+01,-9.160207748413085938e+00,-9.621407508850097656e+00,-3.477486133575439453e+00,1.909185290336608887e+00,2.977983236312866211e+00,-5.595519542694091797e-01,-1.110786247253417969e+01,-1.301805686950683594e+01,-9.798570632934570312e+00,-8.723368644714355469e+00,-1.961580657958984375e+01,-2.937567329406738281e+01,-3.143251609802246094e+01,-2.777749824523925781e+01,-2.466887664794921875e+01,-1.758958625793457031e+01,-1.378783035278320312e+01,-1.149893569946289062e+01,-9.262233734130859375e+00,-4.881924629211425781e+00,-6.456288337707519531e+00,-1.997854995727539062e+01,-3.209350585937500000e+01,-4.115930938720703125e+01,-4.308211898803710938e+01,-3.363335418701171875e+01,-2.970996475219726562e+01,-3.295861434936523438e+01,-3.150070953369140625e+01,-3.173701477050781250e+01,-3.832186126708984375e+01,-4.461402130126953125e+01,-4.939489364624023438e+01,-4.891672897338867188e+01,-3.607709503173828125e+01,-2.933050346374511719e+01,-2.798580169677734375e+01,-2.471899032592773438e+01,-1.086237239837646484e+01,-2.593399429321289062e+01,-3.504396057128906250e+01,-2.573532485961914062e+01,-1.887407302856445312e+01,-1.709487533569335938e+01,-1.344630527496337891e+01,-1.035189437866210938e+01,-1.036944389343261719e+01,-1.513114356994628906e+01,-1.742803573608398438e+01,-1.604025459289550781e+01,-1.371019744873046875e+01,-7.783526420593261719e+00,-4.267539024353027344e+00,-8.282288312911987305e-01,-2.971298933029174805e+00,-2.191582679748535156e+00,-8.378606796264648438e+00,-1.963822937011718750e+01,-2.640221977233886719e+01,-2.023331451416015625e+01,-1.735662841796875000e+01,-2.344446945190429688e+01,-2.299210929870605469e+01,-2.346272659301757812e+01,-1.816455841064453125e+01,-1.084016799926757812e+01,-1.174943637847900391e+01,-1.835937881469726562e+01,-2.001838684082031250e+01,-2.477798080444335938e+01,-2.805039215087890625e+01,-1.944814682006835938e+01,-1.486820220947265625e+01,-1.347103691101074219e+01,-1.401957416534423828e+01,-1.099012184143066406e+01,-7.460616111755371094e+00,-4.992714881896972656e+00,-7.753059864044189453e+00,-1.081048965454101562e+01,-1.023222732543945312e+01,-8.657686233520507812e+00,-7.501733779907226562e+00,-8.347789764404296875e+00,-1.020589637756347656e+01,-1.379166030883789062e+01,-9.768226623535156250e+00,-2.147410964965820312e+01,-2.974420166015625000e+01,-2.056985092163085938e+01,-1.502688884735107422e+01,-1.156147480010986328e+01,-1.490315914154052734e+01,-1.929488945007324219e+01,-1.979744148254394531e+01,-2.468330383300781250e+01,-1.999153137207031250e+01,-1.678701591491699219e+01,-1.646727561950683594e+01,-1.903092575073242188e+01,-2.613240814208984375e+01,-2.244838905334472656e+01,-2.302344512939453125e+01,-2.947313880920410156e+01,-2.929611206054687500e+01,-3.110548019409179688e+01,-2.538799476623535156e+01,-1.976192092895507812e+01,-1.467831802368164062e+01,-1.178314208984375000e+01,-8.237070083618164062e+00,-3.703501462936401367e+00,-6.852117538452148438e+00,-3.992977857589721680e+00,-4.117109298706054688e+00,-4.997697353363037109e+00,-2.309740781784057617e+00,-2.433188199996948242e+00,-7.607822418212890625e+00,-8.322924613952636719e+00,-4.303185939788818359e+00,-4.806697845458984375e+00,-8.049892425537109375e+00,-9.698461532592773438e+00,-1.245865631103515625e+01,-9.865989685058593750e+00,-6.941591739654541016e+00,-8.213471412658691406e+00,-9.630310058593750000e+00,-8.791452407836914062e+00,-6.092281818389892578e+00,-7.976888656616210938e+00,-1.056328678131103516e+01,-9.442609786987304688e+00,-7.328206539154052734e+00,-4.488213539123535156e+00,-5.438746929168701172e+00,-5.377634048461914062e+00,-5.404938220977783203e+00,-7.828066825866699219e+00,-6.135102272033691406e+00,-9.577184677124023438e+00,-1.170830535888671875e+01,-1.629702186584472656e+01,-1.410421276092529297e+01,-1.433556079864501953e+01,-1.839083480834960938e+01,-1.747182464599609375e+01,-2.464704895019531250e+01,-2.759544754028320312e+01,-3.156150054931640625e+01,-2.921706199645996094e+01,-2.518877792358398438e+01,-2.451624679565429688e+01,-3.071117973327636719e+01,-3.381867980957031250e+01,-2.560908126831054688e+01,-1.820293045043945312e+01,-1.960171508789062500e+01,-7.349462985992431641e+00,-3.126358270645141602e+00,-7.483235359191894531e+00,-1.123046493530273438e+01,-1.114832782745361328e+01,-2.344861412048339844e+01,-2.593991470336914062e+01,-1.555458545684814453e+01,-1.035304546356201172e+01,-1.406110382080078125e+01,-1.858441352844238281e+01,-2.158546447753906250e+01,-1.865835571289062500e+01,-1.229428482055664062e+01,-1.282964324951171875e+01,-1.104341125488281250e+01,-1.079180908203125000e+01,-8.613526344299316406e+00,-1.080486106872558594e+01,-8.315785408020019531e+00,-7.852160453796386719e+00,-1.188803100585937500e+01,-1.381827354431152344e+01,-1.447691440582275391e+01,-1.378180408477783203e+01,-2.323987579345703125e+01,-3.107152557373046875e+01,-3.861755752563476562e+01,-4.518718338012695312e+01,-5.092285919189453125e+01,-4.933656311035156250e+01,-4.919657135009765625e+01,-4.642414093017578125e+01,-3.628527069091796875e+01,-3.035224151611328125e+01,-2.603800582885742188e+01,-2.619581413269042969e+01,-2.619807815551757812e+01,-2.509611511230468750e+01,-2.126086807250976562e+01,-1.494845390319824219e+01,-1.795367813110351562e+01,-1.481780624389648438e+01,-1.609353256225585938e+01,-1.535283660888671875e+01,-7.937530994415283203e+00,-1.428150844573974609e+01,-2.853090095520019531e+01,-3.163945007324218750e+01,-2.380073547363281250e+01,-2.273849105834960938e+01,-1.759074783325195312e+01,-1.535772991180419922e+01,-1.564904785156250000e+01,-1.309052658081054688e+01,-1.927520751953125000e+01,-2.258081436157226562e+01,-2.324078369140625000e+01,-1.910848808288574219e+01,-1.903284454345703125e+01,-2.188322830200195312e+01,-2.029893112182617188e+01,-1.961180114746093750e+01,-2.733905029296875000e+01,-2.815829086303710938e+01,-2.800185394287109375e+01,-2.648848342895507812e+01,-2.730327606201171875e+01,-2.726544952392578125e+01,-2.591516494750976562e+01,-2.338126182556152344e+01,-2.938267135620117188e+01,-2.661658096313476562e+01,-2.049566078186035156e+01,-1.505057334899902344e+01,-1.473704528808593750e+01,-2.003516006469726562e+01,-1.603323936462402344e+01,-1.340520381927490234e+01,-1.379707336425781250e+01,-1.370571517944335938e+01,-1.120478820800781250e+01,-8.989835739135742188e+00,-8.206041336059570312e+00,-6.490727424621582031e+00,-5.829197883605957031e+00,-5.613986015319824219e+00,-9.161371231079101562e+00,-1.135765266418457031e+01,-1.422076606750488281e+01,-1.791374206542968750e+01,-2.366338157653808594e+01,-2.023478317260742188e+01,-1.267464447021484375e+01,-1.138556861877441406e+01,-1.498863220214843750e+01,-1.594628238677978516e+01,-1.691975021362304688e+01,-3.022948074340820312e+01,-3.831313323974609375e+01,-4.157667541503906250e+01,-3.652722930908203125e+01,-2.992750740051269531e+01,-2.240165328979492188e+01,-1.536726093292236328e+01,-1.451760101318359375e+01,-1.090748405456542969e+01,-1.774991273880004883e+00,-8.301271438598632812e+00,-1.015170574188232422e+01,-7.162866115570068359e+00,-4.428933143615722656e+00,-6.931293010711669922e-02,-5.603855133056640625e+00,-1.046220207214355469e+01,-1.755475616455078125e+01,-2.552170944213867188e+01,-3.414048004150390625e+01,-4.053769683837890625e+01,-4.108971405029296875e+01,-4.520781707763671875e+01,-4.317448425292968750e+01,-3.710968017578125000e+01,-3.196129608154296875e+01,-2.520708656311035156e+01,-1.906817245483398438e+01,-1.617712211608886719e+01,-2.356694412231445312e+01,-2.446734237670898438e+01,-2.332236099243164062e+01,-2.418998336791992188e+01,-2.554774665832519531e+01,-2.230711555480957031e+01,-1.531368541717529297e+01,-1.869630813598632812e+01,-2.860858154296875000e+01,-3.515496444702148438e+01,-3.558002090454101562e+01,-3.165365219116210938e+01,-1.917996406555175781e+01,-8.975293159484863281e+00,-6.615695953369140625e+00,-5.500163078308105469e+00,-8.137226104736328125e+00,-7.922457695007324219e+00,-5.699657201766967773e-01,-7.323197126388549805e-01,-6.484937667846679688e+00,-3.353138923645019531e+00,1.909539937973022461e+00,1.219051599502563477e+00,-1.324937343597412109e+00,-7.495398521423339844e+00,-4.063039779663085938e+00,-5.709857940673828125e+00,-6.454617500305175781e+00,6.231420040130615234e-01,9.546453952789306641e-01,-6.307477951049804688e+00,-3.965233802795410156e+00,-4.845215678215026855e-01,-5.045501232147216797e+00,-3.290913343429565430e+00,5.567660331726074219e-01,-2.747640609741210938e+00,-6.310867309570312500e+00,-2.871455192565917969e+00,-3.467226982116699219e+00,-5.452152252197265625e+00,-3.434440374374389648e+00,-6.754461288452148438e+00,-1.060934829711914062e+01,-1.165220832824707031e+01,-2.162229156494140625e+01,-2.705288314819335938e+01,-2.403370857238769531e+01,-2.003384017944335938e+01,-1.642094039916992188e+01,-1.662796783447265625e+01,-2.067486572265625000e+01,-2.276571846008300781e+01,-2.455582046508789062e+01,-2.198744964599609375e+01,-2.111364555358886719e+01,-1.556613159179687500e+01,-8.530712127685546875e+00,-2.078360080718994141e+00,7.270575523376464844e+00,7.275428771972656250e+00,7.466268539428710938e+00,1.603577971458435059e+00,-4.763519287109375000e+00,-1.165659523010253906e+01,-1.974740982055664062e+01,-1.300351142883300781e+01,-1.201772499084472656e+01,-1.201307678222656250e+01,-7.212015628814697266e+00,-4.977818012237548828e+00,-1.148719882965087891e+01,-1.356077957153320312e+01,-1.235697174072265625e+01,-2.164266967773437500e+01,-2.536730003356933594e+01,-2.967597198486328125e+01,-3.292327880859375000e+01,-3.156149291992187500e+01,-3.458925628662109375e+01,-3.921408843994140625e+01,-3.409819793701171875e+01,-2.908680343627929688e+01,-2.706715965270996094e+01,-2.178358459472656250e+01,-1.531997299194335938e+01,-1.056491661071777344e+01,-9.596928596496582031e+00,-6.981030464172363281e+00,-7.135472297668457031e+00,-3.883217811584472656e+00,-2.282748460769653320e+00,-4.781207084655761719e+00,-1.744186401367187500e+00,-2.934431791305541992e+00,-2.454889774322509766e+00,-5.349064826965332031e+00,-2.795124530792236328e+00,-5.285282611846923828e+00,-3.785137653350830078e+00,-7.330453991889953613e-01,-3.222784519195556641e+00,-8.319993019104003906e+00,-4.192813396453857422e+00,1.012703776359558105e-01,-2.370471477508544922e+00,9.991700649261474609e-01,9.567304849624633789e-01,-2.113933324813842773e+00,-2.292181253433227539e+00,8.737903833389282227e-01,3.140374898910522461e+00,-1.530039548873901367e+00,-2.493587017059326172e+00,-5.587854385375976562e+00,-9.618367195129394531e+00,-6.401444435119628906e+00,-3.246952056884765625e+00,-4.160591602325439453e+00,-3.521241188049316406e+00,-5.378284931182861328e+00,-2.166840314865112305e+00,6.184254288673400879e-01,3.189528226852416992e+00,4.583044052124023438e+00,-1.735068559646606445e+00,-2.735762119293212891e+00,-9.902854561805725098e-01,-9.384354591369628906e+00,-3.724467754364013672e+00,-2.108201980590820312e+00,-4.380897521972656250e+00,-5.323000907897949219e+00,-6.936828136444091797e+00,-5.256902217864990234e+00,-3.878540515899658203e+00,-6.947175979614257812e+00,-5.861363410949707031e+00,-5.638444900512695312e+00,-5.104757308959960938e+00,-4.025680065155029297e+00,-5.504615783691406250e+00,-5.000001907348632812e+00,-3.519066095352172852e+00,-7.961104393005371094e+00,-4.208008766174316406e+00,-3.679653644561767578e+00,-2.096176147460937500e-03,6.189150810241699219e-01,-4.673850536346435547e-01,-2.516711950302124023e+00,-4.136253356933593750e+00,-2.674170970916748047e+00,-6.537458896636962891e-01,4.517274856567382812e+00,4.114177227020263672e+00,-1.973318815231323242e+00,-2.548932790756225586e+00,1.829195737838745117e+00,2.559291601181030273e+00,-3.014124870300292969e+00,-4.273570537567138672e+00,-5.968064308166503906e+00,-4.676793098449707031e+00,1.473317146301269531e+00,-3.168624639511108398e-02,-4.495358943939208984e+00,-6.198207855224609375e+00,-5.047391891479492188e+00,-5.549654483795166016e+00,-6.185124397277832031e+00,-2.624398946762084961e+00,-4.930508613586425781e+00,-5.005679130554199219e+00,-3.499582290649414062e+00,-9.165458679199218750e+00,-1.038935470581054688e+01,-7.191429138183593750e+00,-4.808291435241699219e+00,-4.305857658386230469e+00,-6.729780673980712891e+00,-1.097533464431762695e+00,-1.417569160461425781e+00,-1.255454778671264648e+00,-1.505774021148681641e+00,-1.978791713714599609e+00,-2.231690645217895508e+00,-5.827024459838867188e+00,7.199376821517944336e-01,1.833895921707153320e+00,-1.599516749382019043e+00,-1.823418736457824707e+00,-8.930089473724365234e-01,-7.800031304359436035e-01,9.643406271934509277e-01,9.675437211990356445e-01,2.007032930850982666e-01,-2.335557460784912109e+00,-1.214954733848571777e+00,-2.569727897644042969e+00,-3.149492263793945312e+00,5.787726044654846191e-01,-2.494175672531127930e+00,-1.665890502929687500e+01,-2.399644470214843750e+01,-2.430683517456054688e+01,-2.056729125976562500e+01,-1.684967422485351562e+01,-1.262177467346191406e+01,-1.380330657958984375e+01,-1.858960151672363281e+01,-2.409325408935546875e+01,-2.010249710083007812e+01,-1.971831321716308594e+01,-1.809471702575683594e+01,-1.397827911376953125e+01,-1.015158462524414062e+01,-7.699290275573730469e+00,-4.318576812744140625e+00,2.879081368446350098e-01,-6.020064353942871094e+00,-5.174105644226074219e+00,-4.828185081481933594e+00,-1.480389404296875000e+01,-2.819330978393554688e+01,-3.126408767700195312e+01,-2.571852493286132812e+01,-2.499393463134765625e+01,-2.082777404785156250e+01,-1.318508815765380859e+01,-1.053306579589843750e+01,-1.627742576599121094e+01,-2.012274551391601562e+01,-2.469428634643554688e+01,-2.340096664428710938e+01,-2.417149353027343750e+01,-2.026358413696289062e+01,-1.502756881713867188e+01,-1.255356597900390625e+01,-1.117029476165771484e+01,-9.449273109436035156e+00,1.627041101455688477e+00,-7.881898880004882812e-01,-4.508663177490234375e+00,-2.932417154312133789e+00,-4.454769134521484375e+00,-1.765895485877990723e-01,-5.025124549865722656e+00,-9.418560028076171875e+00,-8.075752258300781250e+00,-1.351873397827148438e+01,-8.739858627319335938e+00,-8.017485618591308594e+00,-6.216515541076660156e+00,-7.998590946197509766e+00,-1.177223968505859375e+01,-1.140565490722656250e+01,-8.288003921508789062e+00,-7.879888534545898438e+00,-5.667477607727050781e+00,-3.660411834716796875e+00,-3.625229835510253906e+00,-1.931477785110473633e+00,-6.628785610198974609e+00,-2.199397087097167969e+00,-6.878587603569030762e-02,-3.026891708374023438e+00,3.981479704380035400e-01,-1.693920344114303589e-01,-7.900854587554931641e+00,-2.141960144042968750e+00,-1.960413217544555664e+00,-3.683347702026367188e+00,-1.872226953506469727e+00,-1.778424620628356934e+00,-3.957810401916503906e+00,-3.398555994033813477e+00,5.124878287315368652e-01,1.598665237426757812e+00,3.084896087646484375e+00,3.711837291717529297e+00,-3.672247171401977539e+00,-3.988979816436767578e+00,-2.058797359466552734e+00,-4.065749168395996094e+00,-1.228326082229614258e+00,-1.321982622146606445e+00,-1.262394666671752930e+00,-1.402284383773803711e+00,-5.347029685974121094e+00,-6.347929000854492188e+00,-6.591524124145507812e+00,-5.606747269630432129e-01,-8.519064903259277344e+00,-1.204675483703613281e+01,-1.344388580322265625e+01,-1.901046752929687500e+01,-2.175856399536132812e+01,-1.856866073608398438e+01,-1.412695884704589844e+01,-7.070411682128906250e+00,-1.462705993652343750e+01,-2.125523376464843750e+01,-2.257130241394042969e+01,-1.468005561828613281e+01,-7.635310649871826172e+00,1.060841441154479980e+00,1.158900380134582520e+00,-8.952150344848632812e+00,-5.865112304687500000e+00,-3.558998823165893555e+00,-1.014644622802734375e+01,-1.654640960693359375e+01,-2.171779251098632812e+01,-2.310812377929687500e+01,-1.780531692504882812e+01,-7.647393226623535156e+00,-7.706248760223388672e+00,-2.062870788574218750e+01,-1.825920486450195312e+01,-1.951031494140625000e+01,-2.746374893188476562e+01,-2.756288528442382812e+01,-2.246356201171875000e+01,-2.452049446105957031e+01,-2.742074394226074219e+01,-2.909057807922363281e+01,-3.671175384521484375e+01,-4.236113357543945312e+01,-3.729547119140625000e+01,-3.286803817749023438e+01,-2.996581077575683594e+01,-1.604130935668945312e+01,-9.156846046447753906e+00,-8.053737640380859375e+00,-1.307215404510498047e+01,-1.188977432250976562e+01,-1.055746650695800781e+01,-7.328246593475341797e+00,-5.668539047241210938e+00,-1.267443466186523438e+01,-2.186253547668457031e+01,-2.510140228271484375e+01,-1.865617179870605469e+01,-1.397525978088378906e+01,-1.669138526916503906e+01,-1.664165496826171875e+01,-1.394997406005859375e+01,-1.998168563842773438e+01,-2.360038375854492188e+01,-2.026406097412109375e+01,-1.428539752960205078e+01,-1.791945648193359375e+01,-2.132190322875976562e+01,-1.827536773681640625e+01,-1.208216857910156250e+01,-7.127202987670898438e+00,-6.619009971618652344e+00,-3.521535158157348633e+00,2.356619596481323242e+00,1.324169874191284180e+00,2.677060127258300781e+00,4.267021656036376953e+00,-8.166854858398437500e+00,-2.186153793334960938e+01,-2.683071136474609375e+01,-2.397803115844726562e+01,-2.637553787231445312e+01,-2.648428726196289062e+01,-2.564986991882324219e+01,-2.955003356933593750e+01,-2.433373451232910156e+01,-1.795747947692871094e+01,-1.655850219726562500e+01,-1.925053596496582031e+01,-2.302997970581054688e+01,-2.527603721618652344e+01,-1.806348419189453125e+01,-1.567430210113525391e+01,-1.460390853881835938e+01,-6.213356494903564453e+00,1.353935837745666504e+00,4.182485103607177734e+00,-2.361434698104858398e+00,-6.559357643127441406e+00,-3.715849876403808594e+00,-5.580182075500488281e-01,-3.951173305511474609e+00,-6.821364879608154297e+00,-1.133629226684570312e+01,-8.501098632812500000e+00,-7.094358205795288086e-01,3.711723685264587402e-01,-6.464837551116943359e+00,-1.321547508239746094e+01,-1.005414390563964844e+01,-7.407838821411132812e+00,-4.890360355377197266e+00,-7.233663082122802734e+00,-1.114442825317382812e+01,-1.120369720458984375e+01,-1.078515815734863281e+01,-1.327948474884033203e+01,-1.239153003692626953e+01,-2.559807777404785156e+01,-3.533265686035156250e+01,-3.715311431884765625e+01,-3.025430107116699219e+01,-2.300347328186035156e+01,-1.723092269897460938e+01,-1.443954467773437500e+01,-1.193661308288574219e+01,-1.039835548400878906e+01,-9.531793594360351562e+00,-1.075339794158935547e+01,-9.415980339050292969e+00,-8.636940002441406250e+00,-1.063665390014648438e+01,-8.041460037231445312e+00,-5.598099708557128906e+00,-7.995374679565429688e+00,-6.798216819763183594e+00,-6.551065444946289062e+00,-5.421478271484375000e+00,-2.957940101623535156e+00,-3.646605730056762695e+00,-6.988767623901367188e+00,-8.823951721191406250e+00,-9.200439453125000000e+00,-1.895468711853027344e+01,-1.526885604858398438e+01,-1.006968879699707031e+01,-8.535137176513671875e+00,-8.767332077026367188e+00,-1.434930133819580078e+01,-1.340032958984375000e+01,-5.861362934112548828e+00,-1.137086033821105957e+00,-6.272431373596191406e+00,-7.647505760192871094e+00,-4.448235988616943359e+00,-9.695303916931152344e+00,-6.292469024658203125e+00,-2.596777915954589844e+00,-7.388466835021972656e+00,-1.196023368835449219e+01,-9.736525535583496094e+00,-5.695192337036132812e+00,-9.046442985534667969e+00,-7.073032379150390625e+00,-1.830690503120422363e+00,-5.401669025421142578e+00,-4.319422245025634766e+00,-2.149654865264892578e+00,-7.351960182189941406e+00,-1.718934249877929688e+01,-3.879163360595703125e+01,-4.330772399902343750e+01,-4.358230209350585938e+01,-4.083074188232421875e+01,-4.144823455810546875e+01,-4.372661590576171875e+01,-4.909130096435546875e+01,-5.148091506958007812e+01,-5.001079177856445312e+01,-4.246292877197265625e+01,-3.096114158630371094e+01,-2.200637245178222656e+01,-1.809631919860839844e+01,-1.507157421112060547e+01,-1.616078948974609375e+01,-1.101576232910156250e+01,-2.620801448822021484e+00,-8.059855461120605469e+00,-1.177294349670410156e+01,-1.354098320007324219e+01,-1.491539478302001953e+01,-1.129838371276855469e+01,-9.391183853149414062e+00,-4.668787956237792969e+00,-2.879765748977661133e+00,-6.350229263305664062e+00,-4.510735034942626953e+00,-5.164801120758056641e+00,-4.237236976623535156e+00,2.128450155258178711e+00,1.960067272186279297e+00,1.051387488842010498e-01,-4.546562671661376953e+00,-3.385373115539550781e+00,8.167028427124023438e-04,8.241959214210510254e-01,-1.267576694488525391e+00,3.314508497714996338e-01,-1.909240961074829102e+00,-2.090590000152587891e+00,-4.021596908569335938e+00,-2.400668859481811523e-01,-1.044041395187377930e+00,-3.675090789794921875e+00,-1.612211227416992188e+00,-2.076708793640136719e+00,-8.016309738159179688e+00,-4.285102844238281250e+00,-1.046087026596069336e+00,-4.314998626708984375e+00,-1.034422206878662109e+01,-4.862501144409179688e+00,-3.584534168243408203e+00,-3.243793725967407227e+00,-5.443518638610839844e+00,-2.926794767379760742e+00,-5.635509967803955078e+00,-2.242919921875000000e+01,-2.495384597778320312e+01,-3.009911346435546875e+01,-3.239830017089843750e+01,-3.671925354003906250e+01,-4.099979782104492188e+01,-4.717541503906250000e+01,-4.852767181396484375e+01,-4.532574844360351562e+01,-3.714420318603515625e+01,-2.806878662109375000e+01,-2.922944259643554688e+01,-3.324588775634765625e+01,-2.758884811401367188e+01,-2.655447006225585938e+01,-3.268659210205078125e+01,-3.211200714111328125e+01,-3.530790328979492188e+01,-3.042490768432617188e+01,-3.208638763427734375e+01,-2.478587532043457031e+01,-1.230610466003417969e+01,-1.051079845428466797e+01,-1.046949005126953125e+01,-5.554501533508300781e+00,-8.185150146484375000e+00,-1.173956012725830078e+01,-1.724516868591308594e+01,-2.114007568359375000e+01,-1.915102386474609375e+01,-2.126252746582031250e+01,-2.138320541381835938e+01,-2.390729904174804688e+01,-2.726375770568847656e+01,-2.821923065185546875e+01,-2.155542373657226562e+01,-2.290440368652343750e+01,-2.444400596618652344e+01,-2.429439926147460938e+01,-1.637487983703613281e+01,-8.724432945251464844e+00,-4.102634429931640625e+00,-2.393241643905639648e+00,-4.436399459838867188e+00,-1.242948055267333984e+01,-1.939157676696777344e+01,-2.441963195800781250e+01,-2.401453590393066406e+01,-2.003826904296875000e+01,-1.067493724822998047e+01,-1.124194622039794922e+01,-2.234010696411132812e+01,-2.887644958496093750e+01,-3.161011505126953125e+01,-2.551528930664062500e+01,-1.563511276245117188e+01,-2.625165939331054688e+01,-3.555577850341796875e+01,-3.324543762207031250e+01,-2.786832809448242188e+01,-3.523267364501953125e+01,-3.870363998413085938e+01,-3.764048004150390625e+01,-3.102370834350585938e+01,-3.407765960693359375e+01,-2.698084068298339844e+01,-2.283729743957519531e+01,-3.253777313232421875e+01,-3.663585662841796875e+01,-3.643603515625000000e+01,-4.271486663818359375e+01,-4.287595367431640625e+01,-3.772465133666992188e+01,-4.649930191040039062e+01,-5.434947204589843750e+01,-5.625624847412109375e+01,-5.525201034545898438e+01,-4.925149536132812500e+01,-3.947622680664062500e+01,-3.106131362915039062e+01,-2.568580627441406250e+01,-2.039912414550781250e+01,-1.830470657348632812e+01,-2.474940109252929688e+01,-2.695000648498535156e+01,-3.840620422363281250e+01,-4.431705856323242188e+01,-4.027507781982421875e+01,-4.222555923461914062e+01,-4.560266113281250000e+01,-3.883079910278320312e+01,-3.120167541503906250e+01,-2.451433563232421875e+01,-2.210684394836425781e+01,-1.998212623596191406e+01,-1.790422058105468750e+01,-1.881779861450195312e+01,-1.505637550354003906e+01,-4.769930839538574219e+00,-4.698870182037353516e+00,-7.220356464385986328e+00,-7.133473873138427734e+00,-6.149322986602783203e+00,-7.411927700042724609e+00,-4.357779026031494141e+00,-1.137298226356506348e+00,-5.829993724822998047e+00,-8.105592727661132812e+00,-3.774278402328491211e+00,-1.803289175033569336e+00,-4.181258201599121094e+00,-3.295007348060607910e-01,-4.392125129699707031e+00,-5.990190029144287109e+00,-7.908469200134277344e+00,-1.173704147338867188e+01,-1.279421234130859375e+01,-8.151489257812500000e+00,-2.722582817077636719e+00,-2.669879674911499023e+00,-1.649399995803833008e+00,-5.022089004516601562e+00,-5.174820899963378906e+00,-6.945414066314697266e+00,-6.677690505981445312e+00,-6.500588417053222656e+00,-5.579318046569824219e+00,-1.269434547424316406e+01,-3.084537506103515625e+01,-3.281413650512695312e+01,-2.755183410644531250e+01,-2.472314071655273438e+01,-3.125832176208496094e+01,-3.377630233764648438e+01,-3.528159332275390625e+01,-3.187894821166992188e+01,-2.898561859130859375e+01,-2.335453033447265625e+01,-2.479294586181640625e+01,-2.242233276367187500e+01,-1.883002662658691406e+01,-1.593456554412841797e+01,-1.883138656616210938e+01,-1.738714981079101562e+01,-2.566166496276855469e+01,-3.242364501953125000e+01,-3.275762939453125000e+01,-3.732029342651367188e+01,-4.901757812500000000e+01,-5.824428176879882812e+01,-5.452925109863281250e+01,-4.976863098144531250e+01,-5.435519790649414062e+01,-5.652407455444335938e+01,-5.180591964721679688e+01,-4.219420242309570312e+01,-3.778482818603515625e+01,-3.336748123168945312e+01,-2.504670333862304688e+01,-1.571125411987304688e+01,-1.576966667175292969e+01,-1.285891246795654297e+01,-8.397744178771972656e+00,-7.091566085815429688e+00,-7.030714035034179688e+00,-7.068893909454345703e+00,-1.993176698684692383e+00,-1.309734106063842773e+00,-8.258699417114257812e+00,-9.494459152221679688e+00,-1.178971004486083984e+01,-2.525461578369140625e+01,-2.825867080688476562e+01,-3.456211853027343750e+01,-3.666651153564453125e+01,-2.697381591796875000e+01,-3.419673919677734375e+01,-4.763829040527343750e+01,-5.463555145263671875e+01,-4.977590942382812500e+01,-5.206947326660156250e+01,-5.231429672241210938e+01,-4.905988311767578125e+01,-5.314469528198242188e+01,-5.908651733398437500e+01,-5.636167144775390625e+01,-5.246147918701171875e+01,-4.741645812988281250e+01,-3.784837722778320312e+01,-2.951351356506347656e+01,-2.672972488403320312e+01,-2.885517692565917969e+01,-2.893362045288085938e+01,-2.891282081604003906e+01,-3.036989784240722656e+01,-3.448133850097656250e+01,-3.690752410888671875e+01,-3.404992675781250000e+01,-2.843679046630859375e+01,-1.792168617248535156e+01,-1.565242958068847656e+01,-1.108408737182617188e+01,-6.778135299682617188e+00,-3.542042016983032227e+00,-1.356845378875732422e+00,-1.075382232666015625e+00,-2.541866540908813477e+00,-1.333451461791992188e+01,-1.982881355285644531e+01,-2.083412551879882812e+01,-1.555214977264404297e+01,-1.197305488586425781e+01,-2.110444259643554688e+01,-2.702835464477539062e+01,-3.084460258483886719e+01,-2.876675987243652344e+01,-2.342855834960937500e+01,-2.636108398437500000e+01,-2.354377174377441406e+01,-1.947154998779296875e+01,-1.542277717590332031e+01,-1.900087738037109375e+01,-2.529294013977050781e+01,-2.638775634765625000e+01,-2.594964408874511719e+01,-2.185027313232421875e+01,-1.730346870422363281e+01,-1.583006668090820312e+01,-1.266242218017578125e+01,-1.482380294799804688e+01,-1.264773368835449219e+01,-6.793807983398437500e+00,-1.013255882263183594e+01,-5.762201309204101562e+00,3.096005916595458984e+00,1.465947031974792480e+00,-7.568761825561523438e+00,-1.440559482574462891e+01,-2.340256881713867188e+01,-2.362727737426757812e+01,-2.444559097290039062e+01,-1.736525344848632812e+01,-1.079888057708740234e+01,-5.006787300109863281e+00,-3.070640087127685547e+00,-1.503740882873535156e+01,-2.381834793090820312e+01,-2.575878906250000000e+01,-2.293815231323242188e+01,-2.268083953857421875e+01,-1.606517410278320312e+01,-1.593234443664550781e+01,-1.078168487548828125e+01,-5.016693115234375000e+00,-6.249978065490722656e+00,-6.730539321899414062e+00,-8.923063278198242188e+00,-1.090838813781738281e+01,-9.628691673278808594e+00,-8.321163177490234375e+00,-7.594866752624511719e+00,-7.523944377899169922e+00,-9.900705337524414062e+00,-5.846945285797119141e+00,4.179992198944091797e+00,4.722365856170654297e+00,-4.965889453887939453e-02,-1.978477001190185547e+00,-5.136220455169677734e+00,-1.350770568847656250e+01,-1.270617103576660156e+01,-6.958148956298828125e+00,-4.609203338623046875e+00,-5.273921012878417969e+00,-7.632522583007812500e+00,-9.457153320312500000e+00,-1.691024780273437500e+01,-2.583947372436523438e+01,-2.189470291137695312e+01,-1.344469833374023438e+01,-8.051395416259765625e+00,-6.813086509704589844e+00,-1.865259170532226562e+01,-2.779831695556640625e+01,-3.020483970642089844e+01,-3.445308303833007812e+01,-3.142766571044921875e+01,-2.341580581665039062e+01,-1.702930068969726562e+01,-1.533792877197265625e+01,-1.495536422729492188e+01,-1.171878623962402344e+01,-1.709224319458007812e+01,-1.365363311767578125e+01,-1.564320755004882812e+01,-2.347620391845703125e+01,-1.920098114013671875e+01,-1.053543090820312500e+01,-8.640138626098632812e+00,-6.884176254272460938e+00,-1.839635848999023438e+00,-6.544743537902832031e+00,-8.484142303466796875e+00,-1.736861419677734375e+01,-2.867221832275390625e+01,-3.951808166503906250e+01,-4.131365966796875000e+01,-3.929341125488281250e+01,-4.286670303344726562e+01,-4.433517456054687500e+01,-3.975233459472656250e+01,-3.687109375000000000e+01,-3.362527847290039062e+01,-2.473992919921875000e+01,-2.866873931884765625e+01,-4.721691131591796875e+01,-5.313900756835937500e+01,-5.113645935058593750e+01,-4.956593322753906250e+01,-4.437179183959960938e+01,-4.381273651123046875e+01,-4.058266448974609375e+01,-3.538009643554687500e+01,-3.152121543884277344e+01,-2.855442810058593750e+01,-3.015164375305175781e+01,-2.264865875244140625e+01,-2.910094451904296875e+01,-3.474981689453125000e+01,-3.132411384582519531e+01,-2.775740432739257812e+01,-2.594983673095703125e+01,-1.631789016723632812e+01,-7.335149765014648438e+00,-5.375930786132812500e+00,-8.390633583068847656e+00,-1.367911720275878906e+01,-1.503646278381347656e+01,-2.085456466674804688e+01,-2.552989959716796875e+01,-1.868938636779785156e+01,-6.582056045532226562e+00,-8.283747673034667969e+00,-4.971179008483886719e+00,-5.550850868225097656e+00,-1.072419357299804688e+01,-1.559295940399169922e+01,-1.440386199951171875e+01,-1.157783317565917969e+01,-1.357028961181640625e+01,-2.508249664306640625e+01,-3.389781188964843750e+01,-3.776347732543945312e+01,-3.852644348144531250e+01,-3.265360641479492188e+01,-1.729106521606445312e+01,-1.507346343994140625e+01,-1.138848876953125000e+01,-7.676461219787597656e+00,-1.275524711608886719e+01,-1.601844596862792969e+01,-2.003072357177734375e+01,-1.810302352905273438e+01,-1.680864143371582031e+01,-2.065702819824218750e+01,-2.152394676208496094e+01,-2.345466613769531250e+01,-2.224787712097167969e+01,-1.531269645690917969e+01,-4.092139244079589844e+00,-2.607009887695312500e+00,-2.015571594238281250e+01,-2.896997833251953125e+01,-2.804709815979003906e+01,-2.819022750854492188e+01,-2.791487503051757812e+01,-3.029210281372070312e+01,-2.984220504760742188e+01,-3.629907989501953125e+01,-4.420552062988281250e+01,-4.299829101562500000e+01,-3.778641891479492188e+01,-3.209208679199218750e+01,-2.767960929870605469e+01,-2.426085662841796875e+01,-2.335997962951660156e+01,-1.721865463256835938e+01,-1.281099700927734375e+01,-1.310042572021484375e+01,-1.238530158996582031e+01,-1.139159011840820312e+01,-9.624876022338867188e+00,-6.514266014099121094e+00,-4.645711898803710938e+00,-1.101396799087524414e+00,-1.956428527832031250e+00,-9.885396957397460938e+00,-9.039619445800781250e+00,-9.263781547546386719e+00,-1.070598030090332031e+01,-1.189674186706542969e+01,-2.407379913330078125e+01,-3.562253570556640625e+01,-3.087720489501953125e+01,-2.290590476989746094e+01,-2.091524505615234375e+01,-1.851321983337402344e+01,-1.408821582794189453e+01,-1.482294654846191406e+01,-1.725275421142578125e+01,-1.651508903503417969e+01,-1.703134918212890625e+01,-1.421041488647460938e+01,-9.460578918457031250e+00,-1.044624328613281250e+01,-1.189008903503417969e+01,-1.574588584899902344e+01,-2.095869064331054688e+01,-2.319734954833984375e+01,-1.817850112915039062e+01,-1.652864074707031250e+01,-1.414027786254882812e+01,-1.915427017211914062e+01,-2.606720733642578125e+01,-1.725683212280273438e+01,-1.395353221893310547e+01,-1.078341865539550781e+01,-4.912634849548339844e+00,-1.310062313079833984e+01,-2.246576309204101562e+01,-2.679996109008789062e+01,-2.603142166137695312e+01,-2.224204635620117188e+01,-2.044618225097656250e+01,-1.965403747558593750e+01,-2.152307128906250000e+01,-2.277704048156738281e+01,-2.685135650634765625e+01,-2.686911773681640625e+01,-2.463022613525390625e+01,-2.860173797607421875e+01,-3.366151428222656250e+01,-3.200217056274414062e+01,-2.664374160766601562e+01,-2.635525512695312500e+01,-2.099250030517578125e+01,-1.959782218933105469e+01,-2.154162979125976562e+01,-2.185070419311523438e+01,-2.115375328063964844e+01,-1.591265296936035156e+01,-8.174513816833496094e+00,-7.103013038635253906e+00,-9.900370597839355469e+00,-1.365029525756835938e+01,-1.857646560668945312e+01,-2.210699081420898438e+01,-2.901492691040039062e+01,-3.078321075439453125e+01,-2.975140380859375000e+01,-3.139189910888671875e+01,-3.172675704956054688e+01,-3.735638427734375000e+01,-3.648524475097656250e+01,-3.161162757873535156e+01,-3.033073616027832031e+01,-3.532635116577148438e+01,-4.006769180297851562e+01,-4.245401763916015625e+01,-4.099947357177734375e+01,-3.197319793701171875e+01,-2.708622360229492188e+01,-2.424805641174316406e+01,-1.840688133239746094e+01,-1.442860031127929688e+01,-1.587639427185058594e+01,-2.434642028808593750e+01,-2.548019599914550781e+01,-2.365042877197265625e+01,-1.826124191284179688e+01,-1.129391574859619141e+01,-1.919604873657226562e+01,-1.934399414062500000e+01,-2.200265121459960938e+01,-3.122935295104980469e+01,-3.352155685424804688e+01,-2.506912994384765625e+01,-1.578544902801513672e+01,-1.183575057983398438e+01,-8.275076866149902344e+00,-1.276750087738037109e+01,-1.010641670227050781e+01,-3.497252225875854492e+00,-4.585384368896484375e+00,-1.249778461456298828e+01,-2.117931365966796875e+01,-2.202215576171875000e+01,-2.188544082641601562e+01,-1.857073974609375000e+01,-1.486239814758300781e+01,-8.928386688232421875e+00,-8.470481872558593750e+00,-1.095256614685058594e+01,-1.019633293151855469e+01,-1.271659278869628906e+01,-2.073769187927246094e+01,-2.197605133056640625e+01,-1.946835327148437500e+01,-1.342701148986816406e+01,-1.348293590545654297e+01,-1.637524795532226562e+01,-2.518780136108398438e+01,-3.049951553344726562e+01,-3.594156646728515625e+01,-3.290935897827148438e+01,-2.770197105407714844e+01,-3.163264083862304688e+01,-5.052032470703125000e+01,-5.958499908447265625e+01,-5.774695587158203125e+01,-4.822676849365234375e+01,-4.955494689941406250e+01,-4.886251831054687500e+01,-4.906856918334960938e+01,-4.680183410644531250e+01,-4.054167175292968750e+01,-3.456406402587890625e+01,-3.027829742431640625e+01,-2.510151100158691406e+01,-2.375417900085449219e+01,-2.231977844238281250e+01,-1.846701431274414062e+01,-1.233412933349609375e+01,-8.000395774841308594e+00,7.952222228050231934e-01,2.676969528198242188e+00,-1.412640857696533203e+01,-2.741036033630371094e+01,-3.100672149658203125e+01,-2.706517410278320312e+01,-2.024825668334960938e+01,-1.654289817810058594e+01,-3.281721878051757812e+01,-5.143660736083984375e+01,-5.923819732666015625e+01,-5.756439208984375000e+01,-5.818443679809570312e+01,-5.044252014160156250e+01,-4.190977478027343750e+01,-3.610406112670898438e+01,-3.830590820312500000e+01,-3.500280761718750000e+01,-2.895610809326171875e+01,-3.187837219238281250e+01,-2.951131439208984375e+01,-2.635127067565917969e+01,-2.064336013793945312e+01,-1.024815177917480469e+01,-9.198757171630859375e+00,-9.258873939514160156e+00,-1.596538352966308594e+01,-1.698847007751464844e+01,-1.082128810882568359e+01,-4.539662837982177734e+00,-2.410979270935058594e+00,-2.015090703964233398e+00,-4.172720909118652344e+00,-2.814848184585571289e+00,-1.163584589958190918e+00,-3.464503049850463867e+00,-4.822505950927734375e+00,-7.184146404266357422e+00,-9.028303146362304688e+00,-5.819572448730468750e+00,-2.358400106430053711e+00,-4.700342178344726562e+00,-6.804710865020751953e+00,-7.016819953918457031e+00,-7.709338188171386719e+00,-8.739870071411132812e+00,-1.169125843048095703e+01,-1.078371810913085938e+01,-1.140669727325439453e+01,-6.978376388549804688e+00,-4.781919002532958984e+00,-4.743330478668212891e+00,8.543789386749267578e-01,-4.499770164489746094e+00,-6.254534721374511719e+00,-1.968212127685546875e+00,4.949802756309509277e-01,-8.458738327026367188e+00,-9.776683807373046875e+00,-1.638217544555664062e+01,-3.800313186645507812e+01,-5.440372085571289062e+01,-5.575435638427734375e+01,-5.308454895019531250e+01,-4.925798416137695312e+01,-4.528776550292968750e+01,-3.396600341796875000e+01,-2.878814125061035156e+01,-2.475085830688476562e+01,-2.012790489196777344e+01,-2.604287719726562500e+01,-3.554039764404296875e+01,-3.838434600830078125e+01,-3.493350219726562500e+01,-3.552863311767578125e+01,-3.224634552001953125e+01,-3.057245254516601562e+01,-2.970956420898437500e+01,-2.103869247436523438e+01,-1.524074268341064453e+01,-1.255311489105224609e+01,-1.023539543151855469e+01,-5.300831794738769531e+00,-4.735649108886718750e+00,-6.360832214355468750e+00,-1.507753944396972656e+01,-2.101511001586914062e+01,-1.880553817749023438e+01,-1.270621490478515625e+01,-7.301808357238769531e+00,-9.645211219787597656e+00,-1.070887756347656250e+01,-6.291631698608398438e+00,-6.046787261962890625e+00,-1.238770866394042969e+01,-1.724690628051757812e+01,-2.746126747131347656e+01,-3.014448738098144531e+01,-3.145397567749023438e+01,-3.356370925903320312e+01,-3.082836341857910156e+01,-2.351613998413085938e+01,-2.437168502807617188e+01,-2.808685302734375000e+01,-3.331378555297851562e+01,-3.749504089355468750e+01,-3.034964752197265625e+01,-2.936943435668945312e+01,-2.953387451171875000e+01,-2.240032958984375000e+01,-1.294093227386474609e+01,-7.940814018249511719e+00,-1.591092109680175781e+00,4.494229316711425781e+00,5.081044197082519531e+00,3.943161487579345703e+00,1.844956636428833008e+00,1.179855704307556152e+00,6.536846160888671875e+00,4.095051765441894531e+00,3.668603897094726562e-01,6.864867210388183594e-01,-6.075290203094482422e+00,-1.274584388732910156e+01,-7.726167678833007812e+00,-3.929821014404296875e+00,-5.181655883789062500e+00,-1.486401557922363281e+01,-1.325846290588378906e+01,-8.546512603759765625e+00,-4.455024719238281250e+00,-5.392361640930175781e+00,-1.210216641426086426e+00,5.717904090881347656e+00,-1.141348361968994141e+00,2.629454374313354492e+00,4.321262836456298828e+00,1.600418806076049805e+00,-2.877272129058837891e+00,-9.226379394531250000e+00,-1.324085235595703125e+01,-1.606803894042968750e+01,-1.503517532348632812e+01,-8.933351516723632812e+00,-1.048106193542480469e+01,-1.039656066894531250e+01,-1.452714920043945312e+01,-1.776786422729492188e+01,-1.721023941040039062e+01,-1.223238182067871094e+01,-3.203440189361572266e+00,-4.188675403594970703e+00,-2.389832258224487305e+00,-2.161647081375122070e-01,-1.102975463867187500e+01,-1.620261764526367188e+01,-1.643104934692382812e+01,-1.558460617065429688e+01,-1.544485282897949219e+01,-1.550883102416992188e+01,-2.378718948364257812e+01,-3.232253646850585938e+01,-3.411550521850585938e+01,-3.417960739135742188e+01,-4.061542892456054688e+01,-3.730693435668945312e+01,-3.473347854614257812e+01,-3.376749420166015625e+01,-3.550257110595703125e+01,-3.486837768554687500e+01,-3.231623458862304688e+01,-2.931212615966796875e+01,-2.533878326416015625e+01,-2.103636550903320312e+01,-1.649685287475585938e+01,-1.431172561645507812e+01,-1.295525550842285156e+01,-1.385951614379882812e+01,-9.301193237304687500e+00,-8.154617547988891602e-01,1.876649022102355957e+00,4.621335268020629883e-01,-2.663057446479797363e-01,-2.471266090869903564e-01,-2.285090923309326172e+00,4.782079219818115234e+00,6.291899204254150391e+00,6.716412544250488281e+00,3.567483901977539062e+00,4.266585826873779297e+00,1.788516402244567871e+00,2.610035240650177002e-01,-4.851408004760742188e+00,-6.214062690734863281e+00,-1.199923515319824219e+00,-3.421529769897460938e+00,-1.714185714721679688e+00,8.306584358215332031e-01,-2.627190113067626953e+00,-1.986662626266479492e+00,-3.154821395874023438e+00,-9.421144485473632812e+00,-5.272768974304199219e+00,-3.918707132339477539e+00,-5.141062259674072266e+00,-6.497185707092285156e+00,2.916212081909179688e+00,2.894696712493896484e+00,2.117486298084259033e-02,-4.931601047515869141e+00,-5.738824844360351562e+00,-3.018776178359985352e+00,-1.544179916381835938e+00,7.346648573875427246e-01,-4.016722679138183594e+00,-9.404104232788085938e+00,-6.762406349182128906e+00,-1.086719799041748047e+01,-1.454434108734130859e+01,-1.596192550659179688e+01,-1.532002067565917969e+01,-1.558045482635498047e+01,-1.804278945922851562e+01,-2.920993804931640625e+01,-3.535161590576171875e+01,-3.252417755126953125e+01,-2.951999282836914062e+01,-2.273390960693359375e+01,-2.184449386596679688e+01,-2.254679298400878906e+01,-1.942415237426757812e+01,-1.500777053833007812e+01,-1.176083946228027344e+01,-1.036705017089843750e+01,-1.152422714233398438e+01,-8.812074661254882812e+00,-4.673399448394775391e+00,-7.461538314819335938e+00,-3.090236425399780273e+00,1.480545401573181152e+00,-1.480243921279907227e+00,-1.498667597770690918e-01,2.728411436080932617e+00,3.069982051849365234e+00,-2.556961059570312500e+00,-1.670448303222656250e+00,-7.428116798400878906e-01,-2.419607937335968018e-01,-2.075986623764038086e+00,-6.286714076995849609e+00,-3.841488122940063477e+00,9.229671955108642578e-01,7.297018170356750488e-01,-2.959022998809814453e+00,-1.740176200866699219e+00,7.972882986068725586e-01,8.906374573707580566e-01,-8.566281795501708984e-01,1.063442945480346680e+00,-1.506664156913757324e+00,-3.713941812515258789e+00,-1.331072568893432617e+00,5.020419120788574219e+00,3.027230978012084961e+00,1.229070425033569336e+00,2.950355768203735352e+00,1.552141904830932617e+00,2.276501357555389404e-01,2.128492116928100586e+00,-2.796634674072265625e+00,-9.105312347412109375e+00,-1.314456748962402344e+01,-1.279158592224121094e+01,-1.218088722229003906e+01,-1.717615127563476562e+01,-2.068453407287597656e+01,-2.391543960571289062e+01,-1.803620910644531250e+01,-1.021068477630615234e+01,-9.179973602294921875e+00,-1.321281433105468750e+01,-1.120248794555664062e+01,-2.561352491378784180e+00,5.014735221862792969e+00,1.069536018371582031e+01,9.352388381958007812e+00,8.481601715087890625e+00,4.303202629089355469e-01,-3.488239765167236328e+00,-5.001451492309570312e+00,-5.989537239074707031e+00,-5.955446243286132812e+00,-8.245766639709472656e+00,-2.750315427780151367e+00,-8.315536379814147949e-01,1.921974897384643555e+00,2.433364391326904297e+00,-7.104586362838745117e-01,-1.029201745986938477e-01,-1.560502409934997559e+00,-2.829274654388427734e+00,-3.823698520660400391e+00,-1.074894809722900391e+01,-7.034972190856933594e+00,1.584133863449096680e+00,4.442247390747070312e+00,3.045744657516479492e+00,9.286581039428710938e+00,1.181838798522949219e+01,2.805178165435791016e+00,-7.793821334838867188e+00,-1.956282997131347656e+01,-2.875584411621093750e+01,-3.483775711059570312e+01,-3.187857437133789062e+01,-2.826817703247070312e+01,-2.899753570556640625e+01,-2.588703536987304688e+01,-2.361922454833984375e+01,-2.414788246154785156e+01,-2.320467376708984375e+01,-2.377402496337890625e+01,-1.971103096008300781e+01,-3.216547012329101562e+01,-4.406775665283203125e+01,-5.552144622802734375e+01,-6.468988800048828125e+01,-6.162923431396484375e+01,-5.293115997314453125e+01,-4.761145782470703125e+01,-5.017683410644531250e+01,-5.057075881958007812e+01,-4.699639129638671875e+01,-3.911858367919921875e+01,-3.037108612060546875e+01,-2.344607162475585938e+01,-2.168571472167968750e+01,-1.954251480102539062e+01,-1.636743354797363281e+01,-1.661411857604980469e+01,-7.294779777526855469e+00,-1.934889316558837891e+00,-3.608177661895751953e+00,-1.072589683532714844e+01,-2.145509338378906250e+01,-2.490268325805664062e+01,-1.551255035400390625e+01,-9.188390731811523438e+00,-7.783145904541015625e+00,-2.630614757537841797e+00,-4.234000682830810547e+00,-4.408934593200683594e+00,-4.525257110595703125e+00,-1.542315483093261719e+00,-7.988133430480957031e-01,-1.302571177482604980e+00,-7.081607580184936523e-01,-3.388037919998168945e+00,-5.125300884246826172e+00,-7.314617633819580078e+00,-2.038306713104248047e+00,-3.211383223533630371e-01,-3.886441230773925781e+00,6.257385611534118652e-01,3.691586494445800781e+00,2.204660177230834961e+00,2.758115291595458984e+00,4.253263950347900391e+00,2.189848184585571289e+00,4.395700395107269287e-01,3.149789810180664062e+00,1.299561500549316406e+00,-5.200565338134765625e+00,-8.238162994384765625e+00,-1.407591819763183594e+01,-8.889144897460937500e+00,1.362067222595214844e+00,-1.941611528396606445e+00,-7.714534282684326172e+00,-5.658908367156982422e+00,-1.013615798950195312e+01,-7.310646533966064453e+00,-4.089413642883300781e+00,-8.581859588623046875e+00,-1.625448608398437500e+01,-2.450752639770507812e+01,-3.252693176269531250e+01,-3.106280326843261719e+01,-2.346473312377929688e+01,-2.276377868652343750e+01,-2.068012237548828125e+01,-1.981862258911132812e+01,-2.297990798950195312e+01,-2.446821022033691406e+01,-2.312537765502929688e+01,-2.121212768554687500e+01,-1.628726959228515625e+01,-1.252946090698242188e+01,-1.423219108581542969e+01,-1.231868171691894531e+01,-3.736363887786865234e+00,-6.164717674255371094e+00,-7.226572990417480469e+00,-6.511475086212158203e+00,-5.800048828125000000e+00,-3.688861846923828125e+00,-2.685476779937744141e+00,-1.528138399124145508e+00,-1.111830115318298340e+00,-2.821770906448364258e+00,1.147261142730712891e+00,-2.278309583663940430e+00,-6.991855621337890625e+00,-8.312143325805664062e+00,-1.478559398651123047e+01,-2.320179939270019531e+01,-3.221933746337890625e+01,-2.914120483398437500e+01,-2.271752929687500000e+01,-2.265488624572753906e+01,-2.101052474975585938e+01,-1.798531532287597656e+01,-1.193781280517578125e+01,-1.069036006927490234e+01,-1.006961631774902344e+01,-1.448185539245605469e+01,-2.093932723999023438e+01,-2.337566947937011719e+01,-2.413286590576171875e+01,-1.782694435119628906e+01,-1.219753074645996094e+01,-9.853722572326660156e+00,-6.173783302307128906e+00,-8.158708572387695312e+00,-1.077308368682861328e+01,-1.117305946350097656e+01,-3.462822437286376953e+00,-1.835153341293334961e+00,-9.964204788208007812e+00,-1.098658275604248047e+01,-1.209475898742675781e+01,-9.030155181884765625e+00,-6.289055824279785156e+00,-8.180876731872558594e+00,-1.093684768676757812e+01,-1.413557529449462891e+01,-1.530241489410400391e+01,-1.430258941650390625e+01,-1.152296257019042969e+01,-7.212027549743652344e+00,-9.331533432006835938e+00,-1.171080207824707031e+01,-7.359879970550537109e+00,-2.240397453308105469e+00,3.827019214630126953e+00,7.788479328155517578e-02,1.794588208198547363e+00,5.237081050872802734e+00,1.340135812759399414e+00,4.265527248382568359e+00,1.721336245536804199e+00,3.923852145671844482e-01,4.317365646362304688e+00,1.199372291564941406e+00,-1.703225493431091309e+00,-6.088635921478271484e+00,-3.080339670181274414e+00,6.730685830116271973e-01,-2.621175050735473633e-01,-7.152235507965087891e-01,-2.816086292266845703e+00,-3.668481349945068359e+00,-5.971304416656494141e+00,-5.540546417236328125e+00,-1.197305679321289062e+01,-1.133251094818115234e+01,-8.995830535888671875e+00,-8.016719818115234375e+00,4.521900415420532227e-01,2.553600072860717773e+00,-2.875291347503662109e+00,-1.613641357421875000e+01,-2.428723907470703125e+01,-2.698285293579101562e+01,-2.915964126586914062e+01,-3.275371170043945312e+01,-3.856230163574218750e+01,-4.152897644042968750e+01,-3.863911819458007812e+01,-4.186093139648437500e+01,-4.569745254516601562e+01,-3.496551132202148438e+01,-2.383060836791992188e+01,-1.283510208129882812e+01,-4.954756736755371094e+00,-1.121299934387207031e+01,-1.646053886413574219e+01,-2.205063629150390625e+01,-2.261246299743652344e+01,-1.889568710327148438e+01,-1.161247825622558594e+01,-1.645525360107421875e+01,-1.785079956054687500e+01,-7.153410911560058594e+00,-7.805968284606933594e+00,-1.027679729461669922e+01,-1.233542060852050781e+01,-1.314247035980224609e+01,-1.449654388427734375e+01,-1.038268661499023438e+01,-1.272588157653808594e+01,-1.761587524414062500e+01,-2.474125289916992188e+01,-2.903399085998535156e+01,-2.534112167358398438e+01,-2.132713317871093750e+01,-2.137320327758789062e+01,-2.344556617736816406e+01,-2.178784942626953125e+01,-1.753786468505859375e+01,-1.430142498016357422e+01,-1.432636070251464844e+01,-1.107632446289062500e+01,-5.927457809448242188e+00,-1.965426063537597656e+01,-2.986528968811035156e+01,-2.214945983886718750e+01,-1.493826293945312500e+01,-1.412540435791015625e+01,-7.180307388305664062e+00,-1.114860153198242188e+01,-2.150242805480957031e+01,-2.636322975158691406e+01,-2.675447082519531250e+01,-2.279220008850097656e+01,-1.834468078613281250e+01,-2.394686317443847656e+01,-1.926240348815917969e+01,-2.021280097961425781e+01,-2.057245254516601562e+01,-2.784810256958007812e+01,-3.327842712402343750e+01,-2.987517929077148438e+01,-2.352023506164550781e+01,-3.820891189575195312e+01,-5.492217636108398438e+01,-6.263020706176757812e+01,-6.452845764160156250e+01,-6.038896942138671875e+01,-5.942192077636718750e+01,-6.293834304809570312e+01,-6.311554336547851562e+01,-5.986182785034179688e+01,-5.822470474243164062e+01,-5.370037841796875000e+01,-4.824264526367187500e+01,-3.934206390380859375e+01,-3.147090148925781250e+01,-2.866938972473144531e+01,-2.576918411254882812e+01,-2.421679306030273438e+01,-2.210050201416015625e+01,-3.335956192016601562e+01,-3.866326904296875000e+01,-3.952488708496093750e+01,-4.235542297363281250e+01,-4.094429779052734375e+01,-4.236440658569335938e+01,-3.912421798706054688e+01,-3.065510940551757812e+01,-2.200899505615234375e+01,-2.235895156860351562e+01,-1.865018463134765625e+01,-1.032433128356933594e+01,-3.740465164184570312e+00,-3.447664499282836914e+00,-6.923228263854980469e+00,-4.158357143402099609e+00,-4.157371044158935547e+00,-3.610483884811401367e+00,-5.581171989440917969e+00,-3.554180145263671875e+00,-2.164402484893798828e+00,-4.021488189697265625e+00,1.288789987564086914e+00,3.938653469085693359e+00,-1.487858772277832031e+00,-3.845594882965087891e+00,-7.389514923095703125e+00,-7.297355651855468750e+00,-4.235641479492187500e+00,-6.951533555984497070e-01,-6.118662834167480469e+00,-1.071778202056884766e+01,-8.217238426208496094e+00,-1.128917813301086426e+00,-1.823952436447143555e+00,-1.371072769165039062e+01,-1.570658206939697266e+01,-1.764418601989746094e+01,-2.542907714843750000e+01,-2.875175857543945312e+01,-2.833843612670898438e+01,-2.400523948669433594e+01,-1.919970321655273438e+01,-1.372408771514892578e+01,-9.057922363281250000e+00,-1.777924728393554688e+01,-2.567013168334960938e+01,-2.153754425048828125e+01,-1.141247558593750000e+01,-5.942225456237792969e+00,-1.738062095642089844e+01,-3.035059738159179688e+01,-2.490628242492675781e+01,-1.478588294982910156e+01,-8.952543258666992188e+00,-1.918729782104492188e+01,-2.366353416442871094e+01,-2.664160346984863281e+01,-3.447293472290039062e+01,-3.639805221557617188e+01,-3.039095306396484375e+01,-3.023746871948242188e+01,-2.701945495605468750e+01,-2.131034851074218750e+01,-1.134304046630859375e+01,-1.538983821868896484e+01,-1.818554878234863281e+01,-2.252339935302734375e+01,-2.474113655090332031e+01,-2.210968780517578125e+01,-1.252131175994873047e+01,-1.467502403259277344e+01,-1.911931228637695312e+01,-2.757188796997070312e+01,-2.853319549560546875e+01,-2.516630935668945312e+01,-2.324700355529785156e+01,-1.844504928588867188e+01,-1.341931152343750000e+01,-5.246335983276367188e+00,-8.075024604797363281e+00,-1.567113494873046875e+01,-2.026760673522949219e+01,-2.671249389648437500e+01,-2.886260604858398438e+01,-3.181028556823730469e+01,-2.995895004272460938e+01,-2.415282058715820312e+01,-2.283248138427734375e+01,-3.205757904052734375e+01,-2.952135848999023438e+01,-2.040765762329101562e+01,-1.075187683105468750e+01,-1.016101074218750000e+01,-7.755118370056152344e+00,-8.974329948425292969e+00,-8.791036605834960938e+00,-1.504368972778320312e+01,-2.344781684875488281e+01,-2.830210494995117188e+01,-2.685335540771484375e+01,-2.058693885803222656e+01,-1.301963901519775391e+01,-8.836179733276367188e+00,-6.561210632324218750e+00,-1.355934619903564453e+00,-5.030711174011230469e+00,-2.092271614074707031e+01,-2.655167388916015625e+01,-2.115165519714355469e+01,-2.932727432250976562e+01,-3.159266662597656250e+01,-2.328914833068847656e+01,-1.982468032836914062e+01,-1.578130626678466797e+01,-1.829925918579101562e+01,-2.417849731445312500e+01,-2.751613044738769531e+01,-2.654182052612304688e+01,-2.599061203002929688e+01,-2.500020217895507812e+01,-1.727280044555664062e+01,-7.980508804321289062e+00,-8.798393249511718750e+00,-9.833805084228515625e+00,-1.128501129150390625e+01,-1.114587593078613281e+01,-1.065493583679199219e+01,-1.097562313079833984e+01,-1.298751831054687500e+01,-5.423708915710449219e+00,2.042036533355712891e+00,1.087854504585266113e-01,-5.346617698669433594e+00,-4.393528461456298828e+00,-3.665963649749755859e+00,-2.630213260650634766e+00,-3.291461944580078125e+00,2.892244100570678711e+00,4.228780865669250488e-01,-7.479388236999511719e+00,-3.967652320861816406e+00,-1.955445766448974609e+00,-3.643797636032104492e+00,-6.366003990173339844e+00,-1.283017730712890625e+01,-1.537731742858886719e+01,-1.836450386047363281e+01,-2.265176963806152344e+01,-1.327388763427734375e+01,-1.201639175415039062e+01,-1.430104064941406250e+01,-1.367292976379394531e+01,-1.368178176879882812e+01,-9.128300666809082031e+00,-7.782708168029785156e+00,-7.897169113159179688e+00,-8.209548950195312500e+00,-8.166070938110351562e+00,-9.888277053833007812e+00,-1.163737678527832031e+01,-1.221191883087158203e+01,-1.268350315093994141e+01,-9.678209304809570312e+00,-9.829326629638671875e+00,-7.291449546813964844e+00,-1.166167259216308594e+01,-1.340674686431884766e+01,-8.400286674499511719e+00,-1.135110092163085938e+01,-4.424640655517578125e+00,-3.647274494171142578e+00,-9.968668937683105469e+00,-6.583874702453613281e+00,-4.200251102447509766e+00,-3.201357364654541016e+00,-3.655200958251953125e+00,-6.173152446746826172e+00,-4.995504915714263916e-01,-1.018460392951965332e-01,-2.796588420867919922e+00,-1.268878555297851562e+01,-1.356932830810546875e+01,-1.105382347106933594e+01,-8.781620025634765625e+00,-4.763591587543487549e-01,-7.594318389892578125e+00,-2.957155990600585938e+01,-4.090746307373046875e+01,-4.572743225097656250e+01,-4.489773559570312500e+01,-4.081630706787109375e+01,-4.019163513183593750e+01,-3.228738784790039062e+01,-3.498566436767578125e+01,-4.157870483398437500e+01,-4.720135116577148438e+01,-4.636936950683593750e+01,-4.341157150268554688e+01,-4.138088989257812500e+01,-4.022507095336914062e+01,-4.240876770019531250e+01,-3.821942901611328125e+01,-3.749369049072265625e+01,-3.879241943359375000e+01,-3.960555648803710938e+01,-4.069339752197265625e+01,-3.173404312133789062e+01,-3.848362731933593750e+01,-4.575430297851562500e+01,-4.647736358642578125e+01,-4.973932647705078125e+01,-4.570494079589843750e+01,-3.959346389770507812e+01,-3.013907051086425781e+01,-2.936434936523437500e+01,-2.891117858886718750e+01,-2.929939079284667969e+01,-2.770310974121093750e+01,-1.858453559875488281e+01,-1.234737205505371094e+01,-1.147699165344238281e+01,-7.881261348724365234e+00,-4.528269767761230469e+00,-4.172554016113281250e+00,-6.132473945617675781e+00,-8.049294471740722656e+00,-7.627890586853027344e+00,-5.584602832794189453e+00,-8.606002807617187500e+00,-1.490120887756347656e+01,-2.751515960693359375e+01,-4.515616607666015625e+01,-4.715778350830078125e+01,-4.233461761474609375e+01,-3.482341766357421875e+01,-2.645976829528808594e+01,-2.613451004028320312e+01,-2.720759201049804688e+01,-2.476388931274414062e+01,-1.759166336059570312e+01,-1.388410758972167969e+01,-1.314229965209960938e+01,-2.278302764892578125e+01,-3.637366485595703125e+01,-3.346468353271484375e+01,-2.668459510803222656e+01,-2.045717239379882812e+01,-1.201057815551757812e+01,-2.055623769760131836e+00,6.205993652343750000e+00,1.121865153312683105e+00,-1.299810791015625000e+01,-1.815589904785156250e+01,-1.083851623535156250e+01,-2.584534645080566406e+00,-6.676500320434570312e+00,-7.633724212646484375e+00,-7.826940536499023438e+00,-1.918161392211914062e+01,-2.423985290527343750e+01,-2.633312034606933594e+01,-3.080633163452148438e+01,-2.772424697875976562e+01,-2.638613128662109375e+01,-2.278869819641113281e+01,-1.984467697143554688e+01,-2.136506462097167969e+01,-2.627865600585937500e+01,-2.820284461975097656e+01,-2.651604843139648438e+01,-2.499756622314453125e+01,-2.698788070678710938e+01,-2.671141242980957031e+01,-2.442977905273437500e+01,-2.369853210449218750e+01,-2.130914115905761719e+01,-1.622995758056640625e+01,-8.554853439331054688e+00,-6.599339962005615234e+00,-9.812881350517272949e-01,2.379551649093627930e+00,-4.508594512939453125e+00,-1.261360454559326172e+01,-1.694108963012695312e+01,-2.128468704223632812e+01,-2.383614349365234375e+01,-2.481414413452148438e+01,-2.399499320983886719e+01,-1.488997840881347656e+01,-7.883026123046875000e+00,-5.925852298736572266e+00,-2.191635131835937500e+01,-3.189135742187500000e+01,-4.309070968627929688e+01,-4.194285202026367188e+01,-3.229649734497070312e+01,-2.252801322937011719e+01,-2.463328552246093750e+01,-3.460285949707031250e+01,-4.398952102661132812e+01,-4.604161071777343750e+01,-4.239602661132812500e+01,-2.984720230102539062e+01,-2.103787040710449219e+01,-2.464429092407226562e+01,-2.555944824218750000e+01,-2.066399955749511719e+01,-1.873659706115722656e+01,-2.611189842224121094e+01,-2.492358398437500000e+01,-2.294823074340820312e+01,-1.213775634765625000e+01,-2.519673824310302734e+00,-2.508753538131713867e-01,4.154530465602874756e-01,-3.366639614105224609e+00,-2.987414360046386719e+00,3.150367498397827148e+00,2.581682920455932617e+00,6.118301749229431152e-01,5.736179351806640625e+00,-2.436090230941772461e+00,-1.799764442443847656e+01,-2.198240661621093750e+01,-2.196988677978515625e+01,-1.499300956726074219e+01,-7.168388366699218750e+00,4.492936730384826660e-01,3.970694780349731445e+00,-5.187498092651367188e+00,-1.292072868347167969e+01,-7.159030437469482422e+00,-1.244725227355957031e+00,7.240705490112304688e-01,-4.315742492675781250e+00,-8.081912040710449219e+00,-1.091655540466308594e+01,-1.448498344421386719e+01,-1.979805755615234375e+01,-2.307117462158203125e+01,-2.940845680236816406e+01,-3.481199645996093750e+01,-3.113069915771484375e+01,-2.540436553955078125e+01,-1.907643890380859375e+01,-7.861515045166015625e+00,-6.402776718139648438e+00,-7.496764183044433594e+00,-1.312566375732421875e+01,-2.041102600097656250e+01,-2.298580741882324219e+01,-2.744953155517578125e+01,-2.797122001647949219e+01,-2.524634170532226562e+01,-2.228627586364746094e+01,-9.845819473266601562e+00,-3.501627683639526367e+00,-9.994965553283691406e+00,-2.213859939575195312e+01,-2.964819717407226562e+01,-3.146530151367187500e+01,-3.395032119750976562e+01,-3.503015136718750000e+01,-4.667187500000000000e+01,-5.253096008300781250e+01,-5.223231887817382812e+01,-5.009169769287109375e+01,-4.431377410888671875e+01,-4.580601501464843750e+01,-4.250018310546875000e+01,-3.581587982177734375e+01,-2.864231872558593750e+01,-2.163448333740234375e+01,-2.689777946472167969e+01,-2.146694946289062500e+01,-2.032730865478515625e+01,-1.714883232116699219e+01,-8.375508308410644531e+00,-1.249519824981689453e+01,-1.024136543273925781e+01,-1.454438781738281250e+01,-9.053145408630371094e+00,1.819825053215026855e+00,4.240571498870849609e+00,-3.527866840362548828e+00,-2.895481872558593750e+01,-4.657472991943359375e+01,-5.130345916748046875e+01,-4.237627410888671875e+01,-3.107489204406738281e+01,-2.761435508728027344e+01,-2.388474273681640625e+01,-1.719458198547363281e+01,-2.579312705993652344e+01,-3.286774063110351562e+01,-3.266580963134765625e+01,-2.717163848876953125e+01,-1.668959617614746094e+01,-1.622768974304199219e+01,-1.436879444122314453e+01,-1.013599395751953125e+01,-7.939197540283203125e+00,-5.926037788391113281e+00,-9.663205146789550781e+00,-2.071665954589843750e+01,-2.625474166870117188e+01,-2.593696594238281250e+01,-2.256111145019531250e+01,-1.583247184753417969e+01,-1.238305664062500000e+01,-2.494727706909179688e+01,-3.127642822265625000e+01,-2.392214584350585938e+01,-1.513796615600585938e+01,-1.033329963684082031e+01,-1.032621097564697266e+01,-1.559118080139160156e+01,-1.801548385620117188e+01,-9.740249633789062500e+00,-3.735973834991455078e+00,-2.053751373291015625e+01,-2.776664352416992188e+01,-3.154918670654296875e+01,-2.948435783386230469e+01,-3.287492752075195312e+01,-4.213121032714843750e+01,-4.225936126708984375e+01,-3.699433135986328125e+01,-3.893130874633789062e+01,-4.227760314941406250e+01,-4.225852584838867188e+01,-3.035660171508789062e+01,-2.628140640258789062e+01,-1.556677055358886719e+01,-9.643804550170898438e+00,-6.331924438476562500e+00,-3.276757895946502686e-02,-2.043434977531433105e-02,2.442405462265014648e+00,4.056533336639404297e+00,-2.027900218963623047e+00,-4.617083549499511719e+00,-4.609206318855285645e-01,3.356968641281127930e+00,4.651832103729248047e+00,3.542869567871093750e+00,2.979689598083496094e+00,-1.151952743530273438e-01,-4.573257446289062500e+00,1.240297913551330566e+00,2.734653234481811523e+00,-3.989629030227661133e+00,-2.840312123298645020e-01,2.902589797973632812e+00,5.579723358154296875e+00,-3.128249645233154297e-01,-3.612076759338378906e+00,-4.011295795440673828e+00,-1.909165143966674805e+00,-5.432989120483398438e+00,-3.463726282119750977e+00,-9.080445289611816406e+00,-2.116243362426757812e+01,-2.698243331909179688e+01,-2.541893005371093750e+01,-2.179477691650390625e+01,-1.573974609375000000e+01,-2.056057739257812500e+01,-2.734048271179199219e+01,-3.807207489013671875e+01,-4.423811340332031250e+01,-4.489487457275390625e+01,-4.446781921386718750e+01,-5.228189849853515625e+01,-5.800786590576171875e+01,-6.473025512695312500e+01,-7.252221679687500000e+01,-7.373870849609375000e+01,-7.521299743652343750e+01,-7.532625579833984375e+01,-6.927512359619140625e+01,-6.906959533691406250e+01,-6.737998199462890625e+01,-6.260076522827148438e+01,-5.453577804565429688e+01,-4.725253295898437500e+01,-4.145635986328125000e+01,-3.145012855529785156e+01,-2.585240173339843750e+01,-2.588454055786132812e+01,-2.395444297790527344e+01,-1.591301441192626953e+01,-1.846081924438476562e+01,-1.926629257202148438e+01,-2.689331054687500000e+01,-3.562628936767578125e+01,-4.059198760986328125e+01,-4.328274536132812500e+01,-3.514620590209960938e+01,-2.638220787048339844e+01,-2.247725677490234375e+01,-1.897041893005371094e+01,-1.763960647583007812e+01,-1.616594123840332031e+01,-1.594884872436523438e+01,-1.041974639892578125e+01,-5.541719436645507812e+00,-1.443295478820800781e+00,-2.241229712963104248e-01,7.407356262207031250e+00,4.356792926788330078e+00,4.623519897460937500e+00,3.875976085662841797e+00,-1.436426401138305664e+00,3.218260288238525391e+00,6.065605163574218750e+00,6.138289451599121094e+00,4.919652938842773438e+00,2.761345386505126953e+00,-1.190073966979980469e+00,-3.340435266494750977e+00,3.328484296798706055e-01,1.200298547744750977e+00,1.825330138206481934e+00,9.920095801353454590e-01,1.366002917289733887e+00,3.272674560546875000e+00,5.863470435142517090e-01,-2.618896007537841797e+00,-1.234652233123779297e+01,-2.091022109985351562e+01,-2.895164108276367188e+01,-3.327036285400390625e+01,-2.541279029846191406e+01,-1.597176361083984375e+01,-9.907661437988281250e+00,-3.018635272979736328e+00,-2.061779975891113281e+00,-6.184115409851074219e-01,-4.866324424743652344e+00,-3.324654769897460938e+01,-4.755491638183593750e+01,-5.250955963134765625e+01,-4.858810424804687500e+01,-4.467169189453125000e+01,-4.977783203125000000e+01,-5.964293670654296875e+01,-6.498694610595703125e+01,-6.688146972656250000e+01,-7.031414794921875000e+01,-7.625307464599609375e+01,-7.548221588134765625e+01,-6.794436645507812500e+01,-5.933121490478515625e+01,-5.432107543945312500e+01,-4.418493652343750000e+01,-4.594192504882812500e+01,-4.683290100097656250e+01,-3.866918182373046875e+01,-2.961127471923828125e+01,-2.418080520629882812e+01,-1.870822143554687500e+01,-1.714757919311523438e+01,-1.586632728576660156e+01,-1.456209850311279297e+01,-1.648554611206054688e+01,-2.053422164916992188e+01,-2.071400451660156250e+01,-1.404241561889648438e+01,-1.394443798065185547e+01,-2.183558082580566406e+01,-2.573738861083984375e+01,-1.583609390258789062e+01,-7.746623992919921875e+00,-7.101505279541015625e+00,-1.363906288146972656e+01,-2.061715888977050781e+01,-2.634927558898925781e+01,-2.760893630981445312e+01,-2.299451065063476562e+01,-1.917366218566894531e+01,-1.353919219970703125e+01,-1.229693412780761719e+01,-1.068519210815429688e+01,-1.854596328735351562e+01,-1.912034225463867188e+01,-2.170221710205078125e+01,-2.006989669799804688e+01,-1.583624267578125000e+01,-1.099354934692382812e+01,-1.043571090698242188e+01,-2.228251266479492188e+01,-2.977882385253906250e+01,-2.867772674560546875e+01,-3.238966751098632812e+01,-3.038717842102050781e+01,-2.294001579284667969e+01,-8.429412841796875000e+00,-5.659878730773925781e+00,-6.884846687316894531e+00,-6.329586505889892578e+00,-8.677875518798828125e+00,-6.675650119781494141e+00,-1.138335418701171875e+01,-1.675495529174804688e+01,-2.226452255249023438e+01,-2.861208724975585938e+01,-2.561040878295898438e+01,-1.867201423645019531e+01,-2.012719917297363281e+01,-2.229376983642578125e+01,-1.851984786987304688e+01,-9.053716659545898438e+00,-7.481087684631347656e+00,-1.060884284973144531e+01,-6.285494804382324219e+00,-1.144411659240722656e+01,-1.926761245727539062e+01,-2.454495429992675781e+01,-2.669089508056640625e+01,-2.917071533203125000e+01,-2.950262069702148438e+01,-3.203142929077148438e+01,-3.442240905761718750e+01,-2.746421432495117188e+01,-2.322582626342773438e+01,-1.957651138305664062e+01,-1.058526802062988281e+01,-5.039009094238281250e+00,2.354494571685791016e+00,8.353024125099182129e-01,-5.186233520507812500e+00,-7.054893970489501953e-01,-4.267568588256835938e+00,-7.928991317749023438e+00,-8.269532203674316406e+00,-2.697021722793579102e+00,-3.989870309829711914e+00,-6.935997009277343750e+00,-3.747076034545898438e+00,-3.537965774536132812e+00,-3.071646928787231445e+00,-3.915598869323730469e+00,-1.682192087173461914e+00,-4.368581295013427734e+00,-3.136802196502685547e+00,-2.985567092895507812e+00,-7.572174072265625000e+00,-1.753951644897460938e+01,-2.555021095275878906e+01,-2.483781433105468750e+01,-2.436681556701660156e+01,-1.817868041992187500e+01,-3.621946811676025391e+00,5.080329895019531250e+00,6.421013832092285156e+00,6.448745727539062500e+00,4.022526741027832031e+00,-1.584561944007873535e+00,1.409694314002990723e+00,4.932193279266357422e+00,2.129239439964294434e-01,9.901525974273681641e-01,-7.937565803527832031e+00,-2.044234466552734375e+01,-2.591248893737792969e+01,-2.762442398071289062e+01,-1.828449630737304688e+01,-5.104631423950195312e+00,-3.150451183319091797e-01,-3.380955457687377930e+00,-6.633731842041015625e+00,-1.717633819580078125e+01,-3.434828567504882812e+01,-4.381351470947265625e+01,-4.341331863403320312e+01,-3.807378387451171875e+01,-2.993624877929687500e+01,-2.705536842346191406e+01,-3.011575698852539062e+01,-3.824280166625976562e+01,-4.074882507324218750e+01,-3.452500534057617188e+01,-2.990678215026855469e+01,-2.833610153198242188e+01,-2.470852470397949219e+01,-2.120405578613281250e+01,-1.791328239440917969e+01,-1.787937355041503906e+01,-9.549648284912109375e+00,-5.468029499053955078e+00,-6.497456550598144531e+00,-2.933436393737792969e+00,1.530793666839599609e+00,8.148102760314941406e+00,3.696424961090087891e+00,-7.611411809921264648e-01,-6.941833496093750000e-01,-2.573249816894531250e+00,-4.066925525665283203e+00,-8.967694044113159180e-01,-7.841818332672119141e-01,-4.316674232482910156e+00,-2.002925276756286621e-01,1.585855841636657715e+00,-1.515736341476440430e+00,-6.760630607604980469e+00,-3.365658283233642578e+00,-1.247124075889587402e+00,-3.312488079071044922e+00,-5.325154781341552734e+00,-3.151579141616821289e+00,-1.355653107166290283e-01,-9.357835650444030762e-01,-1.189769864082336426e+00,-2.822380542755126953e+00,-1.352586269378662109e+00,-2.718329429626464844e-03,1.451092958450317383e+00,4.309320449829101562e+00,3.236532211303710938e-03,1.264606237411499023e+00,2.818197011947631836e+00,6.480522632598876953e+00,2.933296680450439453e+00,2.642246723175048828e+00,1.964523315429687500e+00,1.857070326805114746e+00,4.527368545532226562e+00,5.584408760070800781e+00,-1.797604322433471680e+00,-4.863384246826171875e+00,-6.839746236801147461e-01,-6.276203155517578125e+00,-1.190235137939453125e+01,-1.773226165771484375e+01,-2.373131179809570312e+01,-2.847932434082031250e+01,-3.595304870605468750e+01,-3.314777755737304688e+01,-2.807945251464843750e+01,-2.478797149658203125e+01,-3.098400878906250000e+01,-3.625070953369140625e+01,-4.213022232055664062e+01,-5.110006713867187500e+01,-5.681675720214843750e+01,-4.970211029052734375e+01,-3.796659088134765625e+01,-3.272736358642578125e+01,-2.909330749511718750e+01,-2.466481781005859375e+01,-1.974230766296386719e+01,-9.562440872192382812e+00,-6.018951892852783203e+00,-1.902441215515136719e+01,-2.919095993041992188e+01,-1.542599201202392578e+01,-4.937289237976074219e+00,-3.934013605117797852e+00,-6.956834316253662109e+00,-3.591085195541381836e+00,3.823515772819519043e-01,-3.254617214202880859e+00,-2.056021118164062500e+01,-2.891793632507324219e+01,-2.907091522216796875e+01,-2.534769248962402344e+01,-2.288590240478515625e+01,-2.096637725830078125e+01,-2.009276962280273438e+01,-1.287541198730468750e+01,-8.431341171264648438e+00,-4.010933876037597656e+00,-4.691794872283935547e+00,-8.811015129089355469e+00,-1.246303558349609375e+01,-7.821258068084716797e+00,-2.762322425842285156e+00,-2.381763219833374023e+00,-1.816580200195312500e+01,-2.496327781677246094e+01,-2.925299072265625000e+01,-2.456614685058593750e+01,-2.016650581359863281e+01,-1.619058418273925781e+01,-1.145018196105957031e+01,-7.027526378631591797e+00,-5.789528369903564453e+00,-3.979379177093505859e+00,-6.193003654479980469e+00,-2.002666950225830078e+00,-1.338387131690979004e+00,2.936432838439941406e+00,8.715942382812500000e+00,6.076487541198730469e+00,7.213561058044433594e+00,7.189661026000976562e+00,2.943007707595825195e+00,3.035154819488525391e+00,4.928446292877197266e+00,6.035310268402099609e+00,2.774431228637695312e+00,3.974525690078735352e+00,8.521470069885253906e+00,3.680035352706909180e+00,2.267367601394653320e+00,2.207308530807495117e+00,2.044959545135498047e+00,1.162186980247497559e+00,2.037554740905761719e+00,2.765279293060302734e+00,-5.287152528762817383e-01,-5.934854149818420410e-01,1.315667152404785156e+00,-1.566041469573974609e+00,-3.747533321380615234e+00,-6.082602500915527344e+00,-3.366653919219970703e+00,2.645712137222290039e+00,-7.341176271438598633e-02,-1.418404674530029297e+01,-1.644369888305664062e+01,-1.728394126892089844e+01,-1.665333938598632812e+01,-1.371149635314941406e+01,-4.668314933776855469e+00,-6.935997009277343750e+00,-3.006224060058593750e+01,-4.423019409179687500e+01,-4.377458953857421875e+01,-3.590528869628906250e+01,-3.873474884033203125e+01,-3.562052917480468750e+01,-3.661775207519531250e+01,-3.447264099121093750e+01,-2.782365226745605469e+01,-2.145021820068359375e+01,-1.610878372192382812e+01,-1.249331665039062500e+01,-1.597544002532958984e+01,-2.699038505554199219e+01,-3.155295372009277344e+01,-2.943865585327148438e+01,-2.531146240234375000e+01,-2.439950942993164062e+01,-1.622762107849121094e+01,-1.051280975341796875e+01,-8.126241683959960938e+00,-7.804062843322753906e+00,-1.151937675476074219e+01,-1.795559692382812500e+01,-2.389938735961914062e+01,-3.013281250000000000e+01,-2.584899139404296875e+01,-2.795854187011718750e+01,-3.247230911254882812e+01,-2.349382019042968750e+01,-1.207556056976318359e+01,-1.142207527160644531e+01,-1.020549869537353516e+01,-1.777099227905273438e+01,-1.683907508850097656e+01,-2.786730957031250000e+01,-3.637411499023437500e+01,-4.532666397094726562e+01,-4.530921554565429688e+01,-3.490818023681640625e+01,-2.637635231018066406e+01,-2.396226692199707031e+01,-2.134619140625000000e+01,-1.705586242675781250e+01,-1.488780021667480469e+01,-2.242022132873535156e+01,-3.010554122924804688e+01,-2.674835777282714844e+01,-1.898297119140625000e+01,-1.446303462982177734e+01,-1.052412033081054688e+01,-5.960534095764160156e+00,-9.509925842285156250e+00,-7.491257667541503906e+00,-5.479372024536132812e+00,-4.068184375762939453e+00,-3.375144958496093750e+00,-4.891020298004150391e+00,-4.445768356323242188e+00,-3.430749893188476562e+00,-1.837383270263671875e+00,1.469085097312927246e+00,1.485587120056152344e+00,1.362775325775146484e+00,3.513446331024169922e+00,1.623913049697875977e+00,1.068387389183044434e+00,-2.253986358642578125e+00,-4.062111854553222656e+00,-1.818665742874145508e+00,2.444036245346069336e+00,-3.702641010284423828e+00,-3.654296875000000000e+00,1.107599258422851562e+00,7.527220845222473145e-01,-1.745708465576171875e+00,-3.270811557769775391e+00,3.581502914428710938e+00,1.116633224487304688e+01,2.523046970367431641e+00,-8.138928413391113281e+00,-1.097950744628906250e+01,-1.926840400695800781e+01,-2.513981056213378906e+01,-3.488746261596679688e+01,-3.617823410034179688e+01,-3.586621475219726562e+01,-2.867226028442382812e+01,-2.209557723999023438e+01,-1.607825660705566406e+01,-1.828672981262207031e+01,-2.317991828918457031e+01,-2.293724441528320312e+01,-1.876441955566406250e+01,-1.819956970214843750e+01,-2.391762161254882812e+01,-3.183596229553222656e+01,-2.755362319946289062e+01,-2.123342514038085938e+01,-1.992070388793945312e+01,-2.331196594238281250e+01,-2.769964981079101562e+01,-2.621914863586425781e+01,-1.929878044128417969e+01,-8.617477416992187500e+00,2.540570020675659180e+00,7.470985054969787598e-01,-1.232446002960205078e+01,-2.671834564208984375e+01,-3.015437126159667969e+01,-3.370162582397460938e+01,-3.441191482543945312e+01,-3.676676940917968750e+01,-3.481225967407226562e+01,-3.296940612792968750e+01,-2.705760192871093750e+01,-1.763500213623046875e+01,-2.365647888183593750e+01,-3.758505249023437500e+01,-3.718465805053710938e+01,-3.479541778564453125e+01,-3.685476684570312500e+01,-3.274900817871093750e+01,-2.984479904174804688e+01,-1.767272186279296875e+01,-7.777555465698242188e+00,-1.990084457397460938e+01,-3.168863677978515625e+01,-4.092023468017578125e+01,-4.620394897460937500e+01,-5.210342788696289062e+01,-5.013284683227539062e+01,-5.163718032836914062e+01,-4.559454345703125000e+01,-3.608177185058593750e+01,-2.753064346313476562e+01,-3.233113098144531250e+01,-4.281850433349609375e+01,-4.661499786376953125e+01,-3.963482666015625000e+01,-4.185517120361328125e+01,-3.759819793701171875e+01,-2.534241867065429688e+01,-2.294570159912109375e+01,-2.488366889953613281e+01,-2.578254508972167969e+01,-2.618883323669433594e+01,-2.546132278442382812e+01,-1.930867767333984375e+01,-1.625756454467773438e+01,-2.284692382812500000e+01,-2.722483634948730469e+01,-2.717037200927734375e+01,-2.139606857299804688e+01,-1.134775924682617188e+01,-4.184504508972167969e+00,-9.945702552795410156e-02,4.160913944244384766e+00,9.167416572570800781e+00,8.710357666015625000e+00,9.562629699707031250e+00,9.389843940734863281e+00,-4.896720409393310547e+00,-1.579660511016845703e+01,-1.447782135009765625e+01,-6.533976554870605469e+00,-6.439126014709472656e+00,-3.075022399425506592e-01,-4.210231781005859375e+00,-1.089882469177246094e+01,-9.874055862426757812e+00,-1.512728977203369141e+01,-1.688897705078125000e+01,-1.265006446838378906e+01,-7.595790863037109375e+00,-3.953485965728759766e+00,1.110511779785156250e+00,1.596408784389495850e-01,-4.093271732330322266e+00,3.945661485195159912e-01,-5.962455749511718750e+00,-1.311086177825927734e+01,-1.273216247558593750e+01,-1.017533683776855469e+01,-5.840733051300048828e+00,-6.922320842742919922e+00,-8.115644454956054688e+00,-1.313995361328125000e+01,-2.102826309204101562e+01,-2.618208694458007812e+01,-3.062818527221679688e+01,-4.683906555175781250e+01,-5.698266983032226562e+01,-5.927558135986328125e+01,-6.087772369384765625e+01,-5.624132156372070312e+01,-5.386458587646484375e+01,-5.233854675292968750e+01,-5.039012908935546875e+01,-4.947338867187500000e+01,-4.176440429687500000e+01,-3.452182769775390625e+01,-2.450521850585937500e+01,-2.309122848510742188e+01,-1.570062065124511719e+01,-1.083388042449951172e+01,-2.693206071853637695e+00,4.085632264614105225e-01,-5.741041302680969238e-01,-4.592494964599609375e-01,5.611593127250671387e-01,7.448525428771972656e+00,6.367927551269531250e+00,-1.378637790679931641e+00,3.110228538513183594e+00,2.881683588027954102e+00,1.440243721008300781e-01,-7.264391183853149414e-01,1.952280521392822266e+00,1.155686020851135254e+00,3.535208225250244141e+00,2.113378763198852539e+00,7.888062596321105957e-01,1.273250818252563477e+00,6.864711642265319824e-01,7.420314550399780273e-01,-1.312336325645446777e+00,2.747586250305175781e+00,2.477439403533935547e+00,5.992528200149536133e-01,1.288919687271118164e+00,4.696120262145996094e+00,3.425915241241455078e+00,7.164639830589294434e-01,-3.083768844604492188e+00,-5.545827865600585938e+00,-1.280142021179199219e+01,-6.098261833190917969e+00,2.152563095092773438e+00,3.409639835357666016e+00,2.015830993652343750e+00,1.202804565429687500e+00,1.582348227500915527e+00,-1.453864872455596924e-01,-9.590564668178558350e-02,-8.352258682250976562e+00,-2.156552696228027344e+01,-2.347843170166015625e+01,-1.986911964416503906e+01,-1.486653900146484375e+01,-6.293403625488281250e+00,-2.614104270935058594e+00,-1.034947586059570312e+01,-1.938574790954589844e+01,-2.509406280517578125e+01,-2.527315902709960938e+01,-2.282378578186035156e+01,-1.986473846435546875e+01,-1.182115745544433594e+01,-1.957194900512695312e+01,-2.654093933105468750e+01,-2.927004241943359375e+01,-2.753897857666015625e+01,-2.471904754638671875e+01,-2.967071533203125000e+01,-2.928060150146484375e+01,-2.916588783264160156e+01,-2.463032722473144531e+01,-1.725808525085449219e+01,-1.337476348876953125e+01,-2.399114131927490234e+00,-7.970613241195678711e-01,-5.650016069412231445e-01,-9.105278968811035156e+00,-1.874127197265625000e+01,-2.360970306396484375e+01,-2.286735916137695312e+01,-2.026260375976562500e+01,-1.842289161682128906e+01,-1.416646862030029297e+01,-8.592352867126464844e+00,-2.457629013061523438e+01,-3.761644363403320312e+01,-3.871081161499023438e+01,-3.607881927490234375e+01,-3.427299118041992188e+01,-3.397799682617187500e+01,-3.324644470214843750e+01,-2.644714927673339844e+01,-3.635805892944335938e+01,-4.616410827636718750e+01,-4.411833953857421875e+01,-3.778777313232421875e+01,-2.991670608520507812e+01,-2.821992492675781250e+01,-1.865130996704101562e+01,-1.557926368713378906e+01,-2.007808303833007812e+01,-2.175813293457031250e+01,-2.625018310546875000e+01,-2.397421646118164062e+01,-1.675529670715332031e+01,-9.824985504150390625e+00,-1.912630200386047363e-01,5.273784637451171875e+00,-7.447278022766113281e+00,-1.820846557617187500e+01,-3.023304748535156250e+01,-3.306256103515625000e+01,-2.963586425781250000e+01,-3.052510643005371094e+01,-2.798647689819335938e+01,-2.537668609619140625e+01,-2.813861846923828125e+01,-2.601153945922851562e+01,-1.946326446533203125e+01,-1.502110481262207031e+01,-1.387210273742675781e+01,-1.054796886444091797e+01,-8.977376937866210938e+00,-5.907148838043212891e+00,-8.559101104736328125e+00,-7.826186180114746094e+00,-8.709089756011962891e-01,3.861842870712280273e+00,-1.243824672698974609e+01,-2.054014205932617188e+01,-2.270938301086425781e+01,-2.618161392211914062e+01,-2.363254165649414062e+01,-1.798418045043945312e+01,-1.654294967651367188e+01,-2.082687568664550781e+01,-1.779088592529296875e+01,-1.496775436401367188e+01,-8.754921913146972656e+00,-2.282393217086791992e+00,-5.443325996398925781e+00,-1.083351325988769531e+01,-1.667667388916015625e+01,-1.827971267700195312e+01,-1.975220870971679688e+01,-2.225206947326660156e+01,-2.050312423706054688e+01,-1.653843498229980469e+01,-2.952264785766601562e+01,-3.605339813232421875e+01,-2.881204223632812500e+01,-2.175960922241210938e+01,-1.722213745117187500e+01,-1.120124626159667969e+01,-7.049754619598388672e+00,-4.959024429321289062e+00,-6.808089256286621094e+00,-2.751285552978515625e+01,-3.586051940917968750e+01,-3.884457397460937500e+01,-3.243333435058593750e+01,-2.212833595275878906e+01,-1.506940269470214844e+01,-1.356721973419189453e+01,-1.555898761749267578e+01,-1.868733215332031250e+01,-1.603439712524414062e+01,-1.329220294952392578e+01,-1.282413101196289062e+01,-1.529078674316406250e+01,-1.333306312561035156e+01,-3.807575702667236328e+00,-6.899912834167480469e+00,-1.280084800720214844e+01,-1.055761432647705078e+01,-8.106307983398437500e+00,2.357631683349609375e+00,4.620483398437500000e+00,-8.359066963195800781e+00,-2.259642791748046875e+01,-2.851232147216796875e+01,-3.569377136230468750e+01,-4.677008438110351562e+01,-5.185644531250000000e+01,-4.665785217285156250e+01,-4.559577178955078125e+01,-5.106378173828125000e+01,-5.174317169189453125e+01,-3.488555145263671875e+01,-2.897769737243652344e+01,-3.282189941406250000e+01,-3.040144538879394531e+01,-2.865937805175781250e+01,-1.679482650756835938e+01,-1.479446792602539062e+01,-1.837542343139648438e+01,-2.180247116088867188e+01,-2.119044494628906250e+01,-2.355023956298828125e+01,-2.229100036621093750e+01,-1.893835258483886719e+01,-1.703486633300781250e+01,-1.388507843017578125e+01,-1.198768234252929688e+01,-1.398780632019042969e+01,-1.276966667175292969e+01,-1.116943836212158203e+01,-5.723711013793945312e+00,-5.406168937683105469e+00,-1.926680374145507812e+01,-2.297654342651367188e+01,-1.755898857116699219e+01,-1.148407363891601562e+01,-6.191211700439453125e+00,-2.652109146118164062e+00,9.348822236061096191e-01,-9.959924697875976562e+00,-2.320281410217285156e+01,-2.679952239990234375e+01,-1.913575553894042969e+01,-9.720615386962890625e+00,-6.704129219055175781e+00,-1.208824729919433594e+01,-2.615415763854980469e+01,-3.502418518066406250e+01,-3.716941833496093750e+01,-2.763744354248046875e+01,-2.046197700500488281e+01,-1.790194892883300781e+01,-1.401648139953613281e+01,-1.524687671661376953e+01,-2.217515182495117188e+01,-2.409683227539062500e+01,-2.155451965332031250e+01,-1.719233322143554688e+01,-1.925277328491210938e+01,-1.790633773803710938e+01,-1.376130104064941406e+01,-5.791265487670898438e+00,8.402578830718994141e-01,9.395977020263671875e+00,7.707730770111083984e+00,2.658550739288330078e+00,2.169995784759521484e+00,5.787488937377929688e+00,5.967909812927246094e+00,2.603817939758300781e+00,4.623558044433593750e+00,7.287781715393066406e+00,1.266284942626953125e+01,8.289257049560546875e+00,4.937909126281738281e+00,7.629306793212890625e+00,6.821083545684814453e+00,1.977742671966552734e+00,2.523552179336547852e+00,2.810608863830566406e+00,-8.297030925750732422e-01,-6.547948837280273438e+00,-8.129570007324218750e+00,-8.285326004028320312e+00,-5.520538330078125000e+00,-4.707422256469726562e+00,-1.642763614654541016e+00,-1.144812393188476562e+01,-2.112492370605468750e+01,-2.293730545043945312e+01,-1.678583335876464844e+01,-1.195006179809570312e+01,-1.183023643493652344e+01,-5.624778270721435547e+00,3.818321228027343750e+00,4.869314193725585938e+00,3.719683170318603516e+00,5.546321868896484375e-01,-5.587119102478027344e+00,-4.537752628326416016e+00,-3.099508047103881836e+00,-4.462990760803222656e+00,-7.104811668395996094e+00,-9.862910270690917969e+00,-8.698541641235351562e+00,-4.415080070495605469e+00,-1.478358268737792969e+00,-1.553968489170074463e-01,-2.903365373611450195e+00,-8.349307060241699219e+00,-1.587177658081054688e+01,-1.562765884399414062e+01,-1.091696166992187500e+01,-6.718812942504882812e+00,-7.032078742980957031e+00,-6.588494300842285156e+00,-6.472485065460205078e+00,-6.181517601013183594e+00,-4.760430812835693359e+00,-8.388646125793457031e+00,-6.174542903900146484e+00,-3.980823040008544922e+00,8.749397993087768555e-01,8.107136487960815430e-01,2.111849188804626465e-02,5.889301896095275879e-01,4.997495174407958984e+00,4.584903717041015625e+00,1.337380170822143555e+00,-4.006453037261962891e+00,-6.776350498199462891e+00,-4.409372329711914062e+00,-2.674318075180053711e+00,-2.279077053070068359e+00,-3.858505010604858398e+00,-2.578596830368041992e+00,-3.872993469238281250e+00,-8.617151260375976562e+00,-2.754456758499145508e+00,-4.285368919372558594e-01,-1.109701991081237793e+00,1.629948496818542480e+00,-2.155198574066162109e+00,-6.055068969726562500e+00,-6.695745468139648438e+00,-3.327593326568603516e+00,-1.545247077941894531e+00,-7.099624633789062500e+00,-9.725332260131835938e+00,-7.385902404785156250e+00,-3.418459415435791016e+00,-5.716238021850585938e+00,-9.953180313110351562e+00,-6.587998390197753906e+00,-3.285463809967041016e+00,-6.075374603271484375e+00,-2.523010969161987305e+00,-2.236429691314697266e+00,-8.060038566589355469e+00,-5.685768127441406250e+00,-4.462456703186035156e+00,-1.561815381050109863e+00,-1.918092012405395508e+00,-2.563220977783203125e+00,-6.267266750335693359e+00,-2.553257942199707031e+00,6.778013110160827637e-01,2.410767316818237305e+00,2.170947194099426270e-02,3.275826454162597656e+00,3.750195026397705078e+00,-1.023715019226074219e+01,-2.717761993408203125e+01,-3.207604980468750000e+01,-2.703293991088867188e+01,-1.464789199829101562e+01,-7.091564178466796875e+00,-7.606586456298828125e+00,-5.830256938934326172e+00,-5.738024711608886719e+00,-1.527154445648193359e+00,-8.105119705200195312e+00,-9.724841117858886719e+00,-1.113703155517578125e+01,-1.874148941040039062e+01,-1.549621009826660156e+01,-2.721292495727539062e+00,2.935950517654418945e+00,2.361957311630249023e+00,1.698580503463745117e+00,2.652836441993713379e-01,-1.012267684936523438e+01,-2.947625732421875000e+01,-3.394441986083984375e+01,-3.157254791259765625e+01,-1.910813140869140625e+01,-1.763736724853515625e+01,-1.852071571350097656e+01,-1.591555786132812500e+01,-1.801639366149902344e+01,-2.420147323608398438e+01,-3.560249710083007812e+01,-3.607008361816406250e+01,-3.179466629028320312e+01,-3.452472686767578125e+01,-3.167438697814941406e+01,-2.316576194763183594e+01,-1.495123195648193359e+01,-1.284304904937744141e+01,-1.611977767944335938e+01,-1.589752292633056641e+01,-2.213665390014648438e+01,-3.302909851074218750e+01,-3.585949707031250000e+01,-3.211335372924804688e+01,-1.998241424560546875e+01,-1.292635536193847656e+01,-9.543453216552734375e+00,-1.663184356689453125e+01,-1.576579093933105469e+01,-1.895522308349609375e+01,-1.754737472534179688e+01,-1.934643173217773438e+01,-2.154633140563964844e+01,-2.233389091491699219e+01,-1.926865768432617188e+01,-1.601676559448242188e+01,-1.311444187164306641e+01,-1.025484466552734375e+01,-1.052824592590332031e+01,-9.383441925048828125e+00,-1.043017482757568359e+01,-1.482238197326660156e+01,-1.137427330017089844e+01,-4.293995857238769531e+00,-8.311555862426757812e+00,-2.927951431274414062e+01,-3.437460327148437500e+01,-3.487504196166992188e+01,-2.689123535156250000e+01,-1.972394561767578125e+01,-3.077430343627929688e+01,-4.175646972656250000e+01,-3.751226043701171875e+01,-2.951999282836914062e+01,-1.960802841186523438e+01,-1.165054893493652344e+01,-3.178144454956054688e+01,-3.571131896972656250e+01,-4.180786895751953125e+01,-5.204336547851562500e+01,-6.306074905395507812e+01,-6.636258697509765625e+01,-6.654293823242187500e+01,-6.643563079833984375e+01,-5.811339569091796875e+01,-5.416000747680664062e+01,-5.326670455932617188e+01,-4.769824600219726562e+01,-4.748767852783203125e+01,-4.767662429809570312e+01,-4.498325729370117188e+01,-3.916426849365234375e+01,-3.111258697509765625e+01,-2.154120635986328125e+01,-2.172813034057617188e+01,-1.462347984313964844e+01,-1.014672660827636719e+01,-7.666066169738769531e+00,-4.548785686492919922e+00,-3.741064667701721191e-02,-7.333006858825683594e-01,-1.056027412414550781e+01,-9.570047378540039062e+00,-4.650458812713623047e+00,-2.551066398620605469e+00,2.597386121749877930e+00,4.531035125255584717e-01,-1.519669055938720703e+00,4.282244145870208740e-01,-5.152873039245605469e+00,-2.242790699005126953e+00,3.280287504196166992e+00,-1.104087471961975098e+00,-2.891427040100097656e+00,-4.141686439514160156e+00,-3.966762065887451172e+00,-1.117805957794189453e+00,-2.579856395721435547e+00,-2.618082463741302490e-01,5.156833648681640625e+00,5.465162754058837891e+00,2.077688932418823242e+00,1.069262772798538208e-01,-2.013868331909179688e+00,-3.367303371429443359e+00,-1.713983178138732910e+00,-4.647777557373046875e+00,-4.518525123596191406e+00,-6.620766639709472656e+00,-5.627332687377929688e+00,-4.026458740234375000e+00,-1.162358522415161133e+00,-5.693310737609863281e+00,-7.691387176513671875e+00,-3.662853717803955078e+00,-4.318482875823974609e+00,-1.688979148864746094e+00,-6.883080959320068359e+00,-8.262696266174316406e+00,-1.415502667427062988e+00,-2.645497703552246094e+01,-3.309838104248046875e+01,-3.043527221679687500e+01,-2.422104644775390625e+01,-1.588406562805175781e+01,-9.917186737060546875e+00,-4.622912406921386719e-02,1.618051409721374512e+00,-9.046159744262695312e+00,-2.727203941345214844e+01,-4.180299377441406250e+01,-4.794173431396484375e+01,-4.681391143798828125e+01,-4.468117523193359375e+01,-3.928227233886718750e+01,-3.177239799499511719e+01,-2.237053871154785156e+01,-1.787313842773437500e+01,-2.683550834655761719e+01,-3.328812408447265625e+01,-3.238626861572265625e+01,-2.540513420104980469e+01,-2.319160270690917969e+01,-2.403169059753417969e+01,-1.822257614135742188e+01,-1.017807102203369141e+01,-5.716919898986816406e+00,-4.216650009155273438e+00,-9.604656219482421875e+00,-8.361495971679687500e+00,-1.392397212982177734e+01,-1.852547073364257812e+01,-1.908849334716796875e+01,-1.501239585876464844e+01,-1.363772106170654297e+01,-1.349613761901855469e+01,-1.139622497558593750e+01,-1.506894111633300781e+01,-1.371142578125000000e+01,-6.235258102416992188e+00,-5.113108158111572266e+00,-5.816391944885253906e+00,-6.054144859313964844e+00,-3.294046878814697266e+00,-2.770200729370117188e+00,-9.309755325317382812e+00,-1.246057701110839844e+01,-2.258455276489257812e+01,-2.961283111572265625e+01,-3.040491485595703125e+01,-2.859127044677734375e+01,-2.419150352478027344e+01,-1.665744590759277344e+01,-1.327289390563964844e+01,-8.985290527343750000e+00,-5.343783378601074219e+00,-1.523600101470947266e+00,-4.666626930236816406e+00,-1.514551925659179688e+01,-2.001920700073242188e+01,-1.449730300903320312e+01,2.942031621932983398e-01,2.703584671020507812e+00,-4.436761379241943359e+00,-1.259231376647949219e+01,-1.827418899536132812e+01,-2.349075889587402344e+01,-2.413229370117187500e+01,-3.281554031372070312e+01,-3.479064178466796875e+01,-2.820066833496093750e+01,-2.189629173278808594e+01,-1.727688980102539062e+01,-1.878807830810546875e+01,-1.923064422607421875e+01,-2.647782897949218750e+01,-2.912349510192871094e+01,-2.394787597656250000e+01,-2.197025680541992188e+01,-1.665976715087890625e+01,-1.534305191040039062e+01,-1.401116180419921875e+01,-1.357904434204101562e+01,-1.219849777221679688e+01,-1.289747238159179688e+01,-2.690209960937500000e+01,-3.280490112304687500e+01,-3.517786407470703125e+01,-4.219194030761718750e+01,-4.006426239013671875e+01,-4.154647064208984375e+01,-4.132493591308593750e+01,-3.414836883544921875e+01,-2.528257179260253906e+01,-1.698225402832031250e+01,-1.728338241577148438e+01,-2.574202346801757812e+01,-2.682153701782226562e+01,-1.784075164794921875e+01,-7.336503982543945312e+00,-4.236382961273193359e+00,-6.992640018463134766e+00,-1.215757751464843750e+01,-1.014254856109619141e+01,-2.279079437255859375e+01,-3.445979309082031250e+01,-3.561385726928710938e+01,-3.361944198608398438e+01,-2.850416946411132812e+01,-2.410326194763183594e+01,-2.360404968261718750e+01,-2.201173591613769531e+01,-2.052339172363281250e+01,-1.586663436889648438e+01,-1.510827445983886719e+01,-1.525102519989013672e+01,-1.634626770019531250e+01,-1.391539382934570312e+01,-1.339418029785156250e+01,-9.111869812011718750e+00,-6.642703413963317871e-01,3.371946573257446289e+00,1.509192347526550293e+00,-4.491750001907348633e-01,-3.293789863586425781e+00,-3.733900487422943115e-01,-4.501347541809082031e+00,-5.208580493927001953e-01,2.325634717941284180e+00,-5.758616924285888672e-01,-1.168190479278564453e+00,1.830555319786071777e+00,1.763219356536865234e+00,-9.469226002693176270e-01,1.237993001937866211e+00,2.791775465011596680e+00,6.711616516113281250e+00,8.943416595458984375e+00,-5.596818923950195312e-01,-3.911850214004516602e+00,-5.336468696594238281e+00,-1.358131170272827148e-01,2.011219859123229980e-01,-5.249708175659179688e+00,1.232315897941589355e+00,2.755496978759765625e+00,-5.864459991455078125e+00,-6.525794029235839844e+00,-2.777384757995605469e+00,-2.115506887435913086e+00,-7.019742012023925781e+00,-7.418911457061767578e+00,-3.143967628479003906e+00,3.387332439422607422e+00,-1.883717298507690430e+00,-1.289227771759033203e+01,-1.403704452514648438e+01,-1.612923812866210938e+01,-2.294659614562988281e+01,-2.966869735717773438e+01,-3.166786575317382812e+01,-3.531853485107421875e+01,-3.615879440307617188e+01,-3.268325805664062500e+01,-2.701909637451171875e+01,-2.609494400024414062e+01,-2.375931549072265625e+01,-2.305368614196777344e+01,-3.086705017089843750e+01,-4.082429504394531250e+01,-4.000611877441406250e+01,-3.337410354614257812e+01,-2.576562118530273438e+01,-1.981482315063476562e+01,-1.828060150146484375e+01,-1.423055267333984375e+01,-2.086348342895507812e+01,-2.682554626464843750e+01,-2.673512649536132812e+01,-3.186901092529296875e+01,-3.417954254150390625e+01,-3.569273757934570312e+01,-4.158724212646484375e+01,-4.646672439575195312e+01,-4.112672424316406250e+01,-4.301295471191406250e+01,-4.736912536621093750e+01,-5.230650711059570312e+01,-5.423595428466796875e+01,-4.901324462890625000e+01,-4.120508575439453125e+01,-4.723247528076171875e+01,-5.065626144409179688e+01,-4.691574478149414062e+01,-4.476197052001953125e+01,-4.447203063964843750e+01,-3.931435775756835938e+01,-3.425803375244140625e+01,-3.327883529663085938e+01,-3.321629333496093750e+01,-3.363677597045898438e+01,-3.174389839172363281e+01,-2.445718002319335938e+01,-1.522880268096923828e+01,-1.096447944641113281e+01,-1.090724563598632812e+01,-1.096587562561035156e+01,-6.521553993225097656e+00,-5.313785552978515625e+00,-3.204858779907226562e+00,-4.546009540557861328e+00,-2.628159761428833008e+00,-3.717554092407226562e+00,-7.381299018859863281e+00,-7.993241310119628906e+00,-6.712036609649658203e+00,-9.645483016967773438e+00,-1.251471519470214844e+01,-1.599329376220703125e+01,-1.494013309478759766e+01,-1.590153789520263672e+01,-3.150911712646484375e+01,-3.618752288818359375e+01,-3.634857559204101562e+01,-3.385556793212890625e+01,-3.159049224853515625e+01,-3.030582809448242188e+01,-3.276587677001953125e+01,-2.910580253601074219e+01,-1.860967254638671875e+01,-7.782481193542480469e+00,-1.117305755615234375e+01,-2.418252372741699219e+01,-3.157324409484863281e+01,-2.855760955810546875e+01,-2.288687896728515625e+01,-2.368673324584960938e+01,-2.923705291748046875e+01,-3.093380737304687500e+01,-3.062132644653320312e+01,-2.394438934326171875e+01,-2.066409683227539062e+01,-1.352363204956054688e+01,-1.083213424682617188e+01,-5.826655864715576172e+00,7.175508141517639160e-01,1.070720076560974121e+00,6.531682014465332031e+00,8.641981124877929688e+00,4.970998287200927734e+00,2.199071645736694336e+00,3.459917545318603516e+00,3.827472686767578125e+00,3.202273249626159668e-01,2.267266273498535156e+00,4.795926094055175781e+00,4.746117115020751953e+00,-3.986519277095794678e-01,-4.219888687133789062e+00,-3.783112049102783203e+00,-1.791591644287109375e+00,4.737689971923828125e+00,5.106822848320007324e-01,-2.926647663116455078e-02,1.936585664749145508e+00,-2.119888544082641602e+00,-2.911653041839599609e+00,-4.019472599029541016e+00,-1.596591377258300781e+01,-2.683385467529296875e+01,-2.151477050781250000e+01,-6.056289672851562500e+00,-1.955171346664428711e+00,-8.975418090820312500e+00,-1.526527309417724609e+01,-1.916302108764648438e+01,-2.427087211608886719e+01,-2.259177207946777344e+01,-1.669904327392578125e+01,-1.272903251647949219e+01,-1.170063114166259766e+01,-8.381290435791015625e+00,-4.675454139709472656e+00,4.687845706939697266e-01,-5.534891128540039062e+00,-9.017654418945312500e+00,-1.109566497802734375e+01,-1.023679828643798828e+01,-5.320940971374511719e+00,-4.896595954895019531e+00,-5.373208045959472656e+00,-3.453351974487304688e+00,-1.124927139282226562e+01,-3.342029953002929688e+01,-4.362901306152343750e+01,-4.111322021484375000e+01,-3.433780670166015625e+01,-2.051185035705566406e+01,-1.419938182830810547e+01,-1.719259643554687500e+01,-1.806953048706054688e+01,-2.069952011108398438e+01,-1.720217132568359375e+01,-1.235764312744140625e+01,-1.288507747650146484e+01,-1.461960315704345703e+01,-1.734177780151367188e+01,-1.635844612121582031e+01,-2.957187080383300781e+01,-4.364673233032226562e+01,-4.221726608276367188e+01,-3.566251754760742188e+01,-2.692866897583007812e+01,-2.233968734741210938e+01,-2.270705413818359375e+01,-2.150062561035156250e+01,-1.926303291320800781e+01,-1.810654449462890625e+01,-1.546270656585693359e+01,-8.761817932128906250e+00,-1.048360633850097656e+01,-2.672540187835693359e+00,-4.709118604660034180e-01,-1.656543350219726562e+01,-3.376020812988281250e+01,-3.885426330566406250e+01,-3.795090484619140625e+01,-3.481697082519531250e+01,-2.514424514770507812e+01,-2.733719825744628906e+01,-4.447135925292968750e+01,-5.497292327880859375e+01,-5.402581787109375000e+01,-4.300300979614257812e+01,-4.272321319580078125e+01,-4.379801940917968750e+01,-4.504838943481445312e+01,-4.168684768676757812e+01,-3.826712799072265625e+01,-4.021629714965820312e+01,-3.448540496826171875e+01,-3.217818450927734375e+01,-2.726816940307617188e+01,-2.094955635070800781e+01,-1.753128433227539062e+01,-1.352748680114746094e+01,-2.017411422729492188e+01,-3.147265243530273438e+01,-4.668927001953125000e+01,-4.422409439086914062e+01,-3.619940948486328125e+01,-3.058357238769531250e+01,-2.618189430236816406e+01,-2.339305496215820312e+01,-1.828170394897460938e+01,-1.676995086669921875e+01,-1.172785758972167969e+01,-6.858689308166503906e+00,-6.379956722259521484e+00,-9.244284629821777344e+00,-9.906393051147460938e+00,-3.323317050933837891e+00,-6.262501716613769531e+00,-9.439073562622070312e+00,-2.430601596832275391e+00,3.108772516250610352e+00,-1.779701232910156250e+00,-6.813629150390625000e+00,-5.114309310913085938e+00,7.064823508262634277e-01,3.415317535400390625e-01,-4.589332103729248047e+00,-1.077216053009033203e+01,-1.190764522552490234e+01,-6.329202175140380859e+00,-4.146618843078613281e+00,-5.842712879180908203e+00,-7.325993537902832031e+00,-7.867839336395263672e+00,-6.129048347473144531e+00,-4.146053791046142578e+00,-9.248137474060058594e+00,-1.634794235229492188e+01,-2.035323715209960938e+01,-2.660912704467773438e+01,-2.613951110839843750e+01,-2.543149566650390625e+01,-1.817142105102539062e+01,-1.077569198608398438e+01,-7.830082416534423828e+00,-5.746068000793457031e+00,-4.568170547485351562e+00,-3.894893825054168701e-01,-3.804068326950073242e+00,-8.755867958068847656e+00,-4.286124706268310547e+00,-5.223815917968750000e+00,-4.809021949768066406e-01,-1.391812801361083984e+00,-2.498277187347412109e+00,-3.744774103164672852e+00,-3.781700372695922852e+00,-6.368589878082275391e+00,-8.141235351562500000e+00,-6.300385475158691406e+00,-1.871048736572265625e+01,-2.491808700561523438e+01,-2.089087295532226562e+01,-1.845242309570312500e+01,-2.510500335693359375e+01,-2.242430496215820312e+01,-2.000353622436523438e+01,-1.594412040710449219e+01,-1.266314888000488281e+01,-1.455478858947753906e+01,-1.865907669067382812e+01,-1.650944709777832031e+01,-1.204593181610107422e+01,-1.079774284362792969e+01,-1.490049552917480469e+01,-1.276334285736083984e+01,-1.520636749267578125e+01,-1.462922668457031250e+01,-6.346693038940429688e+00,-4.320680141448974609e+00,-7.415212631225585938e+00,-3.449516296386718750e+00,-3.395242452621459961e+00,-3.956837177276611328e+00,-1.649286746978759766e+00,-7.999734878540039062e+00,-8.992801666259765625e+00,-1.115609550476074219e+01,-8.812729835510253906e+00,-9.288339614868164062e+00,-8.354441642761230469e+00,-1.636700391769409180e+00,-1.958886861801147461e+00,-3.408034563064575195e+00,-4.760592937469482422e+00,-3.565196990966796875e+00,6.997672319412231445e-01,-3.334968388080596924e-01,7.601730823516845703e-01,-2.742773056030273438e+00,-5.874577999114990234e+00,-6.962088108062744141e+00,-9.288113594055175781e+00,-1.970988845825195312e+01,-2.884785079956054688e+01,-2.938274383544921875e+01,-2.868596839904785156e+01,-2.645035171508789062e+01,-2.743393516540527344e+01,-2.659014892578125000e+01,-3.156596183776855469e+01,-3.302864074707031250e+01,-2.827285194396972656e+01,-2.888641357421875000e+01,-2.930946731567382812e+01,-2.657871627807617188e+01,-2.731987190246582031e+01,-3.207108688354492188e+01,-2.872493362426757812e+01,-2.084300994873046875e+01,-2.064512634277343750e+01,-2.056291198730468750e+01,-1.490610694885253906e+01,-7.431917190551757812e+00,-1.076060295104980469e+01,-2.137404251098632812e+01,-2.698892593383789062e+01,-2.425442886352539062e+01,-1.582506942749023438e+01,-1.279088783264160156e+01,-8.227355957031250000e+00,-3.256427288055419922e+00,-2.280960083007812500e+00,-8.293912887573242188e+00,-1.433443164825439453e+01,-1.688183403015136719e+01,-1.569154453277587891e+01,-1.116739082336425781e+01,-1.031017112731933594e+01,-1.301711082458496094e+01,-2.403504562377929688e+01,-3.495409393310546875e+01,-3.616820526123046875e+01,-4.050529479980468750e+01,-4.993250274658203125e+01,-5.585309600830078125e+01,-5.806990814208984375e+01,-4.826756286621093750e+01,-4.026916503906250000e+01,-3.741818237304687500e+01,-3.916799163818359375e+01,-4.063254928588867188e+01,-3.135360145568847656e+01,-2.063505554199218750e+01,-9.795904159545898438e+00,-5.770734786987304688e+00,2.013756990432739258e+00,1.399971723556518555e+00,-7.298647403717041016e+00,-1.650747680664062500e+01,-2.167372894287109375e+01,-2.798731040954589844e+01,-2.766399765014648438e+01,-2.458377838134765625e+01,-2.232492256164550781e+01,-1.653138160705566406e+01,-1.067857837677001953e+01,-1.394742393493652344e+01,-1.242864418029785156e+01,-9.316718101501464844e+00,-6.615160942077636719e+00,-5.620659828186035156e+00,-6.240937232971191406e+00,-6.878462791442871094e+00,-2.018127250671386719e+01,-2.928945922851562500e+01,-3.079173469543457031e+01,-2.657468414306640625e+01,-2.445798492431640625e+01,-2.314541244506835938e+01,-1.895166015625000000e+01,-1.295893669128417969e+01,-1.311137771606445312e+01,-2.199089431762695312e+01,-2.411551666259765625e+01,-2.435170364379882812e+01,-2.969141769409179688e+01,-2.938028907775878906e+01,-3.084731483459472656e+01,-3.150810623168945312e+01,-3.677897644042968750e+01,-3.427091217041015625e+01,-3.569096374511718750e+01,-3.763011932373046875e+01,-3.204905700683593750e+01,-2.660908889770507812e+01,-3.104042816162109375e+01,-3.256982421875000000e+01,-2.717588043212890625e+01,-2.049491882324218750e+01,-1.902040100097656250e+01,-1.910751724243164062e+01,-1.398708724975585938e+01,-8.275854110717773438e+00,-6.917375564575195312e+00,-1.464929580688476562e+01,-1.948344421386718750e+01,-2.477745437622070312e+01,-2.287921524047851562e+01,-1.511713504791259766e+01,-8.601229667663574219e+00,-1.271273422241210938e+01,-1.097267532348632812e+01,-1.367438125610351562e+01,-2.297139167785644531e+01,-2.878473472595214844e+01,-2.827370262145996094e+01,-2.716473197937011719e+01,-2.168222427368164062e+01,-1.414263343811035156e+01,-1.019478797912597656e+01,-6.156321525573730469e+00,-2.644838333129882812e+00,-1.531622314453125000e+01,-3.272084426879882812e+01,-3.233728408813476562e+01,-2.636476325988769531e+01,-1.953255462646484375e+01,-1.654007339477539062e+01,-1.515165901184082031e+01,-1.404835319519042969e+01,-1.228095912933349609e+01,-1.730356979370117188e+01,-2.208066940307617188e+01,-1.986998748779296875e+01,-1.312161254882812500e+01,-3.861898660659790039e+00,-1.045267105102539062e+01,-1.887128448486328125e+01,-1.601712417602539062e+01,-1.929803085327148438e+01,-1.900830841064453125e+01,-1.718484687805175781e+01,-1.519038486480712891e+01,-5.249206542968750000e+00,-2.458290576934814453e+00,-5.146396160125732422e+00,-3.970078229904174805e+00,-4.694594383239746094e+00,1.646647691726684570e+00,2.917697191238403320e+00,3.950077056884765625e+00,2.198935270309448242e+00,-7.122975587844848633e-01,-1.766176700592041016e+00,-4.018749594688415527e-01,4.108561277389526367e-01,-3.768247127532958984e+00,-4.376129627227783203e+00,-2.920258045196533203e+00,-3.548963546752929688e+00,-2.279822349548339844e+00,3.265576839447021484e+00,-1.270675182342529297e+00,-5.180182456970214844e+00,-2.760301828384399414e+00,-2.925431728363037109e-01,9.299687743186950684e-01,-2.393436431884765625e+00,-5.626482009887695312e+00,-6.116458415985107422e+00,-6.172424793243408203e+00,-1.803103256225585938e+01,-2.636586380004882812e+01,-3.450145721435546875e+01,-4.119219207763671875e+01,-4.015342712402343750e+01,-3.482640838623046875e+01,-3.564355468750000000e+01,-3.627307891845703125e+01,-3.492514801025390625e+01,-3.215465164184570312e+01,-2.722977447509765625e+01,-3.035487937927246094e+01,-3.992507934570312500e+01,-3.776110839843750000e+01,-3.448237228393554688e+01,-3.989241027832031250e+01,-3.930347442626953125e+01,-2.859636688232421875e+01,-2.300152969360351562e+01,-1.615327262878417969e+01,-1.936132431030273438e+01,-2.093334197998046875e+01,-1.327091407775878906e+01,-9.175245285034179688e+00,-7.147493362426757812e+00,-1.462158584594726562e+01,-2.266985321044921875e+01,-2.199893951416015625e+01,-2.221546554565429688e+01,-1.686078643798828125e+01,-1.329278945922851562e+01,-9.280111312866210938e+00,-6.572341442108154297e+00,-1.170647621154785156e+01,-1.396512413024902344e+01,-1.782927322387695312e+01,-1.638091659545898438e+01,-1.442779731750488281e+01,-1.047738265991210938e+01,-1.056372928619384766e+01,-1.473603248596191406e+01,-1.168625736236572266e+01,-2.431666755676269531e+01,-2.765881347656250000e+01,-2.591724586486816406e+01,-2.311307525634765625e+01,-1.927262115478515625e+01,-1.753532028198242188e+01,-1.188858127593994141e+01,-2.638152599334716797e+00,4.541064739227294922e+00,2.226347923278808594e+00,-5.665663719177246094e+00,-7.920560836791992188e+00,-8.018748283386230469e+00,-4.649395942687988281e+00,-3.004052639007568359e+00,6.315857768058776855e-01,-6.372119188308715820e-01,-5.649109363555908203e+00,-1.603283691406250000e+01,-2.754512786865234375e+01,-2.827027130126953125e+01,-2.707176780700683594e+01,-3.126580429077148438e+01,-2.375142097473144531e+01,-1.578170490264892578e+01,-9.892843246459960938e+00,-3.471296787261962891e+00,-6.814629554748535156e+00,-4.943509578704833984e+00,-4.422084331512451172e+00,-6.267812728881835938e+00,-7.315184593200683594e+00,-2.927131175994873047e+00,-6.273339271545410156e+00,-5.846696853637695312e+00,-8.282612800598144531e+00,-6.414916992187500000e+00,1.434819459915161133e+00,-1.289013504981994629e+00,1.610081911087036133e+00,-6.913862228393554688e-01,-4.581975936889648438e+00,-3.378110408782958984e+00,-1.028617978096008301e+00,-2.429736137390136719e+00,-1.448616385459899902e+00,-4.454010486602783203e+00,-1.313213109970092773e+00,6.770012855529785156e+00,1.220505475997924805e+00,1.041379928588867188e+00,-3.555642962455749512e-01,-8.235943317413330078e-01,2.726228237152099609e+00,3.925682306289672852e+00,-1.561275362968444824e+00,-9.858101606369018555e-01,1.346608519554138184e+00,1.506966799497604370e-01,-2.903734207153320312e+00,1.638154268264770508e+00,-2.209551572799682617e+00,-8.436453342437744141e-01,-5.449040412902832031e+00,-3.700925827026367188e+00,-4.343623161315917969e+00,-8.424610137939453125e+00,-9.546164512634277344e+00,-1.014744377136230469e+01,-1.422534179687500000e+01,-1.843095970153808594e+01,-2.464480590820312500e+01,-2.697952651977539062e+01,-1.910217285156250000e+01,-6.128304004669189453e+00,-1.424242401123046875e+01,-1.876190567016601562e+01,-2.207380867004394531e+01,-2.494512557983398438e+01,-2.777916336059570312e+01,-3.103800392150878906e+01,-3.093638420104980469e+01,-2.735144424438476562e+01,-2.887355613708496094e+01,-2.774144554138183594e+01,-1.599672698974609375e+01,-1.299599838256835938e+01,-1.717748641967773438e+01,-3.363105010986328125e+01,-3.384066772460937500e+01,-2.449771881103515625e+01,-2.091434097290039062e+01,-1.718196296691894531e+01,-7.663506031036376953e+00,4.387365818023681641e+00,-1.700888752937316895e+00,-3.173472976684570312e+01,-5.296722412109375000e+01,-6.441771697998046875e+01,-5.997042846679687500e+01,-4.915419769287109375e+01,-4.358337402343750000e+01,-4.118861770629882812e+01,-4.795480346679687500e+01,-5.395646667480468750e+01,-4.673899459838867188e+01,-3.191003608703613281e+01,-2.475119400024414062e+01,-2.003347015380859375e+01,-1.461608695983886719e+01,-1.218251419067382812e+01,-1.407797431945800781e+01,-6.549364089965820312e+00,-2.476753711700439453e+00,-7.814529895782470703e+00,-1.124606132507324219e+01,-1.669800376892089844e+01,-1.750099945068359375e+01,-1.334872913360595703e+01,-6.079675674438476562e+00,-2.688161134719848633e+00,1.136793255805969238e+00,-3.131153106689453125e+00,1.531164407730102539e+00,2.967103958129882812e+00,-2.712265253067016602e+00,-8.231945037841796875e+00,-1.393185997009277344e+01,-1.842416763305664062e+01,-2.309547805786132812e+01,-1.568155860900878906e+01,-3.744900226593017578e-01,6.043972969055175781e+00,2.377922981977462769e-01,6.271920204162597656e+00,7.471529006958007812e+00,1.569433808326721191e+00,-1.097374558448791504e+00,1.500736713409423828e+00,8.498823046684265137e-01,-1.125459289550781250e+01,-1.568860054016113281e+01,-1.561594867706298828e+01,-1.564734363555908203e+01,-1.067380332946777344e+01,-9.771541595458984375e+00,-1.217968654632568359e+01,-1.656720352172851562e+01,-1.850769615173339844e+01,-2.075054168701171875e+01,-2.462829589843750000e+01,-2.515908813476562500e+01,-2.230918884277343750e+01,-1.954901504516601562e+01,-1.741772079467773438e+01,-1.033156776428222656e+01,-6.001035690307617188e+00,-1.177549362182617188e+01,-2.051032447814941406e+01,-1.640159797668457031e+01,-9.979805946350097656e+00,5.960804224014282227e-02,2.216375827789306641e+00,-1.158442115783691406e+01,-1.702291870117187500e+01,-1.631582641601562500e+01,-1.607882308959960938e+01,-1.321814155578613281e+01,-1.432712936401367188e+01,-2.249331283569335938e+01,-2.221122741699218750e+01,-2.394330787658691406e+01,-2.239046859741210938e+01,-1.508015632629394531e+01,-8.073723793029785156e+00,-4.070435523986816406e+00,4.829148650169372559e-01,4.560888767242431641e+00,1.425265312194824219e+00,-7.156296730041503906e+00,-4.726141929626464844e+00,-6.046169281005859375e+00,-9.558023452758789062e+00,-1.203511810302734375e+01,-1.069946479797363281e+01,-6.757489204406738281e+00,-1.684932899475097656e+01,-2.072246932983398438e+01,-2.399423217773437500e+01,-2.115249061584472656e+01,-1.519692802429199219e+01,-9.598987579345703125e+00,-9.083530426025390625e+00,-1.818251419067382812e+01,-2.221645545959472656e+01,-2.069888496398925781e+01,-1.943763923645019531e+01,-1.616773605346679688e+01,-1.597511196136474609e+01,-1.804040336608886719e+01,-1.463128852844238281e+01,-1.701028060913085938e+01,-2.056988143920898438e+01,-2.141427612304687500e+01,-1.516948890686035156e+01,-1.395650291442871094e+01,-1.637729263305664062e+01,-1.183163928985595703e+01,-5.928942680358886719e+00,-1.019682502746582031e+01,-1.821900939941406250e+01,-2.074946212768554688e+01,-1.967536163330078125e+01,-1.387334728240966797e+01,-9.692461013793945312e+00,-1.504501247406005859e+01,-1.589177703857421875e+01,-1.178908348083496094e+01,-7.378732204437255859e+00,-4.484744071960449219e+00,4.854607582092285156e+00,3.444276332855224609e+00,1.177518486976623535e+00,-1.194438338279724121e+00,-4.252141952514648438e+00,-4.229333400726318359e+00,-5.933421134948730469e+00,-8.049807548522949219e+00,-1.010507202148437500e+01,-7.693712234497070312e+00,-1.090230822563171387e+00,-3.163178920745849609e+00,-1.593228578567504883e-01,-6.344916343688964844e+00,-1.116051769256591797e+01,-1.051087951660156250e+01,-5.686965465545654297e+00,-3.161915302276611328e+00,2.325120925903320312e+00,3.827290296554565430e+00,3.674638271331787109e-01,-1.698778867721557617e+00,-3.629940986633300781e+00,-4.527605056762695312e+00,-6.955087661743164062e+00,-4.287067055702209473e-01,-1.041295528411865234e+00,-2.058942794799804688e+00,1.464927315711975098e+00,-6.422134041786193848e-01,-9.970996856689453125e+00,-1.495138931274414062e+01,-1.639458274841308594e+01,-1.544896602630615234e+01,-1.547099494934082031e+01,-1.125416946411132812e+01,-2.214676141738891602e-01,4.245995998382568359e+00,-1.340705990791320801e+00,-1.792831420898437500e+01,-1.798333740234375000e+01,-1.359492874145507812e+01,-1.454084205627441406e+01,-2.328265380859375000e+01,-2.915361022949218750e+01,-3.484256744384765625e+01,-3.223465728759765625e+01,-2.770874977111816406e+01,-3.576801681518554688e+01,-4.105108261108398438e+01,-3.799483489990234375e+01,-3.528185653686523438e+01,-3.168574523925781250e+01,-3.409996032714843750e+01,-3.569098663330078125e+01,-3.044735908508300781e+01,-2.051156806945800781e+01,-1.535307121276855469e+01,-1.447154426574707031e+01,-1.266546154022216797e+01,-1.882538604736328125e+01,-1.742234420776367188e+01,-9.321105003356933594e+00,-6.261847019195556641e+00,-4.777571678161621094e+00,-1.498101472854614258e+00,-3.247271060943603516e+00,-2.168199300765991211e+00,1.970549702644348145e+00,2.787967205047607422e+00,3.956454694271087646e-01,2.462456703186035156e+00,2.123802900314331055e+00,3.218177080154418945e+00,5.441737174987792969e+00,5.126933574676513672e+00,2.245668411254882812e+00,2.029815196990966797e+00,-6.714565753936767578e+00,-1.224181938171386719e+01,-1.403971672058105469e+01,-1.853364753723144531e+01,-1.925198173522949219e+01,-2.186602783203125000e+01,-2.613488388061523438e+01,-1.989994812011718750e+01,-1.679100799560546875e+01,-1.684796333312988281e+01,-1.853698158264160156e+01,-1.503479290008544922e+01,-9.884855270385742188e+00,-2.630352973937988281e+00,2.687288761138916016e+00,2.980951786041259766e+00,6.884759902954101562e+00,2.930593013763427734e+00,-1.678566169738769531e+01,-2.360374641418457031e+01,-2.407699775695800781e+01,-2.551319503784179688e+01,-2.876404571533203125e+01,-1.987107467651367188e+01,-1.530241394042968750e+01,-2.031966400146484375e+01,-1.799461746215820312e+01,-2.892964553833007812e+01,-2.467147064208984375e+01,-1.518031597137451172e+01,-8.848968505859375000e+00,-1.642811584472656250e+01,-3.568303298950195312e+01,-4.919747161865234375e+01,-5.065169143676757812e+01,-4.863030624389648438e+01,-3.862507629394531250e+01,-3.278907012939453125e+01,-3.289182662963867188e+01,-3.158485794067382812e+01,-3.366880798339843750e+01,-3.565509033203125000e+01,-2.822793579101562500e+01,-2.195233917236328125e+01,-1.634773635864257812e+01,-1.637623977661132812e+01,-1.939649200439453125e+01,-2.492096328735351562e+01,-2.545956802368164062e+01,-1.654961776733398438e+01,-1.185585784912109375e+01,-8.028522491455078125e+00,-6.249330520629882812e+00,-6.078866004943847656e+00,-6.694585323333740234e+00,1.477094739675521851e-02,8.440080285072326660e-01,-2.159138679504394531e+00,-2.368985652923583984e+00,-2.338419914245605469e+00,-8.398646116256713867e-01,1.497138857841491699e+00,1.123558282852172852e-01,-1.532263994216918945e+00,-1.115294575691223145e+00,1.576692581176757812e+00,4.281451702117919922e-01,2.726781845092773438e+00,2.719037771224975586e+00,-3.870537281036376953e-01,-1.062494754791259766e+00,-2.454978704452514648e+00,-2.414451122283935547e+00,-4.812991142272949219e+00,-3.580372333526611328e+00,-2.934965133666992188e+00,-6.866509914398193359e-01,1.357969880104064941e+00,-7.724492549896240234e-01,-6.634934544563293457e-01,1.036754727363586426e+00,-2.268581867218017578e+00,-3.648067414760589600e-01,1.990350484848022461e+00,-3.105225086212158203e+00,-4.047707080841064453e+00,-1.347399115562438965e+00,-1.182676672935485840e+00,1.118087649345397949e+00,3.927266597747802734e-02,-1.572409152984619141e+00,-4.635919094085693359e+00,-2.363323211669921875e+00,-4.193904399871826172e+00,-1.684085965156555176e+00,-2.199250459671020508e-01,1.834450960159301758e+00,1.992843270301818848e+00,-2.983351647853851318e-01,1.870858311653137207e+00,-1.674835443496704102e+00,-5.902778625488281250e+00,2.935756444931030273e-01,1.641240358352661133e+00,3.441446304321289062e+00,-6.249979138374328613e-01,-6.453168869018554688e+00,-5.047904014587402344e+00,-7.184617519378662109e+00,-3.723993301391601562e+00,-1.953499317169189453e+00,1.077032208442687988e+00,3.603176355361938477e+00,2.233642339706420898e+00,-8.269066810607910156e-01,-1.098663687705993652e+00,-6.936842203140258789e-02,-4.149953365325927734e+00,-1.384100198745727539e+00,7.666544914245605469e-01,1.814111471176147461e+00,-1.735990881919860840e+00,-1.150586605072021484e+00,1.459517002105712891e+00,6.347849845886230469e+00,1.076867818832397461e+00,-2.484569931030273438e+01,-4.295115280151367188e+01,-4.801551055908203125e+01,-3.530638122558593750e+01,-2.551689529418945312e+01,-2.654310607910156250e+01,-2.815650177001953125e+01,-3.463729858398437500e+01,-3.735995864868164062e+01,-3.157838058471679688e+01,-2.274900054931640625e+01,-2.108513259887695312e+01,-1.894308662414550781e+01,-1.403003597259521484e+01,-1.577426147460937500e+01,-2.450185394287109375e+01,-2.460742378234863281e+01,-1.732333564758300781e+01,-8.852373123168945312e+00,-1.547393679618835449e+00,-2.898828983306884766e+00,-1.576445484161376953e+01,-1.993407058715820312e+01,-2.059301376342773438e+01,-2.020204162597656250e+01,-2.369508361816406250e+01,-2.722333717346191406e+01,-2.624070167541503906e+01,-2.964443969726562500e+01,-2.781554031372070312e+01,-2.184514617919921875e+01,-1.504725265502929688e+01,-1.366550922393798828e+01,-1.260498046875000000e+01,-1.280001068115234375e+01,-8.347588539123535156e+00,-9.747831344604492188e+00,-2.172066116333007812e+01,-3.121080589294433594e+01,-2.771116828918457031e+01,-1.847508621215820312e+01,-1.186465644836425781e+01,-8.219426155090332031e+00,-1.156540775299072266e+01,-1.655717658996582031e+01,-2.307779693603515625e+01,-2.507937240600585938e+01,-2.182218742370605469e+01,-1.961162567138671875e+01,-1.784843063354492188e+01,-2.187910842895507812e+01,-2.257545089721679688e+01,-2.445597648620605469e+01,-2.140041732788085938e+01,-1.521437931060791016e+01,-3.086753845214843750e+00,-6.732711791992187500e+00,-1.138348102569580078e+01,-9.701522827148437500e+00,-6.607801914215087891e+00,-3.107377052307128906e+00,-1.784268915653228760e-01,-1.380447626113891602e+00,-7.054176330566406250e+00,-1.707529258728027344e+01,-2.298594665527343750e+01,-2.265590858459472656e+01,-2.038429832458496094e+01,-2.068813323974609375e+01,-2.214539337158203125e+01,-1.987411499023437500e+01,-1.214482021331787109e+01,-1.646915435791015625e+01,-1.609850883483886719e+01,-6.521591186523437500e+00,-9.098375320434570312e+00,-1.066603851318359375e+01,-4.464684009552001953e+00,-3.531557798385620117e+00,-9.558931350708007812e+00,-1.820237731933593750e+01,-1.756822967529296875e+01,-1.624699592590332031e+01,-1.342317199707031250e+01,-7.423884868621826172e+00,-7.280609130859375000e+00,-5.330202102661132812e+00,-1.098840832710266113e+00,-2.009013891220092773e+00,-7.258383274078369141e+00,-8.058634757995605469e+00,-1.734403228759765625e+01,-1.680579185485839844e+01,-1.446343803405761719e+01,-2.655740165710449219e+01,-2.986626052856445312e+01,-2.544247436523437500e+01,-2.922392654418945312e+01,-2.976581192016601562e+01,-2.628756332397460938e+01,-3.132133865356445312e+01,-3.191674423217773438e+01,-2.998161315917968750e+01,-2.870069122314453125e+01,-2.568706512451171875e+01,-2.050104904174804688e+01,-1.234249305725097656e+01,-8.561244964599609375e+00,-1.502848434448242188e+01,-2.621463775634765625e+01,-2.728880500793457031e+01,-2.168748092651367188e+01,-1.423262023925781250e+01,-1.055556297302246094e+01,-7.797172069549560547e+00,-5.553863525390625000e+00,1.999222636222839355e-01,1.361681699752807617e+00,1.977962255477905273e-02,-2.864623069763183594e-01,-4.307410717010498047e+00,-4.933025360107421875e+00,-1.303660988807678223e+00,-9.064161777496337891e-01,1.326408267021179199e+00,-1.894216775894165039e+00,-7.443899512290954590e-01,-1.870727539062500000e+00,-2.849193096160888672e+00,-6.323750495910644531e+00,-5.562213420867919922e+00,-3.257271528244018555e+00,-1.117029666900634766e+01,-8.703599929809570312e+00,-3.624617576599121094e+00,-3.487506389617919922e+00,-3.303895950317382812e+00,-3.760203361511230469e+00,-3.673383235931396484e+00,-6.064785003662109375e+00,-5.798220634460449219e-03,2.800626277923583984e+00,-1.637775301933288574e+00,-7.118081092834472656e+00,-3.129797744750976562e+01,-4.834846496582031250e+01,-5.323403167724609375e+01,-4.609777450561523438e+01,-3.630905151367187500e+01,-3.317247772216796875e+01,-2.735737991333007812e+01,-2.571829986572265625e+01,-2.655624389648437500e+01,-2.748081207275390625e+01,-3.116629409790039062e+01,-3.337144088745117188e+01,-3.583531951904296875e+01,-3.542046737670898438e+01,-3.187907409667968750e+01,-2.997406768798828125e+01,-3.227888107299804688e+01,-3.316032409667968750e+01,-3.016423416137695312e+01,-2.446417617797851562e+01,-2.786404800415039062e+01,-2.768649291992187500e+01,-2.211733627319335938e+01,-1.843778991699218750e+01,-1.946942710876464844e+01,-1.936818313598632812e+01,-1.805840492248535156e+01,-1.048668098449707031e+01,-9.318850040435791016e-01,-2.970623493194580078e+00,-3.704797744750976562e+00,-7.066404342651367188e+00,-9.788509368896484375e+00,-2.322049140930175781e+01,-3.217839050292968750e+01,-3.331226730346679688e+01,-2.871784973144531250e+01,-2.597556686401367188e+01,-2.087691307067871094e+01,-1.606427955627441406e+01,-1.330816555023193359e+01,-1.449041175842285156e+01,-1.739821624755859375e+01,-1.396133995056152344e+01,-1.248669528961181641e+01,-1.125743675231933594e+01,-3.798479557037353516e+00,-8.026485443115234375e+00,-1.039361000061035156e+01,-4.969917774200439453e+00,-2.535868406295776367e+00,-6.744918823242187500e-01,1.554404735565185547e+00,-4.586048603057861328e+00,-5.702922821044921875e+00,-4.626153945922851562e+00,-4.555268764495849609e+00,-7.508190155029296875e+00,-6.856582641601562500e+00,-4.277238845825195312e+00,-2.187378883361816406e+00,-2.460640430450439453e+00,-1.096910285949707031e+01,-1.066540718078613281e+01,-4.486589908599853516e+00,-6.562204837799072266e+00,-6.018856525421142578e+00,-2.135252952575683594e+00,-4.492312431335449219e+00,-6.326557159423828125e+00,-3.953528165817260742e+00,-3.121800184249877930e+00,-5.253537178039550781e+00,-5.915903449058532715e-01,-1.804499030113220215e-01,6.055496931076049805e-01,1.253656625747680664e+00,7.696656584739685059e-01,6.405563354492187500e+00,9.200464248657226562e+00,2.632993221282958984e+00,1.217577695846557617e+00,2.039820671081542969e+00,2.687081992626190186e-01,-3.839279651641845703e+00,-4.365449905395507812e+00,-1.403952360153198242e+00,-2.730881214141845703e+00,-1.681091189384460449e-01,-8.236582279205322266e-01,2.862100839614868164e+00,6.374410629272460938e+00,3.544688701629638672e+00,2.997058629989624023e+00,6.906164646148681641e+00,3.009035825729370117e+00,-4.553182601928710938e+00,-3.348873376846313477e+00,-1.454216957092285156e+00,-6.153465270996093750e+00,-1.184463500976562500e+01,-1.399620819091796875e+01,-2.402934074401855469e+01,-2.134901046752929688e+01,-2.038694953918457031e+01,-2.083588409423828125e+01,-2.213970947265625000e+01,-2.276409530639648438e+01,-2.139651870727539062e+01,-2.288860321044921875e+01,-1.982659530639648438e+01,-2.056360244750976562e+01,-1.988795280456542969e+01,-1.732947921752929688e+01,-9.028614044189453125e+00,-1.686104583740234375e+01,-2.353258323669433594e+01,-2.336682319641113281e+01,-2.721328735351562500e+01,-3.074312400817871094e+01,-3.336868286132812500e+01,-3.871196746826171875e+01,-3.928714370727539062e+01,-3.364604187011718750e+01,-2.641993713378906250e+01,-3.484571838378906250e+01,-3.689179229736328125e+01,-3.483663177490234375e+01,-3.482675933837890625e+01,-3.318935394287109375e+01,-2.881856155395507812e+01,-1.929670715332031250e+01,-1.102291584014892578e+01,-1.799256134033203125e+01,-3.099076461791992188e+01,-3.429061889648437500e+01,-3.249443054199218750e+01,-2.643393325805664062e+01,-3.158845138549804688e+01,-3.538859176635742188e+01,-3.623944473266601562e+01,-3.193643569946289062e+01,-2.725937271118164062e+01,-2.777585411071777344e+01,-2.538993072509765625e+01,-2.715588569641113281e+01,-1.978235435485839844e+01,-1.637382125854492188e+01,-2.784426879882812500e+01,-2.939138412475585938e+01,-2.711577224731445312e+01,-2.452202987670898438e+01,-1.636869049072265625e+01,-5.681978702545166016e+00,-8.145894050598144531e+00,-5.483024597167968750e+00,-7.165822029113769531e+00,-1.091972064971923828e+01,-1.457633590698242188e+01,-1.841230583190917969e+01,-1.404360580444335938e+01,-1.300153923034667969e+01,-1.021372032165527344e+01,-1.217300891876220703e+01,-1.232267379760742188e+01,-1.276551628112792969e+01,-1.388177490234375000e+01,-1.654884338378906250e+01,-1.069991683959960938e+01,-2.469550371170043945e+00,-2.677484989166259766e+00,-8.755578994750976562e+00,-6.607580661773681641e+00,-1.515982055664062500e+01,-1.937317657470703125e+01,-1.571031761169433594e+01,-1.024276161193847656e+01,-7.444420814514160156e+00,-5.151708126068115234e+00,-3.301042556762695312e+00,7.159135341644287109e-01,2.714827060699462891e+00,-2.892412424087524414e+00,-5.104414939880371094e+00,3.131901264190673828e+00,-4.001403331756591797e+00,-7.945852279663085938e+00,-5.946253776550292969e+00,-5.360001564025878906e+00,-5.388338088989257812e+00,-3.098009586334228516e+00,-2.073488235473632812e+00,-8.214562416076660156e+00,-5.909164428710937500e+00,-2.625302791595458984e+00,-5.878602027893066406e+00,-7.262648582458496094e+00,-5.603091239929199219e+00,-9.696840286254882812e+00,-1.132941627502441406e+01,-1.304000473022460938e+01,-8.262441635131835938e+00,-6.075067520141601562e+00,-1.275770187377929688e+01,-1.247417259216308594e+01,-1.048807144165039062e+01,-8.171909332275390625e+00,-8.088089942932128906e+00,-8.241136550903320312e+00,-8.123558044433593750e+00,-9.276872634887695312e+00,-9.445345878601074219e+00,-9.234413146972656250e+00,-1.048343086242675781e+01,-9.101633071899414062e+00,-1.609273147583007812e+01,-1.597768783569335938e+01,-8.279470443725585938e+00,-8.146539688110351562e+00,-9.802114486694335938e+00,-4.319810867309570312e+00,-3.062613725662231445e+00,-5.776734828948974609e+00,-8.630735397338867188e+00,-1.076980781555175781e+01,-9.233148574829101562e+00,-7.457803726196289062e+00,-9.029233932495117188e+00,-1.147334194183349609e+01,-1.279899597167968750e+01,-1.722698593139648438e+01,-1.703431320190429688e+01,-1.736767196655273438e+01,-2.022519302368164062e+01,-2.190439987182617188e+01,-2.739990234375000000e+01,-2.384793853759765625e+01,-1.761491203308105469e+01,-1.872386169433593750e+01,-1.776113700866699219e+01,-1.643580245971679688e+01,-2.500248336791992188e+01,-2.108687210083007812e+01,-1.959280395507812500e+01,-2.230520248413085938e+01,-2.061616516113281250e+01,-1.817488670349121094e+01,-2.163803100585937500e+01,-2.949597167968750000e+01,-3.557895660400390625e+01,-2.958362007141113281e+01,-2.220051956176757812e+01,-2.474821090698242188e+01,-1.722382736206054688e+01,-1.184583473205566406e+01,-9.742311477661132812e+00,-9.166908264160156250e+00,-1.925687217712402344e+01,-2.734967422485351562e+01,-2.535029029846191406e+01,-1.858826828002929688e+01,-7.722395896911621094e+00,-1.658914208412170410e+00,-4.919969558715820312e+00,-2.721045970916748047e+00,-9.025089263916015625e+00,-1.711841964721679688e+01,-1.652240562438964844e+01,-1.162955665588378906e+01,-6.602107048034667969e+00,-1.186920070648193359e+01,-1.624745368957519531e+01,-1.568310737609863281e+01,-1.272036170959472656e+01,-1.066563034057617188e+01,-1.257192039489746094e+01,-1.828169250488281250e+01,-2.138108825683593750e+01,-1.480239295959472656e+01,-1.903160476684570312e+01,-2.005831909179687500e+01,-1.308937263488769531e+01,-1.083523750305175781e+01,-1.213901233673095703e+01,-1.012589263916015625e+01,-8.914791107177734375e+00,-6.483916282653808594e+00,-1.150136184692382812e+01,-1.809236717224121094e+01,-1.292389011383056641e+01,-1.174058055877685547e+01,-1.697247695922851562e+01,-1.763227462768554688e+01,-1.116595649719238281e+01,-8.227105140686035156e+00,-1.131199264526367188e+01,-1.421606636047363281e+01,-1.174714279174804688e+01,-7.535479545593261719e+00,-9.038940429687500000e+00,-9.146327972412109375e+00,-1.067022895812988281e+01,-1.359910583496093750e+01,-1.314999580383300781e+01,-1.079199409484863281e+01,-7.632385730743408203e+00,-7.567774772644042969e+00,-1.231899261474609375e+01,-7.004038333892822266e+00,-7.002541065216064453e+00,-6.722692012786865234e+00,-8.378816604614257812e+00,-8.292829513549804688e+00,-8.273147583007812500e+00,-1.111940002441406250e+01,-1.142108154296875000e+01,-9.375032424926757812e+00,-1.164274978637695312e+01,-1.576692008972167969e+01,-1.090999603271484375e+01,-7.446226119995117188e+00,-5.260200500488281250e+00,-5.677582263946533203e+00,-9.499959945678710938e+00,-1.013358688354492188e+01,-6.666402339935302734e+00,-3.483686685562133789e+00,-6.482698917388916016e+00,-1.099263954162597656e+01,-9.486053466796875000e+00,-3.021130561828613281e+00,-7.571990966796875000e+00,-7.347215652465820312e+00,-2.092423439025878906e+00,-1.813621759414672852e+00,-5.700582027435302734e+00,-5.229384422302246094e+00,-7.289001941680908203e+00,-6.738358497619628906e+00,-6.779495239257812500e+00,-8.243730545043945312e+00,-7.256609916687011719e+00,-1.032400703430175781e+01,-1.352288436889648438e+01,-1.436090087890625000e+01,-1.312623596191406250e+01,-1.073015785217285156e+01,-1.131322860717773438e+01,-1.508576011657714844e+01,-1.567936992645263672e+01,-1.675448989868164062e+01,-2.072372627258300781e+01,-2.057126617431640625e+01,-2.339791488647460938e+01,-2.068300628662109375e+01,-2.283427810668945312e+01,-2.248687744140625000e+01,-2.343428802490234375e+01,-1.970028686523437500e+01,-1.423995780944824219e+01,-7.805591583251953125e+00,-9.359436035156250000e+00,-1.050702667236328125e+01,-8.219080924987792969e+00,-1.063333606719970703e+01,-8.628008842468261719e+00,-8.425308227539062500e+00,-9.451868057250976562e+00,-1.104166412353515625e+01,-9.281613349914550781e+00,-7.906576633453369141e+00,-7.272974014282226562e+00,-1.421257591247558594e+01,-1.436994934082031250e+01,-1.125483608245849609e+01,-1.096320724487304688e+01,-8.471170425415039062e+00,-1.345911979675292969e+01,-1.511621665954589844e+01,-9.603393554687500000e+00,-3.108334541320800781e+00,-6.113865852355957031e+00,-4.326808452606201172e+00,-7.187499046325683594e+00,-1.052267742156982422e+01,-1.143486785888671875e+01,-9.423500061035156250e+00,-9.020948410034179688e+00,-4.870037555694580078e+00,-9.295326232910156250e+00,-1.130764961242675781e+01,-1.034944057464599609e+01,-1.045747470855712891e+01,-6.977149486541748047e+00,5.219816565513610840e-01,-1.651457071304321289e+00,-7.673147201538085938e+00,-8.174765586853027344e+00,-1.126569557189941406e+01,-7.311513900756835938e+00,-6.274794578552246094e+00,-7.326482295989990234e+00,-9.328208923339843750e+00,-1.353985404968261719e+01,-1.187031364440917969e+01,-1.005675697326660156e+01,-1.015731239318847656e+01,-7.944262027740478516e+00,-5.101996421813964844e+00,-4.193378448486328125e+00,-6.790022373199462891e+00,-4.728147029876708984e+00,-6.892967224121093750e+00,-9.079076766967773438e+00,-1.275976753234863281e+01,-1.356251239776611328e+01,-1.212046337127685547e+01,-9.432473182678222656e+00,-1.090552806854248047e+01,-1.123832130432128906e+01,-1.171663475036621094e+01,-1.163791084289550781e+01,-2.824968910217285156e+01,-4.476900482177734375e+01,-4.523756408691406250e+01,-3.769628143310546875e+01,-2.742771911621093750e+01,-2.128442573547363281e+01,-2.419465065002441406e+01,-2.594075584411621094e+01,-2.282962036132812500e+01,-1.707647705078125000e+01,-2.386651611328125000e+01,-2.759284973144531250e+01,-2.599728965759277344e+01,-2.568988227844238281e+01,-2.602636909484863281e+01,-2.307600593566894531e+01,-2.038692665100097656e+01,-2.258488273620605469e+01,-2.779596710205078125e+01,-2.986569976806640625e+01,-2.982312011718750000e+01,-3.059893417358398438e+01,-2.568929862976074219e+01,-2.719387435913085938e+01,-2.758213043212890625e+01,-2.444854545593261719e+01,-2.028174781799316406e+01,-2.517880630493164062e+01,-2.480197143554687500e+01,-2.170824241638183594e+01,-1.632064819335937500e+01,-1.264765930175781250e+01,-1.271690750122070312e+01,-1.588792705535888672e+01,-1.034431552886962891e+01,-6.495013236999511719e-01,-1.065569496154785156e+01,-8.903549194335937500e+00,-2.758064985275268555e+00,-3.364562034606933594e+00,-9.062675476074218750e+00,-1.153934192657470703e+01,-1.334931755065917969e+01,-1.539333724975585938e+01,-1.358419799804687500e+01,-1.130220031738281250e+01,-9.163778305053710938e+00,-2.068433761596679688e+01,-2.872428131103515625e+01,-2.589052200317382812e+01,-2.156684303283691406e+01,-2.110147857666015625e+01,-2.128396224975585938e+01,-2.209991455078125000e+01,-2.317786026000976562e+01,-2.078583908081054688e+01,-1.649505043029785156e+01,-1.306932258605957031e+01,-1.277297210693359375e+01,-1.096129226684570312e+01,-1.445149421691894531e+01,-7.916584014892578125e+00,-7.993664741516113281e+00,-7.505843162536621094e+00,-5.976979732513427734e+00,-8.870676040649414062e+00,-1.239541435241699219e+01,-1.609491348266601562e+01,-1.938280296325683594e+01,-2.379481506347656250e+01,-2.143929481506347656e+01,-1.977243804931640625e+01,-1.974780273437500000e+01,-1.984667968750000000e+01,-2.122280311584472656e+01,-2.587955474853515625e+01,-2.324844169616699219e+01,-2.213505935668945312e+01,-2.405437850952148438e+01,-1.866348457336425781e+01,-1.485965538024902344e+01,-1.588718032836914062e+01,-1.630193710327148438e+01,-1.493622493743896484e+01,-1.872965049743652344e+01,-2.385335159301757812e+01,-2.405912017822265625e+01,-2.375631523132324219e+01,-2.063203048706054688e+01,-2.102973937988281250e+01,-1.613923454284667969e+01,-1.566741275787353516e+01,-1.585069751739501953e+01,-1.498427391052246094e+01,-1.855892944335937500e+01,-1.516992568969726562e+01,-9.153931617736816406e+00,-1.199389171600341797e+01,-2.086108016967773438e+01,-2.197711181640625000e+01,-1.817700195312500000e+01,-2.038062667846679688e+01,-1.833932113647460938e+01,-1.158466148376464844e+01,-1.251860523223876953e+01,-1.388696479797363281e+01,-1.043128967285156250e+01,-2.723568439483642578e+00,-1.534753918647766113e+00,-6.705968856811523438e+00,-1.453892993927001953e+01,-1.972415733337402344e+01,-2.268291091918945312e+01,-2.760243988037109375e+01,-3.048891448974609375e+01,-2.817073822021484375e+01,-1.798410797119140625e+01,-1.159507179260253906e+01,-1.319241905212402344e+01,-9.570695877075195312e+00,-6.873111724853515625e+00,-2.483833551406860352e+00,-8.047167778015136719e+00,-8.579061508178710938e+00,-6.065827846527099609e+00,-5.926479339599609375e+00,-6.264935016632080078e+00,-5.372025012969970703e+00,-4.069980621337890625e+00,-6.459348678588867188e+00,-9.737860679626464844e+00,-1.204330635070800781e+01,-9.391502380371093750e+00,-6.606282234191894531e+00,-1.050385379791259766e+01,-1.123697948455810547e+01,-1.476578521728515625e+01,-1.320847988128662109e+01,-9.311145782470703125e+00,-1.543570709228515625e+01,-2.196926116943359375e+01,-1.912641906738281250e+01,-1.578498268127441406e+01,-1.653766441345214844e+01,-1.707933044433593750e+01,-1.983991813659667969e+01,-1.817893981933593750e+01,-1.874237442016601562e+01,-2.030804824829101562e+01,-1.438269138336181641e+01,-1.460996246337890625e+01,-1.363508987426757812e+01,-1.420738792419433594e+01,-1.378780174255371094e+01,-1.083438491821289062e+01,-9.492597579956054688e+00,-9.800293922424316406e+00,-1.474745559692382812e+01,-1.546627140045166016e+01,-1.453977584838867188e+01,-1.402709197998046875e+01,-1.404013252258300781e+01,-1.791510581970214844e+01,-1.460881423950195312e+01,-1.154454803466796875e+01,-6.473736763000488281e+00,-6.178915023803710938e+00,-1.334302330017089844e+01,-1.501479339599609375e+01,-1.903177642822265625e+01,-1.918328857421875000e+01,-1.807845687866210938e+01,-2.171836853027343750e+01,-2.279324913024902344e+01,-2.154228973388671875e+01,-2.287835693359375000e+01,-1.659546279907226562e+01,-1.636253166198730469e+01,-1.836308670043945312e+01,-1.747353935241699219e+01,-1.391666507720947266e+01,-1.122682380676269531e+01,-3.118877983093261719e+01,-4.508176803588867188e+01,-4.669978713989257812e+01,-4.243655395507812500e+01,-3.692974090576171875e+01,-2.805135726928710938e+01,-2.461709594726562500e+01,-2.448173904418945312e+01,-2.371369552612304688e+01,-2.184875106811523438e+01,-1.401672744750976562e+01,-8.600389480590820312e+00,-7.302590847015380859e+00,-3.836687088012695312e+00,-2.528865575790405273e+00,-4.361166954040527344e+00,-6.989062309265136719e+00,-2.037171173095703125e+01,-3.445948028564453125e+01,-3.976072692871093750e+01,-3.970143890380859375e+01,-3.257900619506835938e+01,-2.802396774291992188e+01,-2.902957153320312500e+01,-3.386456298828125000e+01,-3.427480697631835938e+01,-3.010773658752441406e+01,-2.628867340087890625e+01,-2.730492401123046875e+01,-3.413007354736328125e+01,-3.199704360961914062e+01,-1.711224365234375000e+01,-1.134863853454589844e+01,-1.234677314758300781e+01,-1.758592796325683594e+01,-1.978463363647460938e+01,-1.605796813964843750e+01,-1.491894340515136719e+01,-1.327031612396240234e+01,-1.220273017883300781e+01,-1.834762382507324219e+01,-2.525704193115234375e+01,-2.218635940551757812e+01,-1.974027633666992188e+01,-1.960642051696777344e+01,-2.801723098754882812e+01,-2.592449188232421875e+01,-2.847816467285156250e+01,-3.072090530395507812e+01,-2.003976821899414062e+01,-2.152288627624511719e+01,-3.273680114746093750e+01,-4.089148712158203125e+01,-4.288895034790039062e+01,-4.239242553710937500e+01,-3.948707962036132812e+01,-3.103918838500976562e+01,-2.207648468017578125e+01,-1.498069190979003906e+01,-1.205051994323730469e+01,-1.565240097045898438e+01,-1.141345405578613281e+01,-3.155777931213378906e+00,-1.148047637939453125e+01,-2.154430389404296875e+01,-2.505432510375976562e+01,-1.735831069946289062e+01,-1.113661766052246094e+01,-8.799081802368164062e+00,-5.508377552032470703e+00,-3.745620250701904297e+00,3.065626859664916992e+00,1.689845085144042969e+00,4.185331821441650391e+00,4.075677394866943359e+00,9.094130396842956543e-01,2.553472280502319336e+00,-1.929190397262573242e+00,-5.463543891906738281e+00,-9.716939926147460938e+00,-2.101887321472167969e+01,-2.711947631835937500e+01,-3.155356597900390625e+01,-3.125234031677246094e+01,-2.644691085815429688e+01,-1.932091903686523438e+01,-2.088996505737304688e+01,-1.997403144836425781e+01,-1.758530426025390625e+01,-2.097876358032226562e+01,-2.043206405639648438e+01,-1.970796203613281250e+01,-1.862820434570312500e+01,-1.527239227294921875e+01,-1.171696662902832031e+01,-6.691044807434082031e+00,-1.024569511413574219e+01,-1.474684333801269531e+01,-1.323528385162353516e+01,-9.686174392700195312e+00,-1.435128593444824219e+01,-1.506857490539550781e+01,-1.739109039306640625e+01,-1.977626037597656250e+01,-1.681809616088867188e+01,-1.193916511535644531e+01,-1.284867191314697266e+01,-1.260210990905761719e+01,-7.176035881042480469e+00,-6.585824489593505859e+00,-7.151207923889160156e+00,-5.569241523742675781e+00,-4.572987556457519531e+00,-9.511356353759765625e+00,-1.038879394531250000e+01,-8.488378524780273438e+00,-1.189362430572509766e+01,-1.120303535461425781e+01,-1.559045314788818359e+01,-1.654055786132812500e+01,-1.582068634033203125e+01,-1.678519630432128906e+01,-1.353555870056152344e+01,-1.227155113220214844e+01,-1.009806537628173828e+01,-8.534996032714843750e+00,-1.300189399719238281e+01,-1.655272674560546875e+01,-1.462907409667968750e+01,-1.774852371215820312e+01,-2.225217056274414062e+01,-2.014257431030273438e+01,-1.958865737915039062e+01,-1.980527496337890625e+01,-2.114330673217773438e+01,-2.200516510009765625e+01,-1.847221565246582031e+01,-1.707418251037597656e+01,-1.730011177062988281e+01,-2.015417861938476562e+01,-1.553368186950683594e+01,-1.660599327087402344e+01,-1.266100120544433594e+01,-1.396052074432373047e+01,-1.411907005310058594e+01,-1.305336189270019531e+01,-1.017665863037109375e+01,-1.798284912109375000e+01,-1.496149826049804688e+01,-1.419389438629150391e+01,-1.126092338562011719e+01,-1.192893123626708984e+01,-1.246477222442626953e+01,-1.664858627319335938e+01,-1.389645004272460938e+01,-1.064315223693847656e+01,-1.312015151977539062e+01,-1.516409015655517578e+01,-2.067188072204589844e+01,-2.171065521240234375e+01,-1.935064697265625000e+01,-1.985798263549804688e+01,-2.156701087951660156e+01,-2.086363601684570312e+01,-2.273514556884765625e+01,-2.579936981201171875e+01,-2.265680694580078125e+01,-1.944842910766601562e+01,-1.822655105590820312e+01,-2.079118347167968750e+01,-2.172325515747070312e+01,-1.774380111694335938e+01,-1.410811042785644531e+01,-1.345193862915039062e+01,-1.549198722839355469e+01,-1.802399635314941406e+01,-1.267725849151611328e+01,-9.749153137207031250e+00,-1.065594482421875000e+01,-9.039367675781250000e+00,-8.750823974609375000e+00,-7.952590942382812500e+00,-8.989561080932617188e+00,-1.764860916137695312e+01,-1.753513717651367188e+01,-1.645692634582519531e+01,-2.012150001525878906e+01,-1.367502117156982422e+01,-9.279334068298339844e+00,-1.007073402404785156e+01,-1.390820503234863281e+01,-1.609906768798828125e+01,-2.199860763549804688e+01,-2.119152832031250000e+01,-2.547605514526367188e+01,-2.617824745178222656e+01,-2.494548416137695312e+01,-2.939778900146484375e+01,-2.944274520874023438e+01,-2.628639221191406250e+01,-2.409373092651367188e+01,-2.415603828430175781e+01,-2.276471519470214844e+01,-2.096142578125000000e+01,-2.263905334472656250e+01,-2.096262359619140625e+01,-2.084776687622070312e+01,-2.207631683349609375e+01,-2.290543746948242188e+01,-1.969384765625000000e+01,-1.835328483581542969e+01,-2.003439712524414062e+01,-2.166864013671875000e+01,-1.805239486694335938e+01,-1.541144657135009766e+01,-1.385313224792480469e+01,-1.149350166320800781e+01,-1.420635032653808594e+01,-8.440643310546875000e+00,-9.394294738769531250e+00,-1.247401237487792969e+01,-9.570523262023925781e+00,-1.110916709899902344e+01,-1.514955139160156250e+01,-1.195204734802246094e+01,-6.516799926757812500e+00,-6.509004592895507812e+00,-7.631860733032226562e+00,-5.296266555786132812e+00,-4.145856857299804688e+00,-3.551192760467529297e+00,-8.251727104187011719e+00,-6.608232498168945312e+00,-3.306926965713500977e+00,-1.065566825866699219e+01,-1.654784393310546875e+01,-1.639826965332031250e+01,-1.359148406982421875e+01,-1.592776775360107422e+01,-1.751821136474609375e+01,-1.043302059173583984e+01,-6.052401542663574219e+00,-6.477118015289306641e+00,-8.001337051391601562e+00,-1.680522346496582031e+01,-1.832081604003906250e+01,-1.987288665771484375e+01,-1.774003219604492188e+01,-1.509886455535888672e+01,-1.776803016662597656e+01,-1.920325469970703125e+01,-1.967964553833007812e+01,-2.355847740173339844e+01,-2.463070297241210938e+01,-2.228006362915039062e+01,-2.261075210571289062e+01,-1.652993392944335938e+01,-1.309742164611816406e+01,-1.804900360107421875e+01,-1.812512588500976562e+01,-1.689941406250000000e+01,-1.593129730224609375e+01,-1.846127700805664062e+01,-1.626701736450195312e+01,-1.636039733886718750e+01,-1.299271011352539062e+01,-1.571066856384277344e+01,-1.307889556884765625e+01,-1.041319084167480469e+01,-1.164984893798828125e+01,-1.314831066131591797e+01,-1.186712455749511719e+01,-1.029351806640625000e+01,-9.834341049194335938e+00,-8.109439849853515625e+00,-4.828341007232666016e+00,-7.989157676696777344e+00,-5.661194801330566406e+00,-6.407301902770996094e+00,-7.738698482513427734e+00,-9.573197364807128906e+00,-3.740840435028076172e+00,-5.190376758575439453e+00,-2.450745820999145508e+00,-6.060242652893066406e+00,-6.909575462341308594e+00,-3.092638015747070312e+00,2.920399308204650879e-01,-4.016088485717773438e+00,-6.523332595825195312e+00,-4.213005542755126953e+00,-3.790684700012207031e+00,-9.663742065429687500e+00,-9.726342201232910156e+00,-1.175083160400390625e+01,-1.014656066894531250e+01,-1.038186931610107422e+01,-1.156148719787597656e+01,-9.020830154418945312e+00,-1.433283424377441406e+01,-1.375954437255859375e+01,-5.446085929870605469e+00,-3.489111423492431641e+00,-5.888706207275390625e+00,-2.976900100708007812e+00,-7.853896617889404297e-01,-1.219174861907958984e+00,-2.504863500595092773e+00,-4.517226219177246094e+00,-3.720142364501953125e+00,-4.984663963317871094e+00,-1.019868850708007812e+01,-7.163886070251464844e+00,-7.797590255737304688e+00,-9.585994720458984375e+00,-7.510994911193847656e+00,-6.061697959899902344e+00,-4.540098190307617188e+00,-2.681872367858886719e+00,-8.624347686767578125e+00,-8.571175575256347656e+00,-2.037177085876464844e+00,-1.546507453918457031e+01,-2.823895645141601562e+01,-2.883693695068359375e+01,-2.488176727294921875e+01,-2.321667671203613281e+01,-1.922527694702148438e+01,-1.462516021728515625e+01,-1.413339996337890625e+01,-7.809626102447509766e+00,-6.524321079254150391e+00,-1.046558475494384766e+01,-1.429442405700683594e+01,-1.799180984497070312e+01,-2.231084251403808594e+01,-3.147120666503906250e+01,-3.704123687744140625e+01,-3.244054412841796875e+01,-2.512789344787597656e+01,-2.026377868652343750e+01,-2.833720779418945312e+01,-3.668059539794921875e+01,-3.822016525268554688e+01,-3.570759963989257812e+01,-3.016023254394531250e+01,-3.076172256469726562e+01,-2.796067428588867188e+01,-1.206345844268798828e+01,-7.123162269592285156e+00,-1.031106185913085938e+01,-1.540149593353271484e+01,-1.718581771850585938e+01,-1.734948730468750000e+01,-1.640076065063476562e+01,-2.163482427597045898e+00,-5.034091472625732422e-01,-1.320356369018554688e+00,3.669322431087493896e-01,3.083474636077880859e+00,2.190474033355712891e+00,-1.463223838806152344e+01,-2.598147964477539062e+01,-3.062530517578125000e+01,-2.848957252502441406e+01,-2.639425659179687500e+01,-3.026390266418457031e+01,-3.613306808471679688e+01,-3.658241653442382812e+01,-3.448168945312500000e+01,-3.148276329040527344e+01,-3.346746063232421875e+01,-3.352972793579101562e+01,-3.337188339233398438e+01,-2.938640594482421875e+01,-2.668713760375976562e+01,-2.409038543701171875e+01,-2.524794006347656250e+01,-2.384611320495605469e+01,-2.169648742675781250e+01,-1.793891334533691406e+01,-1.677792739868164062e+01,-1.603810501098632812e+01,-1.167893600463867188e+01,-5.244829177856445312e+00,-5.302046298980712891e+00,-1.498912048339843750e+01,-1.896974372863769531e+01,-1.839857864379882812e+01,-1.132399749755859375e+01,-8.971361160278320312e+00,-6.406426429748535156e+00,-1.892259597778320312e+00,-1.599761962890625000e+00,-1.509301543235778809e+00,-1.245127487182617188e+01,-1.786005783081054688e+01,-1.634148979187011719e+01,-1.599654293060302734e+01,-1.872698593139648438e+01,-2.463353729248046875e+01,-1.689846420288085938e+01,-1.355881214141845703e+01,-1.605740356445312500e+01,-1.971898269653320312e+01,-1.903534317016601562e+01,-1.704824447631835938e+01,-2.221081352233886719e+01,-3.519446563720703125e+01,-3.572124481201171875e+01,-2.546795654296875000e+01,-1.990719223022460938e+01,-1.918264007568359375e+01,-1.895587158203125000e+01,-1.281900787353515625e+01,-9.952768325805664062e+00,-9.877048492431640625e+00,-1.295372390747070312e+01,-1.159878921508789062e+01,-1.184671592712402344e+01,-9.021418571472167969e+00,-7.987452983856201172e+00,-8.793030738830566406e+00,-9.650182723999023438e+00,-8.661791801452636719e+00,-9.224094390869140625e+00,-8.832702636718750000e+00,-7.473088264465332031e+00,-7.893079757690429688e+00,-8.617846488952636719e+00,-5.119887351989746094e+00,-2.832355499267578125e+00,-4.447205066680908203e+00,-4.401917934417724609e+00,-9.879074096679687500e+00,-1.535447502136230469e+01,-1.250375461578369141e+01,-1.734799194335937500e+01,-2.797841072082519531e+01,-2.909208869934082031e+01,-2.571905517578125000e+01,-2.863289260864257812e+01,-2.626564598083496094e+01,-1.592154312133789062e+01,-8.489520072937011719e+00,-2.815232992172241211e+00,-3.934947490692138672e+00,-5.380435943603515625e+00,-4.272562503814697266e+00,-5.060765743255615234e+00,-1.761809158325195312e+01,-2.630211830139160156e+01,-2.666430854797363281e+01,-2.126568603515625000e+01,-2.124706649780273438e+01,-1.959176254272460938e+01,-1.765270233154296875e+01,-1.662870788574218750e+01,-1.624790954589843750e+01,-1.546248435974121094e+01,-1.745045852661132812e+01,-2.083016395568847656e+01,-2.245963287353515625e+01,-1.970812225341796875e+01,-1.481480598449707031e+01,-8.756090164184570312e+00,-9.481487274169921875e+00,-8.608653068542480469e+00,-2.256951093673706055e+00,2.021945714950561523e+00,2.170811891555786133e+00,-9.543888092041015625e+00,-1.555554199218750000e+01,-1.777214050292968750e+01,-2.502569007873535156e+01,-2.960701179504394531e+01,-3.295361328125000000e+01,-2.695223808288574219e+01,-2.997200202941894531e+01,-3.269641113281250000e+01,-3.648979187011718750e+01,-3.941569519042968750e+01,-3.444865798950195312e+01,-2.359878921508789062e+01,-1.586910533905029297e+01,-1.937331771850585938e+01,-2.067802810668945312e+01,-1.013963890075683594e+01,-1.324259567260742188e+01,-1.728783035278320312e+01,-1.489382171630859375e+01,-1.512129211425781250e+01,-1.650980377197265625e+01,-1.355088710784912109e+01,-1.045822143554687500e+01,-7.427635669708251953e+00,-5.646835803985595703e+00,-7.454830169677734375e+00,-8.687651634216308594e+00,-8.430896759033203125e+00,-8.329500198364257812e+00,-3.737745046615600586e+00,-7.093956947326660156e+00,-1.285647583007812500e+01,-1.222612380981445312e+01,-9.484187126159667969e+00,-7.322310447692871094e+00,-7.803507804870605469e+00,-6.145586013793945312e+00,-2.222082853317260742e+00,-1.400466918945312500e+00,-1.210240364074707031e+01,-2.188296127319335938e+01,-2.814488601684570312e+01,-2.669918441772460938e+01,-2.675848770141601562e+01,-2.282719993591308594e+01,-1.955412673950195312e+01,-1.720653915405273438e+01,-1.087515640258789062e+01,-9.101673126220703125e+00,-1.453380393981933594e+01,-1.566673183441162109e+01,-9.776034355163574219e+00,-4.822748184204101562e+00,-4.929438591003417969e+00,-9.608278274536132812e+00,-1.644665527343750000e+01,-2.093630790710449219e+01,-2.025643157958984375e+01,-2.081762313842773438e+01,-1.990251541137695312e+01,-9.038042068481445312e+00,-1.900754690170288086e+00,-7.168767452239990234e-01,-2.769382476806640625e+00,-1.913581085205078125e+01,-2.302521514892578125e+01,-2.256948852539062500e+01,-1.978670883178710938e+01,-1.996205711364746094e+01,-1.830282783508300781e+01,-1.106476974487304688e+01,-6.503970146179199219e+00,-7.547905921936035156e+00,-1.097016334533691406e+01,-4.558523178100585938e+00,-2.728056907653808594e+00,-6.779577732086181641e+00,-8.283116340637207031e+00,-7.701958656311035156e+00,-1.185652923583984375e+01,-1.429883003234863281e+01,-8.164376258850097656e+00,-9.684732437133789062e+00,-1.490311908721923828e+01,-2.199686050415039062e+01,-2.203280258178710938e+01,-1.987787628173828125e+01,-2.082110977172851562e+01,-2.440750503540039062e+01,-2.295482254028320312e+01,-1.817490386962890625e+01,-1.470022964477539062e+01,-9.163192749023437500e+00,-5.319458484649658203e+00,-2.734456300735473633e+00,-3.833601236343383789e+00,-3.009241580963134766e+00,-2.806191146373748779e-01,-1.752919912338256836e+00,-3.297859191894531250e+00,-2.602439880371093750e+00,-2.711838245391845703e+00,-1.259870290756225586e+00,4.009444236755371094e+00,5.667997360229492188e+00,1.610316991806030273e+00,-3.744071483612060547e+00,-4.239772319793701172e+00,-2.073484420776367188e+00,-4.535695016384124756e-01,-1.758805751800537109e+00,2.809983491897583008e-01,-6.771451950073242188e+00,-1.136256408691406250e+01,-1.382939529418945312e+01,-1.225928306579589844e+01,-6.517964363098144531e+00,-3.084636688232421875e+00,-1.004864692687988281e+01,-7.157084941864013672e+00,-1.634239578247070312e+01,-3.372677612304687500e+01,-4.212202453613281250e+01,-4.657352828979492188e+01,-4.976512145996093750e+01,-5.738806152343750000e+01,-5.688405609130859375e+01,-4.926720046997070312e+01,-4.879344177246093750e+01,-4.752062606811523438e+01,-4.655519866943359375e+01,-4.507305145263671875e+01,-3.817586517333984375e+01,-3.157678794860839844e+01,-2.231396484375000000e+01,-1.101647090911865234e+01,-1.733629608154296875e+01,-1.834484863281250000e+01,-1.807630157470703125e+01,-1.158114433288574219e+01,-9.228606224060058594e+00,-1.120054721832275391e+01,-8.517948150634765625e+00,-1.375860023498535156e+01,-1.766039466857910156e+01,-1.693319702148437500e+01,-1.240082359313964844e+01,-1.588462829589843750e+01,-2.025817108154296875e+01,-2.179816436767578125e+01,-2.182422828674316406e+01,-2.440706634521484375e+01,-2.659062004089355469e+01,-2.395275688171386719e+01,-2.255930519104003906e+01,-2.001991653442382812e+01,-1.661117553710937500e+01,-1.452666473388671875e+01,-1.611563491821289062e+01,-1.558116912841796875e+01,-1.524672698974609375e+01,-1.098196983337402344e+01,-1.599928092956542969e+01,-1.296778869628906250e+01,-9.469567298889160156e+00,-1.442840576171875000e+01,-1.966401290893554688e+01,-1.733653259277343750e+01,-1.583372879028320312e+01,-2.123438644409179688e+01,-2.283591842651367188e+01,-2.523684310913085938e+01,-2.037270736694335938e+01,-1.131835746765136719e+01,-1.094177246093750000e+01,-1.266855525970458984e+01,-8.577923774719238281e+00,-6.476823806762695312e+00,-1.107304191589355469e+01,-9.528759002685546875e+00,-6.524421691894531250e+00,-6.695443153381347656e+00,-6.733861446380615234e+00,-4.726084232330322266e+00,-3.330068111419677734e+00,-7.962139606475830078e+00,-1.614523506164550781e+01,-1.709577751159667969e+01,-1.546490764617919922e+01,-1.325078964233398438e+01,-1.269632434844970703e+01,-1.024389266967773438e+01,-1.542095565795898438e+01,-1.767086029052734375e+01,-1.796136856079101562e+01,-1.292702293395996094e+01,-1.166349220275878906e+01,-9.286272048950195312e+00,-1.052088356018066406e+01,-1.448374557495117188e+01,-1.299016952514648438e+01,-1.663665771484375000e+01,-2.382699203491210938e+01,-2.212456512451171875e+01,-1.463516998291015625e+01,-2.821740388870239258e+00,-2.523089647293090820e-01,6.621737480163574219e-01,-1.364112663269042969e+01,-3.322607421875000000e+01,-4.321948242187500000e+01,-3.129515457153320312e+01,-2.150887298583984375e+01,-2.518382644653320312e+01,-2.235265731811523438e+01,-1.523465633392333984e+01,-1.306564331054687500e+01,-1.348204994201660156e+01,-1.170740318298339844e+01,-8.238534927368164062e+00,-7.236832618713378906e+00,-1.191105651855468750e+01,-8.425635337829589844e+00,-1.087548446655273438e+01,-1.570227813720703125e+01,-1.739900970458984375e+01,-1.610636901855468750e+01,-1.289389038085937500e+01,-1.043452930450439453e+01,-9.982616424560546875e+00,-6.821906089782714844e+00,-5.030981063842773438e+00,2.166104316711425781e-02,4.870075702667236328e+00,-2.193693637847900391e+00,-7.147397041320800781e+00,-1.372146701812744141e+01,-1.471298027038574219e+01,-1.333202266693115234e+01,-2.444463348388671875e+01,-2.970777893066406250e+01,-2.098120307922363281e+01,-1.323145103454589844e+01,-1.368806171417236328e+01,-1.973625946044921875e+01,-3.129794311523437500e+01,-3.283404922485351562e+01,-2.828308296203613281e+01,-1.989218521118164062e+01,-1.669664001464843750e+01,-1.292912101745605469e+01,-9.538721084594726562e+00,-1.237712860107421875e+01,-1.256065559387207031e+01,-1.527986717224121094e+01,-1.644001770019531250e+01,-1.736314582824707031e+01,-1.966286849975585938e+01,-2.316344070434570312e+01,-2.312023544311523438e+01,-2.640921020507812500e+01,-3.023961257934570312e+01,-3.393358612060546875e+01,-2.962515258789062500e+01,-2.414505767822265625e+01,-2.191556167602539062e+01,-1.944885063171386719e+01,-1.441415023803710938e+01,-1.272866058349609375e+01,-1.480130481719970703e+01,-1.180119037628173828e+01,-1.035153579711914062e+01,-1.349229812622070312e+01,-1.648394393920898438e+01,-1.208741378784179688e+01,-6.927550315856933594e+00,-1.137093734741210938e+01,-1.486634826660156250e+01,-1.282064056396484375e+01,-1.042038154602050781e+01,-1.023280143737792969e+01,-8.238410949707031250e+00,-8.400461196899414062e+00,-7.047589302062988281e+00,-7.318529129028320312e+00,-6.537147521972656250e+00,-4.196404457092285156e+00,-4.521540641784667969e+00,-2.476029872894287109e+00,-8.737099647521972656e+00,-8.868549346923828125e+00,-1.071167182922363281e+01,-1.635698890686035156e+01,-1.055015563964843750e+01,-4.935799598693847656e+00,-8.578893661499023438e+00,-8.079240798950195312e+00,-9.310182571411132812e+00,-6.489244461059570312e+00,-6.980524063110351562e-01,-1.009030580520629883e+00,-1.259190320968627930e+00,1.936588883399963379e-01,6.256650686264038086e-01,-5.505477905273437500e+00,-8.800610542297363281e+00,-1.029338645935058594e+01,-2.790131950378417969e+01,-3.607585906982421875e+01,-3.363924407958984375e+01,-2.851943969726562500e+01,-2.165461730957031250e+01,-2.378114700317382812e+01,-2.879804992675781250e+01,-3.039596366882324219e+01,-2.725592422485351562e+01,-2.650926208496093750e+01,-2.141368103027343750e+01,-1.264706993103027344e+01,-4.968906879425048828e+00,-5.997345924377441406e+00,-8.931591987609863281e+00,-7.292099952697753906e+00,-1.464381217956542969e+01,-2.504500389099121094e+01,-3.670291137695312500e+01,-4.052623748779296875e+01,-3.804859924316406250e+01,-2.868868255615234375e+01,-2.158916473388671875e+01,-2.773970794677734375e+01,-4.170175552368164062e+01,-4.273089981079101562e+01,-3.906027221679687500e+01,-4.113825225830078125e+01,-3.992718505859375000e+01,-4.019348144531250000e+01,-4.809890747070312500e+01,-5.065756225585937500e+01,-4.211979675292968750e+01,-3.814860534667968750e+01,-3.269475555419921875e+01,-2.858282470703125000e+01,-2.629203796386718750e+01,-2.636554336547851562e+01,-2.811021041870117188e+01,-2.038962554931640625e+01,-1.556655502319335938e+01,-1.529682159423828125e+01,-1.151635360717773438e+01,-1.140895462036132812e+01,-1.150137996673583984e+01,-1.143434333801269531e+01,-1.585975265502929688e+01,-2.207741355895996094e+01,-3.071487617492675781e+01,-3.702284240722656250e+01,-3.380835723876953125e+01,-2.857653045654296875e+01,-3.147436904907226562e+01,-2.764106369018554688e+01,-2.388776779174804688e+01,-1.978576087951660156e+01,-1.900368309020996094e+01,-2.595867919921875000e+01,-3.088914108276367188e+01,-3.158448791503906250e+01,-3.313170623779296875e+01,-3.195229530334472656e+01,-2.865380477905273438e+01,-2.907371520996093750e+01,-2.532851028442382812e+01,-1.877804183959960938e+01,-2.114826202392578125e+01,-2.031151962280273438e+01,-2.010358810424804688e+01,-1.748918342590332031e+01,-1.621233558654785156e+01,-1.464267158508300781e+01,-1.104907035827636719e+01,-8.558567047119140625e+00,-9.353015899658203125e+00,-1.402370452880859375e+01,-1.564734268188476562e+01,-1.434371948242187500e+01,-2.073083114624023438e+01,-1.954032707214355469e+01,-2.173506164550781250e+01,-2.213861846923828125e+01,-1.844720077514648438e+01,-1.990667343139648438e+01,-1.792858886718750000e+01,-1.686251831054687500e+01,-1.368186473846435547e+01,-1.379843235015869141e+01,-1.259816360473632812e+01,-8.514219284057617188e+00,-4.153118133544921875e+00,-5.707274436950683594e+00,-7.242605209350585938e+00,-6.830913066864013672e+00,-8.582681655883789062e+00,-6.017237663269042969e+00,-6.755193233489990234e+00,-1.382330703735351562e+01,-1.471105766296386719e+01,-1.241281890869140625e+01,-1.348893356323242188e+01,-2.567403411865234375e+01,-3.082228469848632812e+01,-3.001859664916992188e+01,-3.042785263061523438e+01,-2.393872451782226562e+01,-1.626465988159179688e+01,-1.926749420166015625e+01,-2.350559043884277344e+01,-1.992164993286132812e+01,-1.701727104187011719e+01,-1.982357788085937500e+01,-1.910730361938476562e+01,-1.366777420043945312e+01,-1.052560806274414062e+01,-7.508333683013916016e+00,-9.264141082763671875e+00,-9.261474609375000000e+00,-1.022688484191894531e+01,-2.522687339782714844e+01,-3.423756408691406250e+01,-3.218480682373046875e+01,-3.426583480834960938e+01,-3.388997268676757812e+01,-3.416223144531250000e+01,-2.795494079589843750e+01,-1.736548233032226562e+01,-1.180993461608886719e+01,-1.398452949523925781e+01,-1.339142799377441406e+01,-1.105056381225585938e+01,-9.929331779479980469e+00,-9.902952194213867188e+00,-1.205831336975097656e+01,-1.212639617919921875e+01,-1.319398498535156250e+01,-1.477494621276855469e+01,-1.298264598846435547e+01,-9.809535980224609375e+00,-6.894907951354980469e+00,-1.079971504211425781e+01,-8.888929367065429688e+00,-1.167117881774902344e+01,-1.431371402740478516e+01,-1.172764587402343750e+01,-9.401438713073730469e+00,-1.164320182800292969e+01,-1.565037918090820312e+01,-9.962694168090820312e+00,-6.181701183319091797e+00,-4.638482093811035156e+00,-2.455111980438232422e+00,-2.017680883407592773e+00,-1.702980041503906250e+00,-6.924957752227783203e+00,-2.040719509124755859e+00,-9.347222328186035156e+00,-1.798064994812011719e+01,-1.961504745483398438e+01,-1.863848495483398438e+01,-2.463836669921875000e+01,-2.435978507995605469e+01,-1.627187347412109375e+01,-1.679821395874023438e+01,-2.148610115051269531e+01,-2.359450721740722656e+01,-2.003131866455078125e+01,-2.076507949829101562e+01,-1.571506404876708984e+01,-1.562811756134033203e+01,-2.542246627807617188e+01,-3.314121627807617188e+01,-4.150857162475585938e+01,-4.344486618041992188e+01,-3.928394317626953125e+01,-4.231620407104492188e+01,-4.711420059204101562e+01,-4.607559204101562500e+01,-4.509349060058593750e+01,-4.690335083007812500e+01,-4.143840789794921875e+01,-3.960617065429687500e+01,-4.089722824096679688e+01,-4.206673431396484375e+01,-4.100031280517578125e+01,-3.450738525390625000e+01,-3.255941772460937500e+01,-2.122703933715820312e+01,-1.670235252380371094e+01,-1.526614856719970703e+01,-1.248370552062988281e+01,-1.290081214904785156e+01,-1.934622192382812500e+01,-2.131600570678710938e+01,-3.563882446289062500e+01,-4.230156707763671875e+01,-4.101958465576171875e+01,-3.602070617675781250e+01,-2.442425155639648438e+01,-1.746870422363281250e+01,-1.548482799530029297e+01,-1.382664966583251953e+01,-1.114290428161621094e+01,-9.666706085205078125e+00,-1.093147277832031250e+01,-1.495564460754394531e+01,-1.879488754272460938e+01,-1.134543228149414062e+01,-5.164622783660888672e+00,-4.924810886383056641e+00,-2.887578010559082031e+00,-2.892587661743164062e+00,-2.623682737350463867e+00,-2.544844627380371094e+00,-3.089892864227294922e-01,-6.082192420959472656e+00,-6.276496887207031250e+00,-8.429185867309570312e+00,-8.448390007019042969e+00,-2.279805183410644531e+00,-1.226118445396423340e+00,-6.593694686889648438e+00,-9.372416496276855469e+00,-3.100403070449829102e+00,6.540775299072265625e-01,-4.513116836547851562e+00,-4.195867538452148438e+00,-5.114199638366699219e+00,-5.959066390991210938e+00,-3.318171501159667969e+00,-7.707237243652343750e+00,-2.346053886413574219e+01,-2.480652236938476562e+01,-1.854382324218750000e+01,-2.040193939208984375e+01,-2.614365005493164062e+01,-2.722852325439453125e+01,-2.261716842651367188e+01,-1.147617530822753906e+01,-8.595451354980468750e+00,-1.481620407104492188e+01,-3.198976135253906250e+01,-3.714318847656250000e+01,-3.759059906005859375e+01,-3.436861038208007812e+01,-3.232999801635742188e+01,-3.095577239990234375e+01,-2.919543838500976562e+01,-2.216578292846679688e+01,-3.058620071411132812e+01,-3.313173675537109375e+01,-3.421361923217773438e+01,-3.148437118530273438e+01,-2.919919967651367188e+01,-2.931690979003906250e+01,-2.367127227783203125e+01,-2.213678741455078125e+01,-2.153036117553710938e+01,-2.007785797119140625e+01,-1.683942031860351562e+01,-1.197635841369628906e+01,-1.755391311645507812e+01,-2.345621299743652344e+01,-2.612024307250976562e+01,-2.478508377075195312e+01,-2.311746215820312500e+01,-1.906704902648925781e+01,-2.158353424072265625e+01,-3.820338439941406250e+01,-5.134419250488281250e+01,-5.406385040283203125e+01,-4.979816436767578125e+01,-4.463105010986328125e+01,-4.058900833129882812e+01,-3.895418548583984375e+01,-3.368147277832031250e+01,-3.124723434448242188e+01,-3.503977966308593750e+01,-4.064912414550781250e+01,-3.533858108520507812e+01,-3.126773452758789062e+01,-2.737504768371582031e+01,-2.269028854370117188e+01,-1.808993911743164062e+01,-1.631769943237304688e+01,-1.699160003662109375e+01,-2.154407119750976562e+01,-3.413814163208007812e+01,-3.496431732177734375e+01,-3.145296859741210938e+01,-3.061873435974121094e+01,-3.178275299072265625e+01,-3.005584526062011719e+01,-2.431595611572265625e+01,-2.639112091064453125e+01,-2.245889282226562500e+01,-1.990321731567382812e+01,-1.599585914611816406e+01,-1.293704605102539062e+01,-6.597408771514892578e+00,-4.903571128845214844e+00,-1.958652973175048828e+00,-2.880028009414672852e+00,-1.905902862548828125e+01,-3.310410690307617188e+01,-3.291778182983398438e+01,-3.168615341186523438e+01,-2.363883209228515625e+01,-2.324804306030273438e+01,-2.504034423828125000e+01,-2.797539520263671875e+01,-3.248166275024414062e+01,-3.105385589599609375e+01,-2.146869277954101562e+01,-1.425920391082763672e+01,-9.057648658752441406e+00,-9.183450698852539062e+00,-1.129337692260742188e+01,-1.335036182403564453e+01,-1.293674850463867188e+01,-1.300971412658691406e+01,-1.413008499145507812e+01,-1.940075302124023438e+01,-1.405620193481445312e+01,-1.205826950073242188e+01,-2.140165138244628906e+01,-2.728468322753906250e+01,-2.120619010925292969e+01,-1.748835182189941406e+01,-2.158358192443847656e+01,-2.445538902282714844e+01,-2.136440086364746094e+01,-1.790753555297851562e+01,-2.175384521484375000e+01,-2.434515762329101562e+01,-1.736465072631835938e+01,-1.178678131103515625e+01,-1.256195449829101562e+01,-8.129525184631347656e+00,-8.660139083862304688e+00,-1.021024799346923828e+01,-4.976129531860351562e+00,-3.999773979187011719e+00,-9.037275314331054688e+00,-9.494012832641601562e+00,-1.349095726013183594e+01,-1.302366733551025391e+01,-4.711262702941894531e+00,-4.737148284912109375e+00,-9.919724464416503906e+00,-9.038035392761230469e+00,-8.250109672546386719e+00,-9.369971275329589844e+00,-8.453144073486328125e+00,-7.601767063140869141e+00,-6.649017810821533203e+00,-6.176809310913085938e+00,-4.549957752227783203e+00,-4.701241493225097656e+00,-7.363449096679687500e+00,-3.311635732650756836e+00,-2.269388198852539062e+00,-1.549425125122070312e+00,-4.671155929565429688e+00,-5.092245101928710938e+00,-7.298751831054687500e+00,-1.567865753173828125e+01,-1.914124298095703125e+01,-2.761913299560546875e+01,-3.082670593261718750e+01,-3.674941253662109375e+01,-3.356933593750000000e+01,-2.488639831542968750e+01,-2.368590545654296875e+01,-1.962486839294433594e+01,-1.881530570983886719e+01,-1.207192420959472656e+01,-9.473949432373046875e+00,-1.013687133789062500e+01,-2.794157743453979492e+00,-4.660866260528564453e+00,-1.452344512939453125e+01,-3.112386703491210938e+01,-3.711481094360351562e+01,-3.764529418945312500e+01,-3.449313354492187500e+01,-2.977606010437011719e+01,-2.932211112976074219e+01,-2.257444381713867188e+01,-1.825715065002441406e+01,-1.358563423156738281e+01,-1.778888320922851562e+01,-3.923342132568359375e+01,-4.121850967407226562e+01,-4.108483123779296875e+01,-3.666098785400390625e+01,-3.211179351806640625e+01,-3.156336402893066406e+01,-3.022285842895507812e+01,-2.197583389282226562e+01,-2.308330535888671875e+01,-3.085612869262695312e+01,-3.129123878479003906e+01,-2.474371719360351562e+01,-1.178906440734863281e+01,-5.016535758972167969e+00,-4.275405883789062500e+00,-2.300232648849487305e+00,-4.611536502838134766e+00,-1.266903400421142578e+00,-9.260916113853454590e-01,2.173406124114990234e+00,-1.886181712150573730e+00,-1.047850608825683594e+00,4.223608374595642090e-01,-3.895213842391967773e+00,-6.636334419250488281e+00,-4.327619552612304688e+00,-8.242357254028320312e+00,-4.342029094696044922e+00,-2.411113262176513672e+00,-1.632003784179687500e+00,-3.280535936355590820e+00,-2.267960548400878906e+00,2.568542361259460449e-01,1.796527266502380371e+00,7.680258899927139282e-02,-2.702521324157714844e+00,-2.968760490417480469e+00,-2.692295312881469727e+00,-1.623733043670654297e-01,1.301658391952514648e+00,-2.756898880004882812e+00,-2.165988922119140625e+00,-3.219889640808105469e+00,-2.707028865814208984e+00,-2.031414508819580078e+00,-5.127900600433349609e+00,-2.924490928649902344e+00,-2.794239997863769531e+00,-4.350565910339355469e+00,-4.166234493255615234e+00,-3.187249183654785156e+00,-1.156651139259338379e+00,-1.605530261993408203e+00,-1.836684465408325195e+00,-1.389563798904418945e+00,3.058238744735717773e+00,2.618656635284423828e+00,-4.514000892639160156e+00,-8.315308570861816406e+00,-9.945676326751708984e-01,-5.734262466430664062e+00,-3.184591293334960938e+00,-5.870649814605712891e+00,-1.364761161804199219e+01,-1.902059173583984375e+01,-2.615813636779785156e+01,-3.090805435180664062e+01,-2.528058624267578125e+01,-1.691521263122558594e+01,-1.609970283508300781e+01,-1.548342514038085938e+01,-9.949216842651367188e+00,-1.747270584106445312e+01,-2.055233764648437500e+01,-2.138090515136718750e+01,-1.369673728942871094e+01,-6.147356986999511719e+00,-2.135147571563720703e+00,-1.799531555175781250e+01,-2.497836685180664062e+01,-2.535704421997070312e+01,-3.187590789794921875e+01,-3.804061126708984375e+01,-3.969955444335937500e+01,-3.552948379516601562e+01,-2.742179107666015625e+01,-2.244486618041992188e+01,-2.172829055786132812e+01,-3.390828323364257812e+01,-4.310786819458007812e+01,-3.805168151855468750e+01,-3.462428665161132812e+01,-3.639275360107421875e+01,-2.899794387817382812e+01,-2.568407440185546875e+01,-2.087156677246093750e+01,-3.630908203125000000e+01,-3.610251617431640625e+01,-3.173954010009765625e+01,-2.677553367614746094e+01,-1.494628524780273438e+01,-6.912730216979980469e+00,-5.538278102874755859e+00,-1.896765136718750000e+01,-3.261461639404296875e+01,-3.645898056030273438e+01,-3.151032638549804688e+01,-2.186660003662109375e+01,-1.618458747863769531e+01,-1.990390396118164062e+01,-2.348933410644531250e+01,-2.602894592285156250e+01,-2.503324317932128906e+01,-2.832473182678222656e+01,-3.442686080932617188e+01,-2.833828163146972656e+01,-2.809164810180664062e+01,-2.785168457031250000e+01,-1.787906646728515625e+01,-1.405708503723144531e+01,-1.075041580200195312e+01,-8.919718742370605469e+00,-4.567605018615722656e+00,-6.477897644042968750e+00,-2.192799568176269531e+01,-2.672162246704101562e+01,-2.748273086547851562e+01,-2.061951065063476562e+01,-1.304610633850097656e+01,-1.037010860443115234e+01,-5.061847686767578125e+00,-9.336666107177734375e+00,-1.415019130706787109e+01,-9.943305015563964844e+00,-3.402617931365966797e+00,-2.968863964080810547e+00,-2.651209068298339844e+01,-3.286738204956054688e+01,-2.769773101806640625e+01,-1.797397804260253906e+01,-8.944818496704101562e+00,-4.242405891418457031e+00,-4.236032485961914062e+00,-4.786291122436523438e-01,3.189988136291503906e+00,1.013061523437500000e+01,-4.627920150756835938e+00,-2.248435211181640625e+01,-2.325267982482910156e+01,-2.167937088012695312e+01,-1.660696792602539062e+01,-1.372276973724365234e+01,-1.598131179809570312e+01,-1.092716979980468750e+01,-1.369600868225097656e+01,-1.867081832885742188e+01,-2.413251304626464844e+01,-2.548634338378906250e+01,-2.405383300781250000e+01,-2.934173011779785156e+01,-3.282440948486328125e+01,-3.273354721069335938e+01,-2.642766952514648438e+01,-1.490335655212402344e+01,-1.238761138916015625e+01,-7.941154003143310547e+00,-6.321182727813720703e+00,-5.240535259246826172e+00,-2.938140332698822021e-01,2.970138311386108398e+00,-2.227864742279052734e+00,-3.870750188827514648e+00,-1.023960471153259277e+00,-3.314410209655761719e+00,-5.710424900054931641e+00,-5.246000289916992188e+00,-3.328842639923095703e+00,-2.574697256088256836e+00,4.438282966613769531e+00,6.382432937622070312e+00,7.657701492309570312e+00,7.129920005798339844e+00,2.047713518142700195e+00,-2.130313158035278320e+00,4.364120662212371826e-01,1.574844598770141602e+00,3.358705997467041016e+00,-2.054751217365264893e-01,6.701229214668273926e-01,-1.752532243728637695e+00,-1.738521194458007812e+01,-2.312050247192382812e+01,-2.680656242370605469e+01,-2.588681030273437500e+01,-2.060450744628906250e+01,-1.570381641387939453e+01,-8.715187072753906250e+00,-2.906909227371215820e+00,-3.030373573303222656e+00,-1.246505165100097656e+01,-2.119550704956054688e+01,-2.285668563842773438e+01,-1.550422573089599609e+01,-1.723192596435546875e+01,-1.639377975463867188e+01,-8.536453247070312500e+00,-1.406366157531738281e+01,-1.633447265625000000e+01,-1.858408164978027344e+01,-1.938391113281250000e+01,-1.166541099548339844e+01,-3.427538573741912842e-01,-7.194732666015625000e+00,-1.073730087280273438e+01,-8.614995956420898438e+00,-8.448643684387207031e+00,-1.826584243774414062e+01,-2.463224411010742188e+01,-2.340915107727050781e+01,-2.563222122192382812e+01,-2.506769561767578125e+01,-2.734768295288085938e+01,-2.882347106933593750e+01,-1.812987518310546875e+01,-1.098060989379882812e+01,-9.445502281188964844e+00,-6.606434822082519531e+00,-3.126907587051391602e+00,-3.550351858139038086e+00,-8.684154510498046875e+00,-6.756341934204101562e+00,-3.433181762695312500e+00,-6.581899166107177734e+00,-4.389156341552734375e+00,-2.579843401908874512e-01,-1.746033430099487305e+00,-4.416003227233886719e+00,-4.656038761138916016e+00,-7.107198238372802734e+00,-2.055524826049804688e+00,-3.652688741683959961e+00,-3.585822820663452148e+00,-1.751900076866149902e+00,-2.945521354675292969e+00,-4.391848564147949219e+00,-4.833183288574218750e+00,5.836896896362304688e-01,-2.158883810043334961e+00,-6.497171401977539062e+00,-1.096890258789062500e+01,-1.017223358154296875e+01,1.828138709068298340e+00,8.653026819229125977e-02,-3.107976913452148438e+00,-1.332671046257019043e+00,-3.210577726364135742e+00,-5.906766414642333984e+00,-1.139834880828857422e+00,-1.630761265754699707e+00,-4.136136054992675781e+00,-1.938244819641113281e+00,-1.203456497192382812e+01,-1.641226959228515625e+01,-2.496651840209960938e+01,-3.655073928833007812e+01,-3.368392944335937500e+01,-2.938314628601074219e+01,-2.784505653381347656e+01,-2.156465530395507812e+01,-2.209052085876464844e+01,-1.839743423461914062e+01,-1.491455173492431641e+01,-1.228109359741210938e+01,-9.111714363098144531e+00,-6.477066040039062500e+00,-7.484450340270996094e+00,-5.268491744995117188e+00,-6.162057876586914062e+00,-8.534250259399414062e+00,-1.697279739379882812e+01,-1.954564857482910156e+01,-1.565136528015136719e+01,-1.223134994506835938e+01,-1.489957237243652344e+01,-3.222208786010742188e+01,-4.763906097412109375e+01,-5.741135406494140625e+01,-6.824694824218750000e+01,-6.466590881347656250e+01,-5.496008682250976562e+01,-4.935248947143554688e+01,-4.220420837402343750e+01,-3.310348129272460938e+01,-2.706179046630859375e+01,-2.296188735961914062e+01,-1.968542671203613281e+01,-1.381320762634277344e+01,-1.471101188659667969e+01,-1.031801033020019531e+01,-7.564730644226074219e+00,-7.477227687835693359e+00,-8.089894294738769531e+00,-1.555553913116455078e+01,-1.527580451965332031e+01,-1.167291259765625000e+01,-1.102590847015380859e+01,-2.272892475128173828e+00,1.350580811500549316e+00,5.442650794982910156e+00,3.153967380523681641e+00,3.714814662933349609e+00,3.597335219383239746e-01,-1.802181959152221680e+00,-3.680707931518554688e+00,-3.668965339660644531e+00,-4.262171268463134766e+00,-4.121576309204101562e+00,-2.813300514221191406e+01,-2.941967010498046875e+01,-2.020461273193359375e+01,-2.101830482482910156e+01,-2.355781555175781250e+01,-3.415823364257812500e+01,-3.971522521972656250e+01,-4.274189376831054688e+01,-3.616044616699218750e+01,-2.610139846801757812e+01,-2.135294342041015625e+01,-1.590336227416992188e+01,-7.482193946838378906e+00,-5.658842086791992188e+00,-1.560646247863769531e+01,-2.385620880126953125e+01,-3.253305435180664062e+01,-3.541760253906250000e+01,-3.687767028808593750e+01,-2.847190093994140625e+01,-1.695985412597656250e+01,-2.038513755798339844e+01,-2.172459220886230469e+01,-2.537930297851562500e+01,-2.868514251708984375e+01,-2.663222122192382812e+01,-1.724926757812500000e+01,-1.108036994934082031e+01,-2.327067852020263672e+00,2.727316617965698242e+00,5.275256633758544922e+00,3.905670404434204102e+00,-1.381233882904052734e+01,-2.676831626892089844e+01,-3.016081619262695312e+01,-3.337681198120117188e+01,-3.686686706542968750e+01,-3.244242095947265625e+01,-3.187628936767578125e+01,-2.763492584228515625e+01,-1.877215003967285156e+01,-1.169841957092285156e+01,-8.260155677795410156e+00,-7.715679645538330078e+00,-1.137735176086425781e+01,-1.123870086669921875e+01,-1.599897384643554688e+01,-2.114457702636718750e+01,-2.311517524719238281e+01,-1.714012145996093750e+01,-9.495975494384765625e+00,-6.532763481140136719e+00,-1.325652122497558594e+01,-2.397199821472167969e+01,-2.710386276245117188e+01,-2.548920631408691406e+01,-1.930236434936523438e+01,-1.077793884277343750e+01,-8.808387756347656250e+00,-8.496149063110351562e+00,-5.691543102264404297e+00,-2.643680095672607422e+00,7.704771161079406738e-01,-4.099959135055541992e-01,1.438420653343200684e+00,1.617717504501342773e+00,-1.215595006942749023e-02,-2.481883764266967773e+00,-3.446332454681396484e+00,-1.886013150215148926e+00,-1.657599806785583496e+00,1.409645080566406250e-01,-3.906774282455444336e+00,-4.207600116729736328e+00,-4.658178329467773438e+00,-7.991030693054199219e+00,-6.283080577850341797e+00,-8.483110427856445312e+00,-6.449018478393554688e+00,-4.728827953338623047e+00,-6.138423919677734375e+00,-4.109863758087158203e+00,-7.214425563812255859e+00,-4.621477127075195312e+00,-3.049407958984375000e+00,-7.710890769958496094e+00,-1.330502891540527344e+01,-1.187540626525878906e+01,-8.948894500732421875e+00,-1.843579101562500000e+01,-2.693840789794921875e+01,-2.822863769531250000e+01,-2.144220733642578125e+01,-1.875580596923828125e+01,-1.931370925903320312e+01,-2.358910751342773438e+01,-2.282115173339843750e+01,-2.105174255371093750e+01,-2.517167282104492188e+01,-2.302822875976562500e+01,-1.491653251647949219e+01,-3.412357568740844727e+00,-1.041343402862548828e+01,-2.948020935058593750e+01,-3.410440444946289062e+01,-3.543195724487304688e+01,-3.490769195556640625e+01,-3.646036148071289062e+01,-3.412440872192382812e+01,-2.857107353210449219e+01,-2.139804077148437500e+01,-2.559239578247070312e+01,-3.751602172851562500e+01,-4.116480255126953125e+01,-4.729324340820312500e+01,-4.103541183471679688e+01,-2.820805740356445312e+01,-2.176358604431152344e+01,-2.091252517700195312e+01,-1.681593322753906250e+01,-2.168305206298828125e+01,-2.606387329101562500e+01,-2.878240013122558594e+01,-2.024941253662109375e+01,-2.229186630249023438e+01,-2.408577346801757812e+01,-1.785588455200195312e+01,-1.503615188598632812e+01,-1.124112796783447266e+01,-9.702798843383789062e+00,-1.015537166595458984e+01,-6.625769138336181641e+00,-2.131090545654296875e+01,-4.468020248413085938e+01,-4.432811355590820312e+01,-3.783322143554687500e+01,-2.942863655090332031e+01,-2.002363777160644531e+01,-5.659033775329589844e+00,-2.267007827758789062e+00,-1.348318290710449219e+01,-1.393947792053222656e+01,-1.057101440429687500e+01,-1.389548969268798828e+01,-1.651428604125976562e+01,-1.977859115600585938e+01,-1.414008140563964844e+01,-1.070520210266113281e+01,-1.335069465637207031e+01,-1.941865158081054688e+01,-2.749386787414550781e+01,-2.755633354187011719e+01,-3.088293838500976562e+01,-2.930221176147460938e+01,-2.691898345947265625e+01,-3.054552459716796875e+01,-2.670445060729980469e+01,-2.936777496337890625e+01,-3.291124725341796875e+01,-3.503868484497070312e+01,-3.398500823974609375e+01,-2.931394195556640625e+01,-2.422795104980468750e+01,-2.026933860778808594e+01,-2.303625679016113281e+01,-1.598197746276855469e+01,-1.892635154724121094e+01,-2.107841300964355469e+01,-1.953801727294921875e+01,-1.863226318359375000e+01,-1.949291992187500000e+01,-1.613798522949218750e+01,-1.841831207275390625e+01,-2.120392990112304688e+01,-2.358219337463378906e+01,-2.025348472595214844e+01,-1.178251457214355469e+01,-9.222332000732421875e+00,-9.187885284423828125e+00,-2.103308296203613281e+01,-2.433323860168457031e+01,-1.993321228027343750e+01,-1.492507362365722656e+01,-1.271583557128906250e+01,-2.219868087768554688e+01,-2.986241340637207031e+01,-3.870687866210937500e+01,-3.975415039062500000e+01,-3.350204849243164062e+01,-2.490525054931640625e+01,-2.770100975036621094e+01,-4.260176086425781250e+01,-5.125550842285156250e+01,-4.631607818603515625e+01,-4.130511474609375000e+01,-4.161993408203125000e+01,-4.516137695312500000e+01,-5.339444732666015625e+01,-5.175682830810546875e+01,-4.931274414062500000e+01,-4.620619201660156250e+01,-4.020162200927734375e+01,-4.227453231811523438e+01,-3.929848098754882812e+01,-3.593635559082031250e+01,-3.172477531433105469e+01,-2.029063796997070312e+01,-1.518104743957519531e+01,-1.707616424560546875e+01,-1.302055168151855469e+01,-6.217934131622314453e+00,-9.426874160766601562e+00,-9.912318229675292969e+00,-1.020951843261718750e+01,-7.190167903900146484e+00,-8.603826522827148438e+00,-6.508250236511230469e+00,-6.387821197509765625e+00,-7.700699806213378906e+00,-7.837050437927246094e+00,-9.405462265014648438e+00,-1.255843448638916016e+01,-9.449109077453613281e+00,-9.341703414916992188e+00,-8.140458106994628906e+00,-5.559782028198242188e+00,-4.643698692321777344e+00,-5.923825263977050781e+00,-7.631255149841308594e+00,-6.935164451599121094e+00,-9.122537612915039062e+00,-9.853294372558593750e+00,-8.011058807373046875e+00,-4.023362159729003906e+00,-9.396009445190429688e+00,-8.487705230712890625e+00,-9.094348907470703125e+00,-7.864493370056152344e+00,-5.764396190643310547e+00,-7.838047981262207031e+00,-8.510290145874023438e+00,-9.026856422424316406e+00,-8.580436706542968750e+00,-5.214014053344726562e+00,-3.124524593353271484e+00,-4.167203903198242188e+00,-7.924695014953613281e+00,-8.295978546142578125e+00,-1.249424266815185547e+01,-9.137331962585449219e+00,-1.129928779602050781e+01,-1.154530715942382812e+01,-1.609333992004394531e+01,-1.338342475891113281e+01,-5.575275897979736328e+00,-5.658160209655761719e+00,-6.335859298706054688e+00,-8.097526550292968750e+00,-9.208515167236328125e+00,-4.494112014770507812e+00,-6.294700145721435547e+00,-1.022316360473632812e+01,-8.098682403564453125e+00,-1.483809185028076172e+01,-1.425041961669921875e+01,-5.689153671264648438e+00,-5.139675140380859375e+00,-3.477253913879394531e+00,-6.413119792938232422e+00,-7.608380794525146484e+00,-1.112583351135253906e+01,-1.186428260803222656e+01,-9.746000289916992188e+00,-7.493227481842041016e+00,-3.217914104461669922e+00,-4.373837947845458984e+00,-7.249519824981689453e+00,-6.817030429840087891e+00,-4.968429565429687500e+00,-2.288393497467041016e+00,-7.043056011199951172e+00,-4.172822952270507812e+00,-6.147994995117187500e+00,-1.070594787597656250e+01,-5.325954437255859375e+00,-4.927423477172851562e+00,-5.872046470642089844e+00,-4.845371723175048828e+00,-5.118419647216796875e+00,-7.012546539306640625e+00,-8.207223892211914062e+00,-1.255395126342773438e+01,-6.332387924194335938e+00,-2.292578458786010742e+00,-7.132882118225097656e+00,-5.589174270629882812e+00,-4.130726337432861328e+00,-3.399732589721679688e+00,-5.991930961608886719e+00,-1.831434249877929688e+00,-3.694729566574096680e+00,-5.403604507446289062e+00,-6.864007949829101562e+00,-9.043085098266601562e+00,-4.659575939178466797e+00,-9.488857269287109375e+00,-1.016375350952148438e+01,-3.902313709259033203e-01,1.099906563758850098e+00,-2.626321315765380859e+00,-7.618006229400634766e+00,-6.111418724060058594e+00,-7.238037109375000000e+00,-1.083621215820312500e+01,-7.873332500457763672e+00,-5.806511878967285156e+00,-2.406950712203979492e+00,-4.583907127380371094e+00,-1.048373985290527344e+01,-1.244616222381591797e+01,-1.124067878723144531e+01,-1.436537551879882812e+01,-1.025365161895751953e+01,-6.299466133117675781e+00,-8.890537261962890625e+00,-9.924804687500000000e+00,-1.092574977874755859e+01,-1.600550270080566406e+01,-1.332981204986572266e+01,-3.515039825439453125e+01,-5.522402572631835938e+01,-6.401647186279296875e+01,-6.193508911132812500e+01,-5.435418701171875000e+01,-5.120285797119140625e+01,-4.900995254516601562e+01,-4.675086975097656250e+01,-4.956399536132812500e+01,-4.856461715698242188e+01,-4.438717651367187500e+01,-4.362593841552734375e+01,-3.978689575195312500e+01,-3.350463867187500000e+01,-2.480096054077148438e+01,-1.892324447631835938e+01,-1.476899909973144531e+01,-1.511778926849365234e+01,-1.452079963684082031e+01,-1.102420139312744141e+01,-1.330228710174560547e+01,-1.017776679992675781e+01,-1.029638671875000000e+01,-7.785640239715576172e+00,-7.693861961364746094e+00,-8.497666358947753906e+00,-4.990642547607421875e+00,-5.207290649414062500e+00,-9.736804962158203125e+00,-2.112806701660156250e+01,-2.605901145935058594e+01,-3.107764434814453125e+01,-3.470358276367187500e+01,-3.046277046203613281e+01,-3.101523017883300781e+01,-2.976876640319824219e+01,-2.460402679443359375e+01,-1.596453094482421875e+01,-9.160456657409667969e+00,-4.003024578094482422e+00,-6.936968326568603516e+00,-1.066823005676269531e+01,-8.826667785644531250e+00,-1.644337081909179688e+01,-2.946165847778320312e+01,-2.779158592224121094e+01,-3.143610191345214844e+01,-2.760207366943359375e+01,-2.163324356079101562e+01,-2.564666366577148438e+01,-3.258241653442382812e+01,-4.237877655029296875e+01,-4.176860809326171875e+01,-3.502761459350585938e+01,-2.886384773254394531e+01,-3.209889602661132812e+01,-3.289176177978515625e+01,-2.502603912353515625e+01,-1.545600318908691406e+01,-9.520246505737304688e+00,-1.488788032531738281e+01,-2.222603607177734375e+01,-2.444662857055664062e+01,-2.110845184326171875e+01,-2.164567947387695312e+01,-1.427291679382324219e+01,-8.544763565063476562e+00,-1.957702255249023438e+01,-2.460673522949218750e+01,-2.878085136413574219e+01,-3.220479583740234375e+01,-2.996269226074218750e+01,-2.577587699890136719e+01,-1.672612762451171875e+01,-1.011549472808837891e+01,-8.200396537780761719e+00,-1.820236396789550781e+01,-2.963232612609863281e+01,-2.782376861572265625e+01,-1.826631927490234375e+01,-1.150000572204589844e+01,-8.066194534301757812e+00,-1.042739295959472656e+01,-8.406965255737304688e+00,-3.832766056060791016e+00,-1.848130416870117188e+01,-2.685601043701171875e+01,-2.688158035278320312e+01,-2.342530441284179688e+01,-2.395831680297851562e+01,-1.965073776245117188e+01,-1.336111640930175781e+01,-1.386806488037109375e+01,-1.424677658081054688e+01,-1.284890937805175781e+01,-1.263947486877441406e+01,-1.271029663085937500e+01,-9.166986465454101562e+00,-9.652073860168457031e+00,-1.006708908081054688e+01,-8.811020851135253906e+00,-7.344734668731689453e+00,-3.572780609130859375e+00,-1.233116388320922852e+00,-7.625918388366699219e+00,-1.703673553466796875e+01,-1.821801376342773438e+01,-1.712637329101562500e+01,-1.662575912475585938e+01,-1.142196369171142578e+01,-9.890035629272460938e+00,-8.289111137390136719e+00,-1.247393989562988281e+01,-1.089788627624511719e+01,-1.121300315856933594e+01,-1.434358787536621094e+01,-1.683560180664062500e+01,-1.196609020233154297e+01,-6.147465705871582031e+00,-2.981967210769653320e+00,-6.081913948059082031e+00,-6.171340465545654297e+00,-6.073058128356933594e+00,-8.590060234069824219e+00,-5.024853706359863281e+00,-2.451998710632324219e+00,-9.314361572265625000e+00,-1.421037387847900391e+01,-1.302320861816406250e+01,-9.464970588684082031e+00,-5.375555515289306641e+00,-1.724580574035644531e+01,-3.501039123535156250e+01,-3.884500885009765625e+01,-4.376471328735351562e+01,-5.055028152465820312e+01,-4.781168365478515625e+01,-4.244661712646484375e+01,-3.198694992065429688e+01,-2.428988265991210938e+01,-2.322060394287109375e+01,-1.857480239868164062e+01,-1.374072265625000000e+01,-1.339742946624755859e+01,-1.823914909362792969e+01,-2.486686897277832031e+01,-2.530544090270996094e+01,-2.638447380065917969e+01,-2.464090728759765625e+01,-2.047316741943359375e+01,-1.720655059814453125e+01,-1.130122756958007812e+01,-8.262589454650878906e+00,-8.772893905639648438e+00,-1.184522438049316406e+01,-5.462916374206542969e+00,-8.043260574340820312e+00,-7.879145622253417969e+00,-7.572755813598632812e+00,-6.422249794006347656e+00,-8.293201446533203125e+00,-1.008818817138671875e+01,-1.682818603515625000e+01,-2.346388626098632812e+01,-2.656442260742187500e+01,-2.311249542236328125e+01,-2.621540832519531250e+01,-2.933698844909667969e+01,-2.334203147888183594e+01,-1.778997039794921875e+01,-1.001652145385742188e+01,-8.409783363342285156e+00,-7.004554748535156250e+00,-1.072934150695800781e+00,-3.713445365428924561e-01,-4.458320617675781250e+00,-1.173643493652343750e+01,-1.359272766113281250e+01,-1.712304687500000000e+01,-1.563718986511230469e+01,-7.334185600280761719e+00,-6.011548042297363281e+00,-6.464468955993652344e+00,-6.598201751708984375e+00,-5.662190914154052734e+00,-2.038905382156372070e+00,-2.712699651718139648e+00,-5.758638381958007812e+00,-1.217281723022460938e+01,-1.794249916076660156e+01,-1.767805099487304688e+01,-2.106264305114746094e+01,-1.558694839477539062e+01,-1.075063323974609375e+01,-1.834312248229980469e+01,-2.607264709472656250e+01,-2.568692779541015625e+01,-1.768139839172363281e+01,-1.002137374877929688e+01,-1.079203414916992188e+01,-1.694294166564941406e+01,-2.343033981323242188e+01,-2.850448989868164062e+01,-2.390937042236328125e+01,-2.352314186096191406e+01,-2.476596832275390625e+01,-2.106173324584960938e+01,-1.871727180480957031e+01,-1.570781898498535156e+01,-1.081451225280761719e+01,-1.676864147186279297e+00,-2.610987663269042969e+00,-2.233552694320678711e+00,5.353117942810058594e+00,2.313587427139282227e+00,-2.568835973739624023e+00,-2.055275917053222656e+00,-5.030663013458251953e+00,-4.678578853607177734e+00,-5.060001850128173828e+00,1.661656737327575684e+00,-1.184916973114013672e+00,-7.106683254241943359e+00,-7.910727500915527344e+00,-6.895191192626953125e+00,-2.385256290435791016e+00,-3.615170001983642578e+00,-9.756797790527343750e+00,-1.923114395141601562e+01,-1.770520782470703125e+01,-2.464992904663085938e+01,-3.760852432250976562e+01,-2.901012420654296875e+01,-1.552763175964355469e+01,-1.481008243560791016e+01,-2.449965667724609375e+01,-2.789309883117675781e+01,-2.700136756896972656e+01,-2.874798965454101562e+01,-2.448728370666503906e+01,-1.856724166870117188e+01,-1.039621353149414062e+01,-6.457505226135253906e+00,-4.762884616851806641e+00,-1.645187377929687500e+01,-2.799199295043945312e+01,-3.399013519287109375e+01,-2.515103149414062500e+01,-1.769458770751953125e+01,-1.722333145141601562e+01,-1.972480964660644531e+01,-1.569265365600585938e+01,-8.393514633178710938e+00,-8.107601165771484375e+00,-6.552174568176269531e+00,-4.875699520111083984e+00,-4.432370185852050781e+00,-3.964469909667968750e+00,-2.462017297744750977e+00,1.344078540802001953e+00,-1.024272680282592773e+00,-4.661701202392578125e+00,-7.696261405944824219e+00,-1.341413879394531250e+01,-1.754517364501953125e+01,-2.358202743530273438e+01,-2.452405929565429688e+01,-2.188123512268066406e+01,-2.016704940795898438e+01,-2.650801849365234375e+01,-3.135327529907226562e+01,-2.831853485107421875e+01,-2.186283683776855469e+01,-1.501988983154296875e+01,-6.086091995239257812e+00,-3.546994447708129883e+00,-4.418758392333984375e+00,-5.335539817810058594e+00,-1.399803161621093750e+01,-2.425554656982421875e+01,-2.843474197387695312e+01,-2.761029052734375000e+01,-2.534780502319335938e+01,-2.657920455932617188e+01,-2.453961753845214844e+01,-2.055044555664062500e+01,-2.027769660949707031e+01,-1.329392623901367188e+01,-1.156463050842285156e+01,-6.982712745666503906e+00,-4.337274074554443359e+00,-2.991691589355468750e+00,-4.214866161346435547e+00,-1.773458862304687500e+01,-2.628925323486328125e+01,-2.598134613037109375e+01,-2.527450180053710938e+01,-2.599205780029296875e+01,-2.743823623657226562e+01,-2.941221427917480469e+01,-3.187081909179687500e+01,-2.616559791564941406e+01,-2.365980529785156250e+01,-2.379594421386718750e+01,-2.178642654418945312e+01,-2.090076446533203125e+01,-1.490482711791992188e+01,-1.094086170196533203e+01,-3.202494144439697266e+00,-2.224245071411132812e+00,-1.088650035858154297e+01,-1.592932319641113281e+01,-9.009302139282226562e+00,-3.935267686843872070e+00,-5.164073944091796875e+00,4.427523612976074219e-01,3.515354156494140625e+00,5.281841754913330078e-01,-8.113039970397949219e+00,-1.584359264373779297e+01,-1.604422378540039062e+01,-2.227238082885742188e+01,-2.564864349365234375e+01,-2.151521301269531250e+01,-2.127518463134765625e+01,-1.669183921813964844e+01,-1.189163970947265625e+01,-1.216350746154785156e+01,-5.684481620788574219e+00,-3.642087697982788086e+00,-7.473048210144042969e+00,-5.961614131927490234e+00,-4.445738315582275391e+00,-3.052454948425292969e+00,2.423059463500976562e+00,3.959005355834960938e+00,-2.081013917922973633e+00,-5.751183032989501953e+00,-4.337384700775146484e+00,-2.887465953826904297e+00,-7.312652587890625000e+00,-5.167036056518554688e+00,-6.133246421813964844e+00,-1.291929817199707031e+01,-9.029333114624023438e+00,-4.210362434387207031e+00,-2.513847351074218750e+00,-2.866129398345947266e+00,-5.210471153259277344e+00,-9.643122673034667969e+00,-1.862510681152343750e+01,-2.699623870849609375e+01,-2.448153686523437500e+01,-2.210714721679687500e+01,-2.260533332824707031e+01,-3.406501770019531250e+01,-3.673152160644531250e+01,-3.018723678588867188e+01,-2.834310150146484375e+01,-2.750967025756835938e+01,-2.554150772094726562e+01,-2.504222488403320312e+01,-2.670847702026367188e+01,-2.269892501831054688e+01,-1.878606224060058594e+01,-2.098458099365234375e+01,-2.406546783447265625e+01,-1.962369346618652344e+01,-1.501654624938964844e+01,-5.673594474792480469e+00,5.617585778236389160e-01,-2.556655406951904297e-01,-2.977993011474609375e+00,-2.710293769836425781e+00,-2.706731796264648438e+00,1.792801141738891602e+00,7.846816182136535645e-01,-3.700559139251708984e+00,-3.486605644226074219e+00,-7.902294397354125977e-01,-1.395772099494934082e+00,1.153913974761962891e+00,-2.537213802337646484e+00,-2.541716766357421875e+01,-2.849691772460937500e+01,-2.982310485839843750e+01,-3.360774993896484375e+01,-4.745202636718750000e+01,-5.257565307617187500e+01,-5.003358459472656250e+01,-5.845452499389648438e+01,-6.319551849365234375e+01,-6.911735534667968750e+01,-7.012659454345703125e+01,-7.261407470703125000e+01,-6.938424682617187500e+01,-5.872137451171875000e+01,-4.402781677246093750e+01,-4.045581817626953125e+01,-4.329337310791015625e+01,-3.694178009033203125e+01,-3.370417404174804688e+01,-3.485420989990234375e+01,-3.246616363525390625e+01,-3.038771247863769531e+01,-3.560122680664062500e+01,-5.417527008056640625e+01,-5.414555358886718750e+01,-4.666656494140625000e+01,-3.946036529541015625e+01,-3.431147003173828125e+01,-3.250920104980468750e+01,-3.346516418457031250e+01,-3.153139495849609375e+01,-2.577768325805664062e+01,-2.539799880981445312e+01,-2.273412513732910156e+01,-1.610568046569824219e+01,-1.255726623535156250e+01,-7.453299522399902344e+00,-3.543265819549560547e+00,-6.055442810058593750e+00,-7.980144977569580078e+00,-7.643583774566650391e+00,-3.907463073730468750e+00,-1.226475954055786133e+00,-3.880726337432861328e+00,-7.268526554107666016e+00,-4.798055648803710938e+00,-2.383438110351562500e+00,-9.692538976669311523e-01,-4.067853927612304688e+00,-5.563469409942626953e+00,-7.973869800567626953e+00,-1.559236907958984375e+01,-1.328701210021972656e+01,-6.354269027709960938e+00,-2.736541271209716797e+00,-1.403354287147521973e+00,1.332090139389038086e+00,-1.773613929748535156e+00,-1.918146896362304688e+01,-3.148364067077636719e+01,-3.843522262573242188e+01,-3.592350006103515625e+01,-2.732057952880859375e+01,-1.740933990478515625e+01,-2.458060836791992188e+01,-4.016117095947265625e+01,-4.052472305297851562e+01,-3.052423858642578125e+01,-2.193051528930664062e+01,-2.059607696533203125e+01,-1.151955509185791016e+01,-2.669728279113769531e+00,3.257439136505126953e+00,-7.199275016784667969e+00,-2.654667663574218750e+01,-2.568062019348144531e+01,-2.171521186828613281e+01,-2.978824615478515625e+01,-3.430389404296875000e+01,-2.961546325683593750e+01,-2.439406585693359375e+01,-1.927085113525390625e+01,-1.652576828002929688e+01,-1.921294593811035156e+01,-2.055838394165039062e+01,-2.500016403198242188e+01,-1.834345054626464844e+01,-1.119437694549560547e+01,-9.970599174499511719e+00,-1.079992866516113281e+01,-9.596131324768066406e+00,-8.726617813110351562e+00,-5.687486648559570312e+00,-4.015564918518066406e-04,-4.979737401008605957e-01,3.769610166549682617e+00,-6.750031709671020508e-01,-1.538746118545532227e+00,1.373517155647277832e+00,-6.207032203674316406e+00,-1.575788497924804688e+01,-2.738403701782226562e+01,-3.020490646362304688e+01,-3.381279754638671875e+01,-3.076538276672363281e+01,-3.003269004821777344e+01,-3.052186584472656250e+01,-2.446011734008789062e+01,-1.749431991577148438e+01,-1.261791038513183594e+01,-1.380815505981445312e+01,-1.169423389434814453e+01,-2.243721771240234375e+01,-3.763020324707031250e+01,-4.262741851806640625e+01,-5.047264099121093750e+01,-5.526346206665039062e+01,-5.624364471435546875e+01,-4.774352264404296875e+01,-4.507298278808593750e+01,-3.878482055664062500e+01,-3.604560089111328125e+01,-3.331378936767578125e+01,-2.560107421875000000e+01,-2.575122642517089844e+01,-2.392481613159179688e+01,-2.479504013061523438e+01,-2.564736938476562500e+01,-1.893808746337890625e+01,-1.212709140777587891e+01,-8.067688941955566406e+00,-6.795402526855468750e+00,-1.824098968505859375e+01,-2.123957443237304688e+01,-1.378991603851318359e+01,-8.055702209472656250e+00,-1.278765869140625000e+01,-1.539507102966308594e+01,-1.877335739135742188e+01,-2.083319854736328125e+01,-1.591153621673583984e+01,-8.322227478027343750e+00,-6.621755123138427734e+00,-1.313881874084472656e+01,-1.465099525451660156e+01,-6.144701004028320312e+00,-6.867282986640930176e-01,-1.678256750106811523e+00,1.466899961233139038e-01,-3.837748050689697266e+00,-7.411729812622070312e+00,-1.034882926940917969e+01,-9.995481491088867188e+00,-5.149425029754638672e+00,-7.932013034820556641e+00,-5.638720512390136719e+00,-4.550404548645019531e+00,-1.149805068969726562e+01,-1.494697666168212891e+01,-1.167677688598632812e+01,-1.005242061614990234e+01,-1.055924797058105469e+01,-1.276963806152343750e+01,-1.307714843750000000e+01,-7.545616626739501953e+00,-3.891775846481323242e+00,-5.522376537322998047e+00,-8.599086761474609375e+00,-3.324900627136230469e+00,-6.501190662384033203e+00,-8.422546386718750000e+00,-3.127388954162597656e+00,-6.639270782470703125e+00,-9.766115188598632812e+00,-1.017113590240478516e+01,-9.039279937744140625e+00,-7.692703247070312500e+00,-1.021278667449951172e+01,-4.376443862915039062e+00,-8.238183021545410156e+00,-1.245538520812988281e+01,-1.436683368682861328e+01,-7.393312454223632812e+00,-3.386960327625274658e-01,-2.060799360275268555e+00,-9.915581941604614258e-01,-6.164166927337646484e+00,-6.186131000518798828e+00,-5.217744350433349609e+00,-7.193407058715820312e+00,-4.504514694213867188e+00,-4.703069686889648438e+00,-6.692765235900878906e+00,-1.386488151550292969e+01,-9.132703781127929688e+00,-6.348688602447509766e+00,-9.213104248046875000e+00,-5.894646644592285156e+00,-7.094316482543945312e+00,-1.184203147888183594e+01,-1.986329650878906250e+01,-2.720179939270019531e+01,-2.836437606811523438e+01,-2.300086784362792969e+01,-2.307323646545410156e+01,-3.318782806396484375e+01,-3.383869171142578125e+01,-4.447504425048828125e+01,-4.643006134033203125e+01,-4.105568695068359375e+01,-3.300225830078125000e+01,-2.538160324096679688e+01,-1.801526260375976562e+01,-9.375708580017089844e+00,-1.106000900268554688e+01,-2.329362106323242188e+01,-3.486326980590820312e+01,-4.022148895263671875e+01,-4.013874816894531250e+01,-3.688040161132812500e+01,-2.961855125427246094e+01,-1.929571151733398438e+01,-1.291530799865722656e+01,-1.009774494171142578e+01,-2.884660720825195312e+00,-4.490038871765136719e+00,-1.105300903320312500e+01,-1.580590820312500000e+01,-1.797425651550292969e+01,-2.519066619873046875e+01,-2.230687522888183594e+01,-2.361879539489746094e+01,-2.765947723388671875e+01,-2.682529830932617188e+01,-2.695421409606933594e+01,-2.977527427673339844e+01,-2.284595298767089844e+01,-1.758163642883300781e+01,-1.261366844177246094e+01,-1.195239448547363281e+01,-1.077614593505859375e+01,-1.562302207946777344e+01,-2.103985214233398438e+01,-2.276522445678710938e+01,-2.688772201538085938e+01,-3.084634017944335938e+01,-2.813741302490234375e+01,-2.535483741760253906e+01,-1.998781204223632812e+01,-2.614752960205078125e+01,-4.588008117675781250e+01,-4.599026489257812500e+01,-3.876508712768554688e+01,-2.771710586547851562e+01,-2.375409317016601562e+01,-2.007116889953613281e+01,-2.787765502929687500e+01,-2.481716918945312500e+01,-2.166575241088867188e+01,-1.463632392883300781e+01,-5.285741806030273438e+00,-1.134935379028320312e+01,-3.029693984985351562e+01,-3.758532333374023438e+01,-3.161581611633300781e+01,-1.788441848754882812e+01,-9.166347503662109375e+00,-5.166926383972167969e+00,-2.444783592224121094e+01,-3.732843017578125000e+01,-4.668935775756835938e+01,-5.234709167480468750e+01,-5.266299438476562500e+01,-4.967256927490234375e+01,-4.562903594970703125e+01,-3.191949653625488281e+01,-3.200023651123046875e+01,-3.091471481323242188e+01,-2.834066390991210938e+01,-2.311214828491210938e+01,-1.310586929321289062e+01,-1.086441421508789062e+01,-1.529745864868164062e+01,-1.243850708007812500e+01,-6.464145660400390625e+00,-1.478445053100585938e+01,-1.470269393920898438e+01,-1.685935783386230469e+01,-1.507255363464355469e+01,-7.354455947875976562e+00,-2.176687240600585938e+00,6.990063190460205078e-02,3.511968135833740234e+00,5.202783584594726562e+00,-1.616579771041870117e+00,-2.226231098175048828e+00,9.718630313873291016e-01,2.175856113433837891e+00,-5.758405923843383789e-01,-3.810437440872192383e+00,-3.272990226745605469e+00,1.977391242980957031e-01,-6.813753247261047363e-01,-1.264807605743408203e+01,-2.081063461303710938e+01,-2.177671051025390625e+01,-8.268087387084960938e+00,-9.424719810485839844e-01,-5.722455024719238281e+00,-5.083093643188476562e+00,-8.161906242370605469e+00,-2.397144699096679688e+01,-3.262084579467773438e+01,-3.783099365234375000e+01,-2.963048744201660156e+01,-2.250642585754394531e+01,-2.218454360961914062e+01,-2.149287986755371094e+01,-2.584973144531250000e+01,-2.342857360839843750e+01,-2.262860488891601562e+01,-2.191837310791015625e+01,-1.892377090454101562e+01,-1.352789115905761719e+01,-7.530243873596191406e+00,-6.927248477935791016e+00,-4.088675022125244141e+00,-1.496570348739624023e+00,-3.370645523071289062e+00,-8.101158142089843750e+00,-3.083310699462890625e+01,-4.588109970092773438e+01,-5.389974212646484375e+01,-5.428327941894531250e+01,-5.564397430419921875e+01,-6.550807189941406250e+01,-6.825585174560546875e+01,-6.402731323242187500e+01,-5.669813156127929688e+01,-5.523709487915039062e+01,-4.799613189697265625e+01,-3.430259704589843750e+01,-3.224169921875000000e+01,-3.026754760742187500e+01,-2.720596313476562500e+01,-2.734991264343261719e+01,-2.208563232421875000e+01,-2.140123748779296875e+01,-1.525483989715576172e+01,-1.492717647552490234e+01,-2.738636779785156250e+01,-2.422690773010253906e+01,-2.085311698913574219e+01,-1.186651229858398438e+01,-9.229417800903320312e+00,-6.149571895599365234e+00,1.258176088333129883e+00,-4.284370899200439453e+00,-5.980363845825195312e+00,-8.277771949768066406e+00,-9.048198699951171875e+00,-1.772271347045898438e+01,-1.843893432617187500e+01,-1.238948631286621094e+01,-1.059330463409423828e+01,-6.535577774047851562e+00,-4.108870506286621094e+00,-1.086206626892089844e+01,-1.504096508026123047e+01,-2.015865707397460938e+01,-2.420262145996093750e+01,-2.334347152709960938e+01,-2.200146865844726562e+01,-1.927173042297363281e+01,-1.453975200653076172e+01,-1.594016742706298828e+01,-1.875959014892578125e+01,-2.121848678588867188e+01,-2.089468383789062500e+01,-2.604462432861328125e+01,-3.217362213134765625e+01,-3.396755981445312500e+01,-3.464188385009765625e+01,-2.856415176391601562e+01,-1.647080230712890625e+01,-1.039906311035156250e+01,-8.054424285888671875e+00,-1.252274131774902344e+01,-2.008479118347167969e+01,-1.345278739929199219e+01,-7.913626670837402344e+00,-3.052756786346435547e+00,7.428413033485412598e-01,5.472594261169433594e+00,4.821929454803466797e+00,1.824179410934448242e+00,-1.932004165649414062e+01,-2.916681671142578125e+01,-2.858803558349609375e+01,-2.386162567138671875e+01,-2.720257186889648438e+01,-3.060997581481933594e+01,-2.687917518615722656e+01,-1.432934761047363281e+01,-1.001524162292480469e+01,-1.261147499084472656e+01,-1.521829128265380859e+01,-1.709549140930175781e+01,-1.556605911254882812e+01,-1.201616287231445312e+01,-1.470624160766601562e+01,-1.711873435974121094e+01,-2.281737518310546875e+01,-3.083159637451171875e+01,-3.111341857910156250e+01,-3.241785049438476562e+01,-3.097835159301757812e+01,-2.638264846801757812e+01,-2.217310523986816406e+01,-1.373197555541992188e+01,-1.333137798309326172e+01,-1.187324142456054688e+01,-1.559455680847167969e+01,-2.155694198608398438e+01,-2.686187362670898438e+01,-2.557680130004882812e+01,-2.423790740966796875e+01,-2.184444808959960938e+01,-1.623195838928222656e+01,-1.318679428100585938e+01,-1.301617813110351562e+01,-6.256211280822753906e+00,-2.593327045440673828e+00,-8.694872856140136719e+00,-1.091632270812988281e+01,-8.062014579772949219e+00,-9.820242881774902344e+00,-7.330980300903320312e+00,-3.177421331405639648e+00,-3.205379009246826172e+00,-1.062850952148437500e+00,-3.802507877349853516e+00,-4.183221340179443359e+00,-5.735883712768554688e+00,-5.294147968292236328e+00,-5.936179161071777344e+00,-2.358332633972167969e+01,-2.898164367675781250e+01,-2.859049415588378906e+01,-2.981704711914062500e+01,-3.015739440917968750e+01,-2.641244888305664062e+01,-2.932770156860351562e+01,-3.020379257202148438e+01,-2.082190704345703125e+01,-1.878571319580078125e+01,-1.284468746185302734e+01,-6.110690593719482422e+00,-1.658667564392089844e+01,-2.606616973876953125e+01,-3.326472473144531250e+01,-3.232640838623046875e+01,-3.065836715698242188e+01,-3.023468780517578125e+01,-3.391673278808593750e+01,-3.344183731079101562e+01,-3.519475555419921875e+01,-3.993251037597656250e+01,-3.473076629638671875e+01,-3.764220809936523438e+01,-4.218611907958984375e+01,-4.404615783691406250e+01,-4.083700180053710938e+01,-3.938360214233398438e+01,-2.855852508544921875e+01,-1.525351524353027344e+01,-1.210527420043945312e+01,-6.234853267669677734e+00,-1.155005455017089844e+01,-2.989752388000488281e+01,-4.797863769531250000e+01,-4.586906814575195312e+01,-3.749353027343750000e+01,-2.957071685791015625e+01,-2.523423767089843750e+01,-2.859018707275390625e+01,-3.141533660888671875e+01,-3.072990417480468750e+01,-2.502777481079101562e+01,-1.797525787353515625e+01,-1.312102890014648438e+01,-1.044129371643066406e+01,-2.325995254516601562e+01,-2.509612655639648438e+01,-2.590655517578125000e+01,-1.671417808532714844e+01,-6.593968391418457031e+00,-6.616528034210205078e-01,-7.534624099731445312e+00,-1.492907714843750000e+01,-2.259751510620117188e+01,-2.906632995605468750e+01,-2.411999320983886719e+01,-1.793210983276367188e+01,-7.854436874389648438e+00,-5.593794822692871094e+00,-1.076073646545410156e+01,-1.356677436828613281e+01,-6.425927162170410156e+00,-5.423256874084472656e+00,-1.545697307586669922e+01,-1.348361778259277344e+01,-3.603965282440185547e+00,2.698402404785156250e+00,-2.221984714269638062e-01,-1.858082199096679688e+01,-2.065946197509765625e+01,-1.628960800170898438e+01,-1.939328002929687500e+01,-1.444688415527343750e+01,-1.172243499755859375e+01,-6.812189579010009766e+00,-2.889811515808105469e+00,-1.340367698669433594e+01,-1.772757720947265625e+01,-1.699432373046875000e+01,-1.791198539733886719e+01,-1.528973102569580078e+01,-1.697617340087890625e+01,-1.590346336364746094e+01,-1.176636600494384766e+01,-1.447139549255371094e+01,-2.432017707824707031e+01,-2.056035614013671875e+01,-1.108148574829101562e+01,-7.332640647888183594e+00,-6.783920288085937500e+00,-7.760830879211425781e+00,-6.323081970214843750e+00,-5.382686614990234375e+00,-1.548544120788574219e+01,-2.426850128173828125e+01,-2.395677566528320312e+01,-2.359079742431640625e+01,-2.855063629150390625e+01,-3.404242324829101562e+01,-3.173773574829101562e+01,-3.782703781127929688e+01,-4.651461791992187500e+01,-5.117336273193359375e+01,-4.655177307128906250e+01,-4.003302764892578125e+01,-2.833490371704101562e+01,-1.803404808044433594e+01,-1.532582569122314453e+01,-1.464075374603271484e+01,-1.449950790405273438e+01,-1.370026969909667969e+01,-9.521469116210937500e+00,-9.543254852294921875e+00,-6.064161300659179688e+00,-6.207258701324462891e-01,1.054537296295166016e+00,-2.816307067871093750e+00,-3.823218345642089844e+00,-1.446816086769104004e+00,1.874314069747924805e+00,4.577127099037170410e-01,-1.737796545028686523e+00,-3.438117980957031250e+00,2.358680486679077148e+00,1.989367008209228516e-01,-5.283843517303466797e+00,-1.029244899749755859e+01,-1.167669773101806641e+01,-1.804718780517578125e+01,-2.642326164245605469e+01,-2.611070060729980469e+01,-2.009495925903320312e+01,-1.678688049316406250e+01,-1.110961627960205078e+01,-1.295370769500732422e+01,-1.945615577697753906e+01,-1.904918098449707031e+01,-1.285962677001953125e+01,-5.840585708618164062e+00,-4.473020553588867188e+00,-1.103946304321289062e+01,-1.492114830017089844e+01,-1.820682144165039062e+01,-3.413199615478515625e+01,-3.568024444580078125e+01,-3.276887512207031250e+01,-3.278342819213867188e+01,-3.051860237121582031e+01,-2.685346603393554688e+01,-2.218117141723632812e+01,-2.152089309692382812e+01,-2.253173255920410156e+01,-3.250490188598632812e+01,-3.810685729980468750e+01,-3.467697525024414062e+01,-3.119850921630859375e+01,-2.741198348999023438e+01,-3.530864715576171875e+01,-3.266864013671875000e+01,-3.794914245605468750e+01,-3.808408355712890625e+01,-3.642318725585937500e+01,-3.696800231933593750e+01,-3.593431091308593750e+01,-3.739606094360351562e+01,-2.854307174682617188e+01,-1.794906997680664062e+01,-1.793948554992675781e+01,-1.725726318359375000e+01,-1.085597229003906250e+01,-1.252727508544921875e+01,-2.658848953247070312e+01,-3.769026947021484375e+01,-4.172436523437500000e+01,-4.404541778564453125e+01,-3.942118835449218750e+01,-3.314950561523437500e+01,-2.393931579589843750e+01,-1.017520809173583984e+01,-7.722816467285156250e+00,-1.098869514465332031e+01,-1.216111469268798828e+01,-1.180920791625976562e+01,-1.223024940490722656e+01,-9.004066467285156250e+00,-2.521943664550781250e+01,-3.118388748168945312e+01,-2.211887168884277344e+01,-1.190506458282470703e+01,-8.269891738891601562e+00,-6.242549419403076172e+00,-6.706528663635253906e+00,-2.118558883666992188e+00,-1.152751922607421875e+00,5.154247283935546875e+00,1.065229415893554688e+01,9.397447586059570312e+00,3.353200197219848633e+00,-1.733023673295974731e-01,-2.327958345413208008e+00,-1.067411327362060547e+01,-1.393142700195312500e+01,-9.669433593750000000e+00,-1.320888328552246094e+01,-1.821797943115234375e+01,-2.810874366760253906e+01,-3.092356872558593750e+01,-2.971935653686523438e+01,-2.671010971069335938e+01,-2.751227188110351562e+01,-2.697143173217773438e+01,-2.735469055175781250e+01,-2.590272140502929688e+01,-1.491778564453125000e+01,-1.000398921966552734e+01,-6.320079803466796875e+00,-8.835805892944335938e+00,-1.127178382873535156e+01,-1.778733253479003906e+01,-1.716086959838867188e+01,-1.593320178985595703e+01,-2.774805068969726562e+01,-4.993770217895507812e+01,-5.317015075683593750e+01,-4.373887634277343750e+01,-2.779840850830078125e+01,-2.049088668823242188e+01,-1.878707885742187500e+01,-1.577703380584716797e+01,-1.091301822662353516e+01,-6.686043739318847656e+00,-4.650850296020507812e+00,-6.588603496551513672e+00,-1.951689529418945312e+01,-1.456111907958984375e+01,-5.579282283782958984e+00,-6.214655876159667969e+00,-1.058005714416503906e+01,-1.627456474304199219e+01,-1.910576057434082031e+01,-2.438485908508300781e+01,-2.464713859558105469e+01,-2.119921493530273438e+01,-2.367798423767089844e+01,-1.617478179931640625e+01,-8.817996978759765625e+00,-5.535570144653320312e+00,-1.077392959594726562e+01,-1.224461078643798828e+01,-8.036094665527343750e+00,-9.310991287231445312e+00,-9.062314987182617188e+00,-4.047479629516601562e+00,-4.087555885314941406e+00,-4.475149154663085938e+00,-7.769965171813964844e+00,-8.941537857055664062e+00,-9.182926177978515625e+00,-5.145680904388427734e+00,-4.904123783111572266e+00,-6.948065757751464844e+00,-2.316845417022705078e+00,-3.286511182785034180e+00,-4.419879436492919922e+00,-3.747603893280029297e+00,-5.259956836700439453e+00,-4.078757286071777344e+00,-3.201014757156372070e+00,-9.410882949829101562e+00,-7.762191772460937500e+00,-1.752572178840637207e+00,1.322877526283264160e+00,-3.374191284179687500e+00,-8.273714065551757812e+00,-9.747849464416503906e+00,-7.499907493591308594e+00,-6.510331630706787109e+00,-2.967566251754760742e+00,-1.946600198745727539e+00,-1.088925075531005859e+01,-1.757640457153320312e+01,-1.642212295532226562e+01,-2.070323562622070312e+01,-2.497546005249023438e+01,-2.799921607971191406e+01,-2.807757568359375000e+01,-3.180353736877441406e+01,-3.514274597167968750e+01,-3.511076736450195312e+01,-3.017720413208007812e+01,-3.050637626647949219e+01,-2.645484161376953125e+01,-2.110203170776367188e+01,-1.256490898132324219e+01,-9.312406539916992188e+00,-1.001473712921142578e+01,-4.932165145874023438e+00,-5.084053516387939453e+00,-1.481126403808593750e+01,-1.705693054199218750e+01,-1.299439239501953125e+01,-9.497791528701782227e-02,5.061605453491210938e+00,4.364480495452880859e+00,3.946379661560058594e+00,4.409778594970703125e+00,6.086419105529785156e+00,4.717797279357910156e+00,3.667068958282470703e+00,-2.462779045104980469e+00,-1.080045580863952637e+00,-1.307940840721130371e+00,3.458682060241699219e+00,-2.345471382141113281e+00,-2.552125044167041779e-02,3.903588056564331055e-01,-1.143232059478759766e+01,-2.451617813110351562e+01,-2.984366416931152344e+01,-2.781445121765136719e+01,-2.643810272216796875e+01,-2.967753219604492188e+01,-3.530266571044921875e+01,-3.444600677490234375e+01,-3.195155715942382812e+01,-2.865622711181640625e+01,-3.573141098022460938e+01,-4.236956024169921875e+01,-4.563780212402343750e+01,-4.259663391113281250e+01,-3.582802581787109375e+01,-3.123155784606933594e+01,-2.672145843505859375e+01,-1.965707397460937500e+01,-1.612189292907714844e+01,-1.341509628295898438e+01,-1.066563224792480469e+01,-5.530774116516113281e+00,-1.456415057182312012e+00,-3.776618957519531250e+00,-5.218234539031982422e+00,-1.163888359069824219e+01,-1.634856414794921875e+01,-1.680516624450683594e+01,-1.454022026062011719e+01,-1.664605522155761719e+01,-2.200452423095703125e+01,-3.055054855346679688e+01,-3.329827880859375000e+01,-4.103150939941406250e+01,-5.046319580078125000e+01,-4.864956665039062500e+01,-4.230924987792968750e+01,-4.271120452880859375e+01,-4.497593307495117188e+01,-4.190644836425781250e+01,-4.322047424316406250e+01,-4.356397247314453125e+01,-3.591130065917968750e+01,-2.605871582031250000e+01,-1.944745254516601562e+01,-2.168278121948242188e+01,-1.392061233520507812e+01,-6.063949584960937500e+00,-1.307532072067260742e+00,3.336008787155151367e+00,6.353250503540039062e+00,1.085395574569702148e+00,-1.195937275886535645e+00,-2.717517614364624023e-01,-1.928233385086059570e+00,-3.159826278686523438e+00,-2.779128074645996094e+00,-7.005897521972656250e+00,-6.514415740966796875e+00,-3.645627975463867188e+00,-4.266353130340576172e+00,-2.309796094894409180e+00,-1.685267925262451172e+00,-1.905908823013305664e+00,-4.582876563072204590e-01,-6.338026523590087891e-01,-1.954121351242065430e+00,-5.196775913238525391e+00,-3.193865060806274414e+00,-6.903556585311889648e-01,-1.316479563713073730e+00,-7.118517160415649414e-01,2.323539257049560547e-01,-2.277341604232788086e+00,-4.749323844909667969e+00,-4.400979995727539062e+00,-2.943061590194702148e+00,-6.228517532348632812e+00,-8.520089149475097656e+00,-3.740371227264404297e+00,-1.523576527833938599e-01,-2.509631156921386719e+00,-5.572613239288330078e+00,-7.753519058227539062e+00,-2.812068462371826172e-01,8.406868934631347656e+00,-5.003633499145507812e+00,-7.767958641052246094e+00,-5.876722335815429688e+00,-2.520703792572021484e+00,-3.326179981231689453e+00,-5.576245784759521484e+00,-3.524424743652343750e+01,-4.035414505004882812e+01,-3.955452728271484375e+01,-4.840299987792968750e+01,-5.284603500366210938e+01,-4.794201660156250000e+01,-4.649662780761718750e+01,-4.988512420654296875e+01,-5.255149078369140625e+01,-5.019342041015625000e+01,-4.931458282470703125e+01,-4.726425170898437500e+01,-3.667913818359375000e+01,-2.958090591430664062e+01,-2.569971847534179688e+01,-1.916114997863769531e+01,-1.348564815521240234e+01,-6.745512008666992188e+00,-2.794273138046264648e+00,-8.360477447509765625e+00,-1.975524902343750000e+01,-2.005324554443359375e+01,-1.995055961608886719e+01,-2.091267776489257812e+01,-2.263095092773437500e+01,-1.873606491088867188e+01,-1.325346660614013672e+01,-6.752074241638183594e+00,8.126411437988281250e-01,1.793975830078125000e+00,1.649925708770751953e+00,-1.949187278747558594e+00,-4.586861133575439453e+00,-2.230397701263427734e+00,-4.560937404632568359e+00,-9.191180467605590820e-01,3.073580741882324219e+00,3.971734523773193359e+00,-2.069038152694702148e+00,-6.929728984832763672e+00,-1.137734031677246094e+01,-1.312688922882080078e+01,-1.074372863769531250e+01,-6.330349922180175781e+00,-7.601024150848388672e+00,-4.682512283325195312e+00,-7.618854522705078125e+00,-1.066581058502197266e+01,-1.374881362915039062e+01,-2.003158187866210938e+01,-2.179216384887695312e+01,-2.797602653503417969e+01,-2.100896453857421875e+01,-1.215950870513916016e+01,-1.327565097808837891e+01,-1.021770668029785156e+01,-1.080019760131835938e+01,-1.107451248168945312e+01,-8.231318473815917969e+00,-2.441718339920043945e+00,5.732126161456108093e-02,-1.525769948959350586e+00,-2.924677848815917969e+00,-8.031091690063476562e+00,-1.510748863220214844e+01,-1.774721145629882812e+01,-1.293742370605468750e+01,-1.493546962738037109e+01,-1.228813743591308594e+01,-7.903066158294677734e+00,-9.911696434020996094e+00,-9.080974578857421875e+00,-1.775207138061523438e+01,-1.605964279174804688e+01,1.653360962867736816e+00,3.757452011108398438e+00,1.264760375022888184e+00,2.409734487533569336e+00,-1.956237435340881348e+00,-8.467185974121093750e+00,-1.095164585113525391e+01,-4.049983978271484375e+00,4.165614128112792969e+00,5.931404113769531250e+00,9.793982505798339844e-01,5.336945056915283203e-01,1.194370388984680176e+00,2.370872497558593750e+00,-5.966705322265625000e+00,-7.776459693908691406e+00,-7.790029525756835938e+00,-6.172530174255371094e+00,-5.986498594284057617e-01,-1.786856174468994141e+00,-7.051517963409423828e+00,-6.604428291320800781e+00,-7.103532791137695312e+00,-7.595388412475585938e+00,-6.046882152557373047e+00,5.643519759178161621e-01,-1.701539754867553711e+00,-2.782923221588134766e+00,-1.683978319168090820e+00,-4.404795646667480469e+00,-3.553987503051757812e+00,2.944668769836425781e+00,1.499999618530273438e+01
2.615524673461914062e+01,2.951637840270996094e+01,2.845351982116699219e+01,2.609991836547851562e+01,2.150435638427734375e+01,1.853814697265625000e+01,2.083180999755859375e+01,2.155201339721679688e+01,2.163103866577148438e+01,2.401507377624511719e+01,2.447385025024414062e+01,2.125681114196777344e+01,1.191919326782226562e+01,1.044571399688720703e+01,1.745985221862792969e+01,1.953598213195800781e+01,1.671034622192382812e+01,1.580334854125976562e+01,1.500196838378906250e+01,1.693266677856445312e+01,2.002421951293945312e+01,2.314102363586425781e+01,3.148302459716796875e+01,3.032146072387695312e+01,2.835539627075195312e+01,2.632967376708984375e+01,2.280116081237792969e+01,1.769329833984375000e+01,2.425575447082519531e+01,2.432227134704589844e+01,1.936110877990722656e+01,1.846939468383789062e+01,1.713463020324707031e+01,1.809317398071289062e+01,1.763474655151367188e+01,1.709270668029785156e+01,1.668318939208984375e+01,1.339251613616943359e+01,3.285335302352905273e+00,5.162598609924316406e+00,1.057721900939941406e+01,1.118546295166015625e+01,6.122997760772705078e+00,1.905378818511962891e+00,-2.243610858917236328e+00,-8.895122528076171875e+00,-5.468900680541992188e+00,-7.627495527267456055e-01,2.572326958179473877e-01,5.046012401580810547e-01,1.380550622940063477e+00,7.538176178932189941e-01,3.319812297821044922e+00,2.749718666076660156e+00,3.010724186897277832e-01,3.667519807815551758e+00,1.447736740112304688e+01,1.608872222900390625e+01,1.728095245361328125e+01,1.738249969482421875e+01,1.402035713195800781e+01,1.748399543762207031e+01,1.335729789733886719e+01,1.001147079467773438e+01,1.512805366516113281e+01,1.308861923217773438e+01,1.568581199645996094e+01,1.691587638854980469e+01,1.960159873962402344e+01,2.064994239807128906e+01,1.919004821777343750e+01,1.640379905700683594e+01,1.675264358520507812e+01,1.724336242675781250e+01,1.727975082397460938e+01,1.859398651123046875e+01,1.512647628784179688e+01,2.022455978393554688e+01,1.392214012145996094e+01,1.546418762207031250e+01,2.135964393615722656e+01,1.609250259399414062e+01,1.811128234863281250e+01,1.736051177978515625e+01,1.127678108215332031e+01,1.979116439819335938e+01,2.361024475097656250e+01,2.171767425537109375e+01,1.758541107177734375e+01,3.927108645439147949e-01,-6.561858654022216797e+00,1.002247691154479980e+00,1.190782451629638672e+01,1.392948532104492188e+01,8.716348648071289062e+00,3.840875387191772461e+00,5.872792243957519531e+00,1.743126106262207031e+01,3.031206130981445312e+01,3.452965545654296875e+01,3.062306404113769531e+01,2.723724555969238281e+01,2.380038070678710938e+01,2.178524017333984375e+01,-9.296872615814208984e-01,-3.509193897247314453e+00,2.089672565460205078e+00,1.463892459869384766e+00,-3.572105407714843750e+00,1.057453155517578125e+01,1.994968795776367188e+01,2.066790008544921875e+01,2.630236053466796875e+01,2.992878150939941406e+01,2.210158729553222656e+01,4.667833328247070312e+00,7.441408634185791016e-01,-2.579748868942260742e+00,1.621093153953552246e-01,7.157553195953369141e+00,-2.796742916107177734e+00,-1.852387237548828125e+01,-1.724020195007324219e+01,-6.035581111907958984e+00,9.750477790832519531e+00,2.280650329589843750e+01,2.923521041870117188e+01,2.885743331909179688e+01,2.058900833129882812e+01,1.585944080352783203e+01,1.976914215087890625e+01,1.859166908264160156e+01,1.676383209228515625e+01,1.785578727722167969e+01,1.294004249572753906e+01,6.437985420227050781e+00,5.492378234863281250e+00,1.876899480819702148e+00,2.286337614059448242e+00,3.362319469451904297e+00,-6.959686279296875000e+00,-1.681311035156250000e+01,-1.869390869140625000e+01,-1.876205825805664062e+01,-1.473023414611816406e+01,-5.089004516601562500e+00,-4.149703979492187500e+00,-6.252458572387695312e+00,-9.650062561035156250e+00,-9.925170898437500000e+00,-1.433836579322814941e+00,6.203647613525390625e+00,1.155437564849853516e+01,7.993754863739013672e+00,4.658859729766845703e+00,3.516741991043090820e+00,8.425720214843750000e+00,1.114853858947753906e+01,5.513973236083984375e+00,4.857073783874511719e+00,1.273367881774902344e+01,2.330896377563476562e+01,1.559128952026367188e+01,8.103277206420898438e+00,6.855741500854492188e+00,4.993977069854736328e+00,3.062071323394775391e+00,2.506298065185546875e+00,3.537979602813720703e+00,7.366647720336914062e+00,8.651727676391601562e+00,-8.162624359130859375e+00,-1.589396762847900391e+01,-1.145990371704101562e+01,-5.986725330352783203e+00,-7.517790317535400391e+00,-2.354903697967529297e+00,7.921739578247070312e+00,7.810393333435058594e+00,1.142423629760742188e+00,-1.010309219360351562e+01,-8.536167144775390625e+00,-6.692613601684570312e+00,-5.763149261474609375e+00,-2.879842281341552734e+00,7.722728729248046875e+00,4.419323444366455078e+00,3.188659906387329102e+00,8.526430130004882812e+00,1.041897010803222656e+01,9.114896774291992188e+00,1.794607543945312500e+01,2.229943847656250000e+01,2.750005531311035156e+01,3.164395141601562500e+01,2.777530670166015625e+01,1.669462776184082031e+01,1.353763580322265625e+01,5.111928939819335938e+00,1.300545215606689453e+00,1.038332653045654297e+01,1.551165390014648438e+01,1.081051254272460938e+01,1.187208175659179688e+01,1.149995803833007812e+01,1.279966449737548828e+01,1.285305213928222656e+01,1.087339782714843750e+01,8.821828842163085938e+00,1.115546226501464844e+01,1.686435317993164062e+01,8.212034225463867188e+00,1.345995903015136719e+01,1.791378211975097656e+01,9.279860496520996094e+00,5.591176986694335938e+00,1.191448593139648438e+01,1.353985214233398438e+01,1.185670185089111328e+01,1.202640533447265625e+01,1.073013496398925781e+01,1.421419239044189453e+01,1.556921005249023438e+01,1.411375617980957031e+01,1.455034637451171875e+01,1.771131896972656250e+01,1.742072868347167969e+01,1.898584938049316406e+01,1.485825920104980469e+01,1.819186973571777344e+01,2.020502853393554688e+01,1.947644233703613281e+01,1.831985282897949219e+01,1.808437156677246094e+01,1.491454887390136719e+01,1.278374576568603516e+01,1.439548969268798828e+01,1.325857257843017578e+01,9.625172615051269531e+00,1.398335075378417969e+01,1.376145362854003906e+01,3.256812572479248047e+00,3.806096315383911133e+00,-6.956363469362258911e-02,-7.168018341064453125e+00,-1.011915969848632812e+01,-2.010629081726074219e+01,-2.787910461425781250e+01,-2.835178565979003906e+01,-2.561620140075683594e+01,-2.186768341064453125e+01,-1.728978538513183594e+01,-1.028178215026855469e+01,-7.093965530395507812e+00,-7.798265457153320312e+00,-6.818351745605468750e+00,-4.869984626770019531e+00,1.945030570030212402e+00,1.746219158172607422e+00,-8.301946640014648438e+00,-1.610368156433105469e+01,-1.453343486785888672e+01,-3.546773433685302734e+00,-3.895205855369567871e-01,-4.973795413970947266e+00,-4.911037087440490723e-01,6.671650409698486328e+00,1.352762126922607422e+01,1.321897697448730469e+01,1.161928367614746094e+01,1.401350116729736328e+01,1.318830299377441406e+01,6.030017852783203125e+00,5.566147804260253906e+00,6.791513442993164062e+00,7.483180999755859375e+00,9.852423667907714844e+00,5.412144184112548828e+00,4.200456619262695312e+00,4.490879058837890625e+00,-9.028748273849487305e-01,-2.110931634902954102e+00,-1.656357288360595703e+00,-1.046713948249816895e+00,1.121624231338500977e+00,6.889043807983398438e+00,8.029178619384765625e+00,5.301705837249755859e+00,8.910766601562500000e+00,1.016131782531738281e+01,1.118273162841796875e+01,1.233519268035888672e+01,1.479441356658935547e+01,1.712951087951660156e+01,1.395161628723144531e+01,1.899724769592285156e+01,1.679435157775878906e+01,1.666421508789062500e+01,1.456160354614257812e+01,1.215348434448242188e+01,2.001443481445312500e+01,1.732622146606445312e+01,1.558807373046875000e+01,1.777320098876953125e+01,2.210907745361328125e+01,1.564780902862548828e+01,7.540122032165527344e+00,1.476100444793701172e+01,1.770735931396484375e+01,1.899074745178222656e+01,1.909178924560546875e+01,1.910228347778320312e+01,1.860838317871093750e+01,1.946255493164062500e+01,1.782391929626464844e+01,1.577009010314941406e+01,1.111480522155761719e+01,9.750659942626953125e+00,1.864339256286621094e+01,1.963691139221191406e+01,2.030299186706542969e+01,1.839789199829101562e+01,1.115641975402832031e+01,1.278604984283447266e+01,1.352813720703125000e+01,1.676990890502929688e+01,1.728285217285156250e+01,1.605078887939453125e+01,1.724497032165527344e+01,1.761373519897460938e+01,1.242989158630371094e+01,1.195514869689941406e+01,1.373473548889160156e+01,1.195737552642822266e+01,9.239969253540039062e-01,-8.128654956817626953e-01,6.523085594177246094e+00,1.209805727005004883e+00,-7.726563453674316406e+00,-1.038927268981933594e+01,-1.515725708007812500e+01,-1.414206314086914062e+01,-9.375206947326660156e+00,-1.210631847381591797e+01,-8.903141021728515625e+00,-2.724983692169189453e+00,3.029053449630737305e+00,1.746031951904296875e+01,2.618946456909179688e+01,2.712755203247070312e+01,2.903278732299804688e+01,3.214136886596679688e+01,2.847017097473144531e+01,2.334569168090820312e+01,2.275009155273437500e+01,2.034798812866210938e+01,1.600752258300781250e+01,1.969639968872070312e+01,2.087684249877929688e+01,1.540331172943115234e+01,1.483330440521240234e+01,1.311572647094726562e+01,1.582402610778808594e+01,2.429377365112304688e+01,3.614371109008789062e+01,3.537265014648437500e+01,4.440668106079101562e+01,5.028891372680664062e+01,4.330881118774414062e+01,3.620096969604492188e+01,3.995083618164062500e+01,3.832899856567382812e+01,2.540391159057617188e+01,1.159558105468750000e+01,4.658611297607421875e+00,1.052932929992675781e+01,8.323101997375488281e-01,-6.915755748748779297e+00,-7.982606887817382812e+00,9.710879325866699219e-01,1.352813625335693359e+01,1.912534904479980469e+01,1.644232177734375000e+01,3.820353031158447266e+00,-1.852446317672729492e+00,-4.537523388862609863e-01,1.590801119804382324e+00,1.758771181106567383e+00,-2.044760465621948242e+00,8.110728859901428223e-02,3.038200139999389648e+00,2.953867912292480469e+00,-1.034685850143432617e+00,-9.147782325744628906e+00,-7.266045570373535156e+00,-4.571216583251953125e+00,-5.094029426574707031e+00,-1.200401306152343750e+01,-1.905782127380371094e+01,-8.293344497680664062e+00,1.143905878067016602e+00,7.055518150329589844e+00,9.935483932495117188e+00,9.551095962524414062e+00,1.463743400573730469e+01,1.514347457885742188e+01,1.279751586914062500e+01,1.762534332275390625e+01,1.765586471557617188e+01,1.967594528198242188e+01,2.186467361450195312e+01,2.236759567260742188e+01,1.162779712677001953e+01,7.774303436279296875e+00,9.524856567382812500e+00,1.638729929924011230e+00,-5.785046815872192383e-01,2.003310680389404297e+00,6.843666076660156250e+00,3.949598312377929688e+00,8.781124949455261230e-01,-4.802423477172851562e+00,-4.097630977630615234e+00,-1.387695193290710449e+00,4.335809230804443359e+00,-3.343990564346313477e+00,-5.662344932556152344e+00,-5.584346771240234375e+00,-6.448071479797363281e+00,-1.787137746810913086e+00,1.252846050262451172e+01,1.591963958740234375e+01,1.511816024780273438e+01,7.188961029052734375e+00,-7.872275829315185547e+00,-2.009340476989746094e+01,-2.099663543701171875e+01,-1.644417953491210938e+01,-7.358253955841064453e+00,-2.086337804794311523e+00,-1.558573693037033081e-01,5.511662483215332031e+00,8.921003341674804688e+00,1.015317058563232422e+01,1.324801921844482422e+01,1.638910865783691406e+01,2.423745346069335938e+01,2.068991661071777344e+01,1.690247917175292969e+01,1.852705574035644531e+01,1.650244712829589844e+01,1.329571342468261719e+01,1.647880554199218750e+01,2.065101242065429688e+01,1.747124481201171875e+01,1.508181381225585938e+01,1.980768585205078125e+01,2.121660614013671875e+01,1.925587463378906250e+01,1.696133041381835938e+01,1.900496482849121094e+01,1.271000480651855469e+01,-1.739669322967529297e+00,-1.350235557556152344e+01,-1.381489562988281250e+01,-1.381764984130859375e+01,-6.260708808898925781e+00,-5.383830070495605469e+00,-1.100476837158203125e+01,-2.878055810928344727e+00,1.573065757751464844e+00,-2.978070974349975586e+00,-1.129845809936523438e+01,-1.259502506256103516e+01,-1.673631286621093750e+01,-2.123740768432617188e+01,-2.166379165649414062e+01,-1.531232261657714844e+01,-1.075664329528808594e+01,-7.427784919738769531e+00,-6.501312255859375000e-01,2.116309404373168945e-01,4.600566387176513672e+00,1.371805191040039062e+01,1.694560050964355469e+01,2.384934616088867188e+01,3.312913513183593750e+01,3.710148620605468750e+01,2.856007575988769531e+01,9.177474975585937500e+00,-1.637744307518005371e+00,-1.233670353889465332e+00,4.232086181640625000e+00,-2.131190776824951172e+00,-5.553947925567626953e+00,-5.993006706237792969e+00,-5.600677967071533203e+00,3.117099285125732422e+00,3.879560470581054688e+00,3.074717044830322266e+00,8.867020606994628906e+00,9.894648551940917969e+00,8.354781150817871094e+00,1.712829589843750000e+01,1.441799640655517578e+01,1.329939079284667969e+01,9.315830230712890625e+00,8.653931617736816406e+00,1.299438095092773438e+01,1.358351898193359375e+01,1.374520683288574219e+01,1.102236366271972656e+01,6.761292457580566406e+00,8.235940933227539062e+00,1.081971073150634766e+01,1.258121395111083984e+01,1.235381126403808594e+01,1.046550846099853516e+01,1.009052467346191406e+01,8.330706596374511719e+00,-5.045931339263916016e-01,-1.236077499389648438e+01,-1.786670303344726562e+01,-2.575204849243164062e+01,-2.759596443176269531e+01,-2.264314651489257812e+01,-1.780553817749023438e+01,-1.438730716705322266e+01,-1.369906520843505859e+01,-1.644664382934570312e+01,-8.299542427062988281e+00,-4.660474300384521484e+00,-1.643759012222290039e+00,-2.125215530395507812e+00,6.694214940071105957e-01,4.620366096496582031e+00,5.863901138305664062e+00,8.199434280395507812e+00,3.568202972412109375e+00,-6.050453186035156250e+00,-8.816220283508300781e+00,-1.137609863281250000e+01,-1.308013725280761719e+01,-1.429105091094970703e+01,-1.331237792968750000e+01,-1.256918430328369141e+01,-4.916957378387451172e+00,-1.461415290832519531e-01,4.555710792541503906e+00,5.144263744354248047e+00,6.759974479675292969e+00,1.444874000549316406e+01,1.512689590454101562e+01,1.707380676269531250e+01,1.597279357910156250e+01,1.149859809875488281e+01,1.544449806213378906e+01,1.732805633544921875e+01,1.722639465332031250e+01,1.895905685424804688e+01,1.396516227722167969e+01,1.327118682861328125e+01,1.397693824768066406e+01,6.523362636566162109e+00,7.342400074005126953e+00,1.080144691467285156e+01,6.927715778350830078e+00,7.213789463043212891e+00,7.774744033813476562e+00,4.696979522705078125e+00,-1.988454818725585938e+01,-3.132866859436035156e+01,-3.108233261108398438e+01,-2.482812881469726562e+01,-2.325051879882812500e+01,-2.483211708068847656e+01,-2.121722793579101562e+01,-9.951791763305664062e+00,-3.342454910278320312e+00,-8.771501541137695312e+00,-5.411082267761230469e+00,-1.537254714965820312e+01,-2.156818389892578125e+01,-1.384979820251464844e+01,-1.176171493530273438e+01,-1.002759933471679688e+01,6.831507205963134766e+00,1.967757606506347656e+01,1.956818389892578125e+01,2.033601760864257812e+01,2.192217254638671875e+01,1.816237831115722656e+01,2.911098003387451172e+00,-4.485399723052978516e+00,-7.288889884948730469e+00,-6.485626220703125000e+00,-5.113390922546386719e+00,-9.606403350830078125e+00,-1.015745925903320312e+01,-4.818634986877441406e+00,-5.060278773307800293e-01,5.516185760498046875e-01,-6.578362941741943359e+00,-8.023549318313598633e-01,5.140477657318115234e+00,5.893184185028076172e+00,5.216238975524902344e+00,5.350879669189453125e+00,9.632364273071289062e+00,1.116646385192871094e+01,2.538271427154541016e+00,-8.541039228439331055e-01,4.457290649414062500e+00,5.244837760925292969e+00,2.584704399108886719e+00,7.917116284370422363e-01,-3.089518785476684570e+00,-1.047381043434143066e+00,1.812237977981567383e+00,7.222644686698913574e-01,-4.122167587280273438e+00,-4.275472164154052734e+00,-5.907989501953125000e+00,-3.417290210723876953e+00,-1.255886197090148926e+00,-3.168812751770019531e+00,4.231158733367919922e+00,8.290075302124023438e+00,4.573666572570800781e+00,1.157761764526367188e+01,1.696563720703125000e+01,1.606452941894531250e+01,1.356783008575439453e+01,4.647099018096923828e+00,-1.777517795562744141e-02,3.684393882751464844e+00,5.913396835327148438e+00,6.189114570617675781e+00,1.468660354614257812e+01,2.445354270935058594e+01,3.275253295898437500e+01,3.755557250976562500e+01,3.689395141601562500e+01,4.359603881835937500e+01,4.426000213623046875e+01,3.816497802734375000e+01,3.650191497802734375e+01,3.576591873168945312e+01,3.104008483886718750e+01,2.477436256408691406e+01,2.827520751953125000e+01,2.865975952148437500e+01,2.569129180908203125e+01,2.109851074218750000e+01,6.917936325073242188e+00,4.442897796630859375e+00,-5.179039478302001953e+00,-1.148375129699707031e+01,-9.750849723815917969e+00,5.904994010925292969e-01,1.185999870300292969e+01,1.299310111999511719e+01,9.644011497497558594e+00,2.664337396621704102e+00,-2.066129922866821289e+00,3.126463413238525391e+00,5.495309829711914062e+00,8.528769493103027344e+00,1.288971710205078125e+01,1.176393890380859375e+01,1.023606300354003906e+01,1.268010807037353516e+01,9.552221298217773438e+00,1.188536643981933594e+01,1.991075134277343750e+01,1.360067749023437500e+01,1.189632797241210938e+01,1.184292888641357422e+01,1.391400146484375000e+01,1.444383335113525391e+01,9.664780616760253906e+00,9.161192893981933594e+00,1.043408393859863281e+01,1.179231452941894531e+01,1.510702800750732422e+01,1.529367065429687500e+01,1.821154403686523438e+01,2.041735839843750000e+01,2.193475341796875000e+01,1.540742492675781250e+01,1.212656211853027344e+01,1.433259582519531250e+01,1.505552101135253906e+01,1.182340908050537109e+01,1.065015602111816406e+01,1.179502105712890625e+01,7.917020797729492188e+00,8.792155265808105469e+00,1.312077140808105469e+01,1.433750343322753906e+01,1.277381229400634766e+01,1.573910331726074219e+01,3.446560382843017578e+00,-2.079229736328125000e+01,-2.772230148315429688e+01,-2.530807876586914062e+01,-1.637656974792480469e+01,-1.677715682983398438e+01,-1.500852584838867188e+01,-6.590360641479492188e+00,6.740192413330078125e+00,1.299471664428710938e+01,1.445421600341796875e+01,1.628703689575195312e+01,1.234054851531982422e+01,1.197788047790527344e+01,1.314828300476074219e+01,8.746576309204101562e+00,2.473276138305664062e+00,-6.865757107734680176e-01,-7.603203773498535156e+00,-1.745005035400390625e+01,-1.784306716918945312e+01,-1.600443649291992188e+01,-1.175450134277343750e+01,-1.212188911437988281e+01,-1.496496772766113281e+01,-1.714482688903808594e+01,-9.805862426757812500e+00,-2.931398868560791016e+00,1.262839555740356445e+00,5.255319118499755859e+00,1.100069236755371094e+01,1.019317245483398438e+01,7.247007846832275391e+00,7.336222648620605469e+00,1.026827239990234375e+01,1.224587631225585938e+01,9.381032943725585938e+00,1.002202415466308594e+01,1.486653709411621094e+01,1.148157691955566406e+01,1.001121902465820312e+01,9.678989410400390625e+00,8.512801170349121094e+00,1.184849739074707031e+01,1.067841625213623047e+01,8.775120735168457031e+00,1.450579547882080078e+01,1.276629543304443359e+01,9.644240379333496094e+00,8.823394775390625000e+00,1.373906898498535156e+01,1.769672012329101562e+01,1.710265350341796875e+01,1.439658451080322266e+01,1.477816677093505859e+01,1.480647468566894531e+01,1.547085666656494141e+01,1.219498729705810547e+01,1.198517704010009766e+01,1.295942497253417969e+01,1.359071350097656250e+01,1.379827308654785156e+01,1.080695819854736328e+01,1.117504882812500000e+01,1.491599178314208984e+01,1.191600131988525391e+01,1.222053337097167969e+01,1.644464492797851562e+01,1.507902145385742188e+01,1.676672935485839844e+01,9.985490798950195312e+00,-2.804871082305908203e+00,-2.961877822875976562e+00,9.757769703865051270e-01,-1.551222801208496094e+00,-7.918507575988769531e+00,-7.331413269042968750e+00,-1.257301568984985352e+00,6.455580234527587891e+00,3.932551145553588867e+00,1.239467382431030273e+00,2.501526474952697754e-01,1.845436811447143555e+00,5.038464546203613281e+00,6.943609237670898438e+00,1.413858604431152344e+01,2.598535156250000000e+01,3.072244644165039062e+01,2.991865539550781250e+01,3.196680831909179688e+01,1.316660118103027344e+01,-4.662929534912109375e+00,-8.904221534729003906e+00,-5.096934318542480469e+00,-3.265307426452636719e+00,-2.195408105850219727e+00,-8.610485792160034180e-01,7.697331905364990234e-02,4.538953304290771484e-01,4.519243240356445312e+00,4.929283618927001953e+00,6.379226684570312500e+00,1.243562889099121094e+01,5.227956295013427734e+00,2.500823736190795898e+00,3.318041563034057617e+00,-5.384930133819580078e+00,-1.167519187927246094e+01,-1.610965728759765625e+01,-1.291068840026855469e+01,1.303436875343322754e+00,1.309284591674804688e+01,1.841460037231445312e+01,2.249654579162597656e+01,2.301619529724121094e+01,2.467327117919921875e+01,1.558591842651367188e+01,9.736017584800720215e-01,-4.382397651672363281e+00,-1.380973577499389648e+00,5.331164002418518066e-01,-1.844372034072875977e+00,7.669923305511474609e-01,-1.268631696701049805e+00,-4.639485359191894531e+00,-2.119727611541748047e+00,2.444719970226287842e-01,-3.491468429565429688e+00,-3.287720203399658203e+00,-7.362064838409423828e+00,-5.100763320922851562e+00,-1.109716224670410156e+01,-1.823623847961425781e+01,-1.629332160949707031e+01,-1.787985610961914062e+01,-2.055627441406250000e+01,-1.166198444366455078e+01,4.743700027465820312e-01,1.732095956802368164e+00,9.092398643493652344e+00,2.881628036499023438e+00,-1.289553999900817871e+00,-7.840667963027954102e-01,2.030863285064697266e+00,2.609315514564514160e-02,1.005164861679077148e+00,3.747473716735839844e+00,8.608126640319824219e+00,-1.917446970939636230e+00,-8.210074424743652344e+00,-9.911964416503906250e+00,-9.195211410522460938e+00,-9.596752166748046875e+00,-4.915057182312011719e+00,-1.765837550163269043e+00,-1.234231233596801758e+00,2.860226631164550781e+00,7.675453662872314453e+00,9.943649291992187500e+00,1.249666786193847656e+01,1.559196281433105469e+01,1.963138008117675781e+01,1.489391517639160156e+01,1.197763824462890625e+01,1.761781501770019531e+01,1.752433013916015625e+01,1.451974296569824219e+01,1.456386947631835938e+01,1.730601310729980469e+01,1.593146896362304688e+01,1.548035621643066406e+01,1.345538330078125000e+01,1.033363628387451172e+01,1.115455913543701172e+01,1.300936889648437500e+01,1.139509582519531250e+01,8.329554557800292969e+00,1.129620361328125000e+01,1.298611640930175781e+01,1.514098358154296875e+01,5.775932312011718750e+00,-1.315863251686096191e+00,-1.346258759498596191e+00,8.690185546875000000e-01,-2.923420906066894531e+00,3.710031032562255859e+00,3.490216016769409180e+00,2.113039970397949219e+00,-2.938354492187500000e+00,-9.734885215759277344e+00,-1.333326721191406250e+01,-8.274402618408203125e+00,-2.891289710998535156e+00,-4.523052692413330078e+00,-4.718911647796630859e+00,-1.507669091224670410e+00,-8.349758386611938477e-01,-1.718904972076416016e+00,-6.624926328659057617e-01,-2.778502702713012695e+00,-2.888872861862182617e+00,-4.767843246459960938e+00,6.489846229553222656e+00,9.733033180236816406e+00,6.751883506774902344e+00,7.932269096374511719e+00,1.972048568725585938e+01,2.459991836547851562e+01,2.395131301879882812e+01,1.969318962097167969e+01,1.737089538574218750e+01,1.716719436645507812e+01,1.968972587585449219e+01,1.645085144042968750e+01,1.224124717712402344e+01,1.199329948425292969e+01,1.426578712463378906e+01,1.618214035034179688e+01,1.035394191741943359e+01,5.640220642089843750e+00,6.610920906066894531e+00,5.810024738311767578e+00,-1.690076828002929688e+00,-7.751850128173828125e+00,-7.151672363281250000e+00,-8.532668948173522949e-01,1.206658363342285156e+01,9.450482368469238281e+00,4.157912731170654297e+00,1.323239684104919434e+00,2.093165874481201172e+00,5.334332466125488281e+00,8.584995269775390625e+00,1.753131675720214844e+01,2.057422256469726562e+01,2.032583618164062500e+01,2.080336380004882812e+01,1.609320831298828125e+01,1.680915451049804688e+01,1.774223327636718750e+01,1.925273895263671875e+01,1.775681495666503906e+01,1.847878646850585938e+01,1.630987548828125000e+01,1.175036716461181641e+01,7.661633491516113281e+00,1.420792484283447266e+01,1.597590827941894531e+01,2.767876625061035156e+00,-9.579950332641601562e+00,-1.780920028686523438e+01,-1.823801994323730469e+01,-1.144933319091796875e+01,-8.318084716796875000e+00,4.775749444961547852e-01,5.928396224975585938e+00,7.062503337860107422e+00,1.332929611206054688e+01,8.824772834777832031e+00,7.348478317260742188e+00,7.662374377250671387e-01,-5.303680419921875000e+00,-6.736432075500488281e+00,-7.343315124511718750e+00,-6.157673835754394531e+00,-1.841194152832031250e+00,4.034541606903076172e+00,1.284685325622558594e+01,1.387974548339843750e+01,1.699178314208984375e+01,1.416160964965820312e+01,5.497132778167724609e+00,1.127386331558227539e+00,1.641837835311889648e+00,-3.454709291458129883e+00,-1.103011417388916016e+01,-1.291406059265136719e+01,-6.574854850769042969e+00,1.291478425264358521e-01,5.954895019531250000e+00,1.051444053649902344e+01,1.994648361206054688e+01,2.254127120971679688e+01,2.358556365966796875e+01,2.743945693969726562e+01,2.410468292236328125e+01,2.413545799255371094e+01,2.483685493469238281e+01,2.434255599975585938e+01,1.800736999511718750e+01,1.552774047851562500e+01,1.891257476806640625e+01,1.225937557220458984e+01,9.113718032836914062e+00,9.386149406433105469e+00,1.484035491943359375e+01,1.691386222839355469e+01,1.441800594329833984e+01,1.294596481323242188e+01,9.855722427368164062e+00,1.259660148620605469e+01,1.877772140502929688e+01,1.660696792602539062e+01,1.109973716735839844e+01,1.396117591857910156e+01,1.778501129150390625e+01,1.378563690185546875e+01,1.438469123840332031e+01,1.579037952423095703e+01,1.135067749023437500e+01,1.018183517456054688e+01,1.080362129211425781e+01,9.143615722656250000e+00,1.567017173767089844e+01,1.369812965393066406e+01,9.892692565917968750e+00,1.401760101318359375e+01,1.649956893920898438e+01,1.369205665588378906e+01,-8.638843536376953125e+00,-1.370791244506835938e+01,-8.262680053710937500e+00,-8.437662124633789062e+00,-5.242474555969238281e+00,-5.932730674743652344e+00,-2.985462188720703125e+00,2.228190422058105469e+00,2.626390218734741211e+00,3.785023689270019531e+00,1.415756940841674805e-01,-5.168571472167968750e+00,-6.956923961639404297e+00,-1.546107673645019531e+01,-1.838757514953613281e+01,-8.625827789306640625e+00,-8.544715881347656250e+00,-1.005858707427978516e+01,-9.155031204223632812e+00,-4.949953079223632812e+00,-6.901282310485839844e+00,-7.523424148559570312e+00,-8.347316384315490723e-01,1.383040428161621094e+01,2.511700439453125000e+01,2.507359695434570312e+01,1.948587226867675781e+01,1.720075607299804688e+01,1.973891639709472656e+01,1.912549018859863281e+01,1.585736751556396484e+01,1.268424987792968750e+01,1.128950881958007812e+01,1.177714729309082031e+01,1.310501194000244141e+01,1.246005535125732422e+01,9.929340362548828125e+00,1.292660522460937500e+01,1.030044555664062500e+01,7.445266246795654297e+00,1.037661457061767578e+01,1.547423171997070312e+01,2.567135047912597656e+01,3.271039581298828125e+01,3.802757263183593750e+01,3.544055938720703125e+01,2.728330039978027344e+01,1.084009838104248047e+01,-9.439057350158691406e+00,-2.175935554504394531e+01,-1.660286712646484375e+01,-9.357894897460937500e+00,-8.021072387695312500e+00,-7.854468345642089844e+00,-5.819546699523925781e+00,1.430850791931152344e+01,2.286841964721679688e+01,2.085491752624511719e+01,8.206588745117187500e+00,2.756061553955078125e+00,5.180070877075195312e+00,1.194431877136230469e+01,1.008715057373046875e+01,2.579793453216552734e+00,-3.606538772583007812e+00,-8.854788780212402344e+00,-1.757399749755859375e+01,-1.994629287719726562e+01,-1.136927604675292969e+01,-6.832404136657714844e+00,-4.898124694824218750e+00,1.104006290435791016e+00,1.470394372940063477e+00,-2.579394817352294922e+00,-2.795860290527343750e+00,2.687859058380126953e+00,7.159896850585937500e+00,1.611290550231933594e+01,1.300121593475341797e+01,4.986152648925781250e+00,3.569493293762207031e+00,8.445649147033691406e+00,1.062888240814208984e+01,4.045075893402099609e+00,2.333585739135742188e+00,4.649273872375488281e+00,6.611848831176757812e+00,4.282320976257324219e+00,1.325080037117004395e+00,3.262082338333129883e+00,5.230035781860351562e+00,5.529244899749755859e+00,7.611347675323486328e+00,3.269651651382446289e+00,4.009454727172851562e+00,4.023060321807861328e+00,8.646890640258789062e+00,6.511114597320556641e+00,6.121760845184326172e+00,4.084511280059814453e+00,7.368425369262695312e+00,1.156274795532226562e+01,6.769850730895996094e+00,-9.310472607612609863e-01,-1.548578977584838867e+00,7.336121082305908203e+00,1.448924827575683594e+01,1.472537994384765625e+01,8.663753509521484375e+00,4.873425483703613281e+00,2.439575940370559692e-01,-5.735241174697875977e-01,1.567989468574523926e+00,-1.551160216331481934e+00,-7.010074138641357422e+00,-9.381587982177734375e+00,-8.534391403198242188e+00,-8.353826522827148438e+00,-8.536195755004882812e+00,-6.930252552032470703e+00,-5.401858806610107422e+00,6.613648414611816406e+00,1.870294952392578125e+01,1.844680023193359375e+01,1.652153015136718750e+01,-3.245285153388977051e-01,-8.577410697937011719e+00,-1.373720359802246094e+01,-7.456476688385009766e+00,-4.484117507934570312e+00,-1.356004333496093750e+01,-2.459641647338867188e+01,-2.683216285705566406e+01,-2.353713989257812500e+01,-2.014346885681152344e+01,-1.537149238586425781e+01,-1.004297256469726562e+01,-7.039252758026123047e+00,2.124464511871337891e+00,9.812305450439453125e+00,8.436175346374511719e+00,7.581373214721679688e+00,4.587198734283447266e+00,8.056016921997070312e+00,1.408405208587646484e+01,1.379959487915039062e+01,1.415018463134765625e+01,7.846425056457519531e+00,9.561123847961425781e+00,9.630390167236328125e+00,1.236821746826171875e+01,1.282386779785156250e+01,1.068437385559082031e+01,5.873289108276367188e+00,5.768245220184326172e+00,8.939539909362792969e+00,5.854252815246582031e+00,-1.206747817993164062e+01,-1.785359191894531250e+01,-1.478988361358642578e+01,-8.814907073974609375e+00,-8.328943252563476562e+00,-1.302911758422851562e+01,-1.508756065368652344e+01,-1.483253288269042969e+01,-1.079731750488281250e+01,-6.835406303405761719e+00,-2.857078790664672852e+00,-4.601864814758300781e+00,-1.180926132202148438e+01,-2.705816984176635742e+00,2.553875446319580078e-01,-6.087743282318115234e+00,-1.028924369812011719e+01,-7.478786468505859375e+00,-2.682424545288085938e+00,-2.287576198577880859e+00,-7.928028106689453125e+00,-1.175126266479492188e+01,-6.893818378448486328e+00,-5.796891689300537109e+00,-1.551712608337402344e+01,-2.700087356567382812e+01,-3.057443237304687500e+01,-3.255304336547851562e+01,-2.932192039489746094e+01,-1.863620567321777344e+01,-1.522852516174316406e+01,-1.550130844116210938e+01,-1.549395656585693359e+01,-1.584920692443847656e+01,-1.797699356079101562e+01,-1.558405399322509766e+01,-3.572394609451293945e+00,1.026489853858947754e+00,1.642595481872558594e+01,1.861477661132812500e+01,2.440026664733886719e+01,1.131514072418212891e+01,-5.096478462219238281e+00,-9.972881317138671875e+00,-1.310986137390136719e+01,-1.631368064880371094e+01,-1.862496376037597656e+01,-1.501134300231933594e+01,-5.019618988037109375e+00,-3.293921947479248047e-01,5.322221755981445312e+00,3.761392116546630859e+00,-1.614559769630432129e+00,-7.384182929992675781e+00,-6.287403106689453125e+00,-8.870640993118286133e-01,9.493753314018249512e-01,2.838089466094970703e+00,2.520672082901000977e-01,7.863231897354125977e-01,2.670614004135131836e+00,-2.056272506713867188e+00,-7.175355911254882812e+00,-4.490628242492675781e+00,-1.022620677947998047e+00,3.286716043949127197e-01,3.325510025024414062e+00,3.268463134765625000e+00,4.308780193328857422e+00,7.061133384704589844e+00,5.296822071075439453e+00,4.238553047180175781e+00,7.015835762023925781e+00,9.399622917175292969e+00,9.526519775390625000e+00,1.020680236816406250e+01,1.638011550903320312e+01,1.527541732788085938e+01,1.175890064239501953e+01,1.011755180358886719e+01,4.971879005432128906e+00,-1.172941303253173828e+01,-1.248588466644287109e+01,-1.030615806579589844e+01,-7.484360694885253906e+00,-6.882761001586914062e+00,-8.327600955963134766e-01,3.378548622131347656e-01,-1.472217559814453125e+00,4.988391876220703125e+00,8.136548042297363281e+00,6.408052444458007812e+00,-2.810532569885253906e+00,-8.549337387084960938e+00,-9.726673126220703125e+00,-4.915049552917480469e+00,-1.062110185623168945e+00,-2.771307945251464844e+00,1.737203717231750488e+00,5.912727832794189453e+00,9.604204177856445312e+00,1.118582630157470703e+01,7.893458843231201172e+00,8.187404632568359375e+00,6.060283184051513672e+00,6.412447452545166016e+00,5.777013778686523438e+00,9.375622749328613281e+00,1.022009658813476562e+01,8.197547912597656250e+00,3.138569831848144531e+00,-1.195908784866333008e+00,1.683985710144042969e+00,5.504256248474121094e+00,5.786823272705078125e+00,9.534185409545898438e+00,1.363377571105957031e+01,1.146736526489257812e+01,8.320560455322265625e+00,-1.462631464004516602e+00,-7.464470863342285156e+00,-9.136675834655761719e+00,-1.788300514221191406e+01,-2.768452453613281250e+01,-2.359682464599609375e+01,-1.873088073730468750e+01,-1.164182662963867188e+01,-3.053335189819335938e+00,1.168166923522949219e+01,1.724307250976562500e+01,2.038957595825195312e+01,2.576556205749511719e+01,2.392633438110351562e+01,2.185044860839843750e+01,1.863881683349609375e+01,1.942903518676757812e+01,2.019554519653320312e+01,1.360824394226074219e+01,1.067845344543457031e+01,9.736942291259765625e+00,1.347285842895507812e+01,1.002750873565673828e+01,8.815740585327148438e+00,6.765364646911621094e+00,2.680950164794921875e+00,2.910177707672119141e+00,4.765572547912597656e+00,9.313323974609375000e+00,9.361295700073242188e+00,1.193094825744628906e+01,6.679778575897216797e+00,5.943356513977050781e+00,7.743315696716308594e+00,7.121373653411865234e+00,5.181258678436279297e+00,7.368571281433105469e+00,7.906585216522216797e+00,4.353049755096435547e+00,9.161315917968750000e+00,1.104493045806884766e+01,7.385886192321777344e+00,8.275691986083984375e+00,6.300592422485351562e+00,9.079193115234375000e+00,1.035955142974853516e+01,6.509995460510253906e+00,8.298730850219726562e+00,1.057208061218261719e+01,1.073012924194335938e+01,8.504379272460937500e+00,1.084992027282714844e+01,8.942598342895507812e+00,2.039080619812011719e+00,7.986110448837280273e-01,5.986331939697265625e+00,6.019678592681884766e+00,2.680986404418945312e+00,1.616513061523437500e+01,1.343494701385498047e+01,-4.763659954071044922e+00,-1.237603950500488281e+01,-1.396121692657470703e+01,-1.387885284423828125e+01,-1.418823814392089844e+01,-1.030106544494628906e+01,-4.213867664337158203e+00,-5.966604948043823242e-01,-2.844179630279541016e+00,-8.335314750671386719e+00,-1.013610649108886719e+01,-6.429267883300781250e+00,-6.738768100738525391e+00,-4.326320648193359375e+00,-5.724181652069091797e+00,-6.725303649902343750e+00,-6.946303367614746094e+00,-1.491368675231933594e+01,-1.395768356323242188e+01,-8.395678520202636719e+00,-3.579807758331298828e+00,1.543314695358276367e+00,3.909460783004760742e+00,9.578903913497924805e-01,6.365175843238830566e-01,2.366572618484497070e+00,1.640775680541992188e+00,9.633536338806152344e-01,6.586487770080566406e+00,5.728651285171508789e-01,1.796558499336242676e+00,7.935149192810058594e+00,1.306540298461914062e+01,1.341983795166015625e+01,1.459488487243652344e+01,1.073523616790771484e+01,2.445270061492919922e+00,1.369826316833496094e+00,-2.647653579711914062e+00,-6.540233612060546875e+00,-5.186959266662597656e+00,-3.082061409950256348e-01,4.086282730102539062e+00,3.806219577789306641e+00,2.451560258865356445e+00,-6.423717737197875977e-01,-6.102311134338378906e+00,-1.453614234924316406e+01,-1.534273052215576172e+01,-1.143885612487792969e+01,-8.698724746704101562e+00,-7.043260574340820312e+00,-5.799717903137207031e+00,-3.550835132598876953e+00,-3.216442108154296875e+00,3.821451663970947266e+00,6.202969551086425781e+00,-1.148797035217285156e+00,-4.249556541442871094e+00,-4.181954860687255859e+00,-2.355221509933471680e+00,4.556323885917663574e-01,-7.596639990806579590e-01,-4.665178775787353516e+00,-6.697304725646972656e+00,-9.202257156372070312e+00,-1.337273597717285156e+01,-1.512355899810791016e+01,-1.446810436248779297e+01,-6.652816772460937500e+00,2.622160196304321289e+00,7.128863334655761719e+00,1.007088470458984375e+01,1.184152030944824219e+01,1.023959732055664062e+01,8.889858245849609375e+00,3.839544773101806641e+00,-5.383899688720703125e+00,6.902605891227722168e-01,1.176526641845703125e+01,1.130712890625000000e+01,2.392725467681884766e+00,-5.382531642913818359e+00,-1.704057884216308594e+01,-2.062175369262695312e+01,-1.900110816955566406e+01,-9.733590126037597656e+00,-4.499874591827392578e+00,1.997564584016799927e-01,7.610055446624755859e+00,1.697310638427734375e+01,2.504073715209960938e+01,2.375324249267578125e+01,2.539303970336914062e+01,2.957493019104003906e+01,3.140956687927246094e+01,3.274664306640625000e+01,2.840682983398437500e+01,2.128078460693359375e+01,1.493635082244873047e+01,1.132418251037597656e+01,1.275346946716308594e+01,1.075850009918212891e+01,1.515946388244628906e+01,1.793693542480468750e+01,1.664225387573242188e+01,1.615359878540039062e+01,1.631699943542480469e+01,1.707238388061523438e+01,1.967556381225585938e+01,1.661348152160644531e+01,1.235703182220458984e+01,1.402631378173828125e+01,1.286689186096191406e+01,1.027060699462890625e+01,1.376102638244628906e+01,1.489087104797363281e+01,1.442398738861083984e+01,1.352552700042724609e+01,1.434984970092773438e+01,1.587381172180175781e+01,1.286828041076660156e+01,8.361731529235839844e+00,7.862388610839843750e+00,1.119637107849121094e+01,1.373136138916015625e+01,1.134586524963378906e+01,6.623411178588867188e+00,7.646321773529052734e+00,3.469198703765869141e+00,4.586139678955078125e+00,7.656448364257812500e+00,9.845915794372558594e+00,1.509273529052734375e+01,1.334784507751464844e+01,1.054246902465820312e+01,1.285153198242187500e+01,1.160565471649169922e+01,7.138788223266601562e+00,-7.529819488525390625e+00,-1.860297966003417969e+01,-8.565877914428710938e+00,1.226434707641601562e+00,4.881202220916748047e+00,9.541581153869628906e+00,1.035845279693603516e+01,1.188439655303955078e+01,1.149617099761962891e+01,1.225481414794921875e+01,1.176952075958251953e+01,1.142072868347167969e+01,1.336183166503906250e+01,1.582187557220458984e+01,1.887329483032226562e+01,2.149446105957031250e+01,1.783180618286132812e+01,1.460374355316162109e+01,4.473734378814697266e+00,-4.782314896583557129e-01,-5.488170146942138672e+00,-1.778656601905822754e+00,1.118040561676025391e+00,-3.144412994384765625e+00,-5.351799011230468750e+00,1.165357947349548340e+00,9.735848903656005859e-01,3.437784671783447266e+00,3.504702091217041016e+00,8.664992332458496094e+00,1.202479362487792969e+01,1.120911407470703125e+01,1.853612518310546875e+01,2.196433258056640625e+01,2.700756835937500000e+01,3.266264343261718750e+01,3.521720123291015625e+01,1.472863960266113281e+01,3.917166233062744141e+00,2.088955640792846680e+00,1.140480756759643555e+00,3.692788600921630859e+00,9.459073066711425781e+00,1.355545520782470703e+01,1.923305130004882812e+01,1.790955352783203125e+01,1.208716773986816406e+01,1.045375442504882812e+01,1.178082275390625000e+01,1.553584480285644531e+01,1.486911582946777344e+01,1.522873687744140625e+01,1.909828186035156250e+01,1.348303222656250000e+01,1.113163852691650391e+01,1.474785423278808594e+01,1.215218639373779297e+01,1.087392234802246094e+01,1.167203235626220703e+01,1.178581619262695312e+01,1.067326354980468750e+01,1.085799026489257812e+01,1.085822296142578125e+01,6.800295829772949219e+00,6.880372047424316406e+00,3.140914440155029297e+00,9.218523979187011719e+00,9.997194290161132812e+00,1.643371200561523438e+01,1.619406890869140625e+01,1.336690425872802734e+01,1.625237464904785156e+01,1.932619476318359375e+01,1.483269119262695312e+01,1.776325988769531250e+01,2.099609375000000000e+01,2.104891395568847656e+01,1.905081367492675781e+01,1.756448936462402344e+01,1.528017807006835938e+01,2.116901969909667969e+01,1.968476104736328125e+01,1.801045608520507812e+01,1.641566467285156250e+01,1.537393951416015625e+01,1.217843437194824219e+01,7.749089241027832031e+00,9.433811187744140625e+00,1.156436347961425781e+01,1.116238021850585938e+01,9.570341110229492188e+00,9.689310073852539062e+00,6.579183101654052734e+00,7.208011627197265625e+00,8.730575561523437500e+00,9.537119865417480469e+00,1.259441852569580078e+01,6.502495765686035156e+00,-8.767093658447265625e+00,-1.860025978088378906e+01,-2.209272766113281250e+01,-1.956571578979492188e+01,-9.547411918640136719e+00,-7.016078472137451172e+00,-2.686653137207031250e+00,4.778341293334960938e+00,1.426285934448242188e+01,1.241099166870117188e+01,6.241156578063964844e+00,5.117213249206542969e+00,-7.044469118118286133e-01,1.345809817314147949e+00,3.955111026763916016e+00,2.932868003845214844e+00,4.328523576259613037e-01,1.490796089172363281e+00,7.681666374206542969e+00,1.568975257873535156e+01,1.681568527221679688e+01,1.584827613830566406e+01,1.370848655700683594e+01,1.251396465301513672e+01,1.752040100097656250e+01,1.207800102233886719e+01,5.848711490631103516e+00,-8.822504043579101562e+00,-1.910163688659667969e+01,-1.048135948181152344e+01,-8.658524751663208008e-01,5.033935070037841797e+00,7.882787704467773438e+00,9.652693748474121094e+00,1.086301040649414062e+01,1.690950393676757812e+01,1.716678047180175781e+01,1.946330642700195312e+01,2.240045356750488281e+01,1.123467826843261719e+01,2.882509708404541016e+00,-1.614793419837951660e+00,-4.038080215454101562e+00,-7.365748405456542969e+00,-3.648644208908081055e+00,-2.925233364105224609e+00,3.262464046478271484e+00,1.848503494262695312e+01,2.202037429809570312e+01,1.799696350097656250e+01,2.062766647338867188e+01,2.551186752319335938e+01,2.597982406616210938e+01,2.359202003479003906e+01,1.613680458068847656e+01,1.084628486633300781e+01,9.097442626953125000e+00,8.734928131103515625e+00,8.913308143615722656e+00,9.147103309631347656e+00,1.354800415039062500e+01,1.645832061767578125e+01,1.270293998718261719e+01,7.560026168823242188e+00,1.029536724090576172e+01,1.335627079010009766e+01,9.868668556213378906e+00,1.035946178436279297e+01,1.641883850097656250e+01,1.913473510742187500e+01,1.082910442352294922e+01,9.908457756042480469e+00,1.045204925537109375e+01,1.198268032073974609e+01,1.470804023742675781e+01,1.278036785125732422e+01,1.244152641296386719e+01,1.476752090454101562e+01,1.283389472961425781e+01,9.338047027587890625e+00,1.049505996704101562e+01,8.309503555297851562e+00,5.939863204956054688e+00,8.145909309387207031e+00,9.371998786926269531e+00,-1.575557041168212891e+01,-2.474383354187011719e+01,-2.550062561035156250e+01,-2.569812202453613281e+01,-2.997846221923828125e+01,-2.128145599365234375e+01,-8.187838554382324219e+00,3.813678979873657227e+00,9.564789772033691406e+00,8.227275848388671875e+00,4.717231750488281250e+00,6.405853271484375000e+00,-9.328464269638061523e-01,-4.868711948394775391e+00,-4.600460052490234375e+00,2.728477001190185547e+00,5.449977874755859375e+00,4.788453102111816406e+00,-4.310122728347778320e-01,2.397950649261474609e+00,1.131193161010742188e+01,1.584542274475097656e+01,1.611629867553710938e+01,1.942398262023925781e+01,2.148004531860351562e+01,1.412013816833496094e+01,8.967495918273925781e+00,9.026211500167846680e-01,-3.705904245376586914e+00,-1.083223533630371094e+01,-1.136067676544189453e+01,-1.066919612884521484e+01,-6.921772003173828125e+00,-3.871876239776611328e+00,-8.063211441040039062e+00,-1.653148651123046875e+01,-1.610103797912597656e+01,-1.171715354919433594e+01,-1.420079994201660156e+01,-8.980342864990234375e+00,-5.123121738433837891e-01,5.405601501464843750e+00,7.071232795715332031e+00,9.874863624572753906e+00,1.689401245117187500e+01,1.545268440246582031e+01,1.101069259643554688e+01,6.024497985839843750e+00,8.590332984924316406e+00,1.225649642944335938e+01,1.042148685455322266e+01,1.259227180480957031e+01,2.010285377502441406e+01,1.499569511413574219e+01,1.331516265869140625e+01,1.204838275909423828e+01,1.047612762451171875e+01,9.099651336669921875e+00,1.266272163391113281e+01,1.219510364532470703e+01,1.227819252014160156e+01,1.840505027770996094e+01,1.589160346984863281e+01,1.226108169555664062e+01,1.316917228698730469e+01,1.571919059753417969e+01,1.744261741638183594e+01,1.640011978149414062e+01,9.505876541137695312e+00,5.477869987487792969e+00,8.545727729797363281e+00,8.216882705688476562e+00,8.821432113647460938e+00,1.247110939025878906e+01,1.212169265747070312e+01,1.288724136352539062e+01,1.104095649719238281e+01,1.223998641967773438e+01,1.598083305358886719e+01,1.613503646850585938e+01,1.317143058776855469e+01,1.124823188781738281e+01,8.485263824462890625e+00,4.525905609130859375e+00,1.198599243164062500e+01,1.448986625671386719e+01,9.531474113464355469e+00,1.095568656921386719e+01,1.173196506500244141e+01,1.348000240325927734e+01,1.215625286102294922e+01,9.006262779235839844e+00,8.501623153686523438e+00,5.256775856018066406e+00,9.304166793823242188e+00,1.358731079101562500e+01,1.486156082153320312e+01,1.344681930541992188e+01,1.630009651184082031e+01,1.291582870483398438e+01,1.234869766235351562e+01,1.109979438781738281e+01,1.419839572906494141e+01,1.239915084838867188e+01,1.165917587280273438e+01,1.539260864257812500e+01,1.285446929931640625e+01,8.872348785400390625e+00,5.852745056152343750e+00,1.308895015716552734e+01,1.401929092407226562e+01,1.412396240234375000e+01,1.437995147705078125e+01,1.344778823852539062e+01,1.056938266754150391e+01,1.171370887756347656e+01,1.621432113647460938e+01,1.816819953918457031e+01,1.474797248840332031e+01,1.169266128540039062e+01,1.148338508605957031e+01,1.018794822692871094e+01,1.059232425689697266e+01,1.267533206939697266e+01,1.239186477661132812e+01,1.360483932495117188e+01,1.519969177246093750e+01,1.185863494873046875e+01,8.907279968261718750e+00,1.366947746276855469e+01,1.019670200347900391e+01,4.548881530761718750e+00,1.037728786468505859e+01,1.534879779815673828e+01,1.422151660919189453e+01,1.100918960571289062e+01,1.391429328918457031e+01,1.346674919128417969e+01,1.623922729492187500e+01,1.854250335693359375e+01,1.649223709106445312e+01,1.877417182922363281e+01,1.380292606353759766e+01,1.747570419311523438e+01,1.901930809020996094e+01,1.781907081604003906e+01,1.633907127380371094e+01,1.479019069671630859e+01,1.122684192657470703e+01,1.596897888183593750e+01,1.500908851623535156e+01,1.836693191528320312e+01,1.833709526062011719e+01,1.662712860107421875e+01,1.742731475830078125e+01,1.918553543090820312e+01,1.411786270141601562e+01,1.190378475189208984e+01,-8.439864158630371094e+00,-9.535440444946289062e+00,-8.493018150329589844e+00,-7.849835395812988281e+00,-4.864161014556884766e+00,3.984205245971679688e+00,2.072702407836914062e+01,2.379272842407226562e+01,2.033286857604980469e+01,4.451172828674316406e+00,-9.567274093627929688e+00,-1.004164791107177734e+01,-8.052664756774902344e+00,-7.109333038330078125e+00,-3.918716907501220703e+00,-4.747311115264892578e+00,-2.077458143234252930e+00,3.738801240921020508e+00,1.432288932800292969e+01,1.015958309173583984e+01,-4.661031961441040039e-01,3.353376150131225586e+00,9.616884231567382812e+00,8.219327926635742188e+00,9.259770393371582031e+00,1.205435371398925781e+01,1.338363742828369141e+01,1.160802268981933594e+01,7.520028114318847656e+00,6.007617950439453125e+00,7.399026155471801758e-01,-5.178506374359130859e+00,-9.282187461853027344e+00,-1.085273385047912598e+00,6.370546340942382812e+00,3.792707920074462891e+00,5.127323150634765625e+00,4.275911331176757812e+00,1.172138881683349609e+01,1.367096138000488281e+01,1.404411411285400391e+01,1.644449615478515625e+01,1.524689292907714844e+01,1.670496940612792969e+01,1.394762611389160156e+01,9.700989723205566406e+00,1.028301429748535156e+01,9.750041961669921875e+00,1.481801128387451172e+01,1.085501670837402344e+01,1.162641811370849609e+01,1.363505744934082031e+01,1.132436561584472656e+01,7.468050956726074219e+00,1.039069175720214844e+01,1.204036903381347656e+01,8.111331939697265625e+00,5.045870780944824219e+00,3.412821769714355469e+00,8.058935165405273438e+00,1.083509445190429688e+01,1.581441688537597656e+01,1.537408065795898438e+01,1.373995780944824219e+01,1.542746353149414062e+01,1.528822326660156250e+01,1.212027931213378906e+01,1.228152465820312500e+01,1.385959243774414062e+01,1.643582534790039062e+01,1.558828926086425781e+01,1.556431388854980469e+01,8.214920043945312500e+00,6.954115867614746094e+00,1.005666160583496094e+01,1.183614253997802734e+01,1.604129600524902344e+01,1.978559875488281250e+01,1.414698696136474609e+01,1.240425872802734375e+01,1.574516868591308594e+01,1.496174430847167969e+01,1.227690124511718750e+01,1.389397335052490234e+01,1.445202827453613281e+01,1.766933059692382812e+01,1.401423263549804688e+01,1.109734535217285156e+01,7.409190177917480469e+00,9.925209045410156250e+00,7.054053306579589844e+00,2.967535734176635742e+00,-8.557633399963378906e+00,-1.119366645812988281e+01,-4.293441772460937500e+00,2.850848197937011719e+00,6.587944030761718750e+00,7.611037254333496094e+00,1.395872879028320312e+01,1.873278808593750000e+01,2.161793136596679688e+01,1.946303176879882812e+01,1.182943630218505859e+01,1.626876449584960938e+01,1.214043426513671875e+01,8.328810691833496094e+00,1.328529834747314453e+01,1.802753448486328125e+01,-8.887053132057189941e-01,-1.670594406127929688e+01,-1.201290893554687500e+01,-6.015776634216308594e+00,-1.173101234436035156e+01,-1.030533885955810547e+01,1.030636692047119141e+01,2.785182380676269531e+01,3.473458099365234375e+01,3.622605133056640625e+01,3.014853096008300781e+01,1.650562858581542969e+01,1.124013328552246094e+01,9.969911575317382812e+00,1.082970523834228516e+01,1.281267166137695312e+01,1.889740371704101562e+01,2.596637725830078125e+01,3.485854339599609375e+01,3.380117797851562500e+01,2.731792449951171875e+01,1.055302524566650391e+01,-2.318719863891601562e+00,-2.678417444229125977e+00,-6.324561119079589844e+00,-8.119306564331054688e+00,-2.318770170211791992e+00,3.369110822677612305e+00,1.250069046020507812e+01,1.552376365661621094e+01,1.875926589965820312e+01,2.982546043395996094e+01,3.294492340087890625e+01,3.003503608703613281e+01,2.505033493041992188e+01,1.327743244171142578e+01,9.149671554565429688e+00,7.170667648315429688e+00,5.970976829528808594e+00,1.078713512420654297e+01,1.596920394897460938e+01,1.562924575805664062e+01,1.201718997955322266e+01,9.469253540039062500e+00,7.083953857421875000e+00,8.905097007751464844e+00,5.297230243682861328e+00,6.830728054046630859e+00,9.701243400573730469e+00,1.105034065246582031e+01,1.002930450439453125e+01,1.787026214599609375e+01,3.356679916381835938e+01,4.030834197998046875e+01,3.977850341796875000e+01,3.820761871337890625e+01,3.543025588989257812e+01,3.677117156982421875e+01,3.753264999389648438e+01,3.092981338500976562e+01,2.201164627075195312e+01,1.056898689270019531e+01,-9.557208061218261719e+00,-1.901151657104492188e+01,-1.577876663208007812e+01,-1.852227783203125000e+01,-2.093298339843750000e+01,-1.370993614196777344e+01,-1.151597309112548828e+01,-1.333449935913085938e+01,-8.459336280822753906e+00,-3.507181406021118164e+00,-1.180599498748779297e+01,-1.486947345733642578e+01,-9.048164367675781250e+00,-5.430709838867187500e+00,-1.109342861175537109e+01,-8.889984130859375000e+00,-2.681070089340209961e+00,5.977982282638549805e-01,3.937307596206665039e+00,6.054697990417480469e+00,6.172224998474121094e+00,-2.017239332199096680e+00,-4.546352386474609375e+00,4.643516540527343750e-01,1.024066925048828125e+01,1.723748207092285156e+01,2.051728439331054688e+01,1.996276473999023438e+01,1.848852920532226562e+01,1.451208305358886719e+01,1.561081695556640625e+01,4.093287944793701172e+00,-9.542985916137695312e+00,-7.401073932647705078e+00,1.044000864028930664e+00,-9.143517017364501953e-01,-3.706696033477783203e+00,-4.887274265289306641e+00,-3.566054821014404297e+00,6.467852592468261719e-01,3.372097969055175781e+00,1.370996952056884766e+00,1.206370353698730469e+00,5.928841114044189453e+00,6.571609497070312500e+00,8.816821098327636719e+00,1.195436859130859375e+01,1.095504379272460938e+01,1.076570892333984375e+01,6.697490215301513672e+00,6.379359722137451172e+00,1.116546249389648438e+01,1.174120712280273438e+01,7.027991294860839844e+00,4.400253772735595703e+00,8.635831832885742188e+00,1.069885730743408203e+01,1.543163108825683594e+01,1.141431617736816406e+01,1.067101383209228516e+01,7.387115001678466797e+00,6.687713623046875000e+00,6.607422828674316406e+00,8.802078247070312500e+00,1.179978084564208984e+01,1.113167095184326172e+01,1.122898483276367188e+01,1.352672767639160156e+01,7.496461868286132812e+00,1.042597579956054688e+01,1.012798690795898438e+01,8.144639968872070312e+00,7.856958389282226562e+00,8.784963607788085938e+00,1.135389995574951172e+01,1.139037609100341797e+01,1.323818397521972656e+01,1.387055206298828125e+01,1.286601734161376953e+01,1.255946731567382812e+01,1.889805603027343750e+01,1.829762458801269531e+01,1.054482650756835938e+01,-9.878028869628906250e+00,-1.604946136474609375e+01,-1.215074157714843750e+01,-6.906040191650390625e+00,-1.068901777267456055e+00,6.830238342285156250e+00,3.801381111145019531e+00,8.596253395080566406e-01,1.515854120254516602e+00,3.704523324966430664e+00,3.878520727157592773e+00,1.406762242317199707e+00,1.451994657516479492e+00,1.926604956388473511e-01,-1.110868215560913086e+00,2.759321689605712891e+00,1.041175651550292969e+01,1.261216640472412109e+01,1.599369621276855469e+01,1.058595657348632812e+01,6.684332847595214844e+00,4.093266010284423828e+00,9.700287580490112305e-01,1.351244330406188965e+00,2.814891576766967773e+00,4.853955268859863281e+00,3.204716205596923828e+00,-1.115274056792259216e-02,-7.690014243125915527e-01,2.484532833099365234e+00,3.456003427505493164e+00,4.751406192779541016e+00,6.625310897827148438e+00,8.816303253173828125e+00,1.359231758117675781e+01,1.417740058898925781e+01,1.056866455078125000e+01,1.251187133789062500e+01,1.395473957061767578e+01,1.533141326904296875e+01,1.104961204528808594e+01,1.229359722137451172e+01,1.346953392028808594e+01,1.616971588134765625e+01,2.077923774719238281e+01,1.674860382080078125e+01,9.890056610107421875e+00,1.159055328369140625e+01,1.508403301239013672e+01,1.027702713012695312e+01,8.258436203002929688e+00,9.677795410156250000e+00,1.119070148468017578e+01,1.359291076660156250e+01,1.300618553161621094e+01,1.469812107086181641e+01,3.953912258148193359e+00,-1.179268836975097656e+01,-1.072964477539062500e+01,-6.775521278381347656e+00,-5.371164321899414062e+00,-5.656267166137695312e+00,-1.399357414245605469e+01,-2.473426055908203125e+01,-3.228543090820312500e+01,-3.451413726806640625e+01,-2.842448806762695312e+01,-2.360784912109375000e+01,-2.410626983642578125e+01,-2.255223846435546875e+01,-1.647842407226562500e+01,-2.026986837387084961e+00,1.556113719940185547e+00,1.292658805847167969e+01,1.991440200805664062e+01,2.521516799926757812e+01,2.740692138671875000e+01,2.156330108642578125e+01,3.457346916198730469e+00,-9.269336462020874023e-01,-2.266021728515625000e+00,-3.087265491485595703e+00,-4.569698572158813477e-01,-1.827102065086364746e+00,-5.238762855529785156e+00,-4.883518218994140625e+00,-3.709038019180297852e+00,9.792554378509521484e-01,2.322726726531982422e+00,-6.117176055908203125e+00,-1.392562580108642578e+01,-1.589375591278076172e+01,-1.749224305152893066e+00,1.217581176757812500e+01,2.029957580566406250e+01,1.861875534057617188e+01,1.372572517395019531e+01,1.233327484130859375e+01,1.745410346984863281e+01,1.443960762023925781e+01,5.672684669494628906e+00,2.731995582580566406e+00,1.515472173690795898e+00,3.836930751800537109e+00,2.597153186798095703e+00,-6.664045333862304688e+00,-6.093059539794921875e+00,-6.134341239929199219e+00,-1.311512374877929688e+01,-1.515443229675292969e+01,-1.858052062988281250e+01,-1.835258865356445312e+01,-3.102924346923828125e+00,1.167873191833496094e+01,1.783809661865234375e+01,1.797611618041992188e+01,2.111531639099121094e+01,1.253985023498535156e+01,2.364381551742553711e+00,-9.340626001358032227e-01,2.547137260437011719e+00,4.443707466125488281e+00,6.399767875671386719e+00,3.674667358398437500e+00,3.139988780021667480e-01,3.399824142456054688e+00,9.382232666015625000e+00,5.041103363037109375e+00,2.459334135055541992e-01,3.780276060104370117e+00,-1.483732104301452637e+00,-5.776764869689941406e+00,-1.379088687896728516e+01,-2.297827148437500000e+01,-2.478622436523437500e+01,-2.450136375427246094e+01,-1.836589050292968750e+01,-1.064525222778320312e+01,-4.894671440124511719e+00,-5.910696983337402344e-01,-2.187102794647216797e+00,-3.554356575012207031e+00,-1.032326412200927734e+01,-8.304856300354003906e+00,-1.687950015068054199e+00,-4.074980258941650391e+00,-4.883881568908691406e+00,-3.937155485153198242e+00,-9.860431671142578125e+00,-1.178463077545166016e+01,-9.119152069091796875e+00,-1.135617065429687500e+01,-1.117305183410644531e+01,-1.054967117309570312e+01,-8.006236076354980469e+00,-9.734581708908081055e-01,3.568423986434936523e+00,7.103191852569580078e+00,8.229227066040039062e+00,9.946481704711914062e+00,8.255419731140136719e+00,1.627432441711425781e+01,1.548019123077392578e+01,1.045183181762695312e+01,8.305164337158203125e+00,1.024190139770507812e+01,1.646193313598632812e+01,1.696064186096191406e+01,1.607489967346191406e+01,1.415422534942626953e+01,1.885475158691406250e+01,1.721319961547851562e+01,1.002480220794677734e+01,9.374504089355468750e+00,1.324625587463378906e+01,1.268719482421875000e+01,1.130929183959960938e+01,1.087995338439941406e+01,9.655248641967773438e+00,1.021268653869628906e+01,8.513987541198730469e+00,8.857900619506835938e+00,1.097512626647949219e+01,8.027706146240234375e+00,1.630820465087890625e+01,1.129352188110351562e+01,5.876859188079833984e+00,8.325368881225585938e+00,1.256294441223144531e+01,2.597222805023193359e+00,-9.801771163940429688e+00,-2.029243850708007812e+01,-2.268779754638671875e+01,-1.646306800842285156e+01,-6.691219329833984375e+00,-2.699807405471801758e+00,-2.844055175781250000e+00,-2.290066719055175781e+00,-9.116989374160766602e-01,2.005278766155242920e-01,5.870919227600097656e+00,1.069599723815917969e+01,9.146584510803222656e+00,9.343162536621093750e+00,7.265033721923828125e+00,5.119870185852050781e+00,2.944877624511718750e+00,6.598484992980957031e+00,5.486095428466796875e+00,-3.739614963531494141e+00,-1.135510540008544922e+01,-1.814673233032226562e+01,-1.932775306701660156e+01,-1.901939392089843750e+01,-1.856858825683593750e+01,-1.121487045288085938e+01,-4.972736835479736328e+00,-2.335220336914062500e+00,1.271990776062011719e+00,7.031867027282714844e+00,6.498202323913574219e+00,5.853837013244628906e+00,7.231936454772949219e+00,1.314861869812011719e+01,1.374057579040527344e+01,9.863300323486328125e+00,9.440480232238769531e+00,2.351029396057128906e+00,-1.165917396545410156e+01,-1.104117965698242188e+01,-7.230520248413085938e-01,9.888077735900878906e+00,2.009238433837890625e+01,1.762928771972656250e+01,5.468672752380371094e+00,-7.090405225753784180e-01,3.754177093505859375e-01,-2.179012298583984375e-01,2.354678869247436523e+00,9.119732856750488281e+00,9.369690895080566406e+00,4.234376907348632812e+00,4.318161964416503906e+00,1.805573940277099609e+00,1.066084027290344238e+00,-1.930577039718627930e+00,-1.990854263305664062e+00,-3.172493696212768555e+00,-4.702610015869140625e+00,8.788752555847167969e-01,4.620535850524902344e+00,-1.004025363922119141e+01,-2.375038909912109375e+01,-2.036045074462890625e+01,-8.290430068969726562e+00,3.287332534790039062e+00,1.344650554656982422e+01,1.529789924621582031e+01,1.565974807739257812e+01,1.407423973083496094e+01,1.580508995056152344e+01,1.227016830444335938e+01,7.719665050506591797e+00,3.083438634872436523e+00,-1.663444995880126953e+00,2.718588352203369141e+00,8.712830543518066406e+00,4.524307250976562500e+00,-4.567794322967529297e+00,-1.370847702026367188e+01,-1.786719512939453125e+01,-1.622771453857421875e+01,-1.175297737121582031e+01,-9.703877449035644531e+00,-1.285970020294189453e+01,-1.784363174438476562e+01,-1.559524917602539062e+01,-1.091359043121337891e+01,-1.291284465789794922e+01,-2.794665718078613281e+01,-3.637202453613281250e+01,-3.292771530151367188e+01,-2.761116409301757812e+01,-2.022216415405273438e+01,-1.346799468994140625e+01,-3.247505187988281250e+00,-1.848750114440917969e+00,-4.375364780426025391e-01,4.493043422698974609e+00,5.512638092041015625e+00,5.394135475158691406e+00,2.845239162445068359e+00,-1.855847358703613281e+00,-6.984872341156005859e+00,-1.079544162750244141e+01,-1.726314544677734375e+01,-1.981462097167968750e+01,-1.938888168334960938e+01,-1.477772617340087891e+01,-1.346999168395996094e+01,-1.024676895141601562e+01,3.653664112091064453e+00,2.089953994750976562e+01,2.547913360595703125e+01,2.423621368408203125e+01,2.455902099609375000e+01,7.484839439392089844e+00,-9.329414963722229004e-01,-5.063844680786132812e+00,-5.386714935302734375e-01,-2.111703395843505859e+00,-6.189000606536865234e-01,-1.107177019119262695e+00,3.688697338104248047e+00,8.479142189025878906e+00,1.088588428497314453e+01,8.241615295410156250e+00,1.126343822479248047e+01,1.491057395935058594e+01,1.718983078002929688e+01,1.741700744628906250e+01,1.717454910278320312e+01,2.327569198608398438e+01,2.082762145996093750e+01,1.518687438964843750e+01,1.480647659301757812e+01,1.089151000976562500e+01,7.732528686523437500e+00,1.151648807525634766e+01,1.290725135803222656e+01,1.383213424682617188e+01,1.017581558227539062e+01,1.082365512847900391e+00,-1.998960494995117188e+01,-2.790001678466796875e+01,-2.520504379272460938e+01,-2.056604385375976562e+01,-1.704930496215820312e+01,-1.195764923095703125e+01,-1.814831924438476562e+01,-2.280596160888671875e+01,-2.414410972595214844e+01,-2.575268554687500000e+01,-2.033905792236328125e+01,-1.818708419799804688e+01,-2.040789794921875000e+01,-1.833743095397949219e+01,-1.441517639160156250e+01,-1.127110671997070312e+01,-1.267838668823242188e+01,-1.672254180908203125e+01,-1.294974708557128906e+01,-1.630702209472656250e+01,-1.336656761169433594e+01,-5.640610694885253906e+00,-2.310828208923339844e+00,-5.900650024414062500e-01,-8.817200064659118652e-01,-4.593128561973571777e-01,1.427690029144287109e+00,-1.007887840270996094e+01,-1.324413490295410156e+01,-7.864667892456054688e+00,7.146468162536621094e-01,2.907667398452758789e+00,3.500910758972167969e+00,8.564741134643554688e+00,1.526922416687011719e+01,1.342949104309082031e+01,1.370358085632324219e+01,1.377033424377441406e+01,1.065781402587890625e+01,-1.051348495483398438e+01,-1.338819408416748047e+01,-1.177139568328857422e+01,-5.895527839660644531e+00,1.958062767982482910e+00,3.037135124206542969e+00,3.214193820953369141e+00,4.311965942382812500e+00,1.450308418273925781e+01,2.066261291503906250e+01,1.614073181152343750e+01,1.086603164672851562e+01,2.038777923583984375e+01,2.506245422363281250e+01,2.375965499877929688e+01,1.079427814483642578e+01,5.766939640045166016e+00,9.406627655029296875e+00,2.039517974853515625e+01,1.666865158081054688e+01,1.551347732543945312e+01,7.569940090179443359e+00,-2.107848930358886719e+01,-2.580878448486328125e+01,-2.139976692199707031e+01,-1.297518444061279297e+01,-8.923258781433105469e+00,-6.982044696807861328e+00,-5.873006820678710938e+00,2.054181814193725586e+00,1.051729202270507812e+01,1.343008899688720703e+01,1.600671005249023438e+01,2.025348663330078125e+01,1.765750122070312500e+01,1.031067752838134766e+01,3.271094083786010742e+00,-4.253030300140380859e+00,-8.306076049804687500e+00,-8.186239242553710938e+00,-3.660155296325683594e+00,-1.133644199371337891e+01,-1.757835769653320312e+01,-1.100678253173828125e+01,-8.652795791625976562e+00,-1.127853965759277344e+01,-1.393221282958984375e+01,-1.010102462768554688e+01,-8.736905097961425781e+00,-1.153817939758300781e+01,-8.623537063598632812e+00,-4.199034690856933594e+00,-5.624708175659179688e+00,-5.258649349212646484e+00,3.474980354309082031e+00,1.032300567626953125e+01,2.020808982849121094e+01,2.419609832763671875e+01,2.484554672241210938e+01,2.136650848388671875e+01,6.177456855773925781e+00,-2.767305612564086914e+00,-4.686970710754394531e+00,-1.081358671188354492e+00,-3.988297939300537109e+00,-8.989821434020996094e+00,-4.737634181976318359e+00,4.928146898746490479e-01,9.308440089225769043e-01,-1.679702401161193848e+00,-1.917374968528747559e+00,1.020024538040161133e+00,4.508564472198486328e+00,2.260859251022338867e+00,3.424726486206054688e+00,4.005405902862548828e+00,5.484249114990234375e+00,7.796545982360839844e+00,5.776825428009033203e+00,8.259021759033203125e+00,1.088352298736572266e+01,1.013010978698730469e+01,8.526749610900878906e+00,1.033980941772460938e+01,9.072750091552734375e+00,1.097126770019531250e+01,-2.791653394699096680e+00,-9.180615425109863281e+00,2.778921127319335938e-01,6.682325363159179688e+00,-1.388956546783447266e+00,-3.193649291992187500e+00,-3.258563041687011719e+00,-3.771951675415039062e+00,-7.677036762237548828e+00,-1.351538467407226562e+01,-1.481139659881591797e+01,-1.441031837463378906e+01,-9.062114715576171875e+00,-7.810615539550781250e+00,-3.685173511505126953e+00,-6.786905288696289062e+00,-9.744495391845703125e+00,-8.351701736450195312e+00,-8.822195529937744141e-01,3.277242183685302734e+00,6.750283241271972656e+00,4.895771026611328125e+00,-6.278728485107421875e+00,-6.642263889312744141e+00,-4.372729301452636719e+00,-6.368062973022460938e+00,-7.816366553306579590e-01,1.757108688354492188e+01,2.695108413696289062e+01,2.879348754882812500e+01,3.162471389770507812e+01,3.427599716186523438e+01,3.652407073974609375e+01,2.966625404357910156e+01,2.469407653808593750e+01,3.245378017425537109e+00,-1.713574409484863281e+01,-1.792675399780273438e+01,-1.197209358215332031e+01,-1.328735446929931641e+01,-1.927825736999511719e+01,-2.047581100463867188e+01,-1.790575408935546875e+01,-1.438505744934082031e+01,-9.547296524047851562e+00,-1.311628532409667969e+01,-1.266317558288574219e+01,-1.062980842590332031e+01,-1.512217426300048828e+01,-1.500883674621582031e+01,-1.939998626708984375e+01,-2.378676223754882812e+01,-1.346678829193115234e+01,7.074516296386718750e+00,1.705327606201171875e+01,1.972422027587890625e+01,1.866436958312988281e+01,2.179222106933593750e+01,1.971200561523437500e+01,7.743843078613281250e+00,-2.466523647308349609e+00,-8.716205596923828125e+00,-6.961693763732910156e+00,-4.755180358886718750e+00,-6.217000484466552734e+00,-8.688640594482421875e+00,-1.342464685440063477e+00,1.236989498138427734e+00,2.156445264816284180e+00,1.721821427345275879e+00,5.660761356353759766e+00,8.455863952636718750e+00,6.892519474029541016e+00,5.194897651672363281e+00,1.033920526504516602e+00,1.256862878799438477e-01,2.965437173843383789e+00,5.815794467926025391e+00,1.248264884948730469e+01,1.557900619506835938e+01,7.983694076538085938e+00,-3.499206542968750000e+00,-7.487155914306640625e+00,-2.550981760025024414e+00,-3.510303735733032227e+00,-3.232399463653564453e+00,-1.221291422843933105e+00,-6.885178089141845703e-01,5.150606632232666016e+00,7.359518051147460938e+00,1.081809806823730469e+01,1.742429351806640625e+01,1.997732925415039062e+01,2.547733688354492188e+01,1.979696273803710938e+01,1.479630947113037109e+01,6.262012004852294922e+00,3.867696523666381836e+00,5.581690073013305664e-01,3.403973579406738281e+00,-2.196630388498306274e-01,-1.163655185699462891e+01,-1.515039443969726562e+01,-1.319645786285400391e+01,-9.938730239868164062e+00,-3.416103601455688477e+00,-4.141713380813598633e-01,4.848531246185302734e+00,3.985309123992919922e+00,1.786351680755615234e+00,-1.314123344421386719e+01,-1.100211906433105469e+01,-1.262856292724609375e+01,-1.305658531188964844e+01,-1.370338249206542969e+01,-1.918393898010253906e+01,-1.781592178344726562e+01,-1.135096454620361328e+01,-3.858712434768676758e+00,5.427741050720214844e+00,7.738300800323486328e+00,3.972376108169555664e+00,-5.107667922973632812e+00,-1.106840896606445312e+01,-1.162247562408447266e+01,-2.370589733123779297e+00,-3.216649532318115234e+00,-4.015595436096191406e+00,-7.230278968811035156e+00,-8.883207321166992188e+00,-1.401626205444335938e+01,-1.252534866333007812e+01,-7.603583812713623047e+00,-1.644808411598205566e+00,5.870456218719482422e+00,5.420169353485107422e+00,3.235711336135864258e+00,-1.356882572174072266e+00,-8.924320220947265625e+00,-9.002050399780273438e+00,-8.677840232849121094e+00,-1.348714637756347656e+01,-1.851077079772949219e+01,-1.711570739746093750e+01,-1.097414779663085938e+01,-1.127794075012207031e+01,-8.483645439147949219e+00,-1.559625029563903809e+00,3.732594490051269531e+00,2.934703528881072998e-01,4.037179350852966309e-01,1.047806739807128906e+01,6.097615242004394531e+00,8.644295692443847656e+00,1.151453018188476562e+01,8.481466293334960938e+00,6.518013954162597656e+00,9.899877548217773438e+00,1.819561958312988281e+00,2.605870962142944336e-01,5.785764455795288086e-01,1.719200491905212402e+00,6.149843215942382812e+00,1.406701087951660156e+01,1.328554344177246094e+01,1.280354785919189453e+01,1.522875595092773438e+01,1.465765953063964844e+01,1.565655708312988281e+01,1.395036792755126953e+01,8.351287841796875000e+00,1.051653480529785156e+01,1.093756866455078125e+01,1.528588104248046875e+01,1.585347270965576172e+01,1.104034709930419922e+01,4.480276584625244141e+00,7.904652118682861328e+00,8.849208831787109375e+00,7.153214931488037109e+00,1.633481788635253906e+01,1.512606620788574219e+01,1.080976867675781250e+01,1.466133117675781250e+01,1.191607475280761719e+01,1.213786411285400391e+01,1.346446609497070312e+01,1.618037986755371094e+01,1.975135231018066406e+01,1.931372833251953125e+01,1.189881420135498047e+01,1.430762577056884766e+01,-6.292269706726074219e+00,-1.985948181152343750e+01,-9.575856208801269531e+00,-6.727104187011718750e+00,-6.510561943054199219e+00,-1.951818346977233887e+00,-1.403450250625610352e+00,-2.754872322082519531e+00,-7.627300024032592773e-01,3.532337546348571777e-01,-1.930066585540771484e+00,-1.027451038360595703e+01,-7.510104656219482422e+00,-6.211423873901367188e+00,-2.948156833648681641e+00,-7.244112014770507812e+00,-9.186492919921875000e+00,-9.757871627807617188e+00,-8.486222267150878906e+00,-8.932754516601562500e+00,-5.723230838775634766e+00,-4.686505794525146484e+00,-3.268503904342651367e+00,-1.199871659278869629e+00,3.625757098197937012e-01,6.222666740417480469e+00,4.129054546356201172e+00,-1.311018371582031250e+01,-1.839368820190429688e+01,-9.323429107666015625e+00,2.105448007583618164e+00,1.283215403556823730e+00,-3.117248535156250000e+00,-3.724532604217529297e+00,-8.261871337890625000e+00,-1.236366271972656250e+01,-1.443353271484375000e+01,-1.748270797729492188e+01,-1.568046951293945312e+01,-1.505437278747558594e+01,-1.183626842498779297e+01,-1.085953712463378906e+01,-1.389652824401855469e+01,-5.369337081909179688e+00,1.089476394653320312e+01,1.883192634582519531e+01,2.477598571777343750e+01,3.421952819824218750e+01,2.930620574951171875e+01,1.146849441528320312e+01,5.203155040740966797e+00,2.038937568664550781e+00,-2.712327241897583008e-01,-6.901624202728271484e-01,-3.838806629180908203e+00,-7.325272560119628906e+00,-1.675570678710937500e+01,-2.159805297851562500e+01,-2.084409904479980469e+01,-1.310970973968505859e+01,-9.028332710266113281e+00,-3.121153116226196289e+00,6.708366394042968750e+00,1.092461776733398438e+01,5.737794876098632812e+00,-2.844906091690063477e+00,-6.586702346801757812e+00,-1.176907539367675781e+01,-1.846291542053222656e+01,-2.143112182617187500e+01,-2.080906105041503906e+01,-1.999506187438964844e+01,-1.969735717773437500e+01,-1.670424270629882812e+01,-1.230019664764404297e+01,-9.194440841674804688e+00,-6.665483951568603516e+00,-8.186365127563476562e+00,-1.559719800949096680e+00,3.634825706481933594e+00,1.514713287353515625e+00,-1.606866359710693359e+00,1.279062032699584961e+00,1.879144906997680664e-01,-7.567990303039550781e+00,-1.313059806823730469e+01,-5.226806640625000000e+00,8.461096763610839844e+00,2.049179267883300781e+01,2.006478881835937500e+01,1.548507690429687500e+01,1.413946056365966797e+01,1.418982791900634766e+01,1.291759872436523438e+01,1.975517272949218750e+01,2.398373794555664062e+01,2.027150344848632812e+01,7.890420436859130859e+00,-4.937757015228271484e+00,-1.753938078880310059e+00,3.103824138641357422e+00,-1.597880840301513672e+00,-8.392856597900390625e+00,-8.257089614868164062e+00,-4.564961910247802734e+00,-3.853707313537597656e+00,7.657855749130249023e-02,5.094444751739501953e-02,2.767036676406860352e+00,-9.383275508880615234e-01,3.887788653373718262e-01,-2.459270060062408447e-01,3.227622985839843750e+00,8.175608634948730469e+00,1.123448944091796875e+01,1.123649406433105469e+01,6.750824928283691406e+00,8.697633743286132812e+00,1.074233818054199219e+01,1.471461677551269531e+01,1.504294776916503906e+01,1.399945068359375000e+01,1.599372768402099609e+01,1.480834960937500000e+01,1.355747222900390625e+01,1.244903373718261719e+01,1.242488002777099609e+01,1.236615467071533203e+01,1.375549697875976562e+01,1.430102729797363281e+01,1.982980537414550781e+01,2.034172058105468750e+01,1.787224578857421875e+01,1.538624286651611328e+01,1.621659660339355469e+01,1.650984001159667969e+01,1.577613449096679688e+01,1.771983718872070312e+01,1.907984161376953125e+01,1.392135143280029297e+01,1.137018966674804688e+01,1.418223381042480469e+01,1.174832534790039062e+01,1.653309440612792969e+01,1.714527130126953125e+01,1.280297088623046875e+01,1.091888046264648438e+01,1.778464889526367188e+01,1.794221496582031250e+01,1.599500560760498047e+01,1.270882415771484375e+01,1.010622024536132812e+01,1.462793731689453125e+01,1.754042434692382812e+01,1.754197502136230469e+01,1.869524598121643066e+00,-1.305711555480957031e+01,-1.543104171752929688e+01,-9.541508674621582031e+00,-9.237512588500976562e+00,-1.617697334289550781e+01,-1.316641235351562500e+01,-4.790494918823242188e+00,1.345878243446350098e+00,1.684427261352539062e+01,2.737039756774902344e+01,2.881096267700195312e+01,2.658514213562011719e+01,1.441442298889160156e+01,-1.115474104881286621e+00,-6.035980701446533203e+00,-4.516834259033203125e+00,-1.531084299087524414e+00,-5.115640163421630859e-02,6.158161163330078125e+00,7.128072738647460938e+00,1.372865915298461914e+00,3.029096126556396484e+00,4.493323326110839844e+00,1.070240592956542969e+01,1.778643417358398438e+01,1.829742813110351562e+01,1.405116844177246094e+01,1.405272769927978516e+01,1.660310745239257812e+01,1.277065277099609375e+01,1.370798301696777344e+01,1.600880050659179688e+01,1.900179481506347656e+01,2.093710708618164062e+01,1.660412216186523438e+01,1.209355735778808594e+01,1.593534660339355469e+01,1.433647441864013672e+01,1.287446880340576172e+01,1.731880569458007812e+01,2.153800010681152344e+01,2.134838104248046875e+01,1.673220825195312500e+01,1.435434913635253906e+01,1.402514266967773438e+01,2.012354278564453125e+01,2.408329391479492188e+01,2.016594696044921875e+01,1.455285835266113281e+01,1.251478385925292969e+01,1.361035919189453125e+01,1.579149246215820312e+01,1.469295692443847656e+01,1.802922821044921875e+01,1.314901113510131836e+00,-1.629063796997070312e+01,-1.957125091552734375e+01,-1.510716438293457031e+01,-8.098926544189453125e+00,-6.438231945037841797e+00,-3.966430187225341797e+00,-4.604328870773315430e-01,1.163961291313171387e+00,6.533339023590087891e-01,3.781595230102539062e+00,-1.909936189651489258e+00,-8.156729698181152344e+00,-5.612371444702148438e+00,1.431672871112823486e-01,6.629285812377929688e+00,7.685119628906250000e+00,8.214914321899414062e+00,1.383602905273437500e+01,2.126803970336914062e+01,2.673789024353027344e+01,2.435241699218750000e+01,2.198382186889648438e+01,1.952087402343750000e+01,2.487954330444335938e+01,1.787102890014648438e+01,5.164809226989746094e+00,-2.521775007247924805e+00,-6.525676727294921875e+00,-4.456069469451904297e+00,-1.649886369705200195e-01,5.614095687866210938e+00,9.165443420410156250e+00,7.185881614685058594e+00,3.738654136657714844e+00,2.618322372436523438e+00,-1.833228588104248047e+00,-5.530508995056152344e+00,-3.362659454345703125e+00,-1.402337074279785156e+00,-1.072206878662109375e+01,-1.010413646697998047e+01,-1.262656402587890625e+01,-1.231894302368164062e+01,-1.303641128540039062e+01,-1.332617187500000000e+01,-1.132147979736328125e+01,-1.053175926208496094e+01,-1.351353836059570312e+01,-1.107881355285644531e+01,3.958553791046142578e+00,6.917896270751953125e+00,-2.019035220146179199e-01,-3.564126968383789062e+00,-1.432860946655273438e+01,-1.666858100891113281e+01,-1.631100463867187500e+01,-1.453587245941162109e+01,-9.384254455566406250e+00,-4.898586750030517578e+00,7.790009975433349609e-01,-2.756807804107666016e+00,-1.684557676315307617e+00,-2.364863157272338867e-01,-3.070690631866455078e+00,3.849973917007446289e+00,1.407992744445800781e+01,1.446988105773925781e+01,1.284842872619628906e+01,1.065655136108398438e+01,7.210913181304931641e+00,1.341556930541992188e+01,2.351400947570800781e+01,1.719238662719726562e+01,1.452630424499511719e+01,1.667789649963378906e+01,1.355817222595214844e+01,1.327754402160644531e+01,1.649877357482910156e+01,1.105700874328613281e+01,1.446220016479492188e+01,2.002909469604492188e+01,2.179221343994140625e+01,2.160345077514648438e+01,2.337597656250000000e+01,2.489630508422851562e+01,2.449388122558593750e+01,2.210157012939453125e+01,2.708262634277343750e+01,2.522933959960937500e+01,2.132875633239746094e+01,2.169580841064453125e+01,1.729724502563476562e+01,1.758253860473632812e+01,1.651623916625976562e+01,2.006025695800781250e+01,2.276168441772460938e+01,2.002692413330078125e+01,2.027759170532226562e+01,1.779400253295898438e+01,1.668135452270507812e+01,1.993312072753906250e+01,1.661473083496093750e+01,1.418824195861816406e+01,1.570365619659423828e+01,7.250287055969238281e+00,1.074558734893798828e+00,8.710301399230957031e+00,1.166333770751953125e+01,1.500142478942871094e+01,2.117460060119628906e+01,2.006653594970703125e+01,1.907165908813476562e+01,1.912331390380859375e+01,1.403778839111328125e+01,1.056390571594238281e+01,9.351243019104003906e+00,3.667646169662475586e+00,8.445125222206115723e-01,9.974740743637084961e-01,1.872530937194824219e+00,1.531698417663574219e+01,2.178996658325195312e+01,1.863679885864257812e+01,2.233538818359375000e+01,2.121912002563476562e+01,1.868988037109375000e+01,2.073778343200683594e+01,2.018254661560058594e+01,1.465440559387207031e+01,1.246618652343750000e+01,1.083830070495605469e+01,1.406391334533691406e+01,1.370464801788330078e+01,1.586908149719238281e+01,1.455820083618164062e+01,1.686532783508300781e+01,1.595287227630615234e+01,1.270814514160156250e+01,1.306589794158935547e+01,7.154139518737792969e+00,1.051185035705566406e+01,1.728348541259765625e+01,1.967259788513183594e+01,1.493551635742187500e+01,1.302621841430664062e+01,5.305441856384277344e+00,-5.966020107269287109e+00,-1.088429355621337891e+01,-1.151475715637207031e+01,-1.393406105041503906e+01,-1.551768875122070312e+01,-1.396993350982666016e+01,-7.968906402587890625e+00,-6.452306747436523438e+00,-2.162710905075073242e+00,2.867919921875000000e+00,-7.486000061035156250e-01,-7.552341461181640625e+00,-1.324791908264160156e+01,-1.008588504791259766e+01,-5.153675556182861328e+00,-7.038078308105468750e+00,-3.731786727905273438e+00,3.015336990356445312e+00,3.465604782104492188e-01,-3.502776145935058594e+00,-1.403164118528366089e-01,6.216691493988037109e+00,1.104024505615234375e+01,1.488929557800292969e+01,9.317996978759765625e+00,5.346850395202636719e+00,-4.263681411743164062e+00,-1.090166282653808594e+01,-1.763663673400878906e+01,-1.899853897094726562e+01,-2.291049766540527344e+01,-2.257998847961425781e+01,-1.442429256439208984e+01,-1.019827842712402344e+01,-4.663788795471191406e+00,-2.118730068206787109e+00,1.374773025512695312e+00,5.026088714599609375e+00,6.827234268188476562e+00,6.457334518432617188e+00,1.048171234130859375e+01,1.739570617675781250e+01,1.612626838684082031e+01,1.667834472656250000e+01,1.575172042846679688e+01,1.692516708374023438e+01,2.112127304077148438e+01,1.780639266967773438e+01,1.534325599670410156e+01,1.583081054687500000e+01,1.475469017028808594e+01,1.442550277709960938e+01,1.445174598693847656e+01,1.512054824829101562e+01,1.622367477416992188e+01,1.350215721130371094e+01,1.219539260864257812e+01,1.255142974853515625e+01,8.155382156372070312e+00,-1.642979621887207031e+00,-8.474758148193359375e+00,-5.033741950988769531e+00,4.870424270629882812e+00,1.237337303161621094e+01,1.727274656295776367e+00,-2.315671920776367188e+00,2.082235813140869141e+00,3.659269332885742188e+00,7.853940129280090332e-01,5.612989425659179688e+00,3.381057262420654297e+00,3.434420824050903320e+00,7.324499130249023438e+00,2.186249256134033203e+00,-2.462800979614257812e+00,-2.754245758056640625e+00,2.298645496368408203e+00,5.386874198913574219e+00,4.097872734069824219e+00,9.401947021484375000e+00,2.625950622558593750e+01,3.487738800048828125e+01,3.670798492431640625e+01,2.140971374511718750e+01,8.498763084411621094e+00,-4.038106441497802734e+00,-1.143989944458007812e+01,-1.037488555908203125e+01,-4.674177169799804688e+00,3.335753917694091797e+00,3.855811357498168945e+00,2.656609535217285156e+00,6.186720848083496094e+00,1.433892965316772461e+00,6.159919500350952148e-01,-7.124321937561035156e+00,-8.792333602905273438e+00,-9.398713111877441406e+00,-8.325205802917480469e+00,-3.415724754333496094e+00,1.157329559326171875e+00,-2.156681060791015625e+00,-1.285412311553955078e+00,1.505806922912597656e+00,9.098799705505371094e+00,1.081851196289062500e+01,9.235413551330566406e+00,1.401474189758300781e+01,1.057214164733886719e+01,3.438669681549072266e+00,-6.636901855468750000e+00,-1.318790912628173828e+01,-8.172118186950683594e+00,-5.479058623313903809e-01,1.105551624298095703e+01,1.540900135040283203e+01,2.206299591064453125e+01,2.644271659851074219e+01,2.568976211547851562e+01,2.188173675537109375e+01,8.109910011291503906e+00,3.003031730651855469e+00,-2.317727088928222656e+00,-1.698948740959167480e+00,-1.898391246795654297e+00,-4.447468757629394531e+00,-5.256919860839843750e+00,-3.982317209243774414e+00,-1.089278221130371094e+01,-9.497198104858398438e+00,-9.129240036010742188e+00,-9.860851287841796875e+00,-6.630129814147949219e+00,-1.603398084640502930e+00,2.916712999343872070e+00,4.251478672027587891e+00,2.713172912597656250e+00,1.028540611267089844e+00,-2.482971429824829102e+00,-4.933366298675537109e+00,-7.409157276153564453e+00,-1.152960395812988281e+01,-8.534387588500976562e+00,-1.016514015197753906e+01,-1.155465698242187500e+01,-5.624341011047363281e+00,-2.755528450012207031e+00,-1.474832653999328613e+00,-1.174615383148193359e+00,-1.206694483757019043e+00,8.558034896850585938e-04,3.061718702316284180e+00,6.491310596466064453e+00,9.215349197387695312e+00,1.138601875305175781e+01,8.669635772705078125e+00,1.148792266845703125e+01,1.407289886474609375e+01,1.583371639251708984e+01,1.160141754150390625e+01,5.669020652770996094e+00,1.600350379943847656e+00,-3.726813197135925293e-01,-4.267642021179199219e+00,-8.127472400665283203e-01,4.186449050903320312e+00,9.351547241210937500e+00,1.124098396301269531e+01,1.088043975830078125e+01,1.513130855560302734e+01,1.307687187194824219e+01,9.753801345825195312e+00,1.193780517578125000e+01,1.426384162902832031e+01,1.789239883422851562e+01,1.931922149658203125e+01,1.207877159118652344e+01,8.071571350097656250e+00,1.352628898620605469e+01,1.444279956817626953e+01,1.236395835876464844e+01,1.912606430053710938e+01,2.812223434448242188e+01,3.002811050415039062e+01,2.454792022705078125e+01,1.519330024719238281e+01,6.301696777343750000e+00,1.570049405097961426e+00,1.416870832443237305e+00,2.454413771629333496e-01,7.048804283142089844e+00,3.506078958511352539e+00,-3.911346793174743652e-01,-4.657619953155517578e+00,-1.778267860412597656e+00,5.575517654418945312e+00,3.138330936431884766e+00,-4.415484428405761719e+00,-9.388210296630859375e+00,-6.883494377136230469e+00,2.953594684600830078e+00,1.439702129364013672e+01,1.740130615234375000e+01,1.542559719085693359e+01,1.278935527801513672e+01,7.695732593536376953e+00,2.481334209442138672e-01,-9.291915893554687500e+00,-9.917706489562988281e+00,-9.651319503784179688e+00,-8.524911999702453613e-01,7.165518283843994141e+00,1.192093372344970703e+01,1.898055648803710938e+01,1.843166732788085938e+01,1.800166702270507812e+01,1.881058120727539062e+01,1.484059143066406250e+01,1.597887039184570312e+01,2.625018692016601562e+01,3.080678176879882812e+01,3.052649879455566406e+01,1.933229064941406250e+01,1.202963256835937500e+01,8.036231040954589844e+00,4.291503906250000000e+00,-9.832988739013671875e+00,-2.019493484497070312e+01,-1.716416549682617188e+01,-1.117654800415039062e+01,-6.681874275207519531e+00,-7.341311931610107422e+00,-9.069033622741699219e+00,-1.153555488586425781e+01,-1.065602016448974609e+01,-1.510144233703613281e+01,-1.810075378417968750e+01,-1.585656356811523438e+01,-8.027196884155273438e+00,-6.528442859649658203e+00,-4.257581710815429688e+00,-1.595822811126708984e+00,-2.528418064117431641e+00,6.003247737884521484e+00,9.747486114501953125e+00,1.182662010192871094e+01,1.654121780395507812e+01,1.230725860595703125e+01,6.700951576232910156e+00,8.535318374633789062e+00,1.122028446197509766e+01,1.510376262664794922e+01,2.787699890136718750e+01,3.226280212402343750e+01,3.269146728515625000e+01,3.356149291992187500e+01,2.932635879516601562e+01,2.821556282043457031e+01,2.829661941528320312e+01,1.837435531616210938e+01,-5.118419647216796875e+00,-2.179786491394042969e+01,-2.745646858215332031e+01,-2.976021194458007812e+01,-2.918406295776367188e+01,-3.023697280883789062e+01,-2.931849861145019531e+01,-2.628281784057617188e+01,-1.921833038330078125e+01,-1.474675369262695312e+01,-8.491463661193847656e+00,2.429151833057403564e-01,5.009100914001464844e+00,9.797056198120117188e+00,1.024639225006103516e+01,9.424468040466308594e+00,1.192302703857421875e+01,1.186846923828125000e+01,1.526091957092285156e+01,1.799457550048828125e+01,1.232343864440917969e+01,1.336387825012207031e+01,1.653708839416503906e+01,1.750984954833984375e+01,1.577606487274169922e+01,1.312187576293945312e+01,2.023187637329101562e+01,2.300280570983886719e+01,2.119850158691406250e+01,2.170154571533203125e+01,2.125451660156250000e+01,1.898717498779296875e+01,2.109012603759765625e+01,2.481109428405761719e+01,1.906865501403808594e+01,1.882589721679687500e+01,2.165567779541015625e+01,1.730138015747070312e+01,1.587671279907226562e+01,1.765176200866699219e+01,1.844335556030273438e+01,1.660600662231445312e+01,2.294475173950195312e+01,2.159051132202148438e+01,1.674598312377929688e+01,1.127550125122070312e+01,9.777431488037109375e+00,1.434167098999023438e+01,1.010756301879882812e+01,1.067856407165527344e+01,1.127981185913085938e+01,1.162287902832031250e+01,1.785903167724609375e+01,1.661915969848632812e+01,1.259611511230468750e+01,1.257258415222167969e+01,1.497975730895996094e+01,1.472487545013427734e+01,1.454221725463867188e+01,1.823890876770019531e+01,1.898157310485839844e+01,1.468158531188964844e+01,1.376744174957275391e+01,1.353495216369628906e+01,1.345176792144775391e+01,1.274507141113281250e+01,1.649357795715332031e+01,2.179430961608886719e+01,2.454127883911132812e+01,2.550478744506835938e+01,2.565068817138671875e+01,1.602378463745117188e+01,6.129871368408203125e+00,-8.700675964355468750e+00,-1.279762649536132812e+01,-1.329073715209960938e+01,-9.452044486999511719e+00,-3.359781980514526367e+00,-2.495931386947631836e+00,3.672438621520996094e+00,4.091168880462646484e+00,4.065833568572998047e+00,4.951112747192382812e+00,-3.570064067840576172e+00,-1.294098091125488281e+01,-1.101719093322753906e+01,-3.948913812637329102e+00,-1.032368278503417969e+01,-1.310108566284179688e+01,-1.209178924560546875e+01,-8.474289894104003906e+00,-1.587402820587158203e+00,1.525944352149963379e+00,9.066628456115722656e+00,1.359805583953857422e+01,2.000547027587890625e+01,2.953629493713378906e+01,3.138220024108886719e+01,3.374694442749023438e+01,2.782617187500000000e+01,2.265948867797851562e+01,1.132453060150146484e+01,1.373205947875976562e+01,1.758435821533203125e+01,1.326002883911132812e+01,8.140205383300781250e+00,9.525276184082031250e+00,1.214998245239257812e+01,1.612682151794433594e+01,2.169482421875000000e+01,1.944633865356445312e+01,1.298356628417968750e+01,1.708044815063476562e+01,1.409002780914306641e+01,1.189551448822021484e+01,1.628052139282226562e+01,8.081027030944824219e+00,-1.054247856140136719e+01,-7.236941814422607422e+00,6.697381734848022461e-01,5.371750354766845703e+00,4.572639465332031250e+00,5.870218753814697266e+00,9.452080726623535156e-02,-9.568718075752258301e-01,4.068942070007324219e+00,4.635986328125000000e+00,3.665686607360839844e+00,1.191134262084960938e+01,2.118180656433105469e+01,1.811914634704589844e+01,7.115680694580078125e+00,-7.173461914062500000e+00,-1.437342071533203125e+01,-1.189222908020019531e+01,-3.821787595748901367e+00,-5.845113992691040039e-01,7.639117240905761719e-01,4.184657096862792969e+00,8.524392127990722656e+00,1.139011192321777344e+01,1.168441295623779297e+01,9.092438697814941406e+00,5.680475234985351562e+00,6.578560829162597656e+00,7.034945487976074219e-01,-2.017403602600097656e+00,-5.170613765716552734e+00,-9.617912292480468750e+00,-1.611701393127441406e+01,-2.077913475036621094e+01,-1.632124328613281250e+01,1.629318356513977051e+00,1.693998718261718750e+01,1.819319343566894531e+01,1.978146171569824219e+01,2.411311340332031250e+01,2.309650611877441406e+01,2.607123947143554688e+01,2.940884590148925781e+01,2.756359481811523438e+01,2.742857742309570312e+01,2.557812881469726562e+01,2.525092697143554688e+01,2.370004653930664062e+01,2.646920013427734375e+01,2.782793998718261719e+01,1.980088233947753906e+01,1.077050304412841797e+01,-9.480587005615234375e+00,-2.037774848937988281e+01,-2.755760574340820312e+01,-2.792603683471679688e+01,-2.761605453491210938e+01,-2.137475204467773438e+01,-1.945346832275390625e+01,-1.656961250305175781e+01,-1.255233955383300781e+01,-9.016250610351562500e+00,-1.079401588439941406e+01,-1.881557083129882812e+01,-2.216710281372070312e+01,-1.879307556152343750e+01,-1.103168106079101562e+01,-1.828630638122558594e+01,-2.108856582641601562e+01,-2.081025314331054688e+01,-1.645472717285156250e+01,-1.093165397644042969e+01,-9.543332099914550781e+00,-1.035885238647460938e+01,-1.607716178894042969e+01,-2.021665191650390625e+01,-1.888147735595703125e+01,-1.606364822387695312e+01,-1.916705131530761719e+01,-1.625306701660156250e+01,-1.581976890563964844e+01,-1.279757785797119141e+01,-5.278032779693603516e+00,-3.761577010154724121e-01,3.002905368804931641e+00,3.648308753967285156e+00,9.612897872924804688e+00,1.180683517456054688e+01,1.355595588684082031e+01,9.527878761291503906e+00,1.332537364959716797e+01,-5.492160320281982422e+00,-2.554602432250976562e+01,-2.854772949218750000e+01,-2.470564842224121094e+01,-2.111190795898437500e+01,-1.524106693267822266e+01,-1.089324951171875000e+01,-8.964918136596679688e+00,-8.688456535339355469e+00,-1.077744102478027344e+01,-8.071464538574218750e+00,-6.058268547058105469e-01,2.297349929809570312e+00,4.049976825714111328e+00,-3.592946052551269531e+00,-2.696323871612548828e+00,3.050864696502685547e+00,8.865530014038085938e+00,8.854129791259765625e+00,3.877367496490478516e+00,-2.240669727325439453e-02,-1.753938674926757812e+00,-4.181440830230712891e+00,-3.220352172851562500e+00,1.402130603790283203e+00,-5.987154960632324219e+00,9.532546997070312500e-01,1.529863929748535156e+01,1.930782318115234375e+01,2.926832008361816406e+01,3.480187225341796875e+01,3.360437011718750000e+01,2.940496444702148438e+01,2.087580490112304688e+01,1.986095046997070312e+01,1.564604759216308594e+01,7.228493690490722656e+00,-2.205587005615234375e+01,-2.524996566772460938e+01,-1.886950683593750000e+01,-1.605486297607421875e+01,-1.082044029235839844e+01,-3.248282909393310547e+00,-1.883316993713378906e+00,-5.054301261901855469e+00,-2.486207723617553711e+00,-4.325104355812072754e-01,-1.026129531860351562e+01,-1.617745018005371094e+01,-1.095211410522460938e+01,-3.415978193283081055e+00,-1.381448745727539062e+00,-1.215716648101806641e+01,-1.596740245819091797e+01,-1.707289123535156250e+01,-1.509646415710449219e+01,-8.573360443115234375e+00,-6.540259838104248047e+00,-3.198954582214355469e+00,7.717978477478027344e+00,1.038421249389648438e+01,1.238883972167968750e+01,1.364322280883789062e+01,-2.155023813247680664e+00,-1.808416748046875000e+01,-1.736726760864257812e+01,-1.057270622253417969e+01,2.244031906127929688e+00,1.457303285598754883e+00,-8.807193756103515625e+00,-5.121184349060058594e+00,-2.751611232757568359e+00,-1.304224491119384766e+01,-1.769919204711914062e+01,-1.841514015197753906e+01,-1.456861114501953125e+01,-1.163685226440429688e+01,-1.330893039703369141e+01,-9.542329788208007812e+00,-7.052043914794921875e+00,-1.086965942382812500e+01,-8.304327011108398438e+00,-1.233881282806396484e+01,-1.411114788055419922e+01,-9.472755432128906250e+00,-4.217010498046875000e+00,-3.902958154678344727e+00,-5.847198963165283203e+00,1.486760258674621582e+00,7.197996616363525391e+00,5.917261123657226562e+00,5.527887344360351562e+00,1.453717231750488281e+01,1.879786682128906250e+01,2.116932296752929688e+01,2.296509170532226562e+01,2.425997161865234375e+01,2.402855300903320312e+01,1.592286491394042969e+01,-5.272436738014221191e-01,-1.169149398803710938e+01,-2.009101486206054688e+01,-2.319048881530761719e+01,-3.012877655029296875e+01,-3.309610748291015625e+01,-2.882736968994140625e+01,-2.370035171508789062e+01,-1.630720329284667969e+01,-1.007414913177490234e+01,-1.086508369445800781e+01,-7.282383918762207031e+00,-4.578592777252197266e+00,5.855049133300781250e+00,8.939638137817382812e+00,8.126053810119628906e+00,1.091308784484863281e+01,1.255643939971923828e+01,1.579439926147460938e+01,1.540505790710449219e+01,1.527919292449951172e+01,1.792278480529785156e+01,1.750597572326660156e+01,1.615070343017578125e+01,1.790855407714843750e+01,1.712802886962890625e+01,1.483588409423828125e+01,1.271714591979980469e+01,1.150757503509521484e+01,1.799859237670898438e+01,1.436711502075195312e+01,1.245132255554199219e+01,1.731073570251464844e+01,1.840241622924804688e+01,2.127164077758789062e+01,1.446827411651611328e+01,1.552153587341308594e+01,1.610110282897949219e+01,1.328089523315429688e+01,1.517485237121582031e+01,1.824269866943359375e+01,1.361811256408691406e+01,-1.836997747421264648e+00,-6.267939567565917969e+00,-9.098611831665039062e+00,-7.154378890991210938e+00,-5.235702514648437500e+00,-1.446255111694335938e+01,-1.927628326416015625e+01,-1.151289939880371094e+01,-9.049058914184570312e+00,-4.468987464904785156e+00,-3.860865592956542969e+00,1.841309070587158203e-01,2.200460672378540039e+00,-2.348543405532836914e+00,-9.676561355590820312e+00,-1.037294960021972656e+01,-7.817070960998535156e+00,-6.368803024291992188e+00,-3.735808730125427246e-01,8.932559967041015625e+00,1.187392997741699219e+01,8.373026847839355469e+00,5.741411209106445312e+00,5.664111137390136719e+00,5.829465866088867188e+00,9.658374786376953125e+00,8.609245300292968750e+00,9.399654388427734375e+00,9.148254394531250000e+00,1.012378025054931641e+01,5.822487354278564453e+00,2.448945999145507812e+00,-8.252918243408203125e+00,-1.186890602111816406e+01,-9.458169937133789062e+00,-3.446630477905273438e+00,-7.382211089134216309e-01,-2.556935310363769531e+00,2.332594871520996094e+00,3.726967096328735352e+00,4.972097396850585938e+00,1.506843566894531250e+01,1.900933074951171875e+01,1.887940788269042969e+01,1.866291809082031250e+01,2.183221626281738281e+01,1.953596878051757812e+01,2.175366973876953125e+01,1.747266006469726562e+01,1.639736366271972656e+01,1.743147659301757812e+01,1.217457771301269531e+01,1.505441474914550781e+01,1.252684020996093750e+01,1.307431316375732422e+01,1.139232444763183594e+01,1.120645332336425781e+01,1.486781406402587891e+01,1.587921524047851562e+01,8.234400749206542969e+00,8.352750778198242188e+00,1.465419960021972656e+01,1.208338451385498047e+01,1.057914924621582031e+01,1.267562484741210938e+01,1.146628284454345703e+01,6.871923923492431641e+00,-1.825580120086669922e+00,-1.065803050994873047e+01,-1.713884735107421875e+01,-1.365085601806640625e+01,-1.228764533996582031e+01,-1.337342453002929688e+01,-5.102729320526123047e+00,1.306650400161743164e+00,-7.996765971183776855e-01,3.331255912780761719e+00,7.708435058593750000e+00,-2.603176832199096680e-01,-4.948905944824218750e+00,1.666088581085205078e+00,1.160491847991943359e+01,4.680865764617919922e+00,-4.204671859741210938e+00,-4.402491569519042969e+00,-3.302777767181396484e+00,-7.052044868469238281e+00,-6.250100135803222656e+00,-5.126557350158691406e+00,-5.576418876647949219e+00,-1.659796595573425293e+00,1.429244041442871094e+00,5.294891357421875000e+00,8.837964057922363281e+00,4.622741222381591797e+00,-1.505688905715942383e+00,-1.344226241111755371e+00,3.619606256484985352e+00,5.945785522460937500e+00,6.730645179748535156e+00,7.375242233276367188e+00,5.514769554138183594e+00,9.414264678955078125e+00,5.857252597808837891e+00,-3.007871627807617188e+00,-8.664622306823730469e+00,-3.921720504760742188e+00,6.011903762817382812e+00,3.387451648712158203e+00,3.230160951614379883e+00,5.091281890869140625e+00,5.110835075378417969e+00,6.360223293304443359e+00,1.678318405151367188e+01,3.014641189575195312e+01,3.192565155029296875e+01,2.873942565917968750e+01,3.356115722656250000e+01,3.198741912841796875e+01,2.494099426269531250e+01,1.981693077087402344e+01,9.996879577636718750e+00,7.266707420349121094e+00,5.716138839721679688e+00,-1.972733259201049805e+00,-9.014249801635742188e+00,-8.756066322326660156e+00,-3.529039382934570312e+00,1.251792907714843750e-02,1.269309997558593750e+01,2.130016326904296875e+01,3.465181350708007812e+01,3.542769622802734375e+01,3.252541351318359375e+01,2.883986282348632812e+01,2.567983627319335938e+01,2.318842315673828125e+01,1.577647399902343750e+01,1.096938323974609375e+01,1.073222351074218750e+01,9.245393753051757812e+00,1.632527709007263184e-01,-1.833788037300109863e+00,-4.803023815155029297e+00,-5.468778610229492188e+00,4.277573108673095703e+00,9.095672607421875000e+00,4.589307785034179688e+00,1.327933073043823242e+00,4.613146781921386719e+00,7.247007369995117188e+00,9.681573867797851562e+00,1.217346572875976562e+01,1.546435451507568359e+01,9.038848876953125000e+00,2.909684181213378906e-01,-5.254452705383300781e+00,-7.161686897277832031e+00,-1.264279174804687500e+01,-1.459724903106689453e+01,-1.408071231842041016e+01,-8.577107429504394531e+00,-4.331134319305419922e+00,-1.150922203063964844e+01,-1.012759399414062500e+01,-2.683363437652587891e+00,1.200624465942382812e+00,5.506256103515625000e+00,1.219746971130371094e+01,1.351156425476074219e+01,1.270004844665527344e+01,1.745363831520080566e+00,1.114826202392578125e-01,1.315321564674377441e+00,1.654990673065185547e+00,1.518165826797485352e+00,8.508880615234375000e+00,1.475975036621093750e+01,1.441201210021972656e+01,1.265223789215087891e+01,1.275355052947998047e+01,1.594885635375976562e+01,1.316734695434570312e+01,7.346176147460937500e+00,-5.936371803283691406e+00,-7.250635147094726562e+00,-3.298993110656738281e+00,-2.232237815856933594e+00,-1.305440664291381836e+00,-5.374521255493164062e+00,-9.497812271118164062e+00,-9.191321372985839844e+00,-7.176331520080566406e+00,-1.686949729919433594e+00,6.471065044403076172e+00,1.061611747741699219e+01,8.431009292602539062e+00,5.783089160919189453e+00,5.062221527099609375e+00,8.879346847534179688e+00,3.034605026245117188e+00,-1.483078002929687500e+01,-2.131893920898437500e+01,-2.338267135620117188e+01,-2.330458450317382812e+01,-1.789054107666015625e+01,-4.463178634643554688e+00,-5.285715103149414062e+00,-7.037494182586669922e-01,5.822037696838378906e+00,6.936255455017089844e+00,4.692191123962402344e+00,1.163429141044616699e+00,8.793370723724365234e-01,-1.094742655754089355e+00,3.791862487792968750e+00,6.959926128387451172e+00,9.153242111206054688e+00,2.108973264694213867e+00,-3.080952167510986328e+00,-2.176218032836914062e+00,2.477427005767822266e+00,1.216310501098632812e+00,-1.932478070259094238e+00,-2.288231134414672852e+00,-1.959732055664062500e+00,-2.102621793746948242e-01,1.061815619468688965e+00,1.940096020698547363e+00,5.605525493621826172e+00,9.029407501220703125e+00,1.125070953369140625e+01,1.262057113647460938e+01,1.260243892669677734e+01,9.146503448486328125e+00,4.372168540954589844e+00,8.305476188659667969e+00,9.859989166259765625e+00,1.174122905731201172e+01,1.465654563903808594e+01,1.317479515075683594e+01,1.190331649780273438e+01,1.246348857879638672e+01,1.036504554748535156e+01,1.433463573455810547e+01,1.477260398864746094e+01,1.080519866943359375e+01,1.075992107391357422e+01,9.589539527893066406e+00,8.513368606567382812e+00,1.231865787506103516e+01,1.154598140716552734e+01,1.357784461975097656e+01,1.640628242492675781e+01,1.006026744842529297e+01,8.757669448852539062e+00,1.257568931579589844e+01,1.030609893798828125e+01,9.573249816894531250e+00,8.302280426025390625e+00,9.539807319641113281e+00,1.382101249694824219e+01,1.721039581298828125e+01,1.590864658355712891e+01,1.044032478332519531e+01,1.312640762329101562e+01,1.583436393737792969e+01,1.300152969360351562e+01,1.574257278442382812e+01,1.346666145324707031e+01,-6.760655045509338379e-01,-9.227871894836425781e+00,-7.231766700744628906e+00,1.023361396789550781e+01,2.213227844238281250e+01,2.938482093811035156e+01,2.500452804565429688e+01,2.574982452392578125e+01,2.795550537109375000e+01,2.242055892944335938e+01,6.268398284912109375e+00,-1.273304843902587891e+01,-2.615973281860351562e+01,-2.287545394897460938e+01,-2.227653503417968750e+01,-1.923466110229492188e+01,-1.704187965393066406e+01,-1.662754058837890625e+01,-1.735923957824707031e+01,-1.683475494384765625e+01,-1.280231094360351562e+01,-6.068948745727539062e+00,4.900426045060157776e-02,2.527234554290771484e+00,4.480448722839355469e+00,-1.059072613716125488e+00,-6.760435104370117188e+00,-3.609177589416503906e+00,-3.579268217086791992e+00,-2.373509407043457031e+00,-3.114662885665893555e+00,5.440278053283691406e+00,2.037538337707519531e+01,3.081091308593750000e+01,2.875045967102050781e+01,2.705429077148437500e+01,2.827494239807128906e+01,1.825310897827148438e+01,4.659061908721923828e+00,-3.510344624519348145e-01,-3.436924934387207031e+00,-3.149262666702270508e-01,3.242823123931884766e+00,5.137564182281494141e+00,6.817434430122375488e-01,7.529901266098022461e-01,2.718478679656982422e+00,5.338413238525390625e+00,9.572751998901367188e+00,5.563754558563232422e+00,4.604078769683837891e+00,7.643255710601806641e+00,1.196763801574707031e+01,9.873498916625976562e+00,2.644758224487304688e+00,-3.233656406402587891e+00,-9.524988174438476562e+00,-1.117952346801757812e+01,-1.160470962524414062e+01,-5.105220794677734375e+00,4.042860031127929688e+00,5.938578605651855469e+00,5.934626579284667969e+00,1.110953426361083984e+01,1.517883491516113281e+01,1.936989974975585938e+01,1.768796920776367188e+01,1.558859825134277344e+01,1.405538368225097656e+01,1.407915973663330078e+01,1.523268508911132812e+01,1.821379089355468750e+01,2.116429519653320312e+01,1.424334907531738281e+01,1.014496612548828125e+01,1.145057773590087891e+01,1.214577102661132812e+01,9.881964683532714844e+00,1.254507255554199219e+01,1.162663269042968750e+01,9.966919898986816406e+00,1.138961410522460938e+01,1.209078788757324219e+01,7.383394718170166016e+00,8.958480834960937500e+00,1.424925041198730469e+01,1.531571197509765625e+01,1.549898338317871094e+01,1.284947967529296875e+01,3.659871578216552734e+00,5.625620841979980469e+00,2.763341665267944336e-01,-3.449642419815063477e+00,-4.714694499969482422e+00,3.368628025054931641e+00,6.799817085266113281e+00,2.606614589691162109e+00,1.327949762344360352e+00,-1.942766427993774414e+00,3.968347072601318359e+00,1.536273860931396484e+01,1.980388259887695312e+01,2.037877273559570312e+01,2.447229766845703125e+01,2.340756797790527344e+01,2.040834426879882812e+01,1.608663368225097656e+01,1.149983310699462891e+01,3.116371154785156250e+00,-7.673072814941406250e+00,-1.396356201171875000e+01,-1.473951053619384766e+01,-1.030922508239746094e+01,-8.458193778991699219e+00,-1.007625484466552734e+01,-3.807719945907592773e+00,-1.124742150306701660e+00,6.255862712860107422e+00,1.076443672180175781e+01,2.258006811141967773e+00,3.493441581726074219e+00,1.978277206420898438e+01,2.981985855102539062e+01,3.355125045776367188e+01,2.705488204956054688e+01,2.353038597106933594e+01,2.278988265991210938e+01,1.582362842559814453e+01,1.665432739257812500e+01,1.576095390319824219e+01,1.031348991394042969e+01,-6.451842784881591797e+00,-6.790846824645996094e+00,-6.103269100189208984e+00,-1.292335605621337891e+01,-1.893900680541992188e+01,-1.658248901367187500e+01,-1.792633438110351562e+01,-1.808585357666015625e+01,-6.739928722381591797e+00,1.325016021728515625e+01,2.114921951293945312e+01,1.925562286376953125e+01,2.586039543151855469e+01,3.251707077026367188e+01,3.645852661132812500e+01,3.228902816772460938e+01,2.439966583251953125e+01,9.394805908203125000e+00,6.392070770263671875e+00,9.971246719360351562e+00,1.206048965454101562e+01,8.695777893066406250e+00,9.714441299438476562e+00,1.544545841217041016e+01,1.581639480590820312e+01,1.227752208709716797e+01,1.402450942993164062e+01,1.602342987060546875e+01,1.525255393981933594e+01,1.174642562866210938e+01,1.226108741760253906e+01,1.594150352478027344e+01,1.525128650665283203e+01,1.500845718383789062e+01,1.240367317199707031e+01,1.032771682739257812e+01,1.370187377929687500e+01,1.399386787414550781e+01,1.479515075683593750e+01,1.718114662170410156e+01,1.467263603210449219e+01,1.066722869873046875e+01,1.080800628662109375e+01,1.550040626525878906e+01,2.065188217163085938e+01,3.002074623107910156e+01,3.671944046020507812e+01,3.328150177001953125e+01,2.620840072631835938e+01,1.767133140563964844e+01,1.322949600219726562e+01,9.826148986816406250e+00,7.613542556762695312e+00,9.136068344116210938e+00,3.125894784927368164e+00,-5.919635295867919922e+00,-1.199617958068847656e+01,-9.859387397766113281e+00,-6.143615722656250000e+00,3.732613086700439453e+00,7.653435707092285156e+00,1.078708839416503906e+01,1.921632194519042969e+01,1.650638389587402344e+01,-3.535109519958496094e+00,-1.266351890563964844e+01,-1.358900642395019531e+01,-1.210502815246582031e+01,-5.777408599853515625e+00,1.308035254478454590e+00,1.413044691085815430e+00,-1.937452554702758789e+00,9.244918823242187500e+00,1.560700178146362305e+00,-1.462594127655029297e+01,-1.809506797790527344e+01,-1.076185989379882812e+01,-5.620454311370849609e+00,8.119605779647827148e-01,3.824008703231811523e-01,-7.393774509429931641e+00,-3.496750071644783020e-02,1.901066207885742188e+01,2.281065940856933594e+01,2.707748794555664062e+01,2.343099975585937500e+01,3.010462570190429688e+01,3.404047393798828125e+01,2.973434257507324219e+01,3.434291076660156250e+01,2.880558013916015625e+01,-2.604056835174560547e+00,-7.117817878723144531e+00,-7.739957809448242188e+00,-5.572400093078613281e+00,-7.213212966918945312e+00,-7.146246433258056641e+00,-8.566941261291503906e+00,-6.679046154022216797e+00,-1.954589366912841797e+00,-1.508599877357482910e+00,5.799286842346191406e+00,1.732743072509765625e+01,2.314184951782226562e+01,2.892329025268554688e+01,2.902031707763671875e+01,2.723980712890625000e+01,2.373421859741210938e+01,1.734932136535644531e+01,2.321954727172851562e+01,2.989474678039550781e+01,3.085801315307617188e+01,3.276902008056640625e+01,3.902657699584960938e+01,4.747523117065429688e+01,4.227418518066406250e+01,3.843250274658203125e+01,3.732924270629882812e+01,3.047706222534179688e+01,5.640996932983398438e+00,-6.074120521545410156e+00,-7.450318336486816406e+00,-3.279887437820434570e+00,9.546512365341186523e-01,-2.859620094299316406e+00,-6.153887271881103516e+00,-2.982974529266357422e+00,2.492095708847045898e+00,1.875872373580932617e+00,-1.510058403015136719e+00,3.103187322616577148e+00,7.388435363769531250e+00,8.819223403930664062e+00,1.194209480285644531e+01,8.907903671264648438e+00,8.372600555419921875e+00,5.790434837341308594e+00,-3.363040089607238770e-01,-7.490918159484863281e+00,-1.243113136291503906e+01,-8.585001945495605469e+00,-6.146895408630371094e+00,-8.093935966491699219e+00,-3.665395259857177734e+00,-8.076775550842285156e+00,-1.559077167510986328e+01,-9.729108810424804688e+00,-1.694795608520507812e+00,-3.789853334426879883e+00,-3.297221183776855469e+00,3.706800341606140137e-01,-3.719638586044311523e+00,-2.232948064804077148e+00,-6.725416183471679688e-01,1.703750610351562500e+00,5.546648502349853516e+00,-1.081354331970214844e+01,-1.958461761474609375e+01,-1.420234680175781250e+01,-1.373569297790527344e+01,-1.431962680816650391e+01,-1.668812942504882812e+01,-2.057437515258789062e+01,-2.120443725585937500e+01,-2.582222366333007812e+01,-2.600930023193359375e+01,-2.322110176086425781e+01,-2.031884956359863281e+01,-1.463605976104736328e+01,-6.391052246093750000e+00,-6.374689340591430664e-01,8.394826889038085938e+00,1.191763114929199219e+01,7.577145099639892578e+00,1.185038089752197266e+01,1.290590858459472656e+01,1.584547805786132812e+01,1.525255966186523438e+01,1.162507820129394531e+01,1.113349723815917969e+01,8.862239837646484375e+00,7.738500595092773438e+00,1.114737224578857422e+01,1.069818401336669922e+01,9.154033660888671875e+00,1.043689346313476562e+01,1.310782241821289062e+01,1.073450469970703125e+01,8.683590888977050781e+00,1.018869209289550781e+01,1.206601619720458984e+01,8.430629730224609375e+00,1.010931396484375000e+01,1.443147277832031250e+01,1.552703285217285156e+01,1.753715133666992188e+01,1.931176757812500000e+01,1.580374622344970703e+01,1.593370437622070312e+01,1.888751602172851562e+01,2.235643005371093750e+01,1.662259292602539062e+01,1.267380332946777344e+01,1.525881767272949219e+01,1.730967521667480469e+01,1.566221427917480469e+01,9.704319000244140625e+00,1.432134056091308594e+01,1.702893066406250000e+01,1.462885665893554688e+01,-6.545928001403808594e+00,-2.746180343627929688e+01,-2.478921127319335938e+01,-1.613492393493652344e+01,-1.700693893432617188e+01,-1.556292533874511719e+01,-9.874307632446289062e+00,-7.736575603485107422e+00,-1.803715467453002930e+00,-3.229778409004211426e-01,-8.941727876663208008e-01,-2.903134346008300781e+00,-8.456068038940429688e+00,-7.634087562561035156e+00,-6.252340316772460938e+00,-3.081637620925903320e+00,1.701770305633544922e+00,3.373759269714355469e+00,4.357037067413330078e+00,-4.837663650512695312e+00,-1.127921104431152344e+01,-1.079452419281005859e+01,-8.211900711059570312e+00,-3.217148780822753906e+00,3.423343896865844727e-01,3.097615003585815430e+00,7.015800952911376953e+00,1.641003417968750000e+01,2.615700912475585938e+01,2.956179809570312500e+01,3.103161621093750000e+01,3.497323608398437500e+01,3.642015075683593750e+01,3.365320587158203125e+01,3.690048980712890625e+01,2.493740844726562500e+01,-1.090307521820068359e+01,-1.146284198760986328e+01,-1.128145694732666016e+00,3.525439500808715820e-01,2.400698661804199219e+00,1.577237010002136230e+00,1.266666650772094727e-01,1.853197574615478516e+00,1.970482254028320312e+01,2.710852050781250000e+01,2.912883377075195312e+01,2.918173599243164062e+01,2.441015625000000000e+01,1.464774513244628906e+01,1.559738349914550781e+01,-4.968393325805664062e+00,-1.700226974487304688e+01,-1.299361610412597656e+01,-1.090453433990478516e+01,-1.339701652526855469e+01,-1.675349044799804688e+01,-1.376881217956542969e+01,-7.095865249633789062e+00,4.079637050628662109e+00,-8.191390991210937500e+00,-2.268702507019042969e+01,-3.218650054931640625e+01,-3.247087860107421875e+01,-2.877783584594726562e+01,-2.329053115844726562e+01,-1.603453826904296875e+01,-1.310027694702148438e+01,-1.318638229370117188e+01,-1.062242412567138672e+01,-1.034517097473144531e+01,-8.192280769348144531e+00,-5.443316459655761719e+00,8.811657428741455078e-01,-2.873306274414062500e+00,-9.552980422973632812e+00,-1.220399856567382812e+01,-7.976572990417480469e+00,3.208767771720886230e-01,1.601115036010742188e+01,3.167975616455078125e+01,3.335454940795898438e+01,3.576883316040039062e+01,3.682617187500000000e+01,3.192435836791992188e+01,7.178106307983398438e+00,-5.811682701110839844e+00,-7.822804450988769531e+00,-7.052709579467773438e+00,-9.884800910949707031e+00,-1.043060874938964844e+01,-6.765907287597656250e+00,1.445405006408691406e+00,-1.315988540649414062e+00,-1.064116668701171875e+01,-1.338832855224609375e+01,-1.532653045654296875e+01,-1.818138885498046875e+01,-1.340081596374511719e+01,-7.988025665283203125e+00,-2.057197952270507812e+01,-2.675024414062500000e+01,-2.502692794799804688e+01,-2.896102523803710938e+01,-2.279932022094726562e+01,-7.233816623687744141e+00,-3.770328283309936523e+00,1.629984498023986816e+00,5.670866966247558594e+00,-1.204963874816894531e+01,-1.524782752990722656e+01,-8.242971420288085938e+00,-7.260884046554565430e-01,6.763423919677734375e+00,1.088512039184570312e+01,1.203927993774414062e+01,1.871694755554199219e+01,2.205488586425781250e+01,2.453830909729003906e+01,2.203010940551757812e+01,1.971774101257324219e+01,1.164139175415039062e+01,1.098543262481689453e+01,1.476978302001953125e+01,1.389270019531250000e+01,4.094114303588867188e+00,-7.633463859558105469e+00,-7.764820098876953125e+00,1.657087087631225586e+00,1.903224468231201172e+00,-1.395835304260253906e+01,-1.786154556274414062e+01,-1.557354545593261719e+01,-1.893317604064941406e+01,-2.154295730590820312e+01,-2.080646133422851562e+01,-1.791402053833007812e+01,-1.744478416442871094e+01,-1.971517181396484375e+01,-2.275255012512207031e+01,-2.108474731445312500e+01,-1.815380287170410156e+01,-9.945411682128906250e+00,2.264853239059448242e+00,9.921011924743652344e+00,6.768791198730468750e+00,4.712362289428710938e+00,8.916370391845703125e+00,9.223920822143554688e+00,1.014195251464843750e+01,6.159914016723632812e+00,3.452571392059326172e+00,3.864027023315429688e+00,-2.654024124145507812e+00,-2.979462623596191406e+00,-3.856912136077880859e+00,-3.923710107803344727e+00,-1.991113662719726562e+00,-1.725519418716430664e+00,5.185296058654785156e+00,1.081577396392822266e+01,5.331275939941406250e+00,-1.517598867416381836e+00,-1.280624866485595703e-01,2.065622329711914062e+00,1.942749261856079102e+00,9.271633148193359375e+00,1.478542995452880859e+01,3.844769239425659180e+00,-4.727936744689941406e+00,-2.013410568237304688e+00,2.304416656494140625e+00,4.901546478271484375e+00,1.070277690887451172e+01,1.200813055038452148e-01,-1.134232711791992188e+01,-1.309387588500976562e+01,-6.021915435791015625e+00,2.529538869857788086e+00,9.180814743041992188e+00,1.435232353210449219e+01,1.315881919860839844e+01,1.073298645019531250e+01,5.383511543273925781e+00,2.898761987686157227e+00,4.314468383789062500e+00,8.157013893127441406e+00,3.832766056060791016e+00,4.421658515930175781e+00,7.200658798217773438e+00,1.741629004478454590e+00,4.134493827819824219e+00,1.117402648925781250e+01,1.253030109405517578e+01,8.966035842895507812e+00,1.158544063568115234e+01,1.164697647094726562e+01,1.271152496337890625e+01,1.456020545959472656e+01,1.304755210876464844e+01,1.757827186584472656e+01,2.427206611633300781e+01,1.810323715209960938e+01,1.306333827972412109e+01,1.392542457580566406e+01,1.775475883483886719e+01,1.767829132080078125e+01,1.918505477905273438e+01,1.676909637451171875e+01,1.601423835754394531e+01,1.083300304412841797e+01,9.752986907958984375e+00,1.318966770172119141e+01,1.479090690612792969e+01,1.519073677062988281e+01,1.427030563354492188e+01,3.319688081741333008e+00,-7.436997413635253906e+00,-3.619952678680419922e+00,-2.127186298370361328e+00,-7.814342498779296875e+00,-1.334199619293212891e+01,-1.197859001159667969e+01,-8.598613739013671875e+00,-8.122591972351074219e+00,-3.654929637908935547e+00,-2.658137679100036621e-01,-7.502645015716552734e+00,-1.447453975677490234e+01,-1.275441169738769531e+01,-1.320943641662597656e+01,-1.526950073242187500e+01,-1.915166473388671875e+01,-1.438218212127685547e+01,-1.088504695892333984e+01,-9.911566972732543945e-01,5.258768081665039062e+00,4.632459163665771484e+00,7.511072158813476562e+00,7.060120582580566406e+00,7.769203186035156250e+00,1.221292495727539062e+01,1.270062446594238281e+01,7.188129901885986328e+00,7.811512470245361328e+00,5.927316665649414062e+00,6.985737800598144531e+00,9.630546569824218750e+00,1.110545444488525391e+01,1.305392837524414062e+01,1.164781665802001953e+01,1.317310333251953125e+01,1.582131004333496094e+01,1.640538787841796875e+01,1.023790264129638672e+01,1.188981628417968750e+01,1.053477668762207031e+01,1.047126388549804688e+01,1.158051300048828125e+01,1.066097831726074219e+01,1.119945907592773438e+01,1.253520679473876953e+01,1.681355285644531250e+01,1.628878402709960938e+01,1.503562545776367188e+01,1.392547798156738281e+01,9.830371856689453125e+00,9.373334884643554688e+00,1.191836357116699219e+01,1.660778045654296875e+01,2.130687332153320312e+01,1.613189697265625000e+01,1.021389389038085938e+01,6.847825050354003906e+00,1.326118946075439453e+01,1.339998531341552734e+01,7.763881206512451172e+00,6.630943775177001953e+00,5.998817443847656250e+00,7.683057785034179688e+00,8.265129089355468750e+00,8.273221969604492188e+00,8.430810928344726562e+00,9.556243896484375000e+00,9.446123123168945312e+00,1.361063671112060547e+01,1.698229408264160156e+01,1.196454429626464844e+01,1.025583648681640625e+01,1.050447845458984375e+01,9.342739105224609375e+00,4.817449569702148438e+00,1.307378959655761719e+01,1.475847244262695312e+01,1.189546585083007812e+01,1.216138076782226562e+01,1.264787483215332031e+01,1.254168510437011719e+01,1.913826370239257812e+01,1.557201766967773438e+01,2.267644405364990234e+00,-1.331150341033935547e+01,-8.579580307006835938e+00,1.258086264133453369e-01,5.644944190979003906e+00,1.170538330078125000e+01,1.355084228515625000e+01,1.340306091308593750e+01,1.613383674621582031e+01,4.885630607604980469e+00,-5.204354286193847656e+00,1.312318563461303711e+00,5.663576126098632812e+00,-2.250281810760498047e+00,-4.041871070861816406e+00,2.572653770446777344e+00,6.672886013984680176e-01,-3.531845569610595703e+00,2.524898648262023926e-01,4.040356159210205078e+00,4.810665130615234375e+00,-8.289861679077148438e+00,-1.729471778869628906e+01,-1.971281814575195312e+01,-1.277326774597167969e+01,-6.033391475677490234e+00,-4.934182167053222656e+00,-6.863360404968261719e+00,-3.432986974716186523e+00,-4.459125041961669922e+00,-1.192120838165283203e+01,-1.101839160919189453e+01,6.430619955062866211e-02,4.655573844909667969e+00,2.613171815872192383e+00,-4.972092628479003906e+00,-8.127121925354003906e+00,-6.668961524963378906e+00,-1.267857170104980469e+01,-1.725012969970703125e+01,-2.342792892456054688e+01,-2.883647918701171875e+01,-3.059172439575195312e+01,-3.176518630981445312e+01,-2.376652145385742188e+01,-1.690411376953125000e+01,-9.310672760009765625e+00,-7.798203468322753906e+00,-2.922504901885986328e+00,5.903828144073486328e-01,7.356642723083496094e+00,1.015686702728271484e+01,8.434413909912109375e+00,6.052862644195556641e+00,4.505194664001464844e+00,2.822844743728637695e+00,-1.822059869766235352e+00,1.699731945991516113e+00,7.811778783798217773e-01,-4.103495597839355469e+00,-1.605425477027893066e-01,1.025491905212402344e+01,1.078763484954833984e+01,1.447618103027343750e+01,1.216782760620117188e+01,-6.188325881958007812e-01,-1.364275336265563965e+00,-1.891062378883361816e+00,1.346700072288513184e+00,5.863263130187988281e+00,-2.298516750335693359e+00,-8.776948928833007812e+00,-9.733068466186523438e+00,-8.611912727355957031e+00,-2.430076122283935547e+00,-1.519264459609985352e+00,-1.163195037841796875e+01,-1.051748752593994141e+01,-7.042410373687744141e+00,-4.567567825317382812e+00,-1.236450958251953125e+01,-1.453961753845214844e+01,-1.259467697143554688e+01,-1.063025283813476562e+01,-6.430811882019042969e+00,-1.403516411781311035e+00,-9.078934192657470703e-01,-2.687185049057006836e+00,-6.210307598114013672e+00,-1.392214393615722656e+01,-1.860932159423828125e+01,-1.518956184387207031e+01,-1.329453659057617188e+01,-6.543002128601074219e+00,-6.406652450561523438e+00,-2.607903480529785156e+00,1.853020429611206055e+00,5.051755428314208984e+00,5.473073959350585938e+00,4.551837921142578125e+00,6.660382747650146484e+00,3.985061168670654297e+00,4.065702438354492188e+00,1.029161548614501953e+01,8.200691223144531250e+00,9.836838722229003906e+00,1.186972427368164062e+01,9.208339691162109375e+00,9.881067276000976562e+00,6.824609756469726562e+00,7.735746860504150391e+00,1.140884780883789062e+01,1.376326370239257812e+01,1.021946620941162109e+01,1.073568820953369141e+01,1.234455299377441406e+01,1.478966903686523438e+01,1.259720611572265625e+01,1.082381534576416016e+01,1.406257247924804688e+01,1.329940223693847656e+01,1.228888320922851562e+01,1.410955429077148438e+01,1.528121376037597656e+01,1.279482555389404297e+01,1.209319019317626953e+01,1.367129707336425781e+01,1.697531890869140625e+01,1.750887680053710938e+01,1.812812995910644531e+01,1.704077148437500000e+01,1.425825119018554688e+01,7.845902442932128906e+00,4.809601306915283203e+00,3.407984733581542969e+00,6.495161056518554688e+00,1.317141342163085938e+01,1.372908210754394531e+01,1.122803592681884766e+01,1.410304450988769531e+01,-2.433231353759765625e+01,-3.460459899902343750e+01,-3.416016006469726562e+01,-2.878222274780273438e+01,-2.444048118591308594e+01,-2.511292648315429688e+01,-1.621039581298828125e+01,-1.072364807128906250e+01,-1.697927856445312500e+01,-2.599710273742675781e+01,-2.293482589721679688e+01,-9.665497779846191406e+00,-3.148590087890625000e+00,1.534370660781860352e+00,6.261217117309570312e+00,9.806645393371582031e+00,9.391231536865234375e+00,8.951625823974609375e+00,2.487912750244140625e+01,3.537557983398437500e+01,3.537319183349609375e+01,4.063243865966796875e+01,3.690679931640625000e+01,3.289101409912109375e+01,2.573535919189453125e+01,1.422892665863037109e+01,2.599460840225219727e+00,-1.175735592842102051e-01,5.782217025756835938e+00,1.084153366088867188e+01,1.076448631286621094e+01,1.875848007202148438e+01,2.168546295166015625e+01,2.380414581298828125e+01,2.088679122924804688e+01,1.449394226074218750e+01,8.548414230346679688e+00,1.232135009765625000e+01,9.169292449951171875e+00,3.225533962249755859e+00,3.362446308135986328e+00,5.225679397583007812e+00,7.054594755172729492e-01,2.010760545730590820e+00,4.436279296875000000e+00,9.768027305603027344e+00,-6.051984310150146484e+00,-1.503940391540527344e+01,-2.124076461791992188e+01,-2.479249191284179688e+01,-2.101585960388183594e+01,-1.529173088073730469e+01,-1.606800842285156250e+01,-2.103165054321289062e+01,-1.739589691162109375e+01,-1.895990753173828125e+01,-1.487797737121582031e+01,-6.309569358825683594e+00,-8.013458251953125000e+00,-1.143085289001464844e+01,-1.495061683654785156e+01,-1.215066146850585938e+01,-3.039933204650878906e+00,-3.326941728591918945e+00,-8.254685401916503906e+00,-1.043460750579833984e+01,-1.354568481445312500e+01,-1.075793838500976562e+01,-5.658781051635742188e+00,-1.967545270919799805e+00,-4.409645557403564453e+00,-1.197784423828125000e+01,-1.319144248962402344e+01,-8.043735504150390625e+00,-3.347259283065795898e+00,-2.926853179931640625e+00,-4.780766963958740234e+00,-1.017539381980895996e+00,5.364978790283203125e+00,1.033338356018066406e+01,1.172280311584472656e+01,1.578441619873046875e+01,1.500844383239746094e+01,1.767596435546875000e+01,1.925580596923828125e+01,6.826161384582519531e+00,-1.535931205749511719e+01,-2.462777137756347656e+01,-1.716629600524902344e+01,-4.177077412605285645e-01,6.757718086242675781e+00,4.844352722167968750e+00,7.921376705169677734e+00,5.294500350952148438e+00,3.791358470916748047e+00,-6.045210838317871094e+00,-1.024312782287597656e+01,-6.065183639526367188e+00,6.537317633628845215e-01,2.851661443710327148e+00,1.517810940742492676e+00,4.299842834472656250e+00,5.384768962860107422e+00,2.877109050750732422e+00,9.966386854648590088e-02,1.749629259109497070e+00,6.414403915405273438e+00,1.359065246582031250e+01,1.531838417053222656e+01,1.654357910156250000e+01,1.788950157165527344e+01,1.526014232635498047e+01,1.615690231323242188e+01,1.470618057250976562e+01,1.619580841064453125e+01,1.103616142272949219e+01,4.774000167846679688e+00,2.713647603988647461e+00,-1.001029491424560547e+00,-6.881350874900817871e-01,6.354583740234375000e+00,1.335413360595703125e+01,7.424221992492675781e+00,4.238368511199951172e+00,7.097734928131103516e+00,6.330155372619628906e+00,4.185674667358398438e+00,1.441844940185546875e+01,1.472805976867675781e+01,1.146148872375488281e+01,1.721486282348632812e+01,1.647024154663085938e+01,1.654460906982421875e+01,1.390357780456542969e+01,1.120300960540771484e+01,7.905927181243896484e+00,1.113098144531250000e+01,1.241536331176757812e+01,8.715241432189941406e+00,1.084774017333984375e+01,1.323017692565917969e+01,1.501519107818603516e+01,1.335417366027832031e+01,1.214656925201416016e+01,1.360929393768310547e+01,1.317530632019042969e+01,9.501403808593750000e+00,9.579218864440917969e+00,1.186738109588623047e+01,1.154908943176269531e+01,8.826915025711059570e-01,-6.587576866149902344e+00,-1.734202861785888672e+00,6.011183261871337891e+00,2.869991064071655273e+00,-6.593987464904785156e+00,-6.413240432739257812e+00,-8.937691688537597656e+00,-1.124981689453125000e+01,-1.428059291839599609e+01,-1.327401161193847656e+01,-1.500964355468750000e+01,-1.210437488555908203e+01,-8.890335083007812500e+00,-5.393984794616699219e+00,-8.653177261352539062e+00,-9.136177062988281250e+00,2.091935634613037109e+00,1.661345672607421875e+01,2.181208419799804688e+01,2.362729263305664062e+01,2.293893432617187500e+01,2.831581497192382812e+01,3.359510040283203125e+01,3.118343734741210938e+01,3.458299255371093750e+01,3.054749107360839844e+01,1.740334701538085938e+01,2.156072378158569336e+00,3.616939544677734375e+00,6.889400482177734375e+00,1.114803314208984375e+01,9.043997764587402344e+00,8.305525779724121094e+00,7.759580135345458984e+00,6.282860755920410156e+00,5.342335700988769531e+00,8.599706888198852539e-01,1.381620645523071289e+00,2.770966291427612305e+00,3.254923820495605469e+00,2.079037666320800781e+00,-6.889772415161132812e+00,-1.274946594238281250e+01,-1.594845581054687500e+01,-1.032314777374267578e+01,-6.144795417785644531e+00,1.347332954406738281e+00,5.767752647399902344e+00,5.397928237915039062e+00,3.337285041809082031e+00,-1.158070564270019531e-02,-7.316848278045654297e+00,-1.572684645652770996e+00,8.620374679565429688e+00,7.334867477416992188e+00,3.737395286560058594e+00,8.263501167297363281e+00,8.992673873901367188e+00,1.455154657363891602e+00,-5.816303730010986328e+00,-7.783612251281738281e+00,-1.368544197082519531e+01,-1.436981582641601562e+01,-1.120851993560791016e+01,-8.174532890319824219e+00,-1.032194995880126953e+01,-1.210727882385253906e+01,-1.332687950134277344e+01,-9.386112213134765625e+00,-1.156465530395507812e+01,-1.917439270019531250e+01,-1.792075729370117188e+01,-1.799036598205566406e+01,-1.097809600830078125e+01,-8.699398040771484375e+00,-4.217756271362304688e+00,-1.094017744064331055e+00,-2.295930147171020508e+00,-4.042226791381835938e+00,-5.449808120727539062e+00,-4.740241050720214844e+00,-9.250955581665039062e+00,-1.403804302215576172e+01,-1.629963302612304688e+01,-1.325888252258300781e+01,3.931365251541137695e+00,1.470130443572998047e+01,2.145393371582031250e+01,2.771072387695312500e+01,2.886455726623535156e+01,2.654422378540039062e+01,2.404766464233398438e+01,2.237844657897949219e+01,1.691129875183105469e+01,1.288158416748046875e+01,1.282607078552246094e+01,1.645566177368164062e+01,1.549418449401855469e+01,1.281517410278320312e+01,1.495046043395996094e+01,1.969661712646484375e+01,1.747067451477050781e+01,1.029381656646728516e+01,1.212793922424316406e+01,1.163456535339355469e+01,1.326746749877929688e+01,1.753178024291992188e+01,1.510760211944580078e+01,6.429727554321289062e+00,1.005485343933105469e+01,1.168096256256103516e+01,1.682534790039062500e+01,2.143107032775878906e+01,1.785582351684570312e+01,1.794401168823242188e+01,1.453063392639160156e+01,-8.886522293090820312e+00,-1.623498153686523438e+01,-6.874650955200195312e+00,-2.509401798248291016e+00,-6.884744644165039062e+00,2.572694778442382812e+00,1.694056892395019531e+01,2.234536552429199219e+01,2.499924850463867188e+01,2.508516311645507812e+01,3.104213142395019531e+01,2.993958663940429688e+01,2.586129760742187500e+01,3.960569858551025391e+00,5.167194366455078125e+00,4.914550304412841797e+00,2.303701639175415039e+00,3.070588827133178711e+00,2.288947105407714844e+00,-6.068844795227050781e-01,-3.782124280929565430e+00,-3.734739780426025391e+00,-1.554514884948730469e+00,-1.083024144172668457e+00,-6.637924909591674805e-01,1.470323503017425537e-01,8.578763008117675781e+00,1.448586750030517578e+01,1.668357849121093750e+01,1.232852458953857422e+01,1.450123214721679688e+01,1.939667320251464844e+01,1.388237380981445312e+01,7.449091434478759766e+00,3.313716411590576172e+00,1.396172904968261719e+01,1.920269775390625000e+01,2.091395187377929688e+01,2.161944961547851562e+01,2.081205368041992188e+01,1.202358818054199219e+01,8.351277112960815430e-01,-5.520060539245605469e+00,-1.134515476226806641e+01,-1.400608444213867188e+01,-1.360328102111816406e+01,-7.756593704223632812e+00,-3.596935272216796875e+00,8.271684050559997559e-01,5.726668357849121094e+00,5.161332130432128906e+00,2.012598752975463867e+00,-1.824574112892150879e+00,-5.025175571441650391e+00,-7.742723226547241211e-01,-3.641301631927490234e+00,-8.143457412719726562e+00,-9.546892166137695312e+00,-9.237613677978515625e+00,-9.127197265625000000e+00,-1.030382728576660156e+01,-1.027827358245849609e+01,-1.334629821777343750e+01,-1.553764915466308594e+01,-8.961886405944824219e+00,-3.886760711669921875e+00,7.061841964721679688e+00,1.210705947875976562e+01,9.581295967102050781e+00,1.235097217559814453e+01,1.445540428161621094e+01,1.090639877319335938e+01,9.880499839782714844e+00,9.116476058959960938e+00,1.248903083801269531e+01,1.240221214294433594e+01,7.430095195770263672e+00,-8.838082849979400635e-02,1.351638555526733398e+00,4.196913719177246094e+00,4.879664421081542969e+00,7.531163692474365234e-01,4.097740650177001953e+00,9.667079925537109375e+00,1.224221134185791016e+01,1.289438343048095703e+01,1.676504516601562500e+01,1.729013824462890625e+01,1.759847640991210938e+01,1.970844268798828125e+01,1.845301055908203125e+01,1.426189041137695312e+01,1.150348281860351562e+01,1.399508476257324219e+01,2.604131698608398438e+01,2.587303543090820312e+01,2.019096946716308594e+01,2.183454132080078125e+01,2.075769424438476562e+01,1.540943717956542969e+01,7.604786872863769531e+00,8.516059875488281250e+00,1.793824386596679688e+01,1.997811126708984375e+01,1.849499130249023438e+01,1.724547195434570312e+01,1.466672992706298828e+01,1.461070251464843750e+01,1.179327201843261719e+01,1.008378219604492188e+01,1.416296768188476562e+01,1.997748374938964844e+01,1.711723136901855469e+01,1.121965026855468750e+01,1.038787078857421875e+01,1.653115653991699219e+01,2.018073272705078125e+01,1.966996192932128906e+01,2.233704757690429688e+01,1.534402656555175781e+01,1.592996025085449219e+01,2.037940597534179688e+01,1.762270927429199219e+01,1.608060264587402344e+01,1.307568168640136719e+01,1.833286285400390625e+01,1.688414764404296875e+01,1.181005477905273438e+01,5.435750961303710938e+00,1.412395358085632324e+00,5.811482906341552734e+00,1.188840103149414062e+01,7.881956100463867188e+00,7.426155090332031250e+00,1.101159477233886719e+01,8.049453735351562500e+00,9.322800636291503906e+00,8.178693771362304688e+00,1.057981872558593750e+01,1.190858840942382812e+01,1.681413650512695312e+01,1.837907218933105469e+01,1.275357627868652344e+01,1.741800689697265625e+01,2.193214416503906250e+01,2.323207283020019531e+01,1.194513702392578125e+01,6.989044189453125000e+00,1.281110572814941406e+01,1.227726840972900391e+01,1.091966247558593750e+01,9.413160324096679688e+00,9.645324707031250000e+00,1.235747528076171875e+01,1.393700599670410156e+01,1.524642562866210938e+01,1.393392562866210938e+01,1.046437931060791016e+01,1.443563652038574219e+01,1.442378234863281250e+01,8.532268524169921875e+00,5.466578006744384766e-01,2.353726863861083984e+00,3.736599922180175781e+00,4.315886974334716797e+00,1.259104251861572266e+00,4.115775585174560547e+00,4.582391738891601562e+00,1.627727508544921875e+00,5.011753082275390625e+00,5.047643661499023438e+00,3.226124286651611328e+00,3.212198257446289062e+00,5.007523536682128906e+00,8.248521804809570312e+00,6.736177444458007812e+00,8.488942146301269531e+00,7.386447429656982422e+00,9.415750503540039062e+00,8.411355972290039062e+00,6.964656829833984375e+00,4.660814762115478516e+00,3.111058950424194336e+00,3.516317367553710938e+00,2.312999963760375977e+00,-1.265411376953125000e+01,-2.080456733703613281e+01,-1.298195075988769531e+01,-6.629522323608398438e+00,-5.487740516662597656e+00,5.969585418701171875e+00,1.730917739868164062e+01,2.305682945251464844e+01,2.769159698486328125e+01,3.257170104980468750e+01,2.890713882446289062e+01,2.931563568115234375e+01,2.405786323547363281e+01,1.311949253082275391e+01,4.077322483062744141e+00,-4.116715431213378906e+00,-1.049063873291015625e+01,-1.385444259643554688e+01,-1.783687019348144531e+01,-1.834707641601562500e+01,-1.439231872558593750e+01,-8.780061721801757812e+00,-5.350275516510009766e+00,-2.247449159622192383e+00,3.688390254974365234e+00,9.315666198730468750e+00,8.224178314208984375e+00,2.880269527435302734e+00,6.627658843994140625e+00,2.708159446716308594e+00,-3.740662813186645508e+00,-8.848834991455078125e+00,-4.065671920776367188e+00,1.483879089355468750e+00,9.809144139289855957e-01,2.854709863662719727e+00,7.046772241592407227e-01,-5.127433776855468750e+00,-9.165306091308593750e+00,-1.331360530853271484e+01,-7.191174983978271484e+00,-1.629740118980407715e+00,-6.526943206787109375e+00,-9.148787498474121094e+00,1.139286518096923828e+00,1.078920173645019531e+01,1.369312286376953125e+01,1.334626579284667969e+01,1.129202461242675781e+01,4.082267284393310547e+00,-5.569007873535156250e+00,-1.361759471893310547e+01,-1.228040504455566406e+01,-7.834796428680419922e+00,-5.888072967529296875e+00,-3.765093326568603516e+00,-2.456769466400146484e+00,-3.270275354385375977e+00,-2.057149887084960938e+00,1.641532897949218750e+00,2.925309658050537109e+00,-1.667958974838256836e+00,-4.120690345764160156e+00,9.172002077102661133e-01,1.113606071472167969e+01,1.887601089477539062e+01,1.972425270080566406e+01,1.140188217163085938e+01,1.580264329910278320e+00,9.715993404388427734e-01,3.624233961105346680e+00,4.325569152832031250e+00,3.763023614883422852e+00,9.252880096435546875e+00,1.312745857238769531e+01,1.065838432312011719e+01,2.485960960388183594e+01,3.703012847900390625e+01,3.419178390502929688e+01,3.085815048217773438e+01,3.127854347229003906e+01,3.000115394592285156e+01,3.174316024780273438e+01,1.504957580566406250e+01,-3.926876068115234375e+00,-1.011442947387695312e+01,-1.265193557739257812e+01,-7.160154819488525391e+00,-5.381631851196289062e+00,-1.148689842224121094e+01,-1.173008346557617188e+01,-1.431943702697753906e+01,-1.748638153076171875e+01,-1.863130569458007812e+01,-1.545205402374267578e+01,-1.045892047882080078e+01,-6.169069290161132812e+00,-2.224635601043701172e+00,-6.445850849151611328e+00,-7.212755680084228516e+00,-1.149369430541992188e+01,-1.018011283874511719e+01,-4.488781929016113281e+00,-3.796450853347778320e+00,-2.823142051696777344e+00,6.880590915679931641e-01,-1.397902202606201172e+01,-2.510750961303710938e+01,-1.653378105163574219e+01,-4.925161361694335938e+00,3.716354846954345703e+00,9.840981483459472656e+00,1.627580642700195312e+01,1.612697219848632812e+01,1.060132694244384766e+01,9.015199661254882812e+00,-5.249598503112792969e+00,-2.094524002075195312e+01,-1.958641433715820312e+01,-1.349564075469970703e+01,-6.076615333557128906e+00,4.184352874755859375e+00,5.177350044250488281e+00,1.861757755279541016e+00,6.647596359252929688e+00,1.046626091003417969e+01,5.005142688751220703e+00,4.837898254394531250e+00,8.929140090942382812e+00,1.894259071350097656e+01,1.602738952636718750e+01,9.140092849731445312e+00,1.059419035911560059e+00,-8.004815101623535156e+00,-1.125926017761230469e+01,-1.068157386779785156e+01,-7.067898750305175781e+00,-1.874832868576049805e+00,6.284236907958984375e+00,1.027752685546875000e+01,1.146972084045410156e+01,8.879568099975585938e+00,8.279669761657714844e+00,1.190563392639160156e+01,1.205343437194824219e+01,1.060253334045410156e+01,1.241317462921142578e+01,1.213677692413330078e+01,1.420961093902587891e+01,1.907260131835937500e+01,1.244349575042724609e+01,1.199501705169677734e+01,1.253878021240234375e+01,1.412340545654296875e+01,1.154964256286621094e+01,1.083849906921386719e+01,1.416281509399414062e+01,1.299684143066406250e+01,1.735794448852539062e+01,1.801103591918945312e+01,1.345569038391113281e+01,1.355001354217529297e+01,1.635685348510742188e+01,1.564072608947753906e+01,1.113361167907714844e+01,-1.167413330078125000e+01,-1.736192131042480469e+01,-1.877132415771484375e+01,-1.303445529937744141e+01,-6.214422225952148438e+00,-1.834807038307189941e+00,5.327385902404785156e+00,6.957073211669921875e+00,1.640719890594482422e+00,5.446056365966796875e+00,-5.640118122100830078e-01,-4.805206298828125000e+00,1.929913401603698730e+00,9.300450325012207031e+00,2.138190269470214844e+01,2.783708381652832031e+01,2.471459197998046875e+01,2.094844436645507812e+01,1.333905982971191406e+01,2.647218704223632812e+00,-3.726660251617431641e+00,-4.012946605682373047e+00,-3.951594233512878418e-01,-3.256639719009399414e+00,-1.065608024597167969e+01,-1.416104698181152344e+01,-1.112854671478271484e+01,-1.030458068847656250e+01,-1.307126998901367188e+01,-6.139409542083740234e+00,-6.787142157554626465e-01,1.372985541820526123e-01,1.943152427673339844e+00,2.007849454879760742e+00,-1.943713903427124023e+00,-7.330745697021484375e+00,-4.280558586120605469e+00,4.337396621704101562e+00,7.948698997497558594e+00,1.185881805419921875e+01,2.022657394409179688e+01,1.082493305206298828e+01,1.195923614501953125e+01,1.713539123535156250e+01,1.754312896728515625e+01,1.221139430999755859e+01,9.958770751953125000e+00,9.957437515258789062e+00,7.510929107666015625e+00,5.602060794830322266e+00,3.639246940612792969e+00,3.352780818939208984e+00,-2.239035129547119141e+00,-8.925372123718261719e+00,-2.040010690689086914e+00,6.402503013610839844e+00,6.704491138458251953e+00,8.264278411865234375e+00,9.876928329467773438e+00,8.066375732421875000e+00,-6.424456119537353516e+00,-1.219489097595214844e+01,-8.933649063110351562e+00,-6.535147666931152344e+00,-2.654576539993286133e+00,3.754404783248901367e+00,8.261343002319335938e+00,1.100657653808593750e+01,1.033670902252197266e+01,4.047015190124511719e+00,8.169408798217773438e+00,1.038212013244628906e+01,6.280210971832275391e+00,2.819525957107543945e+00,1.272003269195556641e+01,1.076153755187988281e+01,5.890660285949707031e+00,5.468202590942382812e+00,9.447331428527832031e+00,1.347834396362304688e+01,1.041530132293701172e+01,1.201464080810546875e+01,7.264091968536376953e+00,9.389768600463867188e+00,9.239002227783203125e+00,1.425982475280761719e+01,1.382215785980224609e+01,1.730293273925781250e+01,1.243381118774414062e+01,1.094294643402099609e+01,1.818528366088867188e+01,1.709684181213378906e+01,1.276495552062988281e+01,9.320316314697265625e+00,8.423139572143554688e+00,1.027714920043945312e+01,1.334777069091796875e+01,1.273620605468750000e+01,1.561788749694824219e+01,1.571519756317138672e+01,1.282936096191406250e+01,1.118901920318603516e+01,1.167651748657226562e+01,9.383144378662109375e+00,8.351919174194335938e+00,-3.487394332885742188e+00,-6.929177284240722656e+00,-1.186835050582885742e+00,1.913519024848937988e+00,3.045569419860839844e+00,2.814556598663330078e+00,1.374093437194824219e+01,2.114872741699218750e+01,2.689528083801269531e+01,2.465923309326171875e+01,1.936272811889648438e+01,1.525506782531738281e+01,5.199857711791992188e+00,1.826584935188293457e+00,6.783926963806152344e+00,1.772558784484863281e+01,1.984472274780273438e+01,1.946710395812988281e+01,2.153378677368164062e+01,1.951541900634765625e+01,1.564740180969238281e+01,1.333344268798828125e+01,1.656213569641113281e+01,1.755986404418945312e+01,1.696718978881835938e+01,4.141941547393798828e+00,-1.118300056457519531e+01,-1.043586921691894531e+01,-1.275701284408569336e+00,6.948841094970703125e+00,1.002387905120849609e+01,9.402309417724609375e+00,1.491579723358154297e+01,1.104958438873291016e+01,4.784788131713867188e+00,-4.079185009002685547e+00,-1.147254180908203125e+01,-1.489558887481689453e+01,-1.116333198547363281e+01,-1.314444828033447266e+01,-1.050567245483398438e+01,-7.211030006408691406e+00,-3.866989612579345703e+00,6.088059425354003906e+00,1.367906570434570312e+01,1.836192703247070312e+01,2.017486953735351562e+01,2.144548034667968750e+01,1.528276443481445312e+01,1.501195335388183594e+01,1.422999954223632812e+01,4.701531410217285156e+00,-3.414105415344238281e+00,-8.266460418701171875e+00,-7.622117996215820312e+00,-8.030291557312011719e+00,3.943748474121093750e-01,1.743210673332214355e+00,-8.098505735397338867e-01,-7.734234929084777832e-01,5.890242576599121094e+00,1.442144298553466797e+01,1.531808662414550781e+01,5.267532348632812500e+00,-1.602586555480957031e+01,-2.264073944091796875e+01,-2.623634338378906250e+01,-2.482194328308105469e+01,-1.279580402374267578e+01,-2.257476091384887695e+00,-5.992467403411865234e+00,-2.472978830337524414e+00,-2.943291664123535156e+00,-3.237021923065185547e+00,-3.141069412231445312e+00,-1.518038153648376465e+00,5.542106032371520996e-01,1.619160270690917969e+01,2.487265586853027344e+01,2.954465866088867188e+01,2.829008865356445312e+01,1.372196960449218750e+01,7.049746513366699219e+00,4.370792388916015625e+00,4.697245121002197266e+00,1.573476982116699219e+01,1.919020843505859375e+01,1.638167190551757812e+01,1.432826614379882812e+01,1.625998306274414062e+01,1.335369014739990234e+01,1.314299201965332031e+01,1.841775131225585938e+01,1.704509544372558594e+01,9.173222541809082031e+00,-5.505875587463378906e+00,-1.301292133331298828e+01,-9.644983291625976562e+00,1.761037468910217285e+00,1.295168685913085938e+01,2.945170593261718750e+01,3.358719253540039062e+01,3.797061157226562500e+01,3.510491943359375000e+01,1.430483245849609375e+01,-4.884691238403320312e+00,-9.263665199279785156e+00,-1.015893268585205078e+01,-7.628362178802490234e+00,-4.748910903930664062e+00,-2.407896995544433594e+00,-8.859701156616210938e+00,-6.977339267730712891e+00,-5.148681640625000000e+00,-4.600654244422912598e-01,6.997451782226562500e+00,8.436727523803710938e+00,8.604155480861663818e-02,-1.799707174301147461e+00,2.754763126373291016e+00,-2.832539081573486328e+00,-7.209802627563476562e+00,1.269885659217834473e+00,8.309643745422363281e+00,1.108784008026123047e+01,9.040690422058105469e+00,6.890897274017333984e+00,3.384611368179321289e+00,5.133417129516601562e+00,1.296841049194335938e+01,2.300437164306640625e+01,3.061652755737304688e+01,3.213587951660156250e+01,3.199779510498046875e+01,2.190550613403320312e+01,1.044788265228271484e+01,1.086601638793945312e+01,1.711290931701660156e+01,2.096310615539550781e+01,1.664553833007812500e+01,1.121378612518310547e+01,1.479398822784423828e+01,1.084418678283691406e+01,5.460098266601562500e+00,3.558534622192382812e+00,4.639075279235839844e+00,-3.579393386840820312e+00,-1.564808368682861328e+01,-2.325379562377929688e+01,-2.302042388916015625e+01,-1.806526565551757812e+01,-1.249637794494628906e+01,-1.004207324981689453e+01,-5.609090805053710938e+00,-2.896574497222900391e+00,2.896911621093750000e+00,7.376421928405761719e+00,8.899027824401855469e+00,8.648099899291992188e+00,9.384996414184570312e+00,1.065256309509277344e+01,7.995538234710693359e+00,8.705080032348632812e+00,1.173998451232910156e+01,1.426865386962890625e+01,1.109196662902832031e+01,9.775106430053710938e+00,1.163595008850097656e+01,1.199802398681640625e+01,1.961962509155273438e+01,2.058259963989257812e+01,1.410704421997070312e+01,1.300331687927246094e+01,1.428443717956542969e+01,1.023115921020507812e+01,1.007465362548828125e+01,1.109583091735839844e+01,8.380620002746582031e+00,1.029686355590820312e+01,8.683010101318359375e+00,3.939694166183471680e+00,3.476438522338867188e+00,1.039553833007812500e+01,1.495974922180175781e+01,8.249872207641601562e+00,8.801382064819335938e+00,1.013352394104003906e+01,5.299588680267333984e+00,5.840607643127441406e+00,-3.037089109420776367e-02,3.514883995056152344e+00,1.868155837059020996e+00,-1.169325590133666992e+00,3.750743150711059570e+00,8.372941970825195312e+00,6.651217460632324219e+00,3.368454217910766602e+00,6.276595592498779297e+00,-5.444547653198242188e+00,-1.415361213684082031e+01,-1.308383941650390625e+01,-7.685026168823242188e+00,-5.217602729797363281e+00,-1.553366541862487793e+00,8.479350090026855469e+00,1.534978389739990234e+01,1.961208343505859375e+01,2.232947349548339844e+01,2.434589004516601562e+01,2.898086357116699219e+01,2.650245285034179688e+01,2.800793457031250000e+01,2.798452758789062500e+01,2.180607986450195312e+01,2.003659439086914062e+01,1.674599075317382812e+01,-2.979089021682739258e+00,-4.995593547821044922e+00,-1.383317828178405762e+00,4.587438106536865234e+00,4.283626556396484375e+00,6.286562442779541016e+00,6.454596996307373047e+00,7.175341606140136719e+00,1.448669052124023438e+01,1.293303108215332031e+01,1.571506690979003906e+01,1.599910736083984375e+01,1.983723831176757812e+01,1.658012580871582031e+01,1.505123901367187500e+01,1.436710166931152344e+01,1.232442092895507812e+01,1.314771080017089844e+01,1.479159450531005859e+01,1.231918144226074219e+01,1.241881084442138672e+01,1.673418235778808594e+01,2.148744964599609375e+01,3.055402755737304688e+01,3.824420166015625000e+01,3.602554321289062500e+01,3.594396209716796875e+01,2.706954765319824219e+01,1.270368957519531250e+01,9.562015533447265625e+00,4.065949440002441406e+00,5.739875435829162598e-01,7.569308876991271973e-01,-2.350027322769165039e+00,-3.601570844650268555e+00,-1.022585988044738770e+00,4.839706897735595703e+00,8.413984298706054688e+00,1.160028743743896484e+01,-1.549974441528320312e+00,-1.130389881134033203e+01,-1.379510879516601562e+01,-9.300342559814453125e+00,5.004353046417236328e+00,1.406832885742187500e+01,2.421572875976562500e+01,2.042793655395507812e+01,1.862292861938476562e+01,1.532511043548583984e+01,1.371627235412597656e+01,2.784594774246215820e+00,-1.811092615127563477e+00,-7.073969841003417969e-01,-2.734032869338989258e+00,-3.416280031204223633e+00,2.630290389060974121e-01,1.125279307365417480e+00,-2.362631082534790039e+00,-3.065415143966674805e+00,-7.607474803924560547e+00,-1.372626495361328125e+01,-1.537305355072021484e+01,-1.223098564147949219e+01,-5.460802555084228516e+00,-6.451123237609863281e+00,-7.796281337738037109e+00,-1.055670356750488281e+01,-1.627840805053710938e+01,-1.560227680206298828e+01,-5.623949050903320312e+00,5.835606575012207031e+00,8.227182388305664062e+00,8.918904304504394531e+00,8.663182258605957031e+00,1.612196731567382812e+01,1.767296028137207031e+01,1.399040603637695312e+01,1.470579338073730469e+01,1.564493560791015625e+01,1.590425109863281250e+01,1.025223541259765625e+01,9.721526145935058594e+00,1.313384532928466797e+01,1.586591434478759766e+01,1.510202980041503906e+01,1.456941699981689453e+01,1.591971111297607422e+01,1.486586666107177734e+01,1.856518173217773438e+01,1.676705741882324219e+01,1.905359268188476562e+01,1.500164794921875000e+01,9.813636779785156250e+00,7.310767650604248047e+00,9.879253387451171875e+00,1.481925296783447266e+01,1.656458282470703125e+01,1.302368831634521484e+01,1.278613090515136719e+01,1.486925697326660156e+01,1.502562141418457031e+01,1.438590908050537109e+01,2.018164825439453125e+01,1.392214775085449219e+01,1.142874717712402344e+01,1.263226032257080078e+01,1.256634521484375000e+01,1.274436950683593750e+01,9.582506179809570312e+00,1.124357223510742188e+01,1.268808746337890625e+01,1.039673233032226562e+01,7.606132507324218750e+00,1.183690643310546875e+01,1.576119804382324219e+01,1.939393997192382812e+01,1.514591121673583984e+01,1.140586853027343750e+01,1.467857837677001953e+01,1.372728538513183594e+01,1.089116477966308594e+01,1.398696041107177734e+01,1.496768474578857422e+01,1.372729873657226562e+01,1.088926887512207031e+01,1.121977424621582031e+01,1.143381309509277344e+01,9.868551254272460938e+00,1.504373931884765625e+01,1.376467800140380859e+01,1.400478744506835938e+01,1.662231445312500000e+01,1.708438491821289062e+01,1.344976043701171875e+01,9.484859466552734375e+00,7.658951759338378906e+00,6.693415641784667969e+00,1.289306354522705078e+01,1.408542346954345703e+01,1.087346172332763672e+01,9.664202690124511719e+00,1.221860504150390625e+01,1.345386028289794922e+01,1.589218139648437500e+01,1.112295722961425781e+01,-1.533745574951171875e+01,-1.846127128601074219e+01,-1.092615604400634766e+01,4.534851312637329102e-01,4.408011436462402344e+00,-3.270285844802856445e+00,-9.604167938232421875e+00,-2.112408828735351562e+01,-1.993948173522949219e+01,-1.552177047729492188e+01,-5.611194610595703125e+00,-2.897650718688964844e+00,-4.093438625335693359e+00,-4.384741783142089844e+00,1.103853702545166016e+01,1.799560928344726562e+01,1.395044517517089844e+01,1.428506660461425781e+01,1.123625755310058594e+01,6.466242790222167969e+00,1.303655624389648438e+01,2.360844039916992188e+01,3.402259063720703125e+01,3.788828277587890625e+01,3.969363021850585938e+01,4.033304977416992188e+01,3.815127182006835938e+01,3.743782424926757812e+01,3.839533615112304688e+01,3.496173858642578125e+01,3.364768218994140625e+01,3.348308181762695312e+01,2.604560470581054688e+01,1.494125556945800781e+01,-1.176294088363647461e-01,3.539748668670654297e+00,5.883730888366699219e+00,2.844091892242431641e+00,1.607328176498413086e+00,2.547612667083740234e+00,1.312160849571228027e+00,8.027606010437011719e+00,1.135153579711914062e+01,2.340514183044433594e+01,2.795795059204101562e+01,2.350593948364257812e+01,2.690587997436523438e+01,2.978652000427246094e+01,2.925768661499023438e+01,1.612284278869628906e+01,-5.535884857177734375e+00,-9.663654327392578125e+00,-1.213492679595947266e+01,-1.381472206115722656e+01,-1.538770008087158203e+01,-6.843288421630859375e+00,-1.844828367233276367e+00,5.689774751663208008e-01,-1.117208003997802734e+00,-1.893155574798583984e-01,1.316347122192382812e-01,7.741202116012573242e-01,3.384269237518310547e+00,8.295475840568542480e-01,-3.445443153381347656e+00,-6.378347396850585938e+00,-8.751312255859375000e+00,-5.679353713989257812e+00,-4.453350067138671875e+00,-4.633863449096679688e+00,-7.773898124694824219e+00,-5.560964584350585938e+00,1.072250366210937500e+01,1.735076713562011719e+01,2.029087066650390625e+01,1.349661636352539062e+01,6.681570529937744141e+00,5.764446258544921875e+00,-4.840271770954132080e-01,-3.831323862075805664e+00,-6.702684402465820312e+00,-8.653556823730468750e+00,-1.221929931640625000e+01,-8.626058578491210938e+00,-2.468493938446044922e+00,-2.830245256423950195e+00,-4.056413650512695312e+00,6.287286877632141113e-01,5.773486137390136719e+00,7.760561943054199219e+00,1.169998741149902344e+01,8.135955810546875000e+00,6.235929965972900391e+00,3.514253616333007812e+00,-1.303163528442382812e+01,-2.011414718627929688e+01,-1.626634407043457031e+01,-1.100915718078613281e+01,-2.409541130065917969e+00,3.696705102920532227e+00,1.950236129760742188e+01,2.320949935913085938e+01,2.866782188415527344e+01,3.013079452514648438e+01,3.378526306152343750e+01,3.481927108764648438e+01,3.227825927734375000e+01,2.092042922973632812e+01,9.120931625366210938e+00,2.152566432952880859e+00,-3.355137825012207031e+00,-1.111255741119384766e+01,-1.526235389709472656e+01,-9.761232376098632812e+00,-4.876564502716064453e+00,-1.581163525581359863e+00,7.401698112487792969e+00,9.121743202209472656e+00,6.946512699127197266e+00,7.690475940704345703e+00,1.040267467498779297e+01,8.385622024536132812e+00,7.292264938354492188e+00,1.115376663208007812e+01,1.260104560852050781e+01,1.082176208496093750e+01,9.192044258117675781e+00,8.711279869079589844e+00,1.069268703460693359e+01,1.202924919128417969e+01,1.035229015350341797e+01,1.234971332550048828e+01,9.042777061462402344e+00,9.584728240966796875e+00,1.264441013336181641e+01,1.336865139007568359e+01,1.280532646179199219e+01,1.168814659118652344e+01,9.819176673889160156e+00,9.627933502197265625e+00,1.454079437255859375e+01,1.518737030029296875e+01,1.518102264404296875e+01,1.272459983825683594e+01,-2.756828308105468750e+00,-7.320566177368164062e+00,-8.978755950927734375e+00,-4.271484375000000000e+00,5.511070251464843750e+00,6.874309062957763672e+00,4.294120311737060547e+00,5.505342483520507812e+00,9.415092468261718750e+00,1.105313777923583984e+01,7.134075164794921875e+00,3.069618642330169678e-01,-4.072174072265625000e+00,1.062149286270141602e+00,3.825319290161132812e+00,-2.255086660385131836e+00,-1.177447080612182617e+00,1.760075807571411133e+00,6.712357521057128906e+00,1.589319801330566406e+01,1.389563846588134766e+01,6.422966480255126953e+00,3.485441207885742188e+00,-1.924638748168945312e+00,-2.834393501281738281e+00,-4.698691368103027344e-01,-1.123228073120117188e+00,-3.778520524501800537e-01,3.153102159500122070e+00,7.748850345611572266e+00,1.087131309509277344e+01,1.084268093109130859e+01,1.740793228149414062e+01,1.127930259704589844e+01,3.291436433792114258e+00,5.655896186828613281e+00,1.068193244934082031e+01,1.055505084991455078e+01,8.580211639404296875e+00,7.306194305419921875e+00,2.572233676910400391e+00,-1.373764157295227051e+00,-5.347472667694091797e+00,-1.024485397338867188e+01,-8.601432800292968750e+00,-9.424322128295898438e+00,8.754176497459411621e-01,4.546119213104248047e+00,5.463031291961669922e+00,1.041800212860107422e+01,1.260656356811523438e+01,1.445283222198486328e+01,9.569523811340332031e+00,7.471446037292480469e+00,7.122804164886474609e+00,8.576695442199707031e+00,1.252901458740234375e+01,9.377634048461914062e+00,6.529257297515869141e+00,3.599993705749511719e+00,4.174648761749267578e+00,4.938268184661865234e+00,1.281606793403625488e+00,3.737926006317138672e+00,8.689933776855468750e+00,8.044719696044921875e+00,5.644042491912841797e+00,5.422070503234863281e+00,5.176432609558105469e+00,6.388751029968261719e+00,4.818912506103515625e+00,8.636693954467773438e+00,1.035113239288330078e+01,9.724443435668945312e+00,1.292040157318115234e+01,1.403862762451171875e+01,1.368748283386230469e+01,1.037102508544921875e+01,1.368362998962402344e+01,1.274460315704345703e+01,1.024322223663330078e+01,1.004345321655273438e+01,1.136345100402832031e+01,1.170749855041503906e+01,1.207361984252929688e+01,6.820503234863281250e+00,8.672315597534179688e+00,1.000962066650390625e+01,1.213096427917480469e+01,1.179734706878662109e+01,1.249470710754394531e+01,1.258951950073242188e+01,1.142109298706054688e+01,1.026428413391113281e+01,1.003336524963378906e+01,8.473495483398437500e+00,1.167500877380371094e+01,1.033565998077392578e+01,1.188868331909179688e+01,1.351532077789306641e+01,1.649166107177734375e+01,1.542084598541259766e+01,1.126483440399169922e+01,6.804089546203613281e+00,3.863885879516601562e+00,2.376817226409912109e+00,-7.426020622253417969e+00,-1.705574417114257812e+01,-1.449945545196533203e+01,-9.681235313415527344e+00,-4.081320285797119141e+00,-1.198591470718383789e+00,-2.282078981399536133e+00,-2.998116910457611084e-01,1.687878608703613281e+00,5.593301057815551758e-01,7.737383842468261719e-01,1.027121353149414062e+01,1.350659179687500000e+01,1.089975929260253906e+01,1.102365779876708984e+01,1.681104469299316406e+01,1.273672103881835938e+01,8.787555694580078125e+00,7.152124881744384766e+00,9.799751281738281250e+00,1.838568496704101562e+01,2.249005126953125000e+01,2.458348846435546875e+01,2.656496429443359375e+01,2.663449096679687500e+01,2.902694320678710938e+01,-1.241192102432250977e+00,-2.009848785400390625e+01,-2.731996154785156250e+01,-2.887530899047851562e+01,-2.481877517700195312e+01,-2.163058662414550781e+01,-2.314746475219726562e+01,-1.518048477172851562e+01,-3.978737592697143555e+00,-3.336308956146240234e+00,-3.659249544143676758e+00,-8.753558397293090820e-01,1.892447710037231445e+00,3.541524887084960938e+00,7.437117576599121094e+00,1.243118381500244141e+01,1.512405586242675781e+01,1.056595611572265625e+01,-1.498952627182006836e+00,-4.110620498657226562e+00,1.314466714859008789e+00,6.751896858215332031e+00,6.944834709167480469e+00,1.225758457183837891e+01,8.276302337646484375e+00,9.406517028808593750e+00,1.194690704345703125e+01,9.172204971313476562e+00,1.179126167297363281e+01,1.138138198852539062e+01,1.748170089721679688e+01,1.999129486083984375e+01,2.207429122924804688e+01,2.110006713867187500e+01,1.986555480957031250e+01,1.588464260101318359e+01,1.240994262695312500e+01,1.471437835693359375e+01,1.470465087890625000e+01,1.083611106872558594e+01,1.380220794677734375e+01,7.499342918395996094e+00,-1.686753034591674805e-01,-3.712920188903808594e+00,-2.287268400192260742e+00,-3.806614875793457031e+00,2.690903186798095703e+00,9.925411224365234375e+00,8.330043792724609375e+00,8.086194992065429688e+00,8.726295471191406250e+00,8.288549423217773438e+00,1.201511001586914062e+01,9.785167694091796875e+00,6.417099952697753906e+00,6.267333507537841797e+00,8.105178833007812500e+00,1.080026435852050781e+01,9.504483222961425781e+00,8.547100067138671875e+00,4.508162498474121094e+00,2.280156135559082031e+00,8.333330154418945312e+00,7.877534389495849609e+00,5.557300567626953125e+00,3.736712217330932617e+00,4.379504680633544922e+00,5.770372390747070312e+00,7.542834281921386719e+00,1.004702758789062500e+01,8.491708755493164062e+00,4.286606311798095703e+00,3.711792469024658203e+00,7.951515674591064453e+00,8.321108818054199219e+00,5.126529216766357422e+00,5.086657524108886719e+00,1.084910202026367188e+01,8.766224861145019531e+00,4.135947227478027344e+00,3.461643218994140625e+00,3.860111951828002930e+00,4.725928306579589844e+00,2.138284683227539062e+00,2.546356439590454102e+00,5.061988830566406250e+00,5.005675315856933594e+00,7.810467720031738281e+00,1.359333705902099609e+01,1.470777320861816406e+01,9.861667633056640625e+00,7.556427001953125000e+00,6.889769077301025391e+00,1.017559051513671875e+01,7.005166053771972656e+00,6.617003679275512695e-01,7.945223450660705566e-01,3.437351226806640625e+00,3.175997734069824219e+00,-4.925415992736816406e+00,-6.832271099090576172e+00,-7.165223360061645508e-01,7.355298042297363281e+00,9.667972326278686523e-01,-3.398595333099365234e+00,-5.345979690551757812e+00,-1.015782356262207031e+01,-9.898826599121093750e+00,-6.668883323669433594e+00,2.412709474563598633e+00,9.833337783813476562e+00,1.589447402954101562e+01,1.829608726501464844e+01,2.193589782714843750e+01,2.152855491638183594e+01,1.656293296813964844e+01,7.302185058593750000e+00,2.026575803756713867e+00,1.465429365634918213e-01,-3.510278701782226562e+00,-6.162003040313720703e+00,2.535242080688476562e+00,6.626588821411132812e+00,6.132232666015625000e+00,9.929121017456054688e+00,2.248172950744628906e+01,2.064242172241210938e+01,1.857469558715820312e+01,9.255096435546875000e+00,-5.388540029525756836e-01,-7.940258979797363281e+00,-1.464853572845458984e+01,-1.608120346069335938e+01,-1.930532455444335938e+01,-1.475550460815429688e+01,-3.576154947280883789e+00,6.293444633483886719e+00,9.075489044189453125e+00,-5.326192975044250488e-01,-7.877935409545898438e+00,-8.627083778381347656e+00,2.514871597290039062e+00,7.626903533935546875e+00,-8.618711471557617188e+00,-2.601176834106445312e+01,-2.916638565063476562e+01,-2.539175033569335938e+01,-2.466713333129882812e+01,-2.489396858215332031e+01,-2.460979080200195312e+01,-2.305616569519042969e+01,-1.609868049621582031e+01,-5.953078269958496094e+00,-8.560350418090820312e+00,-3.263888120651245117e+00,1.283917784690856934e+00,-1.445822715759277344e-01,9.263100028038024902e-01,2.363254070281982422e+00,-3.490347862243652344e+00,-4.842189788818359375e+00,1.804079055786132812e+00,1.537873387336730957e+00,-2.213582515716552734e+00,5.061671733856201172e-01,2.609730720520019531e+00,4.859726428985595703e+00,4.196426391601562500e+00,3.293691158294677734e+00,7.708224654197692871e-01,-2.631830930709838867e+00,-1.589737653732299805e+00,4.730609893798828125e+00,8.393110275268554688e+00,9.934720993041992188e+00,2.711911201477050781e+00,4.883331775665283203e+00,8.438968658447265625e+00,7.507855415344238281e+00,7.682127952575683594e+00,6.344253540039062500e+00,3.268242120742797852e+00,2.522427082061767578e+00,2.323680400848388672e+00,-2.970170378684997559e-01,1.511589288711547852e+00,-8.111752271652221680e-01,4.184472560882568359e-01,6.870213508605957031e+00,6.786684036254882812e+00,4.642272949218750000e+00,2.020234107971191406e+00,1.928777337074279785e+00,1.757004141807556152e+00,3.860279560089111328e+00,4.557011604309082031e+00,5.337924003601074219e+00,5.714931964874267578e+00,7.089198589324951172e+00,8.826623916625976562e+00,6.855537414550781250e+00,7.971920013427734375e+00,1.181354618072509766e+01,6.392070770263671875e+00,1.816020250320434570e+00,1.084104776382446289e+00,5.466295719146728516e+00,6.598366260528564453e+00,6.027999877929687500e+00,1.001234817504882812e+01,7.988335609436035156e+00,3.288923978805541992e+00,2.315757274627685547e+00,1.416218519210815430e+00,7.756966352462768555e-01,-1.815033078193664551e+00,8.444719016551971436e-02,2.787703871726989746e-01,-4.405355453491210938e+00,-7.369912624359130859e+00,-9.462231636047363281e+00,-9.266977310180664062e+00,-3.380352258682250977e+00,-1.731683850288391113e+00,-2.315526247024536133e+00,-4.250730514526367188e+00,-4.987129211425781250e+00,-5.539939880371093750e+00,-5.768294334411621094e+00,-1.004053354263305664e-01,6.195933341979980469e+00,3.866481781005859375e+00,1.253720283508300781e+00,4.555603981018066406e+00,5.694226264953613281e+00,3.620936870574951172e+00,1.803983688354492188e+00,3.662734985351562500e+00,7.403962135314941406e+00,6.363542556762695312e+00,-2.352653026580810547e+00,-2.562388896942138672e+00,2.832903623580932617e+00,2.544490575790405273e+00,3.317958593368530273e+00,2.372725009918212891e+00,9.746912121772766113e-01,4.265239238739013672e+00,8.714632987976074219e+00,8.989891052246093750e+00,7.627297401428222656e+00,6.256782531738281250e+00,8.520827293395996094e+00,6.314820289611816406e+00,5.993772983551025391e+00,4.634109973907470703e+00,5.744182586669921875e+00,6.210433006286621094e+00,6.800209999084472656e+00,5.893123626708984375e+00,5.127254009246826172e+00,7.525991916656494141e+00,6.764449119567871094e+00,9.421669960021972656e+00,8.825853347778320312e+00,7.789853572845458984e+00,6.631754875183105469e+00,6.800780296325683594e+00,8.137237548828125000e+00,6.220317840576171875e+00,5.395761013031005859e+00,6.951106071472167969e+00,7.814973831176757812e+00,5.314415931701660156e+00,2.657135009765625000e+00,6.767251968383789062e+00,6.691746234893798828e+00,5.784688472747802734e+00,5.411705970764160156e+00,9.081995964050292969e+00,1.081362533569335938e+01,1.190045738220214844e+01,8.151168823242187500e+00,3.805078983306884766e+00,-4.369348287582397461e-01,1.151530265808105469e+00,3.660823106765747070e+00,3.619954109191894531e+00,4.496147155761718750e+00,2.700515270233154297e+00,-2.037915706634521484e+00,-1.044814682006835938e+01,-1.142746162414550781e+01,-1.231609535217285156e+01,-9.827421188354492188e+00,-1.262662696838378906e+01,-1.001565933227539062e+01,-2.304607152938842773e+00,6.182671546936035156e+00,1.472448348999023438e+01,2.222572326660156250e+01,2.510125732421875000e+01,2.684479141235351562e+01,2.729781723022460938e+01,2.949855995178222656e+01,2.718550491333007812e+01,2.898341751098632812e+01,3.359799575805664062e+01,2.820761108398437500e+01,2.622755050659179688e+01,2.895544433593750000e+01,3.033794403076171875e+01,2.367874145507812500e+01,2.096564102172851562e+01,2.014697837829589844e+01,1.849521255493164062e+01,1.267180061340332031e+01,5.408268451690673828e+00,-7.705925703048706055e-01,-1.834479451179504395e+00,1.699549555778503418e+00,1.423528552055358887e+00,-1.874931573867797852e+00,-5.607286453247070312e+00,-8.418999314308166504e-01,6.307511329650878906e+00,1.716946601867675781e+00,1.325461268424987793e+00,-2.665566205978393555e+00,-7.580147743225097656e+00,-8.769989013671875000e+00,-7.836521148681640625e+00,-3.590537071228027344e+00,-6.926800608634948730e-01,1.099282026290893555e+00,3.417495727539062500e+00,3.029661178588867188e+00,5.436443090438842773e-01,1.136345863342285156e-01,4.120485305786132812e+00,8.088703155517578125e-01,-7.362682819366455078e-01,-1.542720556259155273e+00,2.507830858230590820e-01,2.852821111679077148e+00,3.545472383499145508e+00,5.311449050903320312e+00,1.026101112365722656e+01,8.611919403076171875e+00,6.876377105712890625e+00,2.465937614440917969e+00,-2.263359308242797852e+00,-3.565429210662841797e+00,-2.675602197647094727e+00,2.781163454055786133e+00,2.125925064086914062e+00,-8.082542419433593750e-01,-7.392878532409667969e-01,-5.395000457763671875e+00,-7.889727592468261719e+00,-1.554844498634338379e+00,6.565200686454772949e-01,-1.219446539878845215e+00,-5.029634475708007812e+00,-6.340542316436767578e+00,-9.359477043151855469e+00,-3.746416568756103516e+00,-3.813154697418212891e+00,-5.644860267639160156e+00,-6.560579538345336914e-01,1.439011096954345703e+00,-4.632059931755065918e-01,-1.288724780082702637e+00,-3.764096975326538086e+00,-6.308134078979492188e+00,-5.870934486389160156e+00,-6.855327129364013672e+00,-6.613708496093750000e+00,-4.263518810272216797e+00,-3.425108432769775391e+00,1.202551484107971191e+00,2.454248666763305664e+00,-3.111865520477294922e+00,-3.914095163345336914e+00,-8.210771560668945312e+00,-7.042909622192382812e+00,-3.544571876525878906e+00,-6.154083728790283203e+00,-3.162795543670654297e+00,3.804678440093994141e+00,-7.042787075042724609e-01,-1.778698682785034180e+00,-3.372468471527099609e+00,-2.253697872161865234e+00,7.734495401382446289e-02,2.163926959037780762e-01,5.143236160278320312e+00,9.274024367332458496e-01,1.050084233283996582e+00,2.068420886993408203e+00,5.650962889194488525e-02,6.113638877868652344e-01,9.466298818588256836e-01,8.213058471679687500e+00,1.409897327423095703e+01,3.614882946014404297e+00,-3.962231874465942383e-01,3.425477504730224609e+00,3.433494329452514648e+00,2.843727588653564453e+00,2.806244134902954102e+00,2.155418872833251953e+00,1.137154102325439453e+00,6.055279731750488281e+00,4.716391563415527344e+00,3.255579948425292969e+00,1.586629629135131836e+00,6.770665645599365234e-01,4.030550003051757812e+00,4.656856060028076172e-01,-2.261131286621093750e+00,-5.410074591636657715e-01,2.541285276412963867e+00,1.739639639854431152e-01,2.284504622220993042e-01,2.685715198516845703e+00,-4.084846377372741699e-01,-3.363308310508728027e-01,-7.796252965927124023e-01,2.603412389755249023e+00,9.338130950927734375e-01,5.590166091918945312e+00,1.016980934143066406e+01,3.727962732315063477e+00,3.968353033065795898e+00,3.173246622085571289e+00,-9.534261822700500488e-01,-2.856694698333740234e+00,-1.131562232971191406e+00,2.396302223205566406e+00,2.861382007598876953e+00,-1.872128725051879883e+00,4.819967746734619141e-01,2.051579952239990234e+00,-9.303401708602905273e-01,-1.918914079666137695e+00,1.084012627601623535e+00,2.069726705551147461e+00,-1.605646014213562012e+00,-1.520994424819946289e+00,-1.978211879730224609e+00,-4.135668277740478516e-04,-2.768667221069335938e+00,-1.252667427062988281e+00,-2.385411262512207031e+00,-8.228420019149780273e-01,2.910264968872070312e+00,-6.136690139770507812e+00,-5.826193332672119141e+00,-5.612293720245361328e+00,-4.898313045501708984e+00,-3.415246248245239258e+00,-5.998540878295898438e+00,-8.095023155212402344e+00,-6.948445320129394531e+00,-7.473244667053222656e+00,-3.843568801879882812e+00,-1.186332106590270996e+00,-3.884509801864624023e+00,-6.710981845855712891e+00,-5.842442035675048828e+00,-8.742624282836914062e+00,-1.296369171142578125e+01,-7.608639717102050781e+00,1.091685056686401367e+00,7.231844902038574219e+00,8.639141082763671875e+00,6.727374076843261719e+00,-6.188871860504150391e-01,-9.325376510620117188e+00,-1.150688362121582031e+01,-9.769115447998046875e+00,-4.748189926147460938e+00,-1.360721969604492188e+01,-1.727646064758300781e+01,-7.312724113464355469e+00,6.349083185195922852e-01,3.233788490295410156e+00,7.239346504211425781e+00,6.530833244323730469e-02,-4.042390823364257812e+00,1.071782112121582031e-01,1.604361534118652344e-01,3.324315071105957031e+00,3.781577944755554199e-01,-2.684768676757812500e+00,6.848095893859863281e+00,1.055916404724121094e+01,1.771654891967773438e+01,1.763309288024902344e+01,-6.165892124176025391e+00,-1.744348907470703125e+01,-1.685519218444824219e+01,-1.601954078674316406e+01,-1.760524177551269531e+01,-1.743955993652343750e+01,-1.272847938537597656e+01,-4.580326557159423828e+00,5.446790695190429688e+00,1.297235965728759766e+01,1.130963897705078125e+01,5.882470130920410156e+00,9.719514846801757812e+00,1.920796966552734375e+01,2.332085418701171875e+01,2.180916213989257812e+01,2.611675643920898438e+01,2.412863922119140625e+01,1.831533050537109375e+01,2.023466491699218750e+01,2.010205459594726562e+01,1.351565718650817871e-01,-1.627176094055175781e+01,-2.072202110290527344e+01,-2.549220657348632812e+01,-3.071775627136230469e+01,-2.790974044799804688e+01,-2.172886657714843750e+01,-2.122840118408203125e+01,-2.415845489501953125e+01,-1.673150253295898438e+01,-4.087717056274414062e+00,-6.868218183517456055e-01,-2.591066360473632812e+00,-4.754969477653503418e-01,7.027007102966308594e+00,7.764417648315429688e+00,-1.559131622314453125e+00,-6.619587898254394531e+00,-3.386190176010131836e+00,-1.834098339080810547e+00,9.413082003593444824e-01,9.657164216041564941e-01,-1.181260108947753906e+00,-5.371880531311035156e+00,-4.382536411285400391e+00,-7.116806030273437500e+00,-1.552249908447265625e+01,-1.314704513549804688e+01,-1.724024581909179688e+01,-8.389956474304199219e+00,-5.309535026550292969e+00,-1.464781761169433594e+01,-1.910541152954101562e+01,-2.049739456176757812e+01,-2.010347366333007812e+01,-1.796616363525390625e+01,-1.559302616119384766e+01,-7.038766860961914062e+00,-3.904639720916748047e+00,-4.659584999084472656e+00,-1.795775294303894043e+00,-3.629282951354980469e+00,-5.722795486450195312e+00,-1.510513663291931152e+00,2.996578216552734375e+00,3.881390571594238281e+00,2.693018913269042969e-01,3.075717449188232422e+00,2.195441722869873047e+00,-3.185362339019775391e+00,-3.744341135025024414e-01,-2.694385528564453125e+00,1.158062219619750977e+00,-5.947873592376708984e-01,-5.494875907897949219e-01,-1.890336394309997559e+00,-3.395047783851623535e-01,2.158270835876464844e+00,1.689660549163818359e+00,3.440505504608154297e+00,5.694140434265136719e+00,3.723284244537353516e+00,4.293228626251220703e+00,1.202294635772705078e+01,9.728038787841796875e+00,6.809740543365478516e+00,5.633348464965820312e+00,7.614514350891113281e+00,4.675498962402343750e+00,1.396662712097167969e+00,1.313654780387878418e+00,1.950575709342956543e+00,1.713061034679412842e-01,2.678375720977783203e+00,2.024603933095932007e-01,1.589019298553466797e+00,3.374416232109069824e-01,1.184156775474548340e+00,2.596423625946044922e+00,3.295866489410400391e+00,-3.923973560333251953e+00,-5.201200485229492188e+00,-6.453552246093750000e-01,-5.757819175720214844e+00,-3.922252655029296875e+00,-2.942474126815795898e+00,-1.163348913192749023e+00,8.556941151618957520e-01,-3.069051265716552734e+00,-2.687736153602600098e-01,-1.738528013229370117e+00,1.867826104164123535e+00,4.852124691009521484e+00,4.607657909393310547e+00,6.287448883056640625e+00,6.351835250854492188e+00,2.751537799835205078e+00,1.096085309982299805e-01,-2.803533673286437988e-01,4.314059615135192871e-01,-2.517089843750000000e+00,-1.957645177841186523e+00,-5.116190910339355469e+00,7.238783836364746094e-01,1.977327823638916016e+00,2.955776691436767578e+00,1.794830799102783203e+00,-2.084931850433349609e+00,-5.227451801300048828e+00,-6.157994270324707031e+00,-7.235087394714355469e+00,-4.209387779235839844e+00,-5.936110019683837891e+00,-4.866027355194091797e+00,-2.280002593994140625e+00,-2.444770574569702148e+00,-5.524218559265136719e+00,-3.949317455291748047e+00,-2.162738561630249023e+00,-7.533603668212890625e+00,-7.165391921997070312e+00,-6.820933341979980469e+00,-4.158060550689697266e+00,-3.779411315917968750e-01,1.150678157806396484e+00,1.817115306854248047e+00,-3.060665130615234375e+00,7.254590988159179688e-01,3.544716358184814453e+00,2.394321858882904053e-01,5.792122364044189453e+00,5.890225410461425781e+00,5.325503826141357422e+00,5.559287071228027344e+00,6.368186473846435547e+00,4.944180965423583984e+00,6.431989669799804688e+00,8.202368736267089844e+00,9.305019378662109375e+00,4.707866668701171875e+00,-2.968007326126098633e+00,-1.042700386047363281e+01,-1.098128795623779297e+01,-1.171301078796386719e+01,-1.420427227020263672e+01,-1.714546966552734375e+01,-1.180245399475097656e+01,-1.479735183715820312e+01,-1.701884651184082031e+01,-1.248394775390625000e+01,-8.012785911560058594e+00,-1.008640384674072266e+01,-7.719559669494628906e+00,-9.191864013671875000e+00,-9.097694396972656250e+00,-9.568014144897460938e+00,-8.624690055847167969e+00,-3.979602813720703125e+00,-3.138887643814086914e+00,-7.514870643615722656e+00,-4.795676231384277344e+00,-7.195763587951660156e+00,-6.865870475769042969e+00,-2.444221973419189453e+00,-3.025721549987792969e+00,-2.069656372070312500e+00,-3.924666643142700195e+00,-2.612464904785156250e+00,-4.367814064025878906e+00,-7.250791549682617188e+00,-5.655625820159912109e+00,-2.658041000366210938e+00,2.371256947517395020e-01,-5.119090080261230469e+00,-1.037390422821044922e+01,-7.698976039886474609e+00,-3.009502649307250977e+00,-1.665397763252258301e+00,-1.792630672454833984e+00,2.191962003707885742e+00,1.802466392517089844e+00,6.856359243392944336e-01,-4.073288917541503906e+00,-6.349509239196777344e+00,-3.656382560729980469e+00,-4.788093090057373047e+00,-4.689620494842529297e+00,-3.738265752792358398e+00,7.718635797500610352e-01,-5.082750916481018066e-01,-3.285908699035644531e-02,-2.688513696193695068e-01,-1.744637966156005859e+00,-3.734674453735351562e+00,-6.200893402099609375e+00,-1.215045547485351562e+01,-1.354402923583984375e+01,-7.871351242065429688e+00,-4.422976493835449219e+00,-4.818667411804199219e+00,-8.658987045288085938e+00,-1.099942302703857422e+01,-1.059319114685058594e+01,-6.308988571166992188e+00,-6.506877899169921875e+00,-4.272110462188720703e+00,-3.556138753890991211e+00,-1.722348809242248535e+00,-1.286972880363464355e+00,-2.338372468948364258e+00,-4.863416671752929688e+00,9.510489106178283691e-01,4.354189872741699219e+00,3.536056995391845703e+00,7.705502510070800781e+00,6.253763198852539062e+00,5.890248775482177734e+00,1.805156111717224121e+00,1.923404693603515625e+00,9.283710122108459473e-01,-1.384603857994079590e+00,-2.286856412887573242e+00,8.104273676872253418e-01,2.857575416564941406e+00,1.134647130966186523e+00,4.054852008819580078e+00,1.158123779296875000e+01,7.716373443603515625e+00,3.501526355743408203e+00,4.084669113159179688e+00,-2.763233661651611328e+00,-2.562229394912719727e+00,5.632167816162109375e+00,8.319301605224609375e+00,5.271721363067626953e+00,2.691737413406372070e-01,1.232223033905029297e+00,4.455013275146484375e+00,8.029129028320312500e+00,7.486457824707031250e+00,6.002697944641113281e+00,5.705652713775634766e+00,4.433193206787109375e+00,-5.417507886886596680e-01,-7.488434314727783203e-01,1.124431848526000977e+00,4.499178886413574219e+00,1.248734569549560547e+01,1.370876884460449219e+01,4.864808082580566406e+00,3.019402027130126953e+00,5.155548095703125000e+00,6.165475845336914062e+00,4.716469764709472656e+00,4.843092918395996094e+00,8.055172920227050781e+00,7.336139202117919922e+00,9.190292358398437500e+00,9.372700691223144531e+00,9.250193595886230469e+00,1.012461471557617188e+01,4.401589870452880859e+00,4.809485673904418945e-01,4.844683170318603516e+00,2.116148710250854492e+00,5.523580312728881836e-02,2.405911922454833984e+00,3.606569290161132812e+00,4.910662174224853516e+00,5.855421066284179688e+00,-1.917273998260498047e-01,3.605190515518188477e+00,4.572592258453369141e+00,1.435312557220458984e+01,1.762903976440429688e+01,1.601063919067382812e+01,1.800466537475585938e+01,1.820197105407714844e+01,1.002703380584716797e+01,4.892858505249023438e+00,6.417257308959960938e+00,7.748628616333007812e+00,2.623046398162841797e+00,-2.724987983703613281e+00,-5.716236114501953125e+00,7.821329116821289062e+00,1.487306594848632812e+01,9.551689147949218750e+00,5.117207050323486328e+00,6.158163547515869141e+00,3.623554468154907227e+00,8.978033065795898438e+00,1.708550643920898438e+01,2.227046203613281250e+01,2.523522567749023438e+01,2.879216957092285156e+01,2.806351089477539062e+01,2.589199447631835938e+01,7.517785072326660156e+00,-1.051221656799316406e+01,-1.417513275146484375e+01,-1.135298728942871094e+01,-1.630339813232421875e+01,-2.758673477172851562e+01,-2.930419349670410156e+01,-2.741861724853515625e+01,-1.514107322692871094e+01,-7.599581241607666016e+00,-8.506290435791015625e+00,-6.229817390441894531e+00,-2.555376529693603516e+00,8.704626083374023438e+00,1.809762191772460938e+01,2.181573486328125000e+01,2.274265098571777344e+01,2.500855827331542969e+01,1.601945686340332031e+01,-3.384001016616821289e+00,-1.594103240966796875e+01,-2.015804290771484375e+01,-1.819874000549316406e+01,-1.571876430511474609e+01,-1.404265308380126953e+01,-9.712685585021972656e+00,-4.302437782287597656e+00,3.126540184020996094e+00,6.346555709838867188e+00,5.024488449096679688e+00,3.223835468292236328e+00,2.242672741413116455e-01,-2.540850639343261719e+00,4.739727973937988281e+00,1.182536697387695312e+01,5.396124839782714844e+00,-3.309940695762634277e-01,9.564582109451293945e-01,4.195991039276123047e+00,-2.722299337387084961e+00,1.056750297546386719e+00,4.462580204010009766e+00,9.829783439636230469e+00,7.034463882446289062e+00,2.461571693420410156e+00,1.354512095451354980e+00,5.228586196899414062e-01,5.287996292114257812e+00,3.817919731140136719e+00,-6.934749603271484375e+00,-1.429457759857177734e+01,-1.226427268981933594e+01,-7.782033920288085938e+00,-2.094284892082214355e-01,5.384510040283203125e+00,6.935695648193359375e+00,3.965893507003784180e+00,1.505190849304199219e+00,2.195954769849777222e-01,-1.471052169799804688e+00,2.606922626495361328e+00,8.454463958740234375e+00,9.733774185180664062e+00,2.300089597702026367e+00,-4.959416866302490234e+00,-1.194653892517089844e+01,-1.302260971069335938e+01,-5.854955196380615234e+00,-3.429650306701660156e+00,-2.881647348403930664e+00,-7.035497665405273438e+00,-7.408924102783203125e+00,-1.841158032417297363e+00,4.610080718994140625e+00,5.984457015991210938e+00,5.493831634521484375e+00,1.847964286804199219e+00,8.025714874267578125e+00,1.136572647094726562e+01,1.303167152404785156e+01,1.676625061035156250e+01,1.321948432922363281e+01,5.611209869384765625e+00,6.143237590789794922e+00,7.062310218811035156e+00,3.125496625900268555e+00,2.101049184799194336e+00,2.356706619262695312e+00,4.216033518314361572e-01,-4.814270734786987305e-01,3.123223543167114258e+00,-3.335969448089599609e+00,-3.351674795150756836e+00,-2.674843788146972656e+00,-6.406486511230468750e+00,-5.014444351196289062e+00,-4.280166149139404297e+00,-9.522088050842285156e+00,-5.816908836364746094e+00,-1.170146346092224121e+00,8.087356567382812500e+00,8.445236206054687500e+00,5.543501377105712891e+00,3.834505558013916016e+00,9.255607604980468750e+00,1.595850467681884766e+01,1.928489303588867188e+01,1.828974914550781250e+01,1.545064735412597656e+01,1.388159942626953125e+01,9.558458328247070312e+00,1.176112937927246094e+01,1.863157653808593750e+01,1.515817928314208984e+01,1.986026000976562500e+01,2.079477119445800781e+01,1.749997329711914062e+01,1.534578132629394531e+01,1.242609214782714844e+01,1.027127838134765625e+01,1.232646942138671875e+01,1.347638034820556641e+01,1.325881767272949219e+01,2.279626846313476562e+00,-8.377925872802734375e+00,-8.023181915283203125e+00,-5.111042022705078125e+00,-1.145460987091064453e+01,-1.062308216094970703e+01,-1.310349750518798828e+01,-1.153990268707275391e+01,-1.100169754028320312e+01,-5.832189559936523438e+00,-5.138854503631591797e+00,-5.093480587005615234e+00,2.544671058654785156e+00,7.033190727233886719e+00,5.531988143920898438e+00,5.421643257141113281e+00,6.014869689941406250e+00,5.192621231079101562e+00,-4.663122653961181641e+00,-8.351243972778320312e+00,-7.024885654449462891e+00,-1.353079438209533691e+00,-4.794947624206542969e+00,-5.381027698516845703e+00,-1.518753170967102051e+00,-6.011620759963989258e-01,2.565990686416625977e+00,2.991777896881103516e+00,1.937219977378845215e+00,1.376490116119384766e+00,1.089150786399841309e+00,3.175624370574951172e+00,2.896214962005615234e+00,-4.492271423339843750e+00,-2.666245937347412109e+00,-5.770343542098999023e-02,1.887087225914001465e+00,6.901316642761230469e+00,3.934316635131835938e+00,-1.324768066406250000e+00,-2.193779230117797852e+00,-8.395378112792968750e+00,-9.371612548828125000e+00,-1.435367703437805176e+00,9.805852890014648438e+00,1.302441215515136719e+01,1.043865203857421875e+01,5.361695289611816406e+00,2.749811172485351562e+00,4.559301853179931641e+00,4.334754467010498047e+00,5.425435066223144531e+00,9.566797256469726562e+00,7.530640602111816406e+00,6.717925071716308594e+00,5.763322830200195312e+00,8.200014114379882812e+00,1.026987266540527344e+01,6.647710800170898438e+00,8.703279495239257812e+00,7.141205310821533203e+00,1.541728258132934570e+00,5.595042228698730469e+00,9.405577659606933594e+00,6.361869335174560547e+00,6.467112541198730469e+00,1.993646383285522461e+00,-1.388911437988281250e+01,-1.461068725585937500e+01,-7.410149574279785156e+00,-1.820376515388488770e+00,-4.568900108337402344e+00,2.951071858406066895e-01,1.118203735351562500e+01,1.332854557037353516e+01,1.129344749450683594e+01,1.530347537994384766e+01,1.519717407226562500e+01,1.334984397888183594e+01,1.100558567047119141e+01,7.849562644958496094e+00,-2.293488502502441406e+00,-9.871721267700195312e-01,3.165726184844970703e+00,-4.091037273406982422e+00,-1.277952003479003906e+01,-1.586999416351318359e+01,-1.660707473754882812e+01,-1.117557334899902344e+01,-7.534772872924804688e+00,-1.258813762664794922e+01,-1.041704750061035156e+01,2.370146751403808594e+00,4.905515670776367188e+00,4.658926963806152344e+00,4.234578609466552734e+00,1.011356163024902344e+01,1.035291957855224609e+01,5.010400772094726562e+00,4.011075019836425781e+00,6.693950653076171875e+00,7.756681442260742188e+00,9.056713104248046875e+00,5.414254665374755859e+00,8.761135101318359375e+00,1.488079166412353516e+01,1.511669349670410156e+01,1.396124076843261719e+01,1.032954788208007812e+01,1.048824310302734375e+01,1.309285640716552734e+01,1.080202293395996094e+01,5.197512626647949219e+00,5.468482971191406250e+00,6.551355361938476562e+00,1.186077880859375000e+01,1.327728271484375000e+01,8.843051910400390625e+00,8.742351531982421875e+00,1.025253868103027344e+01,5.065337657928466797e+00,7.292653560638427734e+00,-3.162082672119140625e+00,-4.413122177124023438e+00,6.331074833869934082e-01,5.322006225585937500e+00,8.305883407592773438e+00,4.432255744934082031e+00,5.757513999938964844e+00,8.401606559753417969e+00,9.285850524902343750e+00,2.017096138000488281e+01,2.944821166992187500e+01,3.167571640014648438e+01,3.128346061706542969e+01,2.513975143432617188e+01,8.424329757690429688e+00,-8.198716163635253906e+00,-1.733610916137695312e+01,-1.443360710144042969e+01,-1.274665260314941406e+01,-1.156674194335937500e+01,-7.724697113037109375e+00,-2.243213057518005371e-01,6.710249423980712891e+00,2.895999908447265625e+00,1.768214583396911621e+00,2.135671615600585938e+00,1.798422098159790039e+00,-4.155664443969726562e+00,-1.212819862365722656e+01,-4.514046669006347656e+00,-2.121938228607177734e+00,-3.527822494506835938e+00,-1.162199974060058594e+00,-2.933043718338012695e+00,-6.561254501342773438e+00,-4.971725463867187500e+00,1.913328886032104492e+00,5.777090072631835938e+00,9.273071289062500000e+00,6.451446533203125000e+00,-5.323470234870910645e-01,-1.022520661354064941e+00,-5.655974388122558594e+00,-6.325585365295410156e+00,-9.172923088073730469e+00,-1.556308460235595703e+01,-1.255937957763671875e+01,-3.270003557205200195e+00,-3.065840005874633789e-01,-3.430241107940673828e+00,-6.493319511413574219e+00,-1.151964378356933594e+01,-6.637318611145019531e+00,2.023181617259979248e-01,2.011773586273193359e+00,5.419991612434387207e-01,6.740016937255859375e-01,7.753507614135742188e+00,9.276124000549316406e+00,1.037843418121337891e+01,8.793504714965820312e+00,5.570126533508300781e+00,6.813360214233398438e+00,6.085502624511718750e+00,7.095483779907226562e+00,1.539625406265258789e+00,-4.080243110656738281e+00,-1.410859584808349609e+00,5.361462116241455078e+00,6.696946144104003906e+00,2.180886507034301758e+00,8.343142509460449219e+00,1.244488334655761719e+01,7.291009902954101562e+00,-1.314480781555175781e+00,3.149241924285888672e+00,1.377583503723144531e+01,1.096913909912109375e+01,5.289252281188964844e+00,8.131346702575683594e+00,1.167490959167480469e+01,1.128483009338378906e+01,1.340932846069335938e+01,7.273079872131347656e+00,5.060648918151855469e+00,7.799882888793945312e+00,8.683326721191406250e+00,1.044477939605712891e+01,1.468551397323608398e+00,-9.921255111694335938e+00,-6.552713394165039062e+00,2.436007976531982422e+00,-2.925218820571899414e+00,-1.689994049072265625e+01,-1.732262611389160156e+01,-1.133527374267578125e+01,-6.420099258422851562e+00,-2.142640829086303711e+00,4.174771785736083984e+00,4.343761920928955078e+00,5.812345981597900391e+00,6.358937263488769531e+00,-6.382600784301757812e+00,-1.477995300292968750e+01,-1.378470420837402344e+01,-7.301560401916503906e+00,-8.843646049499511719e+00,-1.227139759063720703e+01,-9.818531036376953125e+00,-5.103533744812011719e+00,9.731827974319458008e-01,2.018898010253906250e+00,5.127758502960205078e+00,-2.523155212402343750e+00,-1.213236236572265625e+01,-1.126396560668945312e+01,-6.290687561035156250e+00,-8.003318786621093750e+00,-8.878719329833984375e+00,-2.879643440246582031e+00,-2.991138935089111328e+00,-3.424840927124023438e+00,-7.242026805877685547e+00,-4.521245479583740234e+00,-6.649170875549316406e+00,-1.014496612548828125e+01,-4.161294937133789062e+00,2.299717187881469727e+00,1.596686363220214844e+00,-7.816155552864074707e-01,-1.133229136466979980e+00,-3.126193284988403320e+00,-4.794897556304931641e+00,-4.495310306549072266e+00,-7.909065246582031250e+00,-5.061425209045410156e+00,-2.888019323348999023e+00,-2.960195302963256836e+00,8.884701728820800781e+00,2.465272521972656250e+01,2.797616958618164062e+01,2.827703285217285156e+01,2.384352111816406250e+01,2.144281578063964844e+01,2.046348381042480469e+01,1.573900985717773438e+01,1.450911521911621094e+01,1.367081546783447266e+01,4.070940017700195312e+00,-8.641716241836547852e-01,3.468162536621093750e+00,4.041629791259765625e+00,9.459506988525390625e+00,5.721281051635742188e+00,4.667824745178222656e+00,8.345075607299804688e+00,3.916699409484863281e+00,1.772491693496704102e+00,4.598018646240234375e+00,8.972372055053710938e+00,9.681978225708007812e+00,5.686308860778808594e+00,7.610973358154296875e+00,8.220425605773925781e+00,9.444220542907714844e+00,6.808953285217285156e+00,7.689216613769531250e+00,9.777738571166992188e+00,9.963079452514648438e+00,1.835297107696533203e+00,-3.257510066032409668e-01,-5.485858917236328125e-01,-5.001633644104003906e+00,-2.813828706741333008e+00,-1.611479520797729492e+00,-3.294508934020996094e+00,-2.988493919372558594e+00,-1.847102880477905273e+00,6.320853233337402344e-01,1.381047010421752930e+00,5.074928760528564453e+00,7.989743232727050781e+00,5.447312355041503906e+00,3.439844131469726562e+00,-2.482146978378295898e+00,1.696335792541503906e+00,5.453456044197082520e-01,-3.691304206848144531e+00,3.583879232406616211e+00,6.338762760162353516e+00,6.273612022399902344e+00,7.746465206146240234e+00,5.563004970550537109e+00,-5.130633354187011719e+00,-5.717446327209472656e+00,-6.194148063659667969e+00,-5.008353710174560547e+00,-4.905270576477050781e+00,-2.698968052864074707e-01,7.738057374954223633e-01,-2.155655384063720703e+00,1.833663225173950195e+00,9.024283409118652344e+00,3.539385318756103516e+00,-2.922543525695800781e+00,-7.415720939636230469e+00,-1.281439399719238281e+01,-1.617983245849609375e+01,-9.376819610595703125e+00,-4.870707988739013672e+00,-5.575569152832031250e+00,-8.746731758117675781e+00,-5.227874755859375000e+00,5.448287487030029297e+00,7.150225639343261719e+00,3.422875404357910156e+00,2.918701171875000000e+00,4.846104621887207031e+00,5.293033123016357422e-01,-4.526619434356689453e+00,-8.225365638732910156e+00,-1.026761436462402344e+01,-8.422077178955078125e+00,-4.813702583312988281e+00,8.077769279479980469e-01,2.973710298538208008e-01,3.540260314941406250e+00,4.434582710266113281e+00,5.103269100189208984e+00,3.247433185577392578e+00,2.771584510803222656e+00,3.275840759277343750e+00,3.430787563323974609e+00,-9.113496780395507812e+00,-1.331768798828125000e+01,-1.622578239440917969e+01,-2.013258171081542969e+01,-2.134499359130859375e+01,-2.427959060668945312e+01,-3.132698822021484375e+01,-2.268276214599609375e+01,-1.802560806274414062e+01,-1.250772190093994141e+01,-4.228223800659179688e+00,9.881319046020507812e+00,1.716502761840820312e+01,2.258513450622558594e+01,2.270597076416015625e+01,2.198320770263671875e+01,2.319346427917480469e+01,2.743869590759277344e+01,2.094152069091796875e+01,1.519348144531250000e+01,1.159687614440917969e+01,1.029626369476318359e+01,6.867261886596679688e+00,2.762130975723266602e+00,5.636126995086669922e+00,6.306160449981689453e+00,8.603986740112304688e+00,7.440145015716552734e+00,-8.174192309379577637e-01,-8.401090621948242188e+00,-8.199810981750488281e+00,-4.108947753906250000e+00,-7.534852981567382812e+00,-4.267829895019531250e+00,-9.913893699645996094e+00,-8.300868988037109375e+00,-4.317963123321533203e+00,-2.802111148834228516e+00,1.923783421516418457e-01,-5.001567602157592773e-01,3.669884681701660156e+00,2.502808094024658203e+00,-1.497048497200012207e+00,1.209476590156555176e-02,5.118268728256225586e-01,-1.280197143554687500e+00,-3.594444990158081055e+00,-1.705043792724609375e+00,9.284101128578186035e-01,8.992130160331726074e-01,3.362396359443664551e-01,-3.655749797821044922e+00,-1.736502289772033691e+00,-2.322362422943115234e+00,-8.527466058731079102e-01,-1.975760221481323242e+00,1.031408500671386719e+01,1.423446941375732422e+01,1.058844089508056641e+01,6.671213150024414062e+00,1.590927410125732422e+01,1.760010528564453125e+01,1.718255996704101562e+01,2.054297256469726562e+01,2.092728614807128906e+01,1.318755912780761719e+01,1.193843078613281250e+01,1.169051933288574219e+01,8.962833404541015625e+00,8.616112709045410156e+00,3.391908645629882812e+00,5.333040356636047363e-01,7.429790973663330078e+00,1.077534866333007812e+01,1.753934478759765625e+01,1.319184494018554688e+01,3.702174901962280273e+00,-1.069548130035400391e+00,-1.693783164024353027e+00,1.677988886833190918e+00,3.148262977600097656e+00,1.165531873703002930e-01,-2.560757637023925781e+00,3.876990675926208496e-01,4.754355430603027344e+00,2.310457468032836914e+00,2.683494806289672852e+00,8.272098541259765625e+00,7.936664581298828125e+00,8.217667579650878906e+00,6.122123718261718750e+00,6.289523601531982422e+00,7.357868194580078125e+00,1.006344795227050781e+01,9.197965621948242188e+00,8.422926902770996094e+00,6.162841320037841797e+00,4.268979549407958984e+00,2.480780601501464844e+00,4.105388641357421875e+00,5.380383491516113281e+00,9.983457922935485840e-01,2.728702068328857422e+00,9.634748458862304688e+00,9.528650283813476562e+00,1.373802947998046875e+01,1.542453861236572266e+01,1.282108879089355469e+01,9.467725753784179688e+00,6.176674842834472656e+00,4.147225618362426758e-02,6.628556549549102783e-02,-4.923069000244140625e+00,-1.354531955718994141e+01,-1.440426731109619141e+01,-1.398924255371093750e+01,-1.137419128417968750e+01,-1.112433147430419922e+01,3.057791471481323242e+00,2.048809528350830078e+00,-4.208554267883300781e+00,-5.171432018280029297e+00,-6.717182159423828125e+00,-4.823053359985351562e+00,-5.834357261657714844e+00,-7.760845184326171875e+00,-2.124035596847534180e+00,1.697288870811462402e+00,3.642015933990478516e+00,1.068516349792480469e+01,8.945350646972656250e+00,6.793745040893554688e+00,1.258611869812011719e+01,1.366618061065673828e+01,1.040629386901855469e+01,8.588176727294921875e+00,1.043989372253417969e+01,1.094095420837402344e+01,1.056767654418945312e+01,8.118309020996093750e+00,-4.574757814407348633e-01,-1.194384694099426270e+00,3.405909061431884766e+00,3.330858707427978516e+00,-2.330723851919174194e-01,-8.095254302024841309e-01,-3.573208808898925781e+00,-9.927681088447570801e-01,9.202613234519958496e-01,1.594910144805908203e+00,1.411365628242492676e+00,6.159028530120849609e+00,9.919307708740234375e+00,1.207181930541992188e+01,1.294420814514160156e+01,1.274523353576660156e+01,8.660433769226074219e+00,1.129947757720947266e+01,7.195751190185546875e+00,3.686558246612548828e+00,-1.425924539566040039e+00,-4.939647674560546875e+00,-3.231682062149047852e+00,5.475786328315734863e-01,2.543811798095703125e+00,6.153846740722656250e+00,7.736846923828125000e+00,2.716473102569580078e+00,4.412209987640380859e+00,2.392688274383544922e+00,3.220937728881835938e+00,3.059836864471435547e+00,9.248706817626953125e+00,1.028338050842285156e+01,8.168626785278320312e+00,4.438660621643066406e+00,5.457423210144042969e+00,1.182361984252929688e+01,8.274484634399414062e+00,5.112468719482421875e+00,5.428604125976562500e+00,4.195843696594238281e+00,7.017076015472412109e+00,5.035166263580322266e+00,4.641633629798889160e-01,5.293675899505615234e+00,9.319601058959960938e+00,1.107868576049804688e+01,1.174915695190429688e+01,8.832588195800781250e+00,6.994538784027099609e+00,1.002691841125488281e+01,1.556529235839843750e+01,1.221960544586181641e+01,1.648930740356445312e+01,2.588157081604003906e+01,2.812930679321289062e+01,2.427845001220703125e+01,2.263843154907226562e+01,1.770469665527343750e+01,1.588595390319824219e+01,1.124376773834228516e+01,9.789958953857421875e+00,3.490773200988769531e+00,4.079817771911621094e+00,2.468537807464599609e+00,1.198037266731262207e+00,1.720864415168762207e+00,-3.452031373977661133e+00,-6.384879589080810547e+00,-9.437791824340820312e+00,-1.101354312896728516e+01,-5.657385349273681641e+00,-5.104378461837768555e-01,7.583704948425292969e+00,8.560429573059082031e+00,5.364394664764404297e+00,4.758324623107910156e+00,-3.287062168121337891e+00,-5.896111488342285156e+00,-3.361905217170715332e-01,-2.601177215576171875e+00,-6.260715484619140625e+00,-5.813773155212402344e+00,-4.279638290405273438e+00,7.867379784584045410e-01,-9.300179779529571533e-02,1.432599544525146484e+00,5.796954631805419922e+00,8.810485839843750000e+00,1.362000656127929688e+01,1.416322708129882812e+01,1.657935333251953125e+01,1.946644592285156250e+01,2.183776473999023438e+01,2.297018623352050781e+01,2.086738204956054688e+01,1.452992820739746094e+01,8.184009552001953125e+00,2.264668703079223633e+00,-1.263456344604492188e-01,-5.034330368041992188e+00,-4.723933935165405273e-01,6.452161788940429688e+00,2.550316572189331055e+00,3.321790695190429688e-02,-1.426548123359680176e+00,3.157754421234130859e+00,4.210347533226013184e-01,3.226288557052612305e-01,1.913069844245910645e+00,5.848795413970947266e+00,7.096208572387695312e+00,6.636641502380371094e+00,6.495471477508544922e+00,4.749805450439453125e+00,2.310340166091918945e+00,-4.085776329040527344e+00,8.157665729522705078e-01,1.529825592041015625e+01,1.684143447875976562e+01,1.526958274841308594e+01,2.014822387695312500e+01,2.032508850097656250e+01,2.339518737792968750e+01,2.337320137023925781e+01,2.197697257995605469e+01,1.639759445190429688e+01,1.439255905151367188e+01,1.644409942626953125e+01,9.890719413757324219e+00,1.261358451843261719e+01,1.735732269287109375e+01,1.941006469726562500e+01,1.865019035339355469e+01,2.412291717529296875e+01,1.825678253173828125e+01,1.984490013122558594e+01,2.298591613769531250e+01,1.790319442749023438e+01,1.051062965393066406e+01,1.089185333251953125e+01,2.180231094360351562e+01,3.021945190429687500e+01,2.579231643676757812e+01,1.535969352722167969e+01,8.616636276245117188e+00,9.364210128784179688e+00,9.630329132080078125e+00,1.415687370300292969e+01,1.597637844085693359e+01,1.400584793090820312e+01,1.787758636474609375e+01,1.597577190399169922e+01,1.148355007171630859e+01,7.304786682128906250e+00,1.024114418029785156e+01,8.591629981994628906e+00,8.046323776245117188e+00,5.551487445831298828e+00,7.385112047195434570e-01,3.598476648330688477e-01,5.055140495300292969e+00,8.446672439575195312e+00,5.857749938964843750e+00,1.545486807823181152e+00,-3.778116703033447266e-01,-1.243218779563903809e+00,-1.590409994125366211e+00,5.192129611968994141e-01,6.301367282867431641e-01,2.674612045288085938e+00,6.350158691406250000e+00,5.650785446166992188e+00,8.869108200073242188e+00,7.920055389404296875e+00,4.765106201171875000e+00,6.223602294921875000e+00,8.910561561584472656e+00,7.164691925048828125e+00,4.901759147644042969e+00,4.046535015106201172e+00,7.172322273254394531e-02,-3.062830269336700439e-01,1.331557631492614746e+00,1.605008482933044434e+00,2.670210123062133789e+00,5.713103294372558594e+00,9.507665634155273438e+00,5.827162265777587891e+00,5.368090152740478516e+00,4.558698177337646484e+00,1.643319427967071533e-01,8.268075942993164062e+00,3.553809642791748047e+00,-1.145374584197998047e+01,-1.565286254882812500e+01,-1.228428840637207031e+01,-3.005057811737060547e+00,5.749216079711914062e+00,9.438841819763183594e+00,8.422992706298828125e+00,1.183940696716308594e+01,1.052301120758056641e+01,1.135861778259277344e+01,1.887665939331054688e+01,2.912363433837890625e+01,3.012825965881347656e+01,2.813629531860351562e+01,2.947006416320800781e+01,3.208818054199218750e+01,2.850483512878417969e+01,2.138355255126953125e+01,1.996708297729492188e+01,1.146867561340332031e+01,1.113757038116455078e+01,1.012549591064453125e+01,8.803905487060546875e+00,7.775745391845703125e+00,8.273214340209960938e+00,1.053674316406250000e+01,1.201284408569335938e+01,8.772195816040039062e+00,9.269676208496093750e+00,9.156220436096191406e+00,6.807493209838867188e+00,4.738903522491455078e+00,7.939438819885253906e+00,1.187448120117187500e+01,9.372810363769531250e+00,5.391949653625488281e+00,6.170307159423828125e+00,2.559502124786376953e+00,1.574396729469299316e+00,4.658848762512207031e+00,5.978726387023925781e+00,5.932647705078125000e+00,5.516611099243164062e+00,6.594518661499023438e+00,1.137491607666015625e+01,1.598590850830078125e+01,2.120269775390625000e+01,2.075765037536621094e+01,1.002013492584228516e+01,8.254219055175781250e+00,1.052345848083496094e+01,7.391478538513183594e+00,7.805165290832519531e+00,9.803878784179687500e+00,8.020788192749023438e+00,7.189364433288574219e+00,6.481451988220214844e+00,7.975405693054199219e+00,9.888332366943359375e+00,1.467382240295410156e+01,8.553958892822265625e+00,5.825882911682128906e+00,7.031594276428222656e+00,9.811458587646484375e+00,1.120389747619628906e+01,1.112775039672851562e+01,7.677101612091064453e+00,3.820353031158447266e+00,4.447767734527587891e+00,4.492220401763916016e+00,5.186807632446289062e+00,5.034704685211181641e+00,3.731489896774291992e+00,2.016661071777343750e+01,1.573927021026611328e+01,1.108237266540527344e+01,6.745539665222167969e+00,-1.805753111839294434e+00,-2.897336721420288086e+00,2.545181274414062500e+00,9.173990249633789062e+00,8.146528244018554688e+00,2.798768281936645508e+00,-7.687088012695312500e+00,-6.950343132019042969e+00,-1.015388011932373047e+01,-5.208585739135742188e+00,-3.328731060028076172e+00,1.089925861358642578e+01,5.455957889556884766e+00,4.369891166687011719e+00,8.736816406250000000e+00,1.109595203399658203e+01,1.166701602935791016e+01,1.175954246520996094e+01,1.440052032470703125e+01,1.660479736328125000e+01,1.573542881011962891e+01,1.405472946166992188e+01,5.271057605743408203e+00,7.588175535202026367e-01,9.539210796356201172e-01,1.927132368087768555e+00,9.629176855087280273e-01,1.588665008544921875e+00,2.241307020187377930e+00,9.860010147094726562e+00,1.480173110961914062e+01,1.302552413940429688e+01,1.276604366302490234e+01,1.050035190582275391e+01,1.202893066406250000e+01,1.434963798522949219e+01,1.498542308807373047e+01,7.658207893371582031e+00,5.041447162628173828e+00,3.119138717651367188e+00,8.787387847900390625e+00,1.442055702209472656e+01,1.395504951477050781e+01,1.434318733215332031e+01,1.396728134155273438e+01,9.103733062744140625e+00,1.093368911743164062e+01,9.025224685668945312e+00,6.476830482482910156e+00,8.692224502563476562e+00,6.115056991577148438e+00,3.617053985595703125e+00,6.558865070343017578e+00,7.136221885681152344e+00,3.580213546752929688e+00,5.294096946716308594e+00,1.284944915771484375e+01,2.560705566406250000e+01,3.146628761291503906e+01,3.577398681640625000e+01,3.546693801879882812e+01,3.292887115478515625e+01,2.608900070190429688e+01,2.173831176757812500e+01,3.913421392440795898e+00,-3.769550323486328125e+00,-5.122402191162109375e+00,-1.537041783332824707e+00,-2.405054330825805664e+00,-1.068020939826965332e+00,9.009366989135742188e+00,9.241900444030761719e+00,5.694343566894531250e+00,-1.603450477123260498e-01,3.656208515167236328e+00,2.971106529235839844e+00,-1.342038631439208984e+00,1.796472787857055664e+00,3.744727849960327148e+00,9.705333709716796875e+00,2.425110244750976562e+01,3.617695999145507812e+01,3.849792861938476562e+01,3.862716674804687500e+01,3.388873291015625000e+01,3.227429199218750000e+01,2.641257858276367188e+01,1.280701828002929688e+01,5.361720085144042969e+00,2.698219537734985352e+00,1.594690918922424316e+00,4.195942878723144531e+00,6.969982624053955078e+00,7.185787200927734375e+00,6.130147933959960938e+00,3.382448554039001465e-01,1.213106632232666016e+00,9.753233909606933594e+00,1.416899585723876953e+01,1.019251251220703125e+01,1.627755546569824219e+01,1.478741455078125000e+01,1.427525711059570312e+01,1.345703887939453125e+01,1.424213218688964844e+01,1.410479545593261719e+01,1.361955642700195312e+01,1.132654953002929688e+01,8.956827163696289062e+00,9.434535980224609375e+00,1.215335273742675781e+01,1.837301635742187500e+01,2.116939353942871094e+01,2.036226081848144531e+01,1.695214462280273438e+01,1.399569892883300781e+01,1.099394702911376953e+01,1.280954360961914062e+01,1.500042343139648438e+01,1.312000560760498047e+01,9.021468162536621094e+00,7.030055046081542969e+00,1.117495536804199219e+01,1.153330612182617188e+01,-8.641961097717285156e+00,-1.071592903137207031e+01,-9.676563262939453125e+00,-7.020689010620117188e+00,-6.529284477233886719e+00,-4.604619026184082031e+00,-1.176604270935058594e+00,5.600696563720703125e+00,1.043302536010742188e+01,1.045877337455749512e+00,-1.100403594970703125e+01,-9.147579193115234375e+00,1.937021732330322266e+00,3.486769676208496094e+00,-8.233271837234497070e-01,-6.341996669769287109e+00,-1.293708801269531250e+01,-1.421864128112792969e+01,-1.535802650451660156e+01,-1.731148719787597656e+01,-1.302756690979003906e+01,-5.677135467529296875e+00,5.691587448120117188e+00,1.089229869842529297e+01,1.762141466140747070e+00,-6.702152252197265625e+00,-1.062667179107666016e+01,-9.900764465332031250e+00,-7.886711597442626953e+00,-7.446312427520751953e+00,-9.823878407478332520e-01,-7.429034709930419922e-01,-6.697988510131835938e+00,-7.187154769897460938e+00,-5.798753261566162109e+00,-2.818619966506958008e+00,3.177551984786987305e+00,3.818044185638427734e+00,4.004402160644531250e+00,3.670924186706542969e+00,7.098351478576660156e+00,6.704641342163085938e+00,5.244121551513671875e+00,7.840181350708007812e+00,1.394220256805419922e+01,1.270786666870117188e+01,9.595504760742187500e+00,8.905647277832031250e+00,3.496070146560668945e+00,4.657968521118164062e+00,2.828922033309936523e+00,7.508787631988525391e+00,9.170974731445312500e+00,1.142369556427001953e+01,1.183590316772460938e+01,1.024847412109375000e+01,1.018680572509765625e+01,1.022344303131103516e+01,7.545333385467529297e+00,1.152636885643005371e+00,3.344713211059570312e+00,1.254222488403320312e+01,1.177386093139648438e+01,9.010283470153808594e+00,7.834808349609375000e+00,9.289283752441406250e+00,8.927745819091796875e+00,1.284516525268554688e+01,9.780420303344726562e+00,5.133763790130615234e+00,1.345554542541503906e+01,1.201440811157226562e+01,1.171463584899902344e+01,1.320572733879089355e+00,-6.512213706970214844e+00,-7.234563827514648438e+00,-9.502390861511230469e+00,-1.413558578491210938e+01,-1.438212871551513672e+01,-9.799635887145996094e+00,-6.377726554870605469e+00,-2.501170873641967773e+00,-1.182911276817321777e+00,-1.205636262893676758e+00,2.302715182304382324e-01,-1.174008488655090332e+00,-2.077545166015625000e+00,-5.110499858856201172e+00,-1.834372878074645996e+00,7.616354823112487793e-01,6.068572998046875000e-01,4.723457813262939453e+00,1.319153594970703125e+01,1.686528015136718750e+01,8.686967849731445312e+00,-1.917823851108551025e-01,-5.891900062561035156e+00,-1.312205886840820312e+01,-1.731567001342773438e+01,-1.735058212280273438e+01,-2.006611633300781250e+01,-1.686715316772460938e+01,-1.322997665405273438e+01,-1.664110183715820312e+01,-1.507865142822265625e+01,-1.094984626770019531e+01,-2.664173841476440430e+00,1.733537912368774414e-01,7.039200782775878906e+00,9.530099868774414062e+00,1.098752212524414062e+01,7.925693035125732422e+00,1.633372902870178223e-01,2.575717926025390625e+00,7.232952117919921875e+00,1.035529232025146484e+01,1.185902976989746094e+01,1.077503585815429688e+01,1.128942871093750000e+01,1.093577098846435547e+01,9.332344055175781250e+00,5.550564765930175781e+00,-2.242080569267272949e-01,-3.071351647377014160e-01,1.534803032875061035e+00,2.744255542755126953e+00,9.649907112121582031e+00,2.601315307617187500e+01,3.165821838378906250e+01,3.817455673217773438e+01,3.973662948608398438e+01,3.280205535888671875e+01,2.044698524475097656e+01,1.251597785949707031e+01,4.046326637268066406e+00,-1.667820453643798828e+00,-5.116022586822509766e+00,-6.203275173902511597e-03,3.133204698562622070e+00,-9.495538473129272461e-01,-5.604354858398437500e+00,-4.798772811889648438e+00,-2.652840375900268555e+00,-2.249505758285522461e+00,-6.254899978637695312e+00,-1.377878475189208984e+01,-1.208237743377685547e+01,-3.130202054977416992e+00,7.345347404479980469e+00,1.682245635986328125e+01,2.384954833984375000e+01,2.416310882568359375e+01,2.553021430969238281e+01,2.839599418640136719e+01,2.204400634765625000e+01,1.184674835205078125e+01,6.628575325012207031e+00,8.177713394165039062e+00,1.347695159912109375e+01,2.627076339721679688e+01,2.802019309997558594e+01,2.977958869934082031e+01,3.180585670471191406e+01,3.234944915771484375e+01,2.984442710876464844e+01,2.526647567749023438e+01,2.710874938964843750e+01,2.434906387329101562e+01,2.060514831542968750e+01,4.910878658294677734e+00,1.317325353622436523e+00,5.270904541015625000e+00,8.449531555175781250e+00,1.283475494384765625e+01,1.596820545196533203e+01,1.484473419189453125e+01,1.325665378570556641e+01,1.377042961120605469e+01,1.552803516387939453e+01,1.529418373107910156e+01,1.182065200805664062e+01,1.512396812438964844e+01,1.246697521209716797e+01,1.405817604064941406e+01,9.762404441833496094e+00,2.916557550430297852e+00,4.196457862854003906e+00,3.520727634429931641e+00,-5.767170190811157227e-01,-7.069393157958984375e+00,-8.253045082092285156e+00,-7.358936309814453125e+00,-4.032937049865722656e+00,-5.856203079223632812e+00,-6.632008075714111328e+00,7.850747704505920410e-01,6.237508773803710938e+00,7.778831481933593750e+00,7.500226974487304688e+00,9.607543945312500000e+00,8.480563163757324219e+00,6.517480850219726562e+00,3.409556865692138672e+00,5.950545310974121094e+00,1.027191543579101562e+01,5.606172561645507812e+00,3.422864437103271484e+00,5.347930908203125000e+00,8.401151657104492188e+00,7.992702484130859375e+00,7.714258193969726562e+00,9.337971687316894531e+00,1.313613510131835938e+01,1.291907691955566406e+01,1.108932495117187500e+01,-5.055620074272155762e-01,-3.635012149810791016e+00,-1.006727600097656250e+01,-1.521202278137207031e+01,-1.430252552032470703e+01,-1.153112792968750000e+01,2.083503484725952148e+00,1.241634368896484375e+01,5.371372222900390625e+00,-6.679521560668945312e+00,-1.132057857513427734e+01,-7.526972293853759766e+00,-3.500386238098144531e+00,-3.757154643535614014e-01,-4.630140781402587891e+00,-8.596014976501464844e-02,5.721297264099121094e+00,5.318281173706054688e+00,4.858219623565673828e+00,2.751461267471313477e+00,4.148969948291778564e-01,8.337063193321228027e-01,6.524270772933959961e-01,1.566800117492675781e+00,-7.802675247192382812e+00,-1.228883647918701172e+01,-1.489134597778320312e+01,-1.454378509521484375e+01,-1.364437866210937500e+01,-7.773100376129150391e+00,-7.670853614807128906e+00,-7.753777503967285156e+00,-1.159107303619384766e+01,-1.362570953369140625e+01,-1.465862846374511719e+01,-9.862014770507812500e+00,-5.160283565521240234e+00,-2.144946098327636719e+00,2.276068687438964844e+00,4.389921665191650391e+00,3.301749229431152344e+00,1.778108954429626465e+00,1.807999014854431152e-01,3.008503437042236328e+00,5.523460865020751953e+00,1.245105361938476562e+01,1.170232009887695312e+01,7.687661170959472656e+00,7.212198257446289062e+00,1.261051750183105469e+01,1.416664314270019531e+01,1.226412487030029297e+01,7.401638031005859375e+00,1.102710914611816406e+01,8.916284561157226562e+00,4.155137538909912109e+00,-1.097228407859802246e+00,-1.092586517333984375e+01,-5.981559753417968750e+00,2.244930505752563477e+00,5.305804252624511719e+00,2.928884625434875488e-01,-1.006415176391601562e+01,-1.425229072570800781e+01,-1.432000160217285156e+01,-7.042450904846191406e+00,-5.870535850524902344e+00,-8.805978775024414062e+00,-5.102507591247558594e+00,-5.257274627685546875e+00,-7.555457592010498047e+00,-9.046224594116210938e+00,-5.911770343780517578e+00,-3.892470836639404297e+00,-2.422318458557128906e+00,-3.115265846252441406e+00,-4.153204917907714844e+00,4.750816226005554199e-01,-4.600926935672760010e-01,-3.281762599945068359e+00,-2.058223962783813477e+00,-1.716970562934875488e+00,-7.909180641174316406e+00,-2.841826438903808594e+00,7.145153045654296875e+00,1.193397903442382812e+01,1.007615661621093750e+01,6.631003856658935547e+00,6.483179092407226562e+00,9.816339492797851562e+00,9.254541397094726562e+00,6.976701736450195312e+00,4.085530281066894531e+00,6.636876106262207031e+00,4.307889461517333984e+00,5.997208595275878906e+00,8.663442611694335938e+00,5.603837966918945312e-01,-7.415580749511718750e+00,-1.253539848327636719e+01,-1.257504653930664062e+01,-1.127228736877441406e+01,-1.418840599060058594e+01,-1.938886260986328125e+01,-2.024894332885742188e+01,-1.203792953491210938e+01,-5.600881576538085938e+00,-8.618906974792480469e+00,-6.046676635742187500e+00,-2.852388858795166016e+00,-1.182915866374969482e-01,7.894120812416076660e-01,2.294487237930297852e+00,5.144955635070800781e+00,3.641372442245483398e+00,1.715821862220764160e+00,-3.258628368377685547e+00,-2.897938251495361328e+00,1.097378730773925781e+00,5.203817367553710938e+00,7.638530254364013672e+00,1.293532657623291016e+01,1.428164100646972656e+01,1.235749530792236328e+01,1.070816040039062500e+01,7.255236625671386719e+00,7.130505561828613281e+00,8.110530853271484375e+00,1.069053363800048828e+01,1.282627964019775391e+01,1.445045852661132812e+01,1.874687576293945312e+01,1.233533763885498047e+01,8.480718612670898438e+00,9.464933395385742188e+00,8.182262420654296875e+00,1.049093246459960938e+01,1.077349567413330078e+01,1.272922325134277344e+01,1.355669403076171875e+01,1.008336257934570312e+01,9.606122016906738281e+00,9.086297035217285156e+00,1.377559375762939453e+01,1.530854225158691406e+01,1.113619804382324219e+01,6.837310791015625000e+00,1.161385726928710938e+01,1.259750843048095703e+01,1.272873687744140625e+01,8.786056518554687500e+00,1.067488670349121094e+01,9.090368270874023438e+00,9.197503089904785156e+00,1.235369682312011719e+01,1.284260177612304688e+01,1.062115669250488281e+01,9.053919792175292969e+00,8.700307846069335938e+00,1.147535324096679688e+01,7.147702217102050781e+00,7.652060508728027344e+00,7.289931774139404297e+00,7.808933258056640625e+00,2.675046682357788086e+00,3.900993347167968750e+00,9.051510810852050781e+00,6.781588554382324219e+00,7.076509952545166016e+00,4.857350826263427734e+00,2.976781129837036133e+00,6.487204551696777344e+00,7.114248275756835938e+00,7.992702007293701172e+00,7.388251304626464844e+00,3.327283382415771484e+00,5.057158470153808594e+00,6.925834655761718750e+00,6.897207260131835938e+00,9.911119461059570312e+00,7.196483612060546875e+00,6.304758071899414062e+00,7.769911766052246094e+00,7.136789321899414062e+00,6.526299953460693359e+00,9.137523651123046875e+00,9.315096855163574219e+00,7.320646286010742188e+00,3.494162559509277344e+00,4.065477371215820312e+00,9.274030685424804688e+00,8.880295753479003906e+00,7.441079139709472656e+00,1.087363624572753906e+01,5.970814704895019531e+00,-1.041805505752563477e+00,4.171441078186035156e+00,6.865414619445800781e+00,4.262863159179687500e+00,8.944691658020019531e+00,8.026372909545898438e+00,6.767786026000976562e+00,8.653421401977539062e+00,1.658729434013366699e+00,2.880353450775146484e+00,6.754454135894775391e+00,3.820817470550537109e+00,5.907886505126953125e+00,9.212837219238281250e+00,3.616639375686645508e+00,2.501289844512939453e-01,5.031881332397460938e+00,8.962653160095214844e+00,1.297034168243408203e+01,1.116197109222412109e+01,6.124302387237548828e+00,5.901167869567871094e+00,3.361059665679931641e+00,1.728140711784362793e+00,9.754293441772460938e+00,1.300162124633789062e+01,1.332831001281738281e+01,1.261702346801757812e+01,9.192311286926269531e+00,7.560776710510253906e+00,5.236749649047851562e+00,5.829116821289062500e+00,7.024196624755859375e+00,9.160263061523437500e+00,1.024221992492675781e+01,1.353833580017089844e+01,7.680364608764648438e+00,7.851529121398925781e+00,7.832296848297119141e+00,1.083896255493164062e+01,1.183173656463623047e+01,1.299448585510253906e+01,1.630680274963378906e+01,1.094582939147949219e+01,8.580381393432617188e+00,8.918146133422851562e+00,-5.819989204406738281e+00,-1.365629959106445312e+01,-1.100662803649902344e+01,-5.072191238403320312e+00,-7.957066535949707031e+00,-7.679515361785888672e+00,-7.146067619323730469e+00,-5.098248958587646484e+00,-2.905389547348022461e+00,-4.949923038482666016e+00,-5.705762386322021484e+00,-5.992908477783203125e+00,-7.117391586303710938e+00,-9.996201515197753906e+00,-4.507928848266601562e+00,7.308192849159240723e-01,5.719671249389648438e+00,7.451784133911132812e+00,5.982083797454833984e+00,7.281853675842285156e+00,8.945029258728027344e+00,1.154931831359863281e+01,6.873761177062988281e+00,7.412257194519042969e+00,8.691419601440429688e+00,8.276689529418945312e+00,1.001343345642089844e+01,4.512115478515625000e+00,3.069535255432128906e+00,-1.101720690727233887e+00,-3.257591724395751953e+00,-5.830679893493652344e+00,-1.769800186157226562e+01,-2.335765075683593750e+01,-2.918605422973632812e+01,-2.743333435058593750e+01,-2.187721443176269531e+01,-1.764943695068359375e+01,-9.787933349609375000e+00,-5.338462829589843750e+00,-2.174411058425903320e+00,5.739744901657104492e-01,3.568738937377929688e+00,3.965152263641357422e+00,1.207948684692382812e+00,3.103397846221923828e+00,8.283950090408325195e-01,6.216899156570434570e-01,-6.197363138198852539e-01,6.260850906372070312e+00,1.552161598205566406e+01,1.997567367553710938e+01,2.294761466979980469e+01,2.176547622680664062e+01,1.973919486999511719e+01,1.473454856872558594e+01,1.371237945556640625e+01,7.745857238769531250e+00,7.717545509338378906e+00,6.328631401062011719e+00,-6.924693584442138672e+00,-1.334005355834960938e+01,-1.099280261993408203e+01,-4.277760982513427734e+00,-8.436426162719726562e+00,-5.462569236755371094e+00,1.521085739135742188e+00,-9.055722236633300781e+00,-1.037764167785644531e+01,-4.023575782775878906e+00,-2.315830469131469727e+00,-1.027662038803100586e+00,9.246944189071655273e-01,9.062248229980468750e+00,8.623229980468750000e+00,9.342921257019042969e+00,4.137673377990722656e-01,-2.654317617416381836e+00,2.937920331954956055e+00,6.973845481872558594e+00,6.133011341094970703e+00,2.361799240112304688e+00,2.814398765563964844e+00,5.583824157714843750e+00,1.214207649230957031e+01,9.747465252876281738e-01,7.587531805038452148e-01,4.966093540191650391e+00,6.758173942565917969e+00,7.340301513671875000e+00,3.448703527450561523e+00,9.568321228027343750e+00,1.556536865234375000e+01,1.436215019226074219e+01,1.403554153442382812e+01,1.569021034240722656e+01,1.269835090637207031e+01,1.255516147613525391e+01,1.039594745635986328e+01,7.773747444152832031e+00,6.013391494750976562e+00,6.412126064300537109e+00,9.681834220886230469e+00,1.365553379058837891e+01,9.805297851562500000e+00,3.814174413681030273e+00,6.908737182617187500e+00,8.049601554870605469e+00,1.005983352661132812e+01,1.144725799560546875e+01,9.820013046264648438e+00,8.665552139282226562e+00,1.027398777008056641e+01,1.064390087127685547e+01,7.820140361785888672e+00,3.737961769104003906e+00,4.485930919647216797e+00,4.336497783660888672e+00,9.574971199035644531e+00,8.900413513183593750e+00,7.365414142608642578e+00,9.707073211669921875e+00,1.244716072082519531e+01,8.024883270263671875e+00,6.634862899780273438e+00,1.316383361816406250e+01,6.049776077270507812e+00,3.402206897735595703e-01,3.326574265956878662e-01,3.016230106353759766e+00,9.724021911621093750e+00,1.838103771209716797e+00,-2.341266632080078125e+01,-2.364536666870117188e+01,-2.018583297729492188e+01,-2.100983428955078125e+01,-1.154387855529785156e+01,-4.219256401062011719e+00,2.941572666168212891e+00,3.112324476242065430e-01,-3.817169070243835449e-01,1.287606239318847656e+00,1.844733953475952148e+00,8.714222908020019531e-02,1.758438348770141602e-01,3.645209074020385742e-01,5.141022205352783203e-01,-1.843180537223815918e+00,-4.368333816528320312e+00,-6.653653144836425781e+00,-5.652418613433837891e+00,-3.107294082641601562e+00,-1.542166709899902344e+00,3.918352603912353516e+00,7.338226318359375000e+00,-7.793729305267333984e-01,-1.013048744201660156e+01,-9.613151550292968750e+00,-6.020428180694580078e+00,-4.176070213317871094e+00,-3.304497003555297852e+00,-3.483097553253173828e-01,7.430123329162597656e+00,1.909885787963867188e+01,2.623585891723632812e+01,1.373022079467773438e+01,-5.278186798095703125e+00,-1.106743431091308594e+01,-1.330266571044921875e+01,-8.607373237609863281e+00,2.231044292449951172e+00,5.928476810455322266e+00,3.873820304870605469e+00,6.317563056945800781e+00,1.244635200500488281e+01,4.446930885314941406e+00,-4.849270820617675781e+00,-5.988679885864257812e+00,-2.202553272247314453e+00,2.682304978370666504e-01,7.940368652343750000e+00,5.252688407897949219e+00,8.768868446350097656e+00,1.321470451354980469e+01,2.175652313232421875e+01,2.538415908813476562e+01,2.301676940917968750e+01,2.099541854858398438e+01,1.032664108276367188e+01,-2.838136672973632812e+00,-5.174448013305664062e+00,-5.432432174682617188e+00,-7.901146888732910156e+00,-7.595086097717285156e+00,-1.365466213226318359e+01,-1.490844535827636719e+01,-1.443441200256347656e+01,-9.308593750000000000e+00,-4.615919113159179688e+00,-5.878610610961914062e+00,-2.784075736999511719e+00,8.733520507812500000e+00,1.180670833587646484e+01,1.481647109985351562e+01,1.306884002685546875e+01,7.809025287628173828e+00,7.666077613830566406e+00,9.570529937744140625e+00,1.083647060394287109e+01,1.509356498718261719e+01,1.587822532653808594e+01,1.694837379455566406e+01,1.540026760101318359e+01,1.845561981201171875e+01,2.008687210083007812e+01,1.432531738281250000e+01,9.194640159606933594e+00,7.726215362548828125e+00,8.633938789367675781e+00,9.597963333129882812e+00,1.832608222961425781e+01,1.916985321044921875e+01,1.823067474365234375e+01,1.616004753112792969e+01,1.692460441589355469e+01,2.115112876892089844e+01,1.718938255310058594e+01,1.598877143859863281e+01,1.744093704223632812e+01,-2.848980903625488281e+00,-1.607699775695800781e+01,-1.129489898681640625e+01,-3.080563545227050781e+00,1.136396408081054688e+01,1.777386856079101562e+01,1.503628253936767578e+01,1.506993675231933594e+01,1.557150077819824219e+01,1.248664474487304688e+01,8.779558181762695312e+00,1.154607963562011719e+01,1.554580783843994141e+01,2.090692901611328125e+01,2.324091148376464844e+01,2.609809494018554688e+01,3.042572021484375000e+01,2.626960754394531250e+01,2.327515792846679688e+01,1.681352806091308594e+01,7.039444923400878906e+00,-1.090196371078491211e-01,-4.099980354309082031e+00,-1.727039813995361328e+00,-6.095083951950073242e-01,2.835561990737915039e+00,5.385189056396484375e+00,5.230044364929199219e+00,6.724598884582519531e+00,9.623935699462890625e+00,1.128330516815185547e+01,1.172955322265625000e+01,1.033305263519287109e+01,8.907145500183105469e+00,9.498080253601074219e+00,7.385609149932861328e+00,1.328688240051269531e+01,1.280671119689941406e+01,1.497118759155273438e+01,1.338669204711914062e+01,9.668433189392089844e+00,1.023063087463378906e+01,1.491736602783203125e+01,1.585398674011230469e+01,1.468252086639404297e+01,9.433743476867675781e+00,6.820946216583251953e+00,9.550928115844726562e+00,9.293143272399902344e+00,1.837406539916992188e+01,2.109343338012695312e+01,2.502917861938476562e+01,2.728703689575195312e+01,2.946780014038085938e+01,2.789717292785644531e+01,2.401782989501953125e+01,2.346759796142578125e+01,2.072955703735351562e+01,1.890887451171875000e+01,1.563683986663818359e+01,1.565303230285644531e+01,1.336662101745605469e+01,1.210682106018066406e+01,1.110067558288574219e+01,5.611804962158203125e+00,5.796977877616882324e-01,3.090293407440185547e+00,-1.897382974624633789e+00,-1.150040149688720703e+01,-9.355833053588867188e+00,-1.077264785766601562e+01,-1.276035118103027344e+01,-4.456190109252929688e+00,1.209642767906188965e+00,3.132565498352050781e+00,1.835065484046936035e+00,4.719630241394042969e+00,1.141999816894531250e+01,9.808010101318359375e+00,9.560466766357421875e+00,6.043075561523437500e+00,1.668598556518554688e+01,2.195387649536132812e+01,1.671037483215332031e+01,1.262748527526855469e+01,1.048395347595214844e+01,1.022012901306152344e+01,9.063164710998535156e+00,1.169775962829589844e+01,2.001177978515625000e+01,2.734667205810546875e+01,3.108003997802734375e+01,2.831454086303710938e+01,2.823890495300292969e+01,2.919378662109375000e+01,2.529953384399414062e+01,2.061610794067382812e+01,1.705702972412109375e+01,1.741617393493652344e+01,1.688273048400878906e+01,1.224944210052490234e+01,9.712097167968750000e+00,7.625629901885986328e+00,6.790531158447265625e+00,7.239891052246093750e+00,1.451739788055419922e+01,1.263932991027832031e+01,1.098457527160644531e+01,1.257273864746093750e+01,9.151490211486816406e+00,1.076738548278808594e+01,9.804691314697265625e+00,1.347976684570312500e+01,1.603038024902343750e+01,9.099445343017578125e+00,1.028264427185058594e+01,1.387466049194335938e+01,1.469967174530029297e+01,5.318590164184570312e+00,2.119380950927734375e+00,-1.650026202201843262e+00,1.405723094940185547e+00,4.000761508941650391e+00,7.145831108093261719e+00,7.685042381286621094e+00,5.578790187835693359e+00,-3.319035291671752930e+00,-4.751194953918457031e+00,-1.111300468444824219e+00,3.266323566436767578e+00,1.782215118408203125e+01,2.270108795166015625e+01,2.283947753906250000e+01,2.056552124023437500e+01,2.724293518066406250e+01,2.926275634765625000e+01,2.637935638427734375e+01,2.245924758911132812e+01,2.126161575317382812e+01,1.830319404602050781e+01,1.574984550476074219e+01,1.615048217773437500e+01,1.908520507812500000e+01,1.479295730590820312e+01,1.142747688293457031e+01,9.502935409545898438e+00,1.467989540100097656e+01,1.706707382202148438e+01,1.083511161804199219e+01,9.093413352966308594e+00,1.255680274963378906e+01,1.186167907714843750e+01,1.271114158630371094e+01,1.238475990295410156e+01,-8.107815742492675781e+00,-1.003549385070800781e+01,-1.028324890136718750e+01,-7.200184822082519531e+00,4.254120588302612305e-02,9.248891472816467285e-02,-1.121568775177001953e+01,-9.909223556518554688e+00,-6.111453056335449219e+00,-1.158122062683105469e+01,-1.401561355590820312e+01,-1.659052276611328125e+01,-1.185920429229736328e+01,-8.660196304321289062e+00,-9.685337066650390625e+00,-1.068214797973632812e+01,-1.196427726745605469e+01,-1.446206665039062500e+01,-1.245651626586914062e+01,-5.079664707183837891e+00,-1.342748403549194336e+00,3.077190399169921875e+00,2.575007200241088867e+00,-1.092268943786621094e+01,-1.483039283752441406e+01,-1.966165733337402344e+01,-1.966478919982910156e+01,-1.595439720153808594e+01,-7.034230232238769531e+00,-2.530674219131469727e+00,6.102636337280273438e+00,1.313163661956787109e+01,1.547949218750000000e+01,1.508954048156738281e+01,1.360505294799804688e+01,1.559348011016845703e+01,1.486599445343017578e+01,1.492502307891845703e+01,1.419268417358398438e+01,1.234727668762207031e+01,1.428944206237792969e+01,1.645806503295898438e+01,1.469065856933593750e+01,9.679762840270996094e+00,7.257070064544677734e+00,1.150770759582519531e+01,1.317025566101074219e+01,1.309821319580078125e+01,1.106526374816894531e+01,1.317145919799804688e+01,1.295827484130859375e+01,6.910906791687011719e+00,8.301560401916503906e+00,9.726755142211914062e+00,1.341455078125000000e+01,1.289624595642089844e+01,7.634681701660156250e+00,2.600410461425781250e+00,-1.134333038330078125e+01,-2.018820762634277344e+01,-2.754526519775390625e+01,-2.627926635742187500e+01,-2.401400375366210938e+01,-1.984376335144042969e+01,-1.542514562606811523e+00,1.177439117431640625e+01,1.775156021118164062e+01,2.339740943908691406e+01,2.498059654235839844e+01,1.503182411193847656e+01,1.672441101074218750e+01,1.368629360198974609e+01,1.062035655975341797e+01,1.456365823745727539e+00,-2.976962089538574219e+00,1.656126976013183594e+00,6.301382064819335938e+00,1.517124295234680176e+00,2.938813209533691406e+00,1.144558143615722656e+01,1.179169845581054688e+01,3.931423902511596680e+00,-1.520552992820739746e+00,-2.780169963836669922e+00,2.059363126754760742e+00,1.126449108123779297e-01,2.049962520599365234e+00,-6.601394414901733398e-01,-3.477147579193115234e+00,-2.883303642272949219e+00,4.070414602756500244e-01,2.143263339996337891e+00,4.363010406494140625e+00,-5.222168922424316406e+00,-2.059997177124023438e+01,-1.896321487426757812e+01,-1.555410003662109375e+01,-8.914046287536621094e+00,1.336569786071777344e+00,3.484618425369262695e+00,8.656383514404296875e+00,1.446978759765625000e+01,1.599063014984130859e+01,1.881638145446777344e+01,2.284444236755371094e+01,1.393785190582275391e+01,3.772683143615722656e+00,1.815640926361083984e+00,7.935054779052734375e+00,1.287510871887207031e+01,7.712957382202148438e+00,8.324115753173828125e+00,-2.324311286211013794e-01,-1.505429840087890625e+01,-1.479178047180175781e+01,-1.345341300964355469e+01,-7.315415382385253906e+00,-7.769322395324707031e+00,2.585233211517333984e+00,9.536383628845214844e+00,8.739432334899902344e+00,9.114358425140380859e-01,-1.992011547088623047e+00,1.625167846679687500e+00,6.738617897033691406e+00,8.698922157287597656e+00,2.386736631393432617e+00,4.570736885070800781e+00,8.683249473571777344e+00,1.147130131721496582e+00,-2.104610919952392578e+00,4.297798156738281250e+00,2.069872283935546875e+01,1.621976280212402344e+01,1.269541740417480469e+00,-6.792038440704345703e+00,-1.593835163116455078e+01,-1.623219108581542969e+01,-1.444630241394042969e+01,-1.762739753723144531e+01,-2.171742630004882812e+01,-1.867774009704589844e+01,-1.190491676330566406e+01,-1.235916805267333984e+01,-1.123173332214355469e+01,-6.862843990325927734e+00,4.911631345748901367e-02,-1.202659964561462402e+00,5.999343395233154297e+00,8.059753417968750000e+00,8.122344017028808594e+00,7.256860733032226562e+00,8.186194419860839844e+00,8.341028213500976562e+00,6.830599784851074219e+00,1.072754955291748047e+01,1.516713714599609375e+01,9.049419403076171875e+00,5.891754150390625000e+00,6.561999320983886719e+00,8.377961158752441406e+00,7.022439002990722656e+00,3.097362041473388672e+00,3.588887214660644531e+00,7.288444519042968750e+00,9.203363418579101562e+00,8.166132926940917969e+00,1.005014038085937500e+01,1.015159320831298828e+01,7.593413829803466797e+00,1.107902717590332031e+01,1.284245681762695312e+01,9.126017570495605469e+00,9.041860580444335938e+00,1.270164108276367188e+01,1.785559844970703125e+01,1.560906600952148438e+01,1.151873111724853516e+01,9.690376281738281250e+00,6.337363243103027344e+00,9.139430999755859375e+00,1.104517173767089844e+01,9.106887817382812500e+00,1.431407737731933594e+01,1.242135047912597656e+01,1.212234210968017578e+01,1.374435138702392578e+01,1.420347881317138672e+01,1.318411445617675781e+01,1.588570404052734375e+01,1.152746486663818359e+01,1.137610530853271484e+01,1.123757648468017578e+01,9.850200653076171875e+00,1.698164558410644531e+01,1.441477584838867188e+01,9.884147644042968750e+00,1.355673027038574219e+01,1.353847885131835938e+01,2.593888854980468750e+01,3.066896247863769531e+01,2.570645523071289062e+01,2.783811378479003906e+01,3.215924453735351562e+01,2.940067672729492188e+01,1.227190589904785156e+01,-4.078940451145172119e-01,-5.520143032073974609e+00,-5.559420108795166016e+00,-6.678450584411621094e+00,-4.291759967803955078e+00,4.890694618225097656e-01,3.381401062011718750e+00,4.502696037292480469e+00,-6.453289508819580078e+00,-1.427467346191406250e+01,-1.824833297729492188e+01,-1.895109558105468750e+01,-2.145845794677734375e+01,-1.969087982177734375e+01,-1.567305088043212891e+01,-1.807321548461914062e+01,-1.636828422546386719e+01,-1.495133972167968750e+01,-9.698484420776367188e+00,-6.838542938232421875e+00,-6.074598312377929688e+00,4.846294403076171875e+00,1.283676910400390625e+01,1.140061569213867188e+01,7.196414947509765625e+00,-7.451034545898437500e+00,-1.809206008911132812e+01,-2.041724777221679688e+01,-1.845832633972167969e+01,-1.484577083587646484e+01,-1.293963241577148438e+01,-1.131694793701171875e+01,-4.231787681579589844e+00,-5.696676969528198242e-01,3.904384374618530273e+00,7.830133438110351562e+00,1.619617843627929688e+01,1.853627777099609375e+01,8.940361022949218750e+00,6.982004165649414062e+00,5.150445938110351562e+00,-1.296248793601989746e+00,-3.355393409729003906e+00,-1.493007063865661621e+00,-5.460991382598876953e+00,-1.807971835136413574e+00,-2.409774541854858398e+00,-1.387004852294921875e-01,9.485855102539062500e+00,1.705768203735351562e+01,1.391782283782958984e+00,-1.090543460845947266e+01,-1.045384216308593750e+01,-4.285171031951904297e+00,6.057959556579589844e+00,1.123058891296386719e+01,-9.732325077056884766e-01,-1.041588878631591797e+01,-1.189604282379150391e+01,-6.668115615844726562e+00,-5.179897308349609375e+00,-5.743111133575439453e+00,-1.892760086059570312e+01,-1.335486602783203125e+01,-6.866568088531494141e+00,-6.527847290039062500e+00,-4.496172428131103516e+00,-3.175965070724487305e+00,-5.162751197814941406e+00,2.106391429901123047e+00,2.597555398941040039e+00,1.903215408325195312e+00,8.780160903930664062e+00,1.059571170806884766e+01,8.659750938415527344e+00,8.754435539245605469e+00,8.729971885681152344e+00,7.525876045227050781e+00,7.526706695556640625e+00,1.389343643188476562e+01,1.788275146484375000e+01,1.375423049926757812e+01,1.487474060058593750e+01,1.659851455688476562e+01,1.374982643127441406e+01,1.368204212188720703e+01,1.739712905883789062e+01,1.552204608917236328e+01,1.242506790161132812e+01,1.399160766601562500e+01,1.534003353118896484e+01,1.750946044921875000e+01,1.528213977813720703e+01,9.024303436279296875e+00,8.354244232177734375e+00,8.069679260253906250e+00,7.763108015060424805e-01,-1.486472415924072266e+01,-1.860256195068359375e+01,-1.342971229553222656e+01,-1.032661199569702148e+00,1.288527846336364746e+00,-3.483474254608154297e-02,9.811955451965332031e+00,1.627481651306152344e+01,4.564981460571289062e+00,-4.904356002807617188e+00,-2.728924751281738281e+00,3.291771113872528076e-01,7.496775627136230469e+00,1.208737564086914062e+01,1.225559043884277344e+01,7.869905948638916016e+00,2.176551103591918945e+00,1.196119785308837891e+00,6.438448429107666016e-01,-4.187543392181396484e+00,-6.121811866760253906e+00,5.186973810195922852e-01,3.141355514526367188e+00,5.696607828140258789e-01,-6.546749472618103027e-01,3.261271119117736816e-01,5.535288810729980469e+00,-7.651111602783203125e+00,-1.175960350036621094e+01,-1.412862873077392578e+01,-8.901528358459472656e+00,-3.949264526367187500e+00,-5.984225273132324219e+00,-5.372014999389648438e+00,-5.875192642211914062e+00,-3.797826170921325684e-01,6.042367935180664062e+00,1.238778495788574219e+01,1.251216506958007812e+01,2.412349224090576172e+00,2.501288056373596191e-01,9.429797530174255371e-01,-4.847538471221923828e+00,1.940508365631103516e+00,6.061408042907714844e+00,1.124214744567871094e+01,-2.351512908935546875e+00,-1.192093086242675781e+01,-1.078280925750732422e+01,-1.157222366333007812e+01,-8.720985412597656250e+00,-9.711290359497070312e+00,-5.859995841979980469e+00,2.749280452728271484e+00,-4.710472524166107178e-01,4.308643341064453125e-01,9.911611676216125488e-01,7.456681251525878906e+00,1.859581565856933594e+01,2.511482620239257812e+01,2.288629531860351562e+01,9.763610839843750000e+00,-2.870332717895507812e+00,-1.659783124923706055e+00,1.690431594848632812e+00,1.066145896911621094e+01,1.353301715850830078e+01,8.205508232116699219e+00,5.617779731750488281e+00,4.748676300048828125e+00,6.552453041076660156e+00,7.402545928955078125e+00,9.660076141357421875e+00,1.496421432495117188e+01,1.913942718505859375e+01,1.970961761474609375e+01,1.282525634765625000e+01,1.659199357032775879e+00,1.969767212867736816e+00,4.658447265625000000e+00,8.864450454711914062e+00,7.233695983886718750e+00,5.448434829711914062e+00,1.090449523925781250e+01,2.114470672607421875e+01,2.579045867919921875e+01,1.149480056762695312e+01,4.016337394714355469e+00,6.143677830696105957e-01,8.091143965721130371e-01,4.692861080169677734e+00,8.355775833129882812e+00,1.252243232727050781e+01,-7.878610610961914062e+00,-1.438330078125000000e+01,-9.615713119506835938e+00,-1.429704904556274414e+00,-2.521484851837158203e+00,-2.989905834197998047e+00,-3.461307525634765625e+00,-2.351162433624267578e+00,2.311629354953765869e-01,2.755384445190429688e+00,7.241327285766601562e+00,1.118144512176513672e+01,1.207073020935058594e+01,9.635946273803710938e+00,4.906689643859863281e+00,3.870701789855957031e-02,-8.088750839233398438e+00,-1.282668876647949219e+01,-1.658838272094726562e+01,-1.500212669372558594e+01,-1.180000209808349609e+01,-6.523355484008789062e+00,-9.112717628479003906e+00,-2.454238653182983398e+00,2.530755996704101562e+00,6.330409526824951172e+00,1.260356903076171875e+01,2.908859634399414062e+01,3.653056335449218750e+01,3.635231018066406250e+01,3.480081939697265625e+01,3.477632141113281250e+01,3.448083496093750000e+01,3.069730377197265625e+01,2.159495544433593750e+01,1.615229225158691406e+01,9.738685607910156250e+00,9.829298019409179688e+00,1.121459960937500000e+01,1.118300151824951172e+01,1.038290596008300781e+01,1.619498825073242188e+01,1.370351791381835938e+01,1.200171279907226562e+01,1.375172424316406250e+01,1.269722270965576172e+01,1.293742752075195312e+01,1.344966506958007812e+01,1.646942901611328125e+01,1.527716064453125000e+01,-8.081201553344726562e+00,-1.598672580718994141e+01,-1.067491626739501953e+01,-1.031207847595214844e+01,-1.307232093811035156e+01,-1.296721839904785156e+01,-2.006072616577148438e+01,-2.002762985229492188e+01,-1.471888160705566406e+01,-1.532807731628417969e+01,-1.169461631774902344e+01,-2.639730930328369141e+00,-5.969227790832519531e+00,-7.317805767059326172e+00,-1.092441558837890625e+01,-1.577138328552246094e+01,-1.045584678649902344e+01,-8.215106964111328125e+00,-1.804740905761718750e+01,-1.609680366516113281e+01,-1.338089942932128906e+01,-9.885959625244140625e+00,-3.655159473419189453e+00,1.085058021545410156e+01,2.023280334472656250e+01,2.094665145874023438e+01,2.020488739013671875e+01,1.825686645507812500e+01,1.502034759521484375e+01,2.014788055419921875e+01,1.747230529785156250e+01,1.508053970336914062e+01,6.152153491973876953e+00,-1.567678070068359375e+01,-2.102333259582519531e+01,-9.878620147705078125e+00,-5.777008533477783203e-01,1.371921181678771973e+00,2.774817943572998047e-01,-3.329411268234252930e+00,-3.547601699829101562e+00,-2.103241443634033203e+00,-3.401640176773071289e+00,-2.521461725234985352e+00,1.895151257514953613e+00,1.254502773284912109e+00,-7.544550895690917969e+00,-6.080191135406494141e+00,-6.840820789337158203e+00,-1.601945877075195312e+00,7.715070724487304688e+00,1.043661689758300781e+01,3.895137310028076172e+00,-2.047049522399902344e+00,-5.400149345397949219e+00,-1.246983337402343750e+01,-1.338567161560058594e+01,-1.002899456024169922e+01,-7.166004180908203125e+00,-1.474535703659057617e+00,-4.785254478454589844e+00,-1.039430809020996094e+01,-9.065446853637695312e+00,-9.584980010986328125e+00,-2.745510292053222656e+01,-2.645587539672851562e+01,-1.834793090820312500e+01,-7.194006919860839844e+00,-1.045759081840515137e+00,4.728247642517089844e+00,1.912498855590820312e+01,2.226896667480468750e+01,4.996651649475097656e+00,-4.988823890686035156e+00,-3.219481945037841797e+00,3.643071651458740234e-01,4.314395427703857422e+00,-2.329538822174072266e+00,-7.240224838256835938e+00,-6.320161342620849609e+00,-2.779384851455688477e+00,-4.460545539855957031e+00,-7.500835418701171875e+00,-6.064816951751708984e+00,-7.941972732543945312e+00,-4.222332000732421875e+00,-4.336771488189697266e+00,-6.349525928497314453e+00,-6.440668106079101562e+00,-1.057792305946350098e-01,6.281644821166992188e+00,9.280946731567382812e+00,9.249999046325683594e+00,9.337962150573730469e+00,-3.208341836929321289e+00,-7.932717323303222656e+00,-8.424983978271484375e+00,-1.236486434936523438e+01,-1.674298286437988281e+01,-1.998019218444824219e+01,-1.992653274536132812e+01,-2.124929809570312500e+01,-2.064558410644531250e+01,-1.252536582946777344e+01,-4.087949752807617188e+00,-4.809288978576660156e+00,-6.067071914672851562e+00,-1.034754753112792969e+01,-7.741179466247558594e+00,-4.244446754455566406e+00,1.374517798423767090e+00,2.103895425796508789e+00,4.686889171600341797e+00,6.570450782775878906e+00,5.866870880126953125e+00,9.320871353149414062e+00,1.048610877990722656e+01,1.241735649108886719e+01,1.396067428588867188e+01,1.115862464904785156e+01,1.166443061828613281e+01,1.500961685180664062e+01,1.030698394775390625e+01,7.387310504913330078e+00,1.663822555541992188e+01,1.799229431152343750e+01,1.630405807495117188e+01,1.341954135894775391e+01,2.936674594879150391e+00,-9.846722602844238281e+00,-1.878817367553710938e+01,-1.855820655822753906e+01,-1.377814674377441406e+01,-9.128546714782714844e+00,-1.845571279525756836e+00,-1.440174102783203125e+00,8.909860253334045410e-01,1.715134382247924805e+00,1.428128242492675781e+00,5.640716552734375000e-01,3.485793828964233398e+00,1.034294033050537109e+01,1.398793601989746094e+01,1.279851627349853516e+01,1.994203329086303711e+00,-1.481360793113708496e+00,-2.932876110076904297e+00,-9.720788002014160156e-01,-1.723912239074707031e+00,1.719906926155090332e+00,4.602914333343505859e+00,3.212272644042968750e+00,1.163674163818359375e+01,2.667104721069335938e+01,3.170018959045410156e+01,3.437991333007812500e+01,3.169344139099121094e+01,2.965108108520507812e+01,1.654996871948242188e+01,-1.529541492462158203e+00,-8.343013763427734375e+00,-1.054732131958007812e+01,-1.080520725250244141e+01,-1.366695690155029297e+01,-1.756988143920898438e+01,-1.854192161560058594e+01,-1.625595283508300781e+01,-1.081171226501464844e+01,-1.040510463714599609e+01,-1.444339847564697266e+01,-8.861466407775878906e+00,-2.788089752197265625e+00,-7.957890510559082031e+00,-1.105155754089355469e+01,-1.000429058074951172e+01,-1.388009071350097656e+01,-1.276618766784667969e+01,-5.583373546600341797e+00,-9.403281211853027344e+00,-1.219012832641601562e+01,-1.255925750732421875e+01,-6.901300430297851562e+00,-2.728287696838378906e+00,2.899474143981933594e+00,-7.223953604698181152e-01,-1.277850341796875000e+01,-2.053656768798828125e+01,-1.392381477355957031e+01,-5.319014549255371094e+00,4.463641643524169922e+00,1.544595146179199219e+01,1.656201744079589844e+01,1.229697227478027344e+01,9.471682548522949219e+00,1.164944839477539062e+01,1.537466430664062500e+01,1.516943264007568359e+01,1.445430088043212891e+01,1.367048072814941406e+01,6.403309822082519531e+00,1.283920645713806152e+00,3.206721305847167969e+00,5.723451614379882812e+00,1.497726678848266602e+00,-1.084902191162109375e+01,-1.906737136840820312e+01,-2.181506729125976562e+01,-2.384539794921875000e+01,-2.420182418823242188e+01,-2.020413208007812500e+01,-1.489910888671875000e+01,-1.134823989868164062e+01,-9.124382972717285156e+00,-8.238651275634765625e+00,-4.826062679290771484e+00,1.278433918952941895e+00,4.896886825561523438e+00,3.733047962188720703e+00,4.587192535400390625e+00,-1.731151342391967773e-02,6.527156233787536621e-01,3.834605216979980469e+00,-6.113074302673339844e+00,-1.969984245300292969e+01,-1.345153141021728516e+01,-7.308242797851562500e+00,-2.596188068389892578e+00,-2.825256824493408203e+00,-5.936908721923828125e+00,-5.398128509521484375e+00,-2.683072090148925781e+00,7.908825874328613281e-01,6.597466468811035156e+00,5.813844680786132812e+00,1.057645034790039062e+01,8.666699409484863281e+00,-2.968699693679809570e+00,-1.375608348846435547e+01,-1.998641967773437500e+01,-2.694837188720703125e+01,-2.892966842651367188e+01,-3.033846473693847656e+01,-2.724981689453125000e+01,-2.717514419555664062e+01,-2.296097183227539062e+01,-1.970254898071289062e+01,-1.450136184692382812e+01,-5.340888023376464844e+00,-9.786342620849609375e+00,-7.623901367187500000e+00,2.682216882705688477e+00,2.255222320556640625e+00,6.548332691192626953e+00,9.343059539794921875e+00,9.541919708251953125e+00,8.374027252197265625e+00,5.587454795837402344e+00,8.604784011840820312e+00,1.437842559814453125e+01,1.395019245147705078e+01,1.057350540161132812e+01,8.249996185302734375e+00,1.187236118316650391e+01,1.223491859436035156e+01,9.295402526855468750e+00,6.444032669067382812e+00,9.335628509521484375e+00,1.177225112915039062e+01,1.384882545471191406e+01,1.248190593719482422e+01,1.502600193023681641e+01,1.557729816436767578e+01,1.862849617004394531e+01,1.566490650177001953e+01,1.301736164093017578e+01,1.178937911987304688e+01,1.126416492462158203e+01,1.229535865783691406e+01,1.418919754028320312e+01,9.887129783630371094e+00,9.654180526733398438e+00,6.085686683654785156e+00,4.891722679138183594e+00,1.032773017883300781e+01,1.089506149291992188e+01,1.200107002258300781e+01,9.156778335571289062e+00,8.144592285156250000e+00,6.431799888610839844e+00,2.437940359115600586e+00,-1.057451844215393066e+00,2.413028240203857422e+00,1.122089576721191406e+01,1.251424503326416016e+01,8.652585983276367188e+00,1.363131165504455566e+00,3.519275188446044922e-01,3.586846828460693359e+00,-1.698807716369628906e+00,-5.671514987945556641e+00,-7.239976882934570312e+00,-6.898043632507324219e+00,-4.785217761993408203e+00,-4.402721881866455078e+00,-5.270388603210449219e+00,-7.904770374298095703e+00,-1.742889404296875000e+00,4.745603561401367188e+00,6.969440937042236328e+00,1.520545959472656250e+01,9.958267211914062500e+00,8.398574829101562500e+00,1.903832054138183594e+01,2.289860916137695312e+01,1.449659633636474609e+01,1.466610717773437500e+01,1.685709571838378906e+01,1.443716335296630859e+01,9.168216705322265625e+00,3.259640932083129883e+00,5.556107521057128906e+00,8.469651222229003906e+00,4.506621360778808594e+00,2.448511362075805664e+00,1.880728840827941895e+00,5.206347465515136719e+00,1.036988258361816406e+01,-2.887631654739379883e+00,-1.189757728576660156e+01,-9.859117507934570312e+00,-4.815748691558837891e+00,-4.689811706542968750e+00,-2.625938892364501953e+00,-7.728173732757568359e-01,-1.619898557662963867e+00,-7.220980644226074219e+00,-4.772978305816650391e+00,-2.093796014785766602e+00,4.537400245666503906e+00,1.408039951324462891e+01,7.926788330078125000e+00,3.835096597671508789e+00,1.634416580200195312e+01,2.520586013793945312e+01,2.415330505371093750e+01,2.163779449462890625e+01,2.154408264160156250e+01,2.163943862915039062e+01,1.482307243347167969e+01,-3.725009560585021973e-01,-8.875307083129882812e+00,-1.524415874481201172e+01,-1.346073913574218750e+01,-1.250141143798828125e+01,-1.289755725860595703e+01,-9.182520866394042969e+00,-1.181388854980468750e+01,-1.587518310546875000e+01,-2.025839614868164062e+01,-1.702464485168457031e+01,-1.208834266662597656e+01,-7.538707256317138672e+00,-5.351483345031738281e+00,5.805598497390747070e-01,9.106170654296875000e+00,1.401771163940429688e+01,1.666883659362792969e+01,1.317065620422363281e+01,1.218471717834472656e+01,1.064457321166992188e+01,9.862510681152343750e+00,1.121803855895996094e+01,1.090665435791015625e+01,1.182346534729003906e+01,1.185582637786865234e+01,1.278125000000000000e+01,1.140664863586425781e+01,1.193861961364746094e+01,2.185479927062988281e+01,1.982261848449707031e+01,1.785778427124023438e+01,1.969615173339843750e+01,1.710452651977539062e+01,1.352196693420410156e+01,1.055907344818115234e+01,1.394914436340332031e+01,1.526656150817871094e+01,1.281829261779785156e+01,1.542696952819824219e+01,1.556860828399658203e+01,1.437919235229492188e+01,1.508819961547851562e+01,1.912797164916992188e+01,2.054847717285156250e+01,1.712619590759277344e+01,1.369472885131835938e+01,1.758175849914550781e+01,1.912654113769531250e+01,1.838044929504394531e+01,1.579166793823242188e+01,1.430736446380615234e+01,1.172513771057128906e+01,1.494991111755371094e+01,1.198148441314697266e+01,1.083787345886230469e+01,1.134000968933105469e+01,1.512104892730712891e+01,1.634350967407226562e+01,1.892027282714843750e+01,-8.031549453735351562e+00,-1.736113739013671875e+01,-1.509624767303466797e+01,-1.469624900817871094e+01,-1.681187438964843750e+01,-1.304171180725097656e+01,3.816169977188110352e+00,1.254855823516845703e+01,1.161461257934570312e+01,1.250905227661132812e+01,1.596508598327636719e+01,1.480940628051757812e+01,1.739498138427734375e+01,2.167405700683593750e+01,1.746898078918457031e+01,1.040713977813720703e+01,1.159381294250488281e+01,9.964351654052734375e+00,3.320959329605102539e+00,4.669104099273681641e+00,7.957971572875976562e+00,1.391606903076171875e+01,1.306079292297363281e+01,1.084080219268798828e+01,1.121979141235351562e+01,8.282330513000488281e+00,6.658227920532226562e+00,4.001786231994628906e+00,5.340690612792968750e-01,4.467889666557312012e-01,2.088890552520751953e+00,2.301477432250976562e+00,8.124259710311889648e-01,7.049608707427978516e+00,6.354582786560058594e+00,9.612995147705078125e+00,1.148902130126953125e+01,1.581310558319091797e+01,9.587820053100585938e+00,-7.036349773406982422e+00,-1.075570297241210938e+01,-6.427180767059326172e+00,5.366125702857971191e-01,4.621108531951904297e+00,3.788913249969482422e+00,3.069051265716552734e+00,3.799684762954711914e+00,3.705764293670654297e+00,-1.394125461578369141e+00,-1.722646331787109375e+01,-2.219649505615234375e+01,-1.884515762329101562e+01,-1.083886528015136719e+01,-4.529589176177978516e+00,-4.811959266662597656e+00,-3.439160108566284180e+00,4.441101074218750000e+00,2.784756660461425781e+00,-1.375339984893798828e+00,-2.723466634750366211e+00,2.634691715240478516e+00,7.134204864501953125e+00,5.137066841125488281e+00,8.147789001464843750e+00,1.369678115844726562e+01,1.842638969421386719e+01,1.911377525329589844e+01,1.657446670532226562e+01,1.770302009582519531e+01,1.910531997680664062e+01,1.895447540283203125e+01,1.626471710205078125e+01,1.755760192871093750e+01,1.910420608520507812e+01,7.351129531860351562e+00,-1.337161779403686523e+00,-2.383907794952392578e+00,-4.794490337371826172e-02,1.520938158035278320e+00,8.947132825851440430e-01,1.622951865196228027e+00,5.316174983978271484e+00,6.117041587829589844e+00,8.631929397583007812e+00,7.348006248474121094e+00,8.550481796264648438e+00,1.383485317230224609e+01,9.862229347229003906e+00,1.009747123718261719e+01,1.420400428771972656e+01,1.849136734008789062e+01,2.219495010375976562e+01,2.170416259765625000e+01,1.844309997558593750e+01,1.911096191406250000e+01,1.803434753417968750e+01,1.720993041992187500e+01,1.438260269165039062e+01,1.344810104370117188e+01,1.879998779296875000e+01,1.702390861511230469e+01,2.026466369628906250e+01,2.120568466186523438e+01,1.447842025756835938e+01,1.463520812988281250e+01,1.717509651184082031e+01,1.397190093994140625e+01
-1.204616069793701172e+00,-4.090257585048675537e-01,5.180509090423583984e-01,1.332959771156311035e+00,-2.789700031280517578e+00,-4.439596176147460938e+00,-2.524547100067138672e+00,-7.078746318817138672e+00,-1.953263282775878906e+00,2.196659147739410400e-01,-3.575018882751464844e+00,-9.809069633483886719e+00,-1.206553459167480469e+01,-1.006481361389160156e+01,-3.379712581634521484e+00,-7.928244590759277344e+00,-9.379398345947265625e+00,-4.790775299072265625e+00,-9.635068178176879883e-01,-2.085680484771728516e+00,-1.963644027709960938e+00,5.063143730163574219e+00,8.333353042602539062e+00,1.600666046142578125e+00,1.504774212837219238e+00,1.865647554397583008e+00,2.195536136627197266e+00,-1.828230857849121094e+00,-5.182318091392517090e-01,-4.019037246704101562e+00,-8.377206802368164062e+00,-1.002845954895019531e+01,-1.201132965087890625e+01,-1.757428550720214844e+01,-1.491174793243408203e+01,-1.419192695617675781e+01,-2.270507431030273438e+01,-2.305506896972656250e+01,-2.056183242797851562e+01,-1.313039398193359375e+01,-1.087280464172363281e+01,-1.207740116119384766e+01,-1.767151260375976562e+01,-2.840016937255859375e+01,-3.665201568603515625e+01,-3.953823852539062500e+01,-3.228628921508789062e+01,-2.581954574584960938e+01,-1.781063079833984375e+01,-1.574562931060791016e+01,-1.821698188781738281e+01,-1.885107040405273438e+01,-1.361613750457763672e+01,-1.235804367065429688e+01,-7.224415779113769531e+00,-4.020307540893554688e+00,-2.429242372512817383e+00,-3.628420352935791016e+00,-6.792410373687744141e+00,-1.129989719390869141e+01,-6.761308193206787109e+00,-8.586295127868652344e+00,-9.884513854980468750e+00,-7.709914207458496094e+00,-8.697279930114746094e+00,-8.160293579101562500e+00,-9.447922706604003906e+00,-8.627138137817382812e+00,-8.733419418334960938e+00,-6.170043945312500000e+00,-4.285676956176757812e+00,-9.316333770751953125e+00,-5.168910980224609375e+00,-5.435519695281982422e+00,3.410565555095672607e-01,-2.693972885608673096e-01,-8.139287948608398438e+00,-5.987146377563476562e+00,-6.767760753631591797e+00,-9.643346786499023438e+00,-5.261456489562988281e+00,-3.290237426757812500e+00,-7.375302314758300781e+00,-3.103568553924560547e+00,-7.835841178894042969e+00,-5.808991909027099609e+00,-3.731983900070190430e+00,-3.337276220321655273e+00,7.336473464965820312e-01,-1.400388526916503906e+01,-9.322238922119140625e+00,-2.202523708343505859e+00,-3.736631870269775391e+00,-8.095186233520507812e+00,-1.774546051025390625e+01,-2.434397888183593750e+01,-2.128364562988281250e+01,-2.211343002319335938e+01,-2.945395469665527344e+01,-2.710674667358398438e+01,-2.829056167602539062e+01,-2.562628555297851562e+01,-2.318201446533203125e+01,-2.035305023193359375e+01,-3.134509658813476562e+01,-3.212902832031250000e+01,-2.851577758789062500e+01,-2.594128799438476562e+01,-1.774935531616210938e+01,-7.522450447082519531e+00,-4.397793292999267578e+00,-1.420437240600585938e+01,-2.577538108825683594e+01,-2.557272148132324219e+01,-3.488699722290039062e+01,-4.535275650024414062e+01,-3.685412597656250000e+01,-3.108114242553710938e+01,-2.657476234436035156e+01,-1.907645034790039062e+01,-1.871812438964843750e+01,-2.979611206054687500e+01,-3.406778717041015625e+01,-2.694842529296875000e+01,-1.613969230651855469e+01,-7.252587795257568359e+00,7.554953694343566895e-01,2.988754272460937500e+00,-9.263975143432617188e+00,-1.883032989501953125e+01,-1.256287765502929688e+01,-1.273781204223632812e+01,-1.106549453735351562e+01,-9.861208915710449219e+00,-1.157165145874023438e+01,-1.533405590057373047e+01,-1.736199569702148438e+01,-1.838000869750976562e+01,-1.932475662231445312e+01,-2.555691528320312500e+01,-3.474922180175781250e+01,-3.698757171630859375e+01,-3.895458602905273438e+01,-3.370242691040039062e+01,-2.265088653564453125e+01,-1.344544601440429688e+01,-1.013396167755126953e+01,-1.418072891235351562e+01,-1.641722869873046875e+01,-1.089068698883056641e+01,-1.734892368316650391e+00,1.736578464508056641e+00,-3.423259258270263672e+00,-1.246393394470214844e+01,-1.607175636291503906e+01,-1.782302474975585938e+01,-1.380695915222167969e+01,-1.034277534484863281e+01,-1.024301910400390625e+01,-7.247422218322753906e+00,9.215499758720397949e-01,1.221737623214721680e+00,-1.128449821472167969e+01,-1.601249885559082031e+01,-1.523206329345703125e+01,-1.696834564208984375e+01,-1.642791557312011719e+01,-1.976881027221679688e+01,-1.971789741516113281e+01,-1.809967041015625000e+01,-2.251077461242675781e+01,-3.380875396728515625e+01,-3.114299392700195312e+01,-2.640057754516601562e+01,-2.387178802490234375e+01,-1.947014999389648438e+01,-1.525224971771240234e+01,-1.093029022216796875e+01,-9.557540893554687500e+00,-1.949987792968750000e+01,-2.959572219848632812e+01,-2.815031814575195312e+01,-2.309438514709472656e+01,-2.328242301940917969e+01,-1.880972671508789062e+01,-6.060153961181640625e+00,-6.451700687408447266e+00,-1.023591136932373047e+01,-1.308017921447753906e+01,-1.773198127746582031e+01,-1.997427368164062500e+01,-2.246622085571289062e+01,-2.104166793823242188e+01,-2.194879531860351562e+01,-1.726627731323242188e+01,-1.710147094726562500e+01,-2.082529067993164062e+01,-2.482505416870117188e+01,-2.843929290771484375e+01,-2.083559036254882812e+01,-8.200818061828613281e+00,-4.260712623596191406e+00,-7.772819519042968750e+00,-9.104208946228027344e+00,-9.840914726257324219e+00,-8.328358650207519531e+00,-6.055926322937011719e+00,-7.495557785034179688e+00,-5.182916641235351562e+00,-8.403116226196289062e+00,-8.505471229553222656e+00,-1.112765693664550781e+01,-1.133574390411376953e+01,-7.118832588195800781e+00,-7.149547338485717773e-02,-4.214781284332275391e+00,-1.454933762550354004e+00,-3.519278049468994141e+00,-7.783646106719970703e+00,-5.417568206787109375e+00,-7.555742263793945312e+00,-9.794723510742187500e+00,-4.849764347076416016e+00,-7.137078285217285156e+00,-8.525279045104980469e+00,-5.639238834381103516e+00,-5.284124374389648438e+00,-6.226267337799072266e+00,-6.829353332519531250e+00,-6.276842117309570312e+00,-3.287641286849975586e+00,-4.258938312530517578e+00,-1.563513278961181641e+00,-4.663558483123779297e+00,-1.155560684204101562e+01,-9.180080413818359375e+00,-7.525107383728027344e+00,-9.482025146484375000e+00,-9.323061943054199219e+00,-2.972206354141235352e+00,-6.460910797119140625e+00,-1.080793762207031250e+01,-1.499580192565917969e+01,-1.995987510681152344e+01,-2.902687454223632812e+01,-3.867039108276367188e+01,-3.993675994873046875e+01,-4.051786422729492188e+01,-4.263564682006835938e+01,-4.547315979003906250e+01,-4.640257644653320312e+01,-4.603185272216796875e+01,-4.143466186523437500e+01,-3.640418243408203125e+01,-3.634270477294921875e+01,-3.613171386718750000e+01,-3.508070373535156250e+01,-3.143281936645507812e+01,-3.364143371582031250e+01,-3.626943969726562500e+01,-2.490980148315429688e+01,-1.914868354797363281e+01,-1.545200252532958984e+01,-1.268761825561523438e+01,-1.807056617736816406e+01,-2.397031784057617188e+01,-1.961935806274414062e+01,-1.461739921569824219e+01,-4.562326908111572266e+00,-1.177258491516113281e+00,-2.828764438629150391e+00,-3.608853101730346680e+00,-5.783944129943847656e+00,-4.457679748535156250e+00,-2.825426101684570312e+00,-3.991830110549926758e+00,-6.528504371643066406e+00,-7.583595275878906250e+00,-8.046698570251464844e+00,-9.717597007751464844e+00,-1.157533550262451172e+01,-1.402775382995605469e+01,-1.287824630737304688e+01,-1.719456100463867188e+01,-2.452198410034179688e+01,-2.544927978515625000e+01,-2.358559989929199219e+01,-2.207421112060546875e+01,-2.073782730102539062e+01,-1.611869812011718750e+01,-1.228696060180664062e+01,-1.112200736999511719e+01,-9.078016281127929688e+00,-9.263984680175781250e+00,-1.118964958190917969e+01,-9.732955932617187500e+00,-9.761487960815429688e+00,-5.528313159942626953e+00,-1.019166183471679688e+01,-7.517362594604492188e+00,-7.428712844848632812e+00,-1.026365089416503906e+01,-1.053060913085937500e+01,-7.314359664916992188e+00,-6.150163412094116211e-01,-4.095300197601318359e+00,-8.575913429260253906e+00,-7.300134658813476562e+00,-4.307452678680419922e+00,-4.199209809303283691e-01,-5.305263519287109375e+00,-5.485629558563232422e+00,-5.468462944030761719e+00,-4.822343349456787109e+00,-6.694131851196289062e+00,-9.505277633666992188e+00,-9.320713043212890625e+00,-8.211901664733886719e+00,-1.649565577507019043e+00,-4.164725303649902344e+00,-5.430839538574218750e+00,-3.890661716461181641e+00,-5.881103515625000000e+00,-5.588604927062988281e+00,-4.423344612121582031e+00,-4.231723785400390625e+00,-2.645921230316162109e+00,-2.356933593750000000e+00,-4.937484741210937500e+00,-2.866037845611572266e+00,-2.789629459381103516e+00,-1.657894968986511230e+00,-8.401293754577636719e-01,-3.081021308898925781e+00,-8.284572601318359375e+00,-1.488251876831054688e+01,-1.992607498168945312e+01,-3.214611816406250000e+01,-3.856606674194335938e+01,-3.770720672607421875e+01,-3.781813812255859375e+01,-3.659753417968750000e+01,-3.279099655151367188e+01,-2.909337234497070312e+01,-2.509603118896484375e+01,-2.109767532348632812e+01,-1.696153831481933594e+01,-1.789347839355468750e+01,-2.531603240966796875e+01,-2.549361610412597656e+01,-2.422000503540039062e+01,-2.158525085449218750e+01,-2.230777359008789062e+01,-2.133697891235351562e+01,-1.009006500244140625e+01,-3.721805095672607422e+00,-5.076946258544921875e+00,-1.638175725936889648e+00,-2.388257980346679688e+00,-7.003159046173095703e+00,-3.644519805908203125e+00,-3.382169246673583984e+00,-3.473893880844116211e+00,-5.843408107757568359e+00,-1.388907146453857422e+01,-1.935026931762695312e+01,-1.410875701904296875e+01,-5.216788291931152344e+00,-6.563750743865966797e+00,-8.023433685302734375e+00,-2.972322940826416016e+00,-9.829296112060546875e+00,-1.574612140655517578e+01,-1.872011566162109375e+01,-2.499328231811523438e+01,-1.911283683776855469e+01,-1.761985397338867188e+01,-2.384674835205078125e+01,-3.115929794311523438e+01,-2.959970283508300781e+01,-2.321485900878906250e+01,-1.654311180114746094e+01,-1.142629528045654297e+01,-1.961932182312011719e+01,-2.324138259887695312e+01,-1.860842514038085938e+01,-2.068718528747558594e+01,-2.089115905761718750e+01,-2.393105316162109375e+01,-2.824941253662109375e+01,-2.956212615966796875e+01,-2.655264282226562500e+01,-2.503320884704589844e+01,-2.362784957885742188e+01,-1.591814804077148438e+01,-1.658018302917480469e+01,-2.085528945922851562e+01,-2.188082885742187500e+01,-2.761088180541992188e+01,-2.737128067016601562e+01,-2.028617668151855469e+01,-1.089747810363769531e+01,-7.851300239562988281e+00,1.329674124717712402e-01,1.536010503768920898e+00,1.774565100669860840e+00,-1.054740667343139648e+00,3.598881661891937256e-01,2.251413464546203613e-02,-7.328843116760253906e+00,-9.077288627624511719e+00,-5.329061985015869141e+00,-1.598346328735351562e+01,-2.131106376647949219e+01,-1.658333396911621094e+01,-1.314491939544677734e+01,-1.173985671997070312e+01,-5.257689476013183594e+00,1.911865234375000000e+00,3.859171390533447266e+00,-4.742372035980224609e-01,-7.352830410003662109e+00,-6.842867851257324219e+00,-7.062990188598632812e+00,-5.961566448211669922e+00,-1.470927524566650391e+01,-1.753784179687500000e+01,-1.883599472045898438e+01,-2.186211776733398438e+01,-1.769904708862304688e+01,-1.140577125549316406e+01,-9.947762489318847656e+00,-1.098425483703613281e+01,-1.693301773071289062e+01,-2.688717269897460938e+01,-3.228747558593750000e+01,-2.945182609558105469e+01,-2.796784019470214844e+01,-2.165371894836425781e+01,-1.682889747619628906e+01,-1.718287658691406250e+01,-1.778744125366210938e+01,-2.176255035400390625e+01,-2.174697875976562500e+01,-1.034256649017333984e+01,-4.393099308013916016e+00,-4.707391738891601562e+00,-3.778748989105224609e+00,-4.045723915100097656e+00,-9.378110885620117188e+00,-1.406169700622558594e+01,-1.483056068420410156e+01,-1.246273040771484375e+01,-6.701362609863281250e+00,-7.498439311981201172e+00,-7.886768341064453125e+00,-6.663540601730346680e-01,-1.712650358676910400e-01,-3.988353252410888672e+00,-1.002678680419921875e+01,-6.015239715576171875e+00,-1.653926849365234375e+00,-1.099756622314453125e+01,-2.108154869079589844e+01,-2.165941238403320312e+01,-2.206898498535156250e+01,-1.940628433227539062e+01,-2.048404502868652344e+01,-2.642802810668945312e+01,-2.247336196899414062e+01,-2.296083450317382812e+01,-2.933352661132812500e+01,-3.727075958251953125e+01,-4.325204086303710938e+01,-3.561075592041015625e+01,-3.355766296386718750e+01,-3.485548400878906250e+01,-2.549039459228515625e+01,-2.295620155334472656e+01,-2.774702835083007812e+01,-2.542046737670898438e+01,-2.677585220336914062e+01,-2.598536300659179688e+01,-2.203736114501953125e+01,-2.859434890747070312e+01,-2.741305923461914062e+01,-2.226317214965820312e+01,-2.402846908569335938e+01,-3.001654052734375000e+01,-3.702957534790039062e+01,-3.657041168212890625e+01,-3.903021240234375000e+01,-3.728043365478515625e+01,-3.643666076660156250e+01,-3.901473236083984375e+01,-3.691417312622070312e+01,-3.365877532958984375e+01,-2.663514328002929688e+01,-2.040611076354980469e+01,-1.935969543457031250e+01,-1.010923671722412109e+01,-4.875925540924072266e+00,-1.126360893249511719e+01,-1.354878139495849609e+01,-1.270752239227294922e+01,-6.088113307952880859e+00,-9.140357017517089844e+00,-7.681801319122314453e+00,-6.447833776473999023e-01,-1.789017200469970703e+00,-6.348243713378906250e+00,-6.476792335510253906e+00,-9.385787010192871094e+00,-6.390500068664550781e+00,-2.092668771743774414e+00,-3.264781475067138672e+00,-6.210175991058349609e+00,-7.262681484222412109e+00,-7.079786300659179688e+00,-1.344716644287109375e+01,-2.106269454956054688e+01,-2.540084075927734375e+01,-3.190986633300781250e+01,-3.908787918090820312e+01,-4.267327117919921875e+01,-4.066585922241210938e+01,-3.414193725585937500e+01,-3.022267150878906250e+01,-3.468938446044921875e+01,-3.337718582153320312e+01,-2.957146453857421875e+01,-3.108528137207031250e+01,-2.708252143859863281e+01,-2.243982696533203125e+01,-1.661730575561523438e+01,-1.303639221191406250e+01,-1.315119647979736328e+01,-1.157544708251953125e+01,-6.829784393310546875e+00,-6.133887290954589844e+00,-5.734485626220703125e+00,-5.821965694427490234e+00,-1.632243347167968750e+01,-2.592700958251953125e+01,-2.927468299865722656e+01,-2.634002304077148438e+01,-1.731331634521484375e+01,-1.232944488525390625e+01,-1.378705215454101562e+01,-1.350934982299804688e+01,-1.204999351501464844e+01,-3.482990264892578125e+00,-2.966031551361083984e+00,-3.243200778961181641e+00,-4.317716121673583984e+00,-4.635331153869628906e+00,-6.626578330993652344e+00,-8.200794219970703125e+00,-9.759723544120788574e-01,4.609565734863281250e+00,-2.043671131134033203e+00,-4.924684047698974609e+00,-4.106053829193115234e+00,-8.786066055297851562e+00,-9.911315917968750000e+00,-4.431142330169677734e+00,-2.370816230773925781e+00,-2.629063367843627930e+00,-6.116930961608886719e+00,-9.055671691894531250e+00,-3.287232208251953125e+01,-4.955400848388671875e+01,-5.155108642578125000e+01,-3.757201766967773438e+01,-2.944475173950195312e+01,-2.946942901611328125e+01,-2.768574523925781250e+01,-2.284747314453125000e+01,-2.365348434448242188e+01,-3.254816436767578125e+01,-2.906354904174804688e+01,-4.085126495361328125e+01,-5.029887390136718750e+01,-4.712964630126953125e+01,-4.051602935791015625e+01,-3.587966156005859375e+01,-3.695471572875976562e+01,-2.639761734008789062e+01,-2.481391525268554688e+01,-3.125930404663085938e+01,-2.979811859130859375e+01,-3.462100219726562500e+01,-4.343161010742187500e+01,-4.216764831542968750e+01,-4.275443267822265625e+01,-4.047943115234375000e+01,-3.702229309082031250e+01,-3.857939147949218750e+01,-3.905821228027343750e+01,-3.121763420104980469e+01,-2.265522193908691406e+01,-2.064167022705078125e+01,-2.035048675537109375e+01,-1.436748695373535156e+01,-1.198424720764160156e+01,-1.060304832458496094e+01,-8.557786941528320312e+00,-1.629554367065429688e+01,-1.863825225830078125e+01,-1.891549682617187500e+01,-2.095287704467773438e+01,-2.124513244628906250e+01,-2.073426437377929688e+01,-2.025255966186523438e+01,-1.613340759277343750e+01,-1.291852378845214844e+01,-1.511189651489257812e+01,-1.594019603729248047e+01,-1.979470825195312500e+01,-2.458906745910644531e+01,-2.377491378784179688e+01,-2.391516113281250000e+01,-2.280974960327148438e+01,-1.799738502502441406e+01,-1.389486694335937500e+01,-1.353300285339355469e+01,-1.401539611816406250e+01,-1.440002059936523438e+01,-7.052042007446289062e+00,-1.286224365234375000e+01,-1.546661376953125000e+01,-1.200531196594238281e+01,-8.761316299438476562e+00,-1.803463363647460938e+01,-1.393846511840820312e+01,-1.006424140930175781e+01,-1.133694267272949219e+01,-1.708968925476074219e+01,-1.189707374572753906e+01,-1.197522068023681641e+01,-1.830350112915039062e+01,-2.481663703918457031e+01,-2.839548873901367188e+01,-2.262207984924316406e+01,-2.100273895263671875e+01,-2.147276878356933594e+01,-1.949457168579101562e+01,-2.105743789672851562e+01,-1.963583374023437500e+01,-1.451684474945068359e+01,-1.219228935241699219e+01,-5.662971973419189453e+00,-4.640495300292968750e+00,-8.600659370422363281e+00,-8.196363449096679688e+00,-1.507673072814941406e+01,-3.282075500488281250e+01,-3.710514068603515625e+01,-3.303466415405273438e+01,-2.390430450439453125e+01,-8.069297790527343750e+00,-6.021322250366210938e+00,-1.011244392395019531e+01,-1.144353103637695312e+01,-8.662284851074218750e+00,-7.307896614074707031e+00,-6.201394081115722656e+00,-3.773883819580078125e+00,-8.640323638916015625e+00,-8.172125816345214844e+00,-5.254465103149414062e+00,-3.187633991241455078e+00,-1.373794794082641602e+00,-5.089327812194824219e+00,-1.134818840026855469e+01,-5.878236770629882812e+00,-6.009216785430908203e+00,-7.417910099029541016e+00,-5.573817253112792969e+00,-5.607550621032714844e+00,-3.137172937393188477e+00,-7.048661112785339355e-01,-1.043109297752380371e+00,-3.443652629852294922e+00,-7.948145866394042969e-01,-1.804381608963012695e+00,-7.560250759124755859e-01,-7.900521755218505859e-01,6.548672318458557129e-01,-3.233467102050781250e+00,-1.029832839965820312e+01,-9.006973266601562500e+00,-4.076342582702636719e+00,-8.983139038085937500e+00,-8.515055656433105469e+00,-6.719288825988769531e+00,-9.192234039306640625e+00,-3.663306236267089844e+00,-4.272653102874755859e+00,-8.866964340209960938e+00,-9.978374481201171875e+00,-6.797660827636718750e+00,-8.907114028930664062e+00,-2.600950622558593750e+01,-4.322488784790039062e+01,-4.854751586914062500e+01,-4.800943756103515625e+01,-3.506037902832031250e+01,-2.532153320312500000e+01,-2.232901763916015625e+01,-1.642608833312988281e+01,-9.443141937255859375e+00,9.913713335990905762e-01,2.752151727676391602e+00,6.473007202148437500e+00,1.164286994934082031e+01,1.238463497161865234e+01,5.432690620422363281e+00,2.106065034866333008e+00,8.452452659606933594e+00,7.569920063018798828e+00,-2.971365928649902344e+00,-1.040466022491455078e+01,-9.118761062622070312e+00,-7.879808425903320312e+00,-1.022508335113525391e+01,-1.452018070220947266e+01,-2.414550399780273438e+01,-1.803590774536132812e+01,-1.464762115478515625e+01,-1.439369773864746094e+01,-1.279393577575683594e+01,-8.469436645507812500e+00,-1.521519947052001953e+01,-1.723839187622070312e+01,-9.838649749755859375e+00,-9.043153762817382812e+00,-6.175251960754394531e+00,-6.395085334777832031e+00,-5.338634490966796875e+00,-5.048345565795898438e+00,-9.753486633300781250e+00,-6.910291194915771484e+00,-7.840501785278320312e+00,-1.576274776458740234e+01,-1.717703628540039062e+01,-8.855372428894042969e+00,-4.768348693847656250e+00,1.689028143882751465e+00,-7.616359591484069824e-01,-3.822389602661132812e+00,-7.489534378051757812e+00,-4.549551486968994141e+00,4.686345756053924561e-01,-7.845463752746582031e-01,-7.368090629577636719e+00,-9.573951721191406250e+00,-1.047644996643066406e+01,-1.022826194763183594e+01,-1.020684623718261719e+01,-6.007181167602539062e+00,-4.868103981018066406e+00,-2.919317245483398438e+00,-4.399852275848388672e+00,-3.407970905303955078e+00,-4.088366508483886719e+00,-2.420853376388549805e+00,-3.218594074249267578e+00,-2.590469360351562500e+00,-4.335055351257324219e+00,-7.190428733825683594e+00,-1.354224443435668945e+00,2.226479768753051758e+00,-4.093475341796875000e+00,-5.985157966613769531e+00,-7.278397560119628906e+00,-8.355730056762695312e+00,-1.356778335571289062e+01,-1.977463531494140625e+01,-1.342271137237548828e+01,-7.449698448181152344e+00,-1.493257331848144531e+01,-2.047043037414550781e+01,-2.285351181030273438e+01,-2.214865493774414062e+01,-2.701958084106445312e+01,-2.844356155395507812e+01,-3.033971786499023438e+01,-2.693855857849121094e+01,-2.681652259826660156e+01,-2.359521865844726562e+01,-2.014854621887207031e+01,-3.836061477661132812e+01,-4.154550170898437500e+01,-3.911502456665039062e+01,-3.214714813232421875e+01,-2.374599266052246094e+01,-1.724182128906250000e+01,-1.760824966430664062e+01,-2.097041511535644531e+01,-1.923791885375976562e+01,-1.992342758178710938e+01,-1.901180076599121094e+01,-1.475731658935546875e+01,-1.629187393188476562e+01,-1.605800819396972656e+01,-1.942967605590820312e+01,-2.191320037841796875e+01,-2.450292968750000000e+01,-3.143154525756835938e+01,-3.827058029174804688e+01,-4.433319473266601562e+01,-4.811756134033203125e+01,-3.568998718261718750e+01,-3.038056182861328125e+01,-2.529287338256835938e+01,-2.165465164184570312e+01,-2.210476875305175781e+01,-2.117293548583984375e+01,-2.648754501342773438e+01,-2.749884796142578125e+01,-2.952672386169433594e+01,-3.530825805664062500e+01,-3.914756774902343750e+01,-3.892045593261718750e+01,-3.153428840637207031e+01,-3.135443115234375000e+01,-2.992263793945312500e+01,-2.414202499389648438e+01,-1.542237663269042969e+01,-1.030556488037109375e+01,-1.493985176086425781e+01,-1.511110115051269531e+01,-1.621918678283691406e+01,-2.242090225219726562e+01,-2.780722236633300781e+01,-3.218443298339843750e+01,-3.370783233642578125e+01,-2.584394454956054688e+01,-1.825561523437500000e+01,-1.086573982238769531e+01,7.985234260559082031e-02,-4.510478973388671875e+00,-8.056434631347656250e+00,-1.182065582275390625e+01,-8.902222633361816406e+00,-1.272800064086914062e+01,-1.505974483489990234e+01,-1.153451156616210938e+01,-9.845345497131347656e+00,-2.946197700500488281e+01,-3.971385192871093750e+01,-4.170745086669921875e+01,-3.540262603759765625e+01,-2.933707618713378906e+01,-2.033198547363281250e+01,-1.134301376342773438e+01,-1.059470558166503906e+01,-1.049643707275390625e+01,-9.176462173461914062e+00,-9.361999511718750000e+00,-6.575029373168945312e+00,-3.508008241653442383e+00,-2.594429492950439453e+00,-5.116465568542480469e+00,-3.675596952438354492e+00,-6.933608055114746094e-01,-1.328195214271545410e+00,-5.376693725585937500e+00,-7.016633033752441406e+00,-2.621241092681884766e+00,-1.287879705429077148e+00,-6.190764904022216797e-01,-2.491797447204589844e+00,-4.346876144409179688e+00,-2.530068159103393555e+00,-5.508265018463134766e+00,-6.868852615356445312e+00,-4.557068347930908203e+00,-5.668199539184570312e+00,-1.218053817749023438e+01,-7.097653865814208984e+00,-5.394494056701660156e+00,-1.655055046081542969e+01,-1.869425582885742188e+01,-1.404973316192626953e+01,-1.366453170776367188e+01,-1.394671344757080078e+01,-2.117624664306640625e+01,-2.310628700256347656e+01,-2.661019134521484375e+01,-3.488240432739257812e+01,-3.129307937622070312e+01,-1.456299781799316406e+01,-6.393810272216796875e+00,-3.133226871490478516e+00,-1.506569862365722656e+00,7.086786270141601562e+00,1.177842521667480469e+01,9.135507583618164062e+00,1.026560401916503906e+01,5.437203407287597656e+00,1.699963331222534180e+00,1.948606491088867188e+00,6.087357044219970703e+00,7.192804336547851562e+00,6.319177150726318359e+00,-1.018620014190673828e+00,-6.445584297180175781e+00,-8.252819061279296875e+00,-1.091160392761230469e+01,-1.457964706420898438e+01,-1.623742675781250000e+01,-1.564907073974609375e+01,-1.233435440063476562e+01,-1.544897270202636719e+01,-1.374440383911132812e+01,-1.467337608337402344e+01,-1.633793067932128906e+01,-1.431824970245361328e+01,-1.702093505859375000e+01,-2.519314575195312500e+01,-3.604954528808593750e+01,-3.582068634033203125e+01,-4.276246643066406250e+01,-4.579773712158203125e+01,-4.421599960327148438e+01,-4.243858337402343750e+01,-3.516304397583007812e+01,-3.673821258544921875e+01,-3.997119140625000000e+01,-3.754309082031250000e+01,-3.281492233276367188e+01,-1.722026443481445312e+01,-1.513597393035888672e+01,-1.187432098388671875e+01,-6.134636878967285156e+00,-2.448935508728027344e+00,-6.316417694091796875e+00,-1.111234664916992188e+01,-6.402435779571533203e+00,-4.137438297271728516e+00,-5.614596366882324219e+00,-8.955193758010864258e-01,2.936409413814544678e-01,-5.153445243835449219e+00,-6.912770271301269531e+00,-7.029853820800781250e+00,-3.246199846267700195e+00,-7.557368755340576172e+00,-2.047731018066406250e+01,-3.249755859375000000e+01,-3.698489761352539062e+01,-3.513063049316406250e+01,-3.125075531005859375e+01,-3.145901870727539062e+01,-1.903175354003906250e+01,-1.946375846862792969e+01,-1.868184280395507812e+01,-1.373678112030029297e+01,-1.388926029205322266e+01,-1.751628875732421875e+01,-2.440277481079101562e+01,-2.765399169921875000e+01,-2.522504425048828125e+01,-2.301382255554199219e+01,-2.092969131469726562e+01,-1.166752624511718750e+01,-5.587526321411132812e+00,-1.275969696044921875e+01,-1.713551330566406250e+01,-1.792287445068359375e+01,-2.455142784118652344e+01,-3.416957092285156250e+01,-3.799649429321289062e+01,-3.017726707458496094e+01,-2.945065498352050781e+01,-3.546780395507812500e+01,-3.324915313720703125e+01,-2.411291122436523438e+01,-2.146728897094726562e+01,-1.620304107666015625e+01,-1.857127571105957031e+01,-2.184526252746582031e+01,-2.670587158203125000e+01,-2.348232650756835938e+01,-1.794691085815429688e+01,-2.454737854003906250e+01,-1.743536949157714844e+01,-1.105573558807373047e+01,-1.126850318908691406e+01,-1.126600646972656250e+01,-1.200197219848632812e+01,-7.210144996643066406e+00,-5.394084930419921875e+00,-3.843848705291748047e+00,-1.617086768150329590e+00,3.236160516738891602e+00,9.013636112213134766e-01,-4.022848129272460938e+00,-3.111101865768432617e+00,-1.983794093132019043e+00,-2.838342428207397461e+00,3.606698513031005859e+00,9.394736289978027344e-01,-8.585733413696289062e+00,-9.817878723144531250e+00,-6.976213455200195312e+00,-4.603740692138671875e+00,-3.698373317718505859e+00,-7.442794799804687500e+00,-6.059944152832031250e+00,-8.136352539062500000e+00,-5.991063117980957031e+00,-5.706272125244140625e+00,-4.699228286743164062e+00,-9.828977584838867188e+00,-9.935413360595703125e+00,-3.957276582717895508e+00,-3.669461011886596680e+00,-8.623297691345214844e+00,-1.219454097747802734e+01,-6.909123420715332031e+00,-5.238413810729980469e-01,-7.296434402465820312e+00,-1.040500068664550781e+01,-1.444605255126953125e+01,-2.204987907409667969e+01,-1.650957298278808594e+01,-1.765683364868164062e+01,-1.035986709594726562e+01,-1.460089683532714844e+01,-2.433262443542480469e+01,-2.471852493286132812e+01,-2.717623901367187500e+01,-2.446110916137695312e+01,-2.018078613281250000e+01,-2.000165176391601562e+01,-1.975132560729980469e+01,-1.967135620117187500e+01,-2.121797180175781250e+01,-2.405399322509765625e+01,-3.254090499877929688e+01,-4.855776596069335938e+01,-4.441666412353515625e+01,-3.400610733032226562e+01,-3.301991271972656250e+01,-2.752241134643554688e+01,-2.311591529846191406e+01,-2.077190971374511719e+01,-1.754717636108398438e+01,-1.436499023437500000e+01,-1.262209415435791016e+01,-1.206958770751953125e+01,-1.269088745117187500e+01,-1.152177906036376953e+01,-1.400765323638916016e+01,-2.239202499389648438e+01,-2.178304290771484375e+01,-2.454057312011718750e+01,-2.630778121948242188e+01,-2.054484558105468750e+01,-1.563077545166015625e+01,-2.387836074829101562e+01,-2.668649482727050781e+01,-2.428551101684570312e+01,-2.098409652709960938e+01,-2.391193389892578125e+01,-3.627914428710937500e+01,-4.529479217529296875e+01,-4.975096893310546875e+01,-4.179001617431640625e+01,-4.114027404785156250e+01,-4.364804840087890625e+01,-4.202699279785156250e+01,-3.012864112854003906e+01,-2.254428100585937500e+01,-2.757352256774902344e+01,-2.271382904052734375e+01,-2.014410400390625000e+01,-1.935295486450195312e+01,-1.683023071289062500e+01,-1.350864601135253906e+01,-1.323881912231445312e+01,-1.073657703399658203e+01,-2.342715072631835938e+01,-2.962515830993652344e+01,-3.261988830566406250e+01,-3.367087554931640625e+01,-2.483662796020507812e+01,-2.173739624023437500e+01,-2.231383514404296875e+01,-2.125377273559570312e+01,-2.035671234130859375e+01,-2.209698677062988281e+01,-2.257418060302734375e+01,-1.537754058837890625e+01,-1.530347919464111328e+01,-1.472842025756835938e+01,-1.125869083404541016e+01,-1.826642417907714844e+01,-1.648315429687500000e+01,-9.133018493652343750e+00,-1.130060863494873047e+01,-1.675044059753417969e+01,-1.189794731140136719e+01,-7.482257843017578125e+00,-5.434523582458496094e+00,-1.288956546783447266e+01,-1.853520584106445312e+01,-1.567912483215332031e+01,-1.218489170074462891e+01,-1.081201362609863281e+01,-1.042370033264160156e+01,-1.804101181030273438e+01,-1.766548156738281250e+01,-1.728649520874023438e+01,-1.279083061218261719e+01,-1.449259757995605469e+01,-1.826345062255859375e+01,-1.546656703948974609e+01,-1.487764453887939453e+01,-1.784716796875000000e+01,-3.321340179443359375e+01,-3.472561264038085938e+01,-2.462732315063476562e+01,-1.792879104614257812e+01,-1.227630424499511719e+01,-1.143598365783691406e+01,-9.935813903808593750e+00,-1.223637771606445312e+01,-1.912906646728515625e+01,-1.733698081970214844e+01,-1.640507125854492188e+01,-1.781687164306640625e+01,-1.473187255859375000e+01,-1.457034301757812500e+01,-1.204526615142822266e+01,-7.129189968109130859e+00,-1.191220951080322266e+01,-1.509333133697509766e+01,-1.259960937500000000e+01,-1.176366806030273438e+01,-1.071459770202636719e+01,-9.613529205322265625e+00,-5.992187500000000000e+00,-1.250853347778320312e+01,-2.512943458557128906e+01,-3.527515029907226562e+01,-3.094626808166503906e+01,-2.853638839721679688e+01,-3.268484115600585938e+01,-4.404166030883789062e+01,-4.837424468994140625e+01,-4.053641891479492188e+01,-3.547982406616210938e+01,-3.121523475646972656e+01,-2.339880371093750000e+01,-1.650295639038085938e+01,-1.092245578765869141e+01,-9.684041976928710938e+00,-1.064648914337158203e+01,-7.618695259094238281e+00,-6.897397041320800781e+00,-4.186750888824462891e+00,-3.193875312805175781e+00,-5.929971694946289062e+00,-6.237960815429687500e+00,-1.190651893615722656e+01,-1.152486801147460938e+01,-2.748914718627929688e+00,-3.122724533081054688e+00,-2.340984821319580078e+00,-4.720489978790283203e+00,-8.061132431030273438e+00,-8.202331542968750000e+00,-1.158904838562011719e+01,-1.697384643554687500e+01,-3.360900115966796875e+01,-4.071276855468750000e+01,-3.780129623413085938e+01,-2.657036399841308594e+01,-1.502002525329589844e+01,-1.128861713409423828e+01,-1.889505577087402344e+01,-2.421466445922851562e+01,-2.083949279785156250e+01,-7.099863529205322266e+00,3.106897830963134766e+00,2.744694948196411133e-01,-1.040803527832031250e+01,-1.080896568298339844e+01,-1.370070171356201172e+01,-1.937131309509277344e+01,-1.672429466247558594e+01,-1.591131496429443359e+01,-1.460084533691406250e+01,-2.163649559020996094e+01,-2.627970886230468750e+01,-2.688034057617187500e+01,-3.030482864379882812e+01,-2.839957809448242188e+01,-2.838678359985351562e+01,-4.068824005126953125e+01,-4.928942871093750000e+01,-4.796306228637695312e+01,-4.234112548828125000e+01,-3.399703216552734375e+01,-3.495423889160156250e+01,-3.194212722778320312e+01,-3.007353591918945312e+01,-3.600431823730468750e+01,-4.408068084716796875e+01,-3.904369735717773438e+01,-2.898678588867187500e+01,-2.200642776489257812e+01,-1.862366485595703125e+01,-1.691963768005371094e+01,-1.233874130249023438e+01,-1.757254791259765625e+01,-2.027614593505859375e+01,-2.261918258666992188e+01,-3.099364089965820312e+01,-4.259682464599609375e+01,-4.602365112304687500e+01,-4.243185424804687500e+01,-2.983837509155273438e+01,-2.733745193481445312e+01,-3.013456916809082031e+01,-2.965777206420898438e+01,-3.168331527709960938e+01,-3.079876708984375000e+01,-2.638529586791992188e+01,-2.005085182189941406e+01,-1.741481018066406250e+01,-1.213174724578857422e+01,-1.439098548889160156e+01,-2.161606216430664062e+01,-2.804285049438476562e+01,-2.762622261047363281e+01,-2.200790214538574219e+01,-1.985264968872070312e+01,-1.854234695434570312e+01,-1.739563751220703125e+01,-1.855530738830566406e+01,-1.992386627197265625e+01,-2.052687263488769531e+01,-1.585629558563232422e+01,-1.211541557312011719e+01,-1.181137084960937500e+01,-1.015078926086425781e+01,-1.287058639526367188e+01,-1.548484420776367188e+01,-1.592844390869140625e+01,-9.290629386901855469e+00,-2.254941701889038086e+00,-1.066134452819824219e+01,-8.871314048767089844e+00,-4.325453281402587891e+00,-2.027140808105468750e+01,-2.760380172729492188e+01,-3.454489898681640625e+01,-3.646604919433593750e+01,-3.833713912963867188e+01,-3.635066223144531250e+01,-3.537875747680664062e+01,-3.326895904541015625e+01,-3.108897018432617188e+01,-3.442416381835937500e+01,-3.715818786621093750e+01,-3.816275024414062500e+01,-3.475550079345703125e+01,-3.305912017822265625e+01,-2.840571594238281250e+01,-2.111371040344238281e+01,-1.640191268920898438e+01,-9.229366302490234375e+00,-3.676685571670532227e+00,-1.722893714904785156e+00,-3.659803628921508789e+00,-6.744636535644531250e+00,-1.213675880432128906e+01,-1.738414382934570312e+01,-1.190748596191406250e+01,-3.081932067871093750e+00,3.357297182083129883e+00,2.699050903320312500e-01,-4.119585514068603516e+00,-9.918783187866210938e+00,-1.643616485595703125e+01,-1.381599712371826172e+01,-1.324954605102539062e+01,-1.086826419830322266e+01,-1.092402935028076172e+01,-1.026527881622314453e+01,-9.150156021118164062e+00,-2.075579071044921875e+01,-3.323688507080078125e+01,-3.872982025146484375e+01,-3.297371292114257812e+01,-3.606207656860351562e+01,-4.812087249755859375e+01,-4.694844818115234375e+01,-4.163459014892578125e+01,-4.182094573974609375e+01,-4.369000244140625000e+01,-3.653105163574218750e+01,-3.054131317138671875e+01,-3.483608245849609375e+01,-3.406230163574218750e+01,-3.325880050659179688e+01,-3.058729934692382812e+01,-2.466614341735839844e+01,-1.928728866577148438e+01,-1.834138870239257812e+01,-1.667577362060546875e+01,-1.165937805175781250e+01,-1.104143428802490234e+01,-5.162776947021484375e+00,-5.040984153747558594e+00,-4.385864257812500000e+00,-7.439736366271972656e+00,-8.727348327636718750e+00,-9.892015457153320312e+00,-9.806146621704101562e+00,-1.048496055603027344e+01,-1.086515426635742188e+01,-1.013969612121582031e+01,-1.048840141296386719e+01,-4.807606697082519531e+00,-7.889454841613769531e+00,-8.984905242919921875e+00,-4.924601554870605469e+00,-6.374960422515869141e+00,-9.241601943969726562e+00,-1.517760086059570312e+01,-1.138890266418457031e+01,-7.616337776184082031e+00,-7.720437049865722656e+00,-2.357805728912353516e+00,-5.839529037475585938e-01,-2.925887346267700195e+00,-1.686042547225952148e+00,-7.992016792297363281e+00,-1.109116458892822266e+01,-7.250889778137207031e+00,-4.160221099853515625e+00,-1.154824829101562500e+01,-1.228483009338378906e+01,-6.538606643676757812e+00,-9.377040863037109375e+00,-2.327556228637695312e+01,-1.910018539428710938e+01,-9.084388732910156250e+00,-9.095952987670898438e+00,-8.472625732421875000e+00,-1.342315673828125000e+01,-2.157947921752929688e+01,-3.013668060302734375e+01,-4.097335052490234375e+01,-4.502029037475585938e+01,-3.836714935302734375e+01,-3.137665939331054688e+01,-2.426196670532226562e+01,-2.147239112854003906e+01,-2.696171188354492188e+01,-3.853025817871093750e+01,-4.315053558349609375e+01,-3.418459320068359375e+01,-2.429781723022460938e+01,-1.447705841064453125e+01,-1.220721435546875000e+01,-1.432287788391113281e+01,-1.432872581481933594e+01,-2.203567886352539062e+01,-2.108438110351562500e+01,-1.662653923034667969e+01,-9.804073333740234375e+00,-1.919248700141906738e+00,-2.881345748901367188e-01,3.131885051727294922e+00,2.003917098045349121e-01,-6.384781837463378906e+00,-5.546263694763183594e+00,-5.694046974182128906e+00,-8.990975379943847656e+00,-8.244266510009765625e+00,-1.189498424530029297e+01,-1.115912246704101562e+01,-9.220649719238281250e+00,-8.254166603088378906e+00,-9.669046401977539062e+00,-1.531805038452148438e+01,-2.032471084594726562e+01,-1.803454017639160156e+01,-1.940006065368652344e+01,-2.195883941650390625e+01,-2.114476203918457031e+01,-1.470912933349609375e+01,-1.377125072479248047e+01,-1.389765167236328125e+01,-1.154251670837402344e+01,-2.909680938720703125e+01,-3.768876647949218750e+01,-4.490851593017578125e+01,-4.241069030761718750e+01,-3.515277099609375000e+01,-2.968911743164062500e+01,-2.419462585449218750e+01,-2.187164306640625000e+01,-2.329772949218750000e+01,-2.390793228149414062e+01,-1.613670539855957031e+01,-1.619545364379882812e+01,-2.398274421691894531e+01,-2.803666496276855469e+01,-2.994944953918457031e+01,-3.145474624633789062e+01,-3.063572692871093750e+01,-2.982509803771972656e+01,-3.222669219970703125e+01,-3.065704154968261719e+01,-2.738293457031250000e+01,-3.083472442626953125e+01,-3.622972869873046875e+01,-3.875704193115234375e+01,-2.549737548828125000e+01,-1.698689460754394531e+01,-1.872807312011718750e+01,-1.617904472351074219e+01,-9.857299804687500000e+00,-1.106739902496337891e+01,-1.119527626037597656e+01,-1.638053131103515625e+01,-1.913796615600585938e+01,-1.602327346801757812e+01,-2.022707748413085938e+01,-2.841483497619628906e+01,-3.904174423217773438e+01,-4.076173782348632812e+01,-4.102614593505859375e+01,-3.725627899169921875e+01,-2.824061203002929688e+01,-1.811627960205078125e+01,-1.305338001251220703e+01,-1.507486724853515625e+01,-2.547512626647949219e+01,-2.957561111450195312e+01,-3.144801712036132812e+01,-3.149264907836914062e+01,-2.343127441406250000e+01,-1.953551101684570312e+01,-1.760600662231445312e+01,-1.504847526550292969e+01,-2.039794921875000000e+01,-1.900562286376953125e+01,-2.026971626281738281e+01,-2.062697982788085938e+01,-1.865639114379882812e+01,-1.421431922912597656e+01,-7.423472404479980469e+00,-6.641571044921875000e+00,-3.480453014373779297e+00,-2.352249622344970703e+00,-7.364990711212158203e+00,-6.044158458709716797e+00,-2.727221727371215820e+00,-8.377124786376953125e+00,-6.752998352050781250e+00,-5.161976337432861328e+00,-9.140107154846191406e+00,-6.013765335083007812e+00,-4.577495098114013672e+00,-1.283838558197021484e+01,-1.591299438476562500e+01,-1.132303047180175781e+01,-9.620996475219726562e+00,-1.339658927917480469e+01,-1.242378044128417969e+01,-1.038544368743896484e+01,-1.131935691833496094e+01,-6.745769977569580078e+00,-4.997755050659179688e+00,-7.006668567657470703e+00,-1.267396163940429688e+01,-1.183051109313964844e+01,-1.246500968933105469e+01,-1.165739059448242188e+01,-3.287546634674072266e+00,-3.582269191741943359e+00,-1.098289775848388672e+01,-8.957263946533203125e+00,-5.085308074951171875e+00,-1.015343666076660156e+01,-9.914102554321289062e+00,-7.250373840332031250e+00,-1.879894638061523438e+01,-3.148140716552734375e+01,-3.067816925048828125e+01,-2.544083023071289062e+01,-1.972157287597656250e+01,-1.134934234619140625e+01,-8.223802566528320312e+00,-1.044761085510253906e+01,-1.532055854797363281e+01,-1.437236595153808594e+01,-1.634248352050781250e+01,-1.390825080871582031e+01,-9.222241401672363281e+00,-9.724223136901855469e+00,-8.674718856811523438e+00,-5.562262535095214844e+00,-1.465489959716796875e+01,-2.865154266357421875e+01,-3.274162292480468750e+01,-2.879382896423339844e+01,-2.712224006652832031e+01,-2.028626823425292969e+01,-2.112747955322265625e+01,-3.065589523315429688e+01,-3.337988662719726562e+01,-1.771721076965332031e+01,-1.227465343475341797e+01,-1.050245857238769531e+01,-1.034133720397949219e+01,-6.555448532104492188e+00,-1.643721818923950195e+00,-9.198870658874511719e-01,6.609336376190185547e+00,7.842099189758300781e+00,1.071242904663085938e+01,1.532552337646484375e+01,1.829848289489746094e+01,1.522464847564697266e+01,1.236416721343994141e+01,6.814811706542968750e+00,1.568165302276611328e+00,1.744100451469421387e-01,1.158380508422851562e+00,-4.625659286975860596e-01,5.651654243469238281e+00,-1.330827355384826660e+00,-4.484804630279541016e+00,-4.405966758728027344e+00,-1.123881578445434570e+00,-1.699253439903259277e+00,-1.153145599365234375e+01,-7.133645057678222656e+00,4.201461076736450195e-01,-3.551260471343994141e+00,-9.049741744995117188e+00,-7.942160606384277344e+00,-4.649433135986328125e+00,-8.207050323486328125e+00,-1.091119289398193359e+01,-8.782549858093261719e+00,-6.069740772247314453e+00,-8.570739746093750000e+00,-6.517287254333496094e+00,-1.042984390258789062e+01,-9.558515548706054688e+00,-1.486391067504882812e+01,-1.694881057739257812e+01,-1.852066040039062500e+01,-1.987403297424316406e+01,-2.719891738891601562e+01,-3.125166893005371094e+01,-2.775868606567382812e+01,-2.518379974365234375e+01,-2.446201324462890625e+01,-1.977661132812500000e+01,-1.902519989013671875e+01,-2.269970130920410156e+01,-2.517987632751464844e+01,-2.701375579833984375e+01,-2.886457061767578125e+01,-2.091944503784179688e+01,-1.739735412597656250e+01,-1.589247894287109375e+01,-1.661179351806640625e+01,-1.638287544250488281e+01,-1.932850265502929688e+01,-1.803005218505859375e+01,-1.524174880981445312e+01,-1.561308288574218750e+01,-1.323763179779052734e+01,-1.123942947387695312e+01,-1.379572772979736328e+01,-1.457456779479980469e+01,-1.775287628173828125e+01,-1.589828491210937500e+01,-1.198430156707763672e+01,-6.652848243713378906e+00,-1.517825889587402344e+01,-2.797658348083496094e+01,-3.583129882812500000e+01,-4.654683303833007812e+01,-4.752052688598632812e+01,-4.390661621093750000e+01,-4.334883880615234375e+01,-3.502361297607421875e+01,-1.989643096923828125e+01,-7.396130561828613281e+00,-9.087242126464843750e+00,-1.435942459106445312e+01,-1.609346199035644531e+01,-2.032005310058593750e+01,-1.169325828552246094e+01,-7.884759902954101562e+00,-1.126641654968261719e+01,-1.532250308990478516e+01,-1.801555252075195312e+01,-1.430251121520996094e+01,-1.120556449890136719e+01,-2.111364936828613281e+01,-2.038238906860351562e+01,-1.796527862548828125e+01,-1.596212482452392578e+01,-1.502179050445556641e+01,-1.611971664428710938e+01,-1.744536972045898438e+01,-2.997763061523437500e+01,-3.471926498413085938e+01,-2.206956672668457031e+01,-1.483735466003417969e+01,-1.063715171813964844e+01,-1.459112167358398438e+00,5.210803151130676270e-01,-2.947675228118896484e+00,-8.857532739639282227e-01,-2.453813552856445312e+00,-4.762993812561035156e+00,-3.028542518615722656e+00,-1.164050579071044922e+01,-1.971414566040039062e+01,-2.101996040344238281e+01,-2.453713226318359375e+01,-2.640668487548828125e+01,-3.015746688842773438e+01,-3.514089202880859375e+01,-3.640634155273437500e+01,-3.336981201171875000e+01,-3.351507186889648438e+01,-3.462451553344726562e+01,-2.618423843383789062e+01,-2.186034774780273438e+01,-1.641608428955078125e+01,-9.382116317749023438e+00,-9.100862503051757812e+00,-6.251976013183593750e+00,-2.997720479965209961e+00,-4.527133464813232422e+00,-8.262948036193847656e+00,-6.977847099304199219e+00,-7.818511962890625000e+00,-6.782706260681152344e+00,-6.232831001281738281e+00,-4.411535263061523438e+00,-1.272204399108886719e+00,-1.831365346908569336e+00,-5.645654678344726562e+00,-6.132016181945800781e+00,-6.056449890136718750e+00,-2.407695770263671875e+00,-4.660951614379882812e+00,-5.445038318634033203e+00,-2.920980453491210938e+00,-4.653660774230957031e+00,-9.625043869018554688e+00,-1.188941192626953125e+01,-6.701991081237792969e+00,-5.025302886962890625e+00,-1.097830200195312500e+01,-7.652788162231445312e+00,-5.443813800811767578e+00,-9.169423103332519531e+00,-6.024053573608398438e+00,-3.576346635818481445e+00,-4.010902404785156250e+00,-2.660404586791992188e+01,-3.972775268554687500e+01,-4.502478790283203125e+01,-4.301667022705078125e+01,-4.563399124145507812e+01,-4.016393280029296875e+01,-3.214714431762695312e+01,-2.888104248046875000e+01,-2.448199272155761719e+01,-2.462423324584960938e+01,-2.297181320190429688e+01,-1.989824295043945312e+01,-2.885793876647949219e+01,-3.428639984130859375e+01,-3.086914443969726562e+01,-3.187904930114746094e+01,-2.938149833679199219e+01,-2.170037269592285156e+01,-2.050529289245605469e+01,-2.758416938781738281e+01,-3.516521453857421875e+01,-3.246713256835937500e+01,-2.981001281738281250e+01,-3.125581359863281250e+01,-3.213269042968750000e+01,-3.559573364257812500e+01,-2.929699897766113281e+01,-2.362373161315917969e+01,-2.451166915893554688e+01,-2.352195358276367188e+01,-1.939372253417968750e+01,-1.946144866943359375e+01,-1.528555107116699219e+01,-1.137411117553710938e+01,-1.083812332153320312e+01,-1.896257781982421875e+01,-2.605110359191894531e+01,-2.725937652587890625e+01,-2.942887496948242188e+01,-2.245856666564941406e+01,-1.303726863861083984e+01,-1.209478664398193359e+01,-1.148396682739257812e+01,-8.658429145812988281e+00,-4.895876407623291016e+00,-6.404994964599609375e+00,-6.825243949890136719e+00,-7.168178558349609375e+00,-6.874399662017822266e+00,-8.420242309570312500e+00,-6.654287338256835938e+00,-3.505111217498779297e+00,-8.663007616996765137e-01,-6.641460418701171875e+00,-1.062357997894287109e+01,-1.218594360351562500e+01,-1.174458599090576172e+01,-1.157498359680175781e+01,-1.168367195129394531e+01,-8.496552467346191406e+00,-5.056748867034912109e+00,-3.865412712097167969e+00,-4.790155887603759766e+00,-4.274974822998046875e+00,-4.525198459625244141e+00,-2.776824951171875000e+00,-1.898556947708129883e+00,-2.058926105499267578e+00,-6.642946720123291016e+00,-1.304598236083984375e+01,-1.176186370849609375e+01,-3.563055992126464844e+00,-7.403912544250488281e+00,-4.057283401489257812e+00,-5.633801937103271484e+00,-7.845286369323730469e+00,-4.551254272460937500e+00,-1.317637443542480469e+00,-3.996146678924560547e+00,-5.105943679809570312e+00,-2.715763568878173828e+00,-8.359148025512695312e+00,-6.912063121795654297e+00,-5.311822414398193359e+00,-7.416453838348388672e+00,-9.119506835937500000e+00,-1.102654075622558594e+01,-6.569398880004882812e+00,-7.019013881683349609e+00,-6.993802070617675781e+00,-1.228631973266601562e+01,-1.235604667663574219e+01,-1.278174972534179688e+01,-1.088924980163574219e+01,-8.565513610839843750e+00,-9.384731292724609375e+00,-9.418741226196289062e+00,-6.574151039123535156e+00,-4.106880664825439453e+00,-5.789324760437011719e+00,-9.435253143310546875e+00,-6.907089233398437500e+00,-7.086775779724121094e+00,-7.447580337524414062e+00,-8.611292243003845215e-01,1.187215805053710938e+00,-3.638577461242675781e+00,-4.318857192993164062e+00,-8.278212547302246094e+00,-5.601824760437011719e+00,-8.905643463134765625e+00,-1.287670803070068359e+01,-1.545842742919921875e+01,-1.195428848266601562e+01,-1.105583667755126953e+01,-1.306285667419433594e+01,-6.011355400085449219e+00,-1.225168108940124512e+00,-4.558857917785644531e+00,-1.031251716613769531e+01,-1.431023502349853516e+01,-1.089825534820556641e+01,-3.795091867446899414e+00,-4.450767040252685547e+00,-6.385960578918457031e+00,-3.039928197860717773e+00,5.001312494277954102e-02,-3.722724437713623047e+00,-8.835857391357421875e+00,-6.291597366333007812e+00,-7.249563217163085938e+00,-8.255062103271484375e+00,-6.234613418579101562e+00,-2.724096536636352539e+00,-4.146924972534179688e+00,-7.207321643829345703e+00,-8.980935096740722656e+00,-7.313156604766845703e+00,-7.097239971160888672e+00,-4.028601646423339844e+00,-3.437066793441772461e+00,2.469338774681091309e-01,-4.471680641174316406e+00,-9.363877296447753906e+00,-5.470048427581787109e+00,-4.620170593261718750e+00,-8.089681625366210938e+00,-4.337095260620117188e+00,-6.097244262695312500e+00,-2.235831022262573242e-01,-3.318085670471191406e+00,-6.268077373504638672e+00,-9.536094665527343750e-01,-5.972058773040771484e+00,-4.858765602111816406e+00,-3.402580976486206055e+00,-9.387755393981933594e+00,-5.654273986816406250e+00,-1.906536102294921875e+01,-3.069006729125976562e+01,-4.156583786010742188e+01,-4.473446655273437500e+01,-3.297850036621093750e+01,-2.661569595336914062e+01,-3.007875823974609375e+01,-3.486697387695312500e+01,-3.597341156005859375e+01,-4.635877990722656250e+01,-5.014734649658203125e+01,-4.769987869262695312e+01,-4.609864425659179688e+01,-4.758113098144531250e+01,-4.316739654541015625e+01,-3.970104598999023438e+01,-3.179822921752929688e+01,-3.184892845153808594e+01,-2.740515518188476562e+01,-2.855797195434570312e+01,-3.693705749511718750e+01,-3.105328369140625000e+01,-1.960697555541992188e+01,-1.307820129394531250e+01,-8.692904472351074219e+00,-3.250493526458740234e+00,-5.445463180541992188e+00,-1.095902347564697266e+01,-1.449894714355468750e+01,-1.673843002319335938e+01,-2.283439254760742188e+01,-2.390815544128417969e+01,-2.306863403320312500e+01,-1.950089263916015625e+01,-1.517022705078125000e+01,-1.753957748413085938e+01,-1.417653846740722656e+01,-1.498925971984863281e+01,-1.189654731750488281e+01,-1.307618808746337891e+01,-6.367748260498046875e+00,1.166061878204345703e+00,-2.305201530456542969e+00,-7.640391349792480469e+00,-5.574664115905761719e+00,-6.244456768035888672e+00,-9.935428619384765625e+00,-5.392151832580566406e+00,-4.583733558654785156e+00,-7.791882514953613281e+00,-4.008520126342773438e+00,1.917533993721008301e+00,-3.497436046600341797e+00,-6.296464920043945312e+00,-1.081442260742187500e+01,-1.137564086914062500e+01,-1.164011192321777344e+01,-1.275384902954101562e+01,-1.340049266815185547e+01,-1.137686347961425781e+01,-8.622301101684570312e+00,-8.006750106811523438e+00,-7.670269966125488281e+00,-8.678951263427734375e+00,-8.034710884094238281e+00,-9.194085121154785156e+00,-3.843527078628540039e+00,-1.342601418495178223e+00,-4.023838996887207031e+00,-9.548151016235351562e+00,-9.605998992919921875e+00,-2.532879590988159180e+00,-3.054661750793457031e+00,-5.208995819091796875e+00,-8.480976104736328125e+00,-9.442613601684570312e+00,-7.668294429779052734e+00,-3.017658710479736328e+00,-2.231280088424682617e+00,-2.768909454345703125e+00,-4.167945861816406250e+00,-7.634124755859375000e+00,-6.916867733001708984e+00,-6.619177818298339844e+00,-6.551518440246582031e+00,-1.490798354148864746e+00,-1.271486997604370117e+00,-1.375481367111206055e+00,-4.720644474029541016e+00,-9.482790946960449219e+00,-4.905726432800292969e+00,-1.431859588623046875e+01,-3.355387878417968750e+01,-3.489851760864257812e+01,-2.937767410278320312e+01,-2.629661941528320312e+01,-2.266176795959472656e+01,-2.287534713745117188e+01,-2.029041290283203125e+01,-2.358963394165039062e+01,-2.343282508850097656e+01,-2.237232589721679688e+01,-2.038933372497558594e+01,-1.794755172729492188e+01,-1.895354080200195312e+01,-2.534767150878906250e+01,-2.377029228210449219e+01,-1.595429801940917969e+01,-2.951609039306640625e+01,-3.898772811889648438e+01,-2.683432769775390625e+01,-1.440721130371093750e+01,-2.017237663269042969e+01,-2.504065704345703125e+01,-3.494441223144531250e+01,-3.017648887634277344e+01,-2.997101593017578125e+01,-2.863702774047851562e+01,-2.798410034179687500e+01,-3.627840423583984375e+01,-2.724127960205078125e+01,-2.162926864624023438e+01,-1.765499114990234375e+01,-1.077827644348144531e+01,-1.950421905517578125e+01,-2.796979904174804688e+01,-3.128335952758789062e+01,-2.835721969604492188e+01,-2.674967193603515625e+01,-3.819186782836914062e+01,-4.008411026000976562e+01,-3.231385421752929688e+01,-2.932541465759277344e+01,-3.593507003784179688e+01,-3.779249572753906250e+01,-3.495893859863281250e+01,-3.827234649658203125e+01,-4.590383148193359375e+01,-4.470619201660156250e+01,-3.134865188598632812e+01,-2.863678741455078125e+01,-3.103498458862304688e+01,-2.718976974487304688e+01,-1.646760940551757812e+01,-1.001692008972167969e+01,-1.143404865264892578e+01,-1.343105792999267578e+01,-1.261680603027343750e+01,-1.122821521759033203e+01,-6.412746429443359375e+00,-6.091522216796875000e+00,-9.270109176635742188e+00,-1.619804000854492188e+01,-2.085818290710449219e+01,-2.523074531555175781e+01,-2.226630020141601562e+01,-2.076304244995117188e+01,-1.608302307128906250e+01,-1.446844387054443359e+01,-2.019551658630371094e+01,-2.365671730041503906e+01,-1.918047332763671875e+01,-2.227029418945312500e+01,-2.213465499877929688e+01,-1.964330863952636719e+01,-2.064817619323730469e+01,-2.089807128906250000e+01,-2.404655647277832031e+01,-2.350214385986328125e+01,-2.331086730957031250e+01,-2.290303421020507812e+01,-2.832949447631835938e+01,-2.703759384155273438e+01,-2.038278961181640625e+01,-2.175428962707519531e+01,-2.286591720581054688e+01,-2.564585876464843750e+01,-3.039572906494140625e+01,-2.616306686401367188e+01,-2.190264129638671875e+01,-2.363634872436523438e+01,-2.687347030639648438e+01,-2.800985908508300781e+01,-2.590572166442871094e+01,-2.783252334594726562e+01,-2.390353965759277344e+01,-1.354261875152587891e+01,-1.462266540527343750e+01,-2.798086547851562500e+01,-3.174790191650390625e+01,-2.418449592590332031e+01,-2.484932708740234375e+01,-2.517525863647460938e+01,-2.267913436889648438e+01,-2.373101806640625000e+01,-2.179209518432617188e+01,-1.951256942749023438e+01,-1.937295722961425781e+01,-2.041641998291015625e+01,-2.182501220703125000e+01,-1.586300468444824219e+01,-1.400304031372070312e+01,-1.174424743652343750e+01,-9.097821235656738281e+00,-4.815688133239746094e+00,-1.335914611816406250e+01,-2.174468994140625000e+01,-1.995740890502929688e+01,-1.563304138183593750e+01,-1.269536304473876953e+01,-8.736236572265625000e+00,-1.129274177551269531e+01,-1.739216613769531250e+01,-9.465118408203125000e+00,-9.566905975341796875e+00,-8.841264724731445312e+00,-5.487328529357910156e+00,-8.956791877746582031e+00,-8.653767585754394531e+00,-8.340200424194335938e+00,-9.458965301513671875e+00,-1.383289432525634766e+01,-1.469922637939453125e+01,-1.189420890808105469e+01,-1.297248172760009766e+01,-1.007058811187744141e+01,-2.557738304138183594e+00,-9.946362376213073730e-01,-7.726041316986083984e+00,-7.269366264343261719e+00,-1.154139709472656250e+01,-9.352095603942871094e+00,-6.755666255950927734e+00,-8.312107086181640625e+00,-9.124549865722656250e+00,-9.851921081542968750e+00,-1.057560157775878906e+01,-7.768106460571289062e+00,-7.395432472229003906e+00,-1.033521842956542969e+01,-1.228417110443115234e+01,-9.144255638122558594e+00,-6.830214977264404297e+00,-6.119580268859863281e+00,-1.092734336853027344e+01,-8.974880218505859375e+00,-6.262172698974609375e+00,-4.205295085906982422e+00,-3.350558280944824219e+00,-8.076893806457519531e+00,-8.872028350830078125e+00,-1.088348579406738281e+01,-1.072368049621582031e+01,-1.538469123840332031e+01,-2.280651092529296875e+01,-2.811280441284179688e+01,-2.501607513427734375e+01,-3.002869033813476562e+01,-3.417796707153320312e+01,-2.392948150634765625e+01,-1.964073181152343750e+01,-1.686728286743164062e+01,-1.348171615600585938e+01,-1.302038002014160156e+01,-6.680660247802734375e+00,-6.979762315750122070e-01,-3.383130073547363281e+00,-3.025025844573974609e+00,-8.040615081787109375e+00,-3.964041709899902344e+00,-1.711075544357299805e+00,-1.001610040664672852e+00,-1.487963676452636719e+00,-1.036722087860107422e+01,-2.081267547607421875e+01,-2.587864494323730469e+01,-2.959060668945312500e+01,-2.903693008422851562e+01,-2.204806709289550781e+01,-2.861817741394042969e+01,-3.300099182128906250e+01,-3.219324874877929688e+01,-2.921579360961914062e+01,-2.404378128051757812e+01,-1.995306777954101562e+01,-1.461560440063476562e+01,-1.530683231353759766e+01,-1.214008140563964844e+01,-6.723975181579589844e+00,-9.418336868286132812e+00,-9.609754562377929688e+00,-5.684329986572265625e+00,-4.159724235534667969e+00,-1.023724269866943359e+01,-1.281250000000000000e+01,-3.790515661239624023e+00,3.443801105022430420e-01,-1.270532011985778809e+00,-1.633256673812866211e-01,-1.617820978164672852e+00,-6.112086296081542969e+00,-4.883083343505859375e+00,-6.210581779479980469e+00,-6.123139381408691406e+00,-1.006926727294921875e+01,-7.735830783843994141e+00,-7.405280113220214844e+00,-3.688301563262939453e+00,-4.718790531158447266e+00,-9.235906600952148438e+00,-2.046491432189941406e+01,-3.033151245117187500e+01,-2.126427459716796875e+01,-1.283928489685058594e+01,-1.525871276855468750e+01,-2.238415145874023438e+01,-3.016159057617187500e+01,-3.645433807373046875e+01,-4.304967498779296875e+01,-4.793131256103515625e+01,-5.234370422363281250e+01,-4.080173110961914062e+01,-3.082787322998046875e+01,-3.551510238647460938e+01,-4.520117187500000000e+01,-5.248761749267578125e+01,-4.442139816284179688e+01,-3.391567993164062500e+01,-3.248521423339843750e+01,-2.768638801574707031e+01,-2.912910270690917969e+01,-2.960474586486816406e+01,-2.629757308959960938e+01,-2.323793029785156250e+01,-2.151917457580566406e+01,-1.982986831665039062e+01,-2.035226058959960938e+01,-1.532414245605468750e+01,-1.345810890197753906e+01,-1.235643577575683594e+01,-5.270380020141601562e+00,-4.153904914855957031e+00,-1.573715877532958984e+01,-2.719285011291503906e+01,-3.219572448730468750e+01,-2.999061203002929688e+01,-1.953048324584960938e+01,-1.298597145080566406e+01,-7.927473545074462891e+00,-1.176185989379882812e+01,-1.586407852172851562e+01,-1.232619762420654297e+01,-1.660075569152832031e+01,-2.629556274414062500e+01,-2.439268875122070312e+01,-1.569497299194335938e+01,-1.795734024047851562e+01,-3.008272552490234375e+01,-3.985827255249023438e+01,-3.902758407592773438e+01,-3.679903411865234375e+01,-3.512976455688476562e+01,-3.379785919189453125e+01,-3.377618408203125000e+01,-3.295582199096679688e+01,-2.812978935241699219e+01,-3.601710128784179688e+01,-3.836434936523437500e+01,-3.811378860473632812e+01,-3.201504516601562500e+01,-3.401480102539062500e+01,-3.089578056335449219e+01,-2.177018737792968750e+01,-1.423740196228027344e+01,-6.243357658386230469e+00,-5.073812484741210938e+00,-7.444864749908447266e+00,-7.335651397705078125e+00,-3.957396268844604492e+00,8.814591765403747559e-01,8.744667768478393555e-01,4.068187713623046875e+00,-9.494520723819732666e-02,-2.785867214202880859e+00,-1.945264458656311035e+00,-9.137022018432617188e+00,-1.785737991333007812e+01,-1.862594032287597656e+01,-2.004139900207519531e+01,-1.638112068176269531e+01,-1.406322097778320312e+01,-8.778002738952636719e+00,-8.987037658691406250e+00,-1.311114883422851562e+01,-2.023936653137207031e+01,-2.528860092163085938e+01,-2.467526245117187500e+01,-1.512404823303222656e+01,-1.648681831359863281e+01,-2.370137786865234375e+01,-2.935246658325195312e+01,-3.010218048095703125e+01,-2.358689498901367188e+01,-2.264647293090820312e+01,-3.090970420837402344e+01,-2.478705215454101562e+01,-2.081860351562500000e+01,-2.098336601257324219e+01,-1.479052925109863281e+01,-8.718265533447265625e+00,-5.474448204040527344e+00,-1.084065151214599609e+01,-1.116737365722656250e+01,-1.095419502258300781e+01,-5.616551876068115234e+00,-5.360189437866210938e+00,-1.322329330444335938e+01,-1.257401657104492188e+01,-9.486333847045898438e+00,-5.278187274932861328e+00,-7.368834972381591797e+00,-7.633387565612792969e+00,-8.280127525329589844e+00,-9.758037567138671875e+00,-8.774291992187500000e+00,-7.353857517242431641e+00,-9.768479347229003906e+00,-8.848411560058593750e+00,-8.038318634033203125e+00,-9.518054008483886719e+00,-8.714021682739257812e+00,-8.137551307678222656e+00,-7.607370853424072266e+00,-4.702612876892089844e+00,-5.183465003967285156e+00,-3.055799007415771484e+00,-4.944253921508789062e+00,-2.586526870727539062e+00,-1.932955265045166016e+00,-6.876451492309570312e+00,-9.970037460327148438e+00,-1.027050781250000000e+01,-1.805386924743652344e+01,-2.782543182373046875e+01,-4.327804565429687500e+01,-5.013913726806640625e+01,-4.610969161987304688e+01,-3.435656738281250000e+01,-2.389227676391601562e+01,-2.392441558837890625e+01,-2.349514389038085938e+01,-2.521496200561523438e+01,-1.869120407104492188e+01,-4.485153198242187500e+00,3.533885478973388672e+00,4.678796768188476562e+00,4.609353065490722656e+00,4.798693180084228516e+00,9.208575248718261719e+00,1.700327491760253906e+01,1.860865783691406250e+01,1.201578044891357422e+01,3.828105449676513672e+00,-5.037168025970458984e+00,-1.547706031799316406e+01,-2.452394294738769531e+01,-2.625967025756835938e+01,-2.430970001220703125e+01,-2.122949600219726562e+01,-1.701195526123046875e+01,-1.534053039550781250e+01,-1.290399169921875000e+01,-7.981185436248779297e+00,-9.674101829528808594e+00,-9.456728935241699219e+00,-8.354009628295898438e+00,-7.252627849578857422e+00,-6.442340850830078125e+00,-1.268323135375976562e+01,-1.304095649719238281e+01,-1.813734436035156250e+01,-2.208909988403320312e+01,-2.758380508422851562e+01,-3.834068679809570312e+01,-4.576449203491210938e+01,-4.423458862304687500e+01,-3.682427978515625000e+01,-3.097002792358398438e+01,-2.135633850097656250e+01,-1.288404655456542969e+01,-6.715723037719726562e+00,-6.517200469970703125e+00,1.392283320426940918e+00,9.716006278991699219e+00,1.028550338745117188e+01,3.225993156433105469e+00,-2.440001726150512695e+00,-1.902685642242431641e+00,-1.314986515045166016e+01,-1.831209945678710938e+01,-1.916732788085937500e+01,-1.316626453399658203e+01,-1.639661073684692383e+00,-1.325910091400146484e+00,-1.936095619201660156e+01,-3.627014160156250000e+01,-3.802629470825195312e+01,-2.894985198974609375e+01,-1.808719825744628906e+01,-1.424110984802246094e+01,-1.770937347412109375e+01,-1.964893531799316406e+01,-1.686335182189941406e+01,-1.762908554077148438e+01,-1.832939529418945312e+01,-2.307140541076660156e+01,-2.252693557739257812e+01,-1.732182502746582031e+01,-1.289208984375000000e+01,-2.069491577148437500e+01,-3.533833312988281250e+01,-4.591153717041015625e+01,-4.450562286376953125e+01,-3.966030120849609375e+01,-3.350246429443359375e+01,-3.092331504821777344e+01,-3.026207733154296875e+01,-3.319235992431640625e+01,-3.955741119384765625e+01,-3.179631805419921875e+01,-2.296355819702148438e+01,-2.605007934570312500e+01,-3.651303863525390625e+01,-4.838624572753906250e+01,-5.233470916748046875e+01,-4.595228576660156250e+01,-3.881301879882812500e+01,-3.349139785766601562e+01,-2.603580284118652344e+01,-2.311322402954101562e+01,-2.042283821105957031e+01,-1.458986186981201172e+01,-1.641642189025878906e+01,-2.083740234375000000e+01,-3.042453765869140625e+01,-3.256108856201171875e+01,-2.837125968933105469e+01,-2.533692550659179688e+01,-2.729558944702148438e+01,-2.569733810424804688e+01,-2.858109283447265625e+01,-2.926669883728027344e+01,-3.665447998046875000e+01,-3.674758911132812500e+01,-2.993915939331054688e+01,-2.838495826721191406e+01,-2.978145217895507812e+01,-2.898334693908691406e+01,-2.842392730712890625e+01,-3.786015319824218750e+01,-4.312278747558593750e+01,-3.760590362548828125e+01,-3.493868255615234375e+01,-3.118552398681640625e+01,-2.060227584838867188e+01,-1.284918212890625000e+01,-9.652146339416503906e+00,-6.720709800720214844e+00,-6.411595344543457031e+00,-1.137549304962158203e+01,-1.197019958496093750e+01,-9.885544776916503906e+00,-9.536066055297851562e-01,-4.044774055480957031e+00,-1.022908592224121094e+01,-5.907627105712890625e+00,-4.281250000000000000e+00,-6.717890739440917969e+00,-1.107625770568847656e+01,-1.469934463500976562e+01,-1.208107185363769531e+01,-8.612375259399414062e+00,-6.708138465881347656e+00,-6.576805114746093750e+00,-1.242062187194824219e+01,-1.824773025512695312e+01,-2.674596023559570312e+01,-3.714539718627929688e+01,-4.249342346191406250e+01,-3.802488708496093750e+01,-3.762588882446289062e+01,-3.615436553955078125e+01,-3.329707336425781250e+01,-4.325357055664062500e+01,-4.057754898071289062e+01,-3.850131988525390625e+01,-3.741163635253906250e+01,-4.155082702636718750e+01,-4.351315689086914062e+01,-3.599608612060546875e+01,-2.339200210571289062e+01,-1.806104469299316406e+01,-1.928479766845703125e+01,-1.933675384521484375e+01,-1.380171012878417969e+01,-1.804403686523437500e+01,-1.627719688415527344e+01,-1.878242111206054688e+01,-2.498859024047851562e+01,-3.037966156005859375e+01,-3.070483016967773438e+01,-2.478000831604003906e+01,-1.805018424987792969e+01,-2.843570709228515625e+01,-2.541820144653320312e+01,-1.572500419616699219e+01,-8.116304397583007812e+00,-1.173080635070800781e+01,-1.193002510070800781e+01,-4.247699737548828125e+00,4.367088973522186279e-01,3.254686594009399414e+00,7.430837631225585938e+00,5.002640247344970703e+00,-1.488493919372558594e+00,-7.762706756591796875e+00,-1.018841934204101562e+01,-8.193771362304687500e+00,-8.612436294555664062e+00,-7.315896034240722656e+00,-6.601585865020751953e+00,-7.546601295471191406e+00,-1.107126998901367188e+01,-1.105376243591308594e+01,-7.050900936126708984e+00,-1.845931887626647949e+00,-3.706605434417724609e+00,-7.552017688751220703e+00,-1.266708564758300781e+01,-1.700666618347167969e+01,-1.828043174743652344e+01,-2.101357269287109375e+01,-1.745412826538085938e+01,-2.004611206054687500e+01,-1.789893150329589844e+01,-1.615715980529785156e+01,-2.753964805603027344e+01,-4.033223724365234375e+01,-4.145433807373046875e+01,-4.035259246826171875e+01,-3.548603057861328125e+01,-3.666444396972656250e+01,-3.097754669189453125e+01,-2.484611320495605469e+01,-1.466617488861083984e+01,-1.175223159790039062e+01,-1.338820457458496094e+01,-1.924361419677734375e+01,-1.285622215270996094e+01,-1.402508640289306641e+01,-1.568255805969238281e+01,-9.768610000610351562e+00,-1.556446266174316406e+01,-1.929388999938964844e+01,-2.321853256225585938e+01,-2.876522827148437500e+01,-3.377535247802734375e+01,-3.363359832763671875e+01,-3.102523803710937500e+01,-3.296490478515625000e+01,-2.234008407592773438e+01,-1.998784637451171875e+01,-1.832525253295898438e+01,-1.494819259643554688e+01,-1.197638320922851562e+01,-9.429273605346679688e+00,-1.208202266693115234e+01,-1.943305778503417969e+01,-2.459872245788574219e+01,-2.190761756896972656e+01,-2.941955566406250000e+01,-3.412197875976562500e+01,-3.009302711486816406e+01,-3.133744430541992188e+01,-3.026481246948242188e+01,-4.044129562377929688e+01,-3.683850860595703125e+01,-2.841049575805664062e+01,-1.684945678710937500e+01,-1.291849803924560547e+01,-1.571982479095458984e+01,-1.522925949096679688e+01,-1.326468849182128906e+01,-1.225825786590576172e+01,-1.285112571716308594e+01,-1.664229965209960938e+01,-1.460201835632324219e+01,-8.788517951965332031e+00,-1.407353401184082031e+01,-1.137072753906250000e+01,-6.106220245361328125e+00,-8.631172180175781250e+00,-7.761246681213378906e+00,-7.972996711730957031e+00,-1.151602554321289062e+01,-1.087797164916992188e+01,-9.907209396362304688e+00,-9.701635360717773438e+00,-8.659451484680175781e+00,-8.457971572875976562e+00,-6.564298629760742188e+00,-1.226189708709716797e+01,-6.506352424621582031e+00,-1.206095886230468750e+01,-2.238580513000488281e+01,-3.661471557617187500e+01,-4.064093780517578125e+01,-4.203457641601562500e+01,-4.148246765136718750e+01,-4.095770263671875000e+01,-3.920970153808593750e+01,-3.299362182617187500e+01,-3.237874221801757812e+01,-2.948177909851074219e+01,-2.153916549682617188e+01,-1.139863586425781250e+01,-3.794177532196044922e+00,-7.487767696380615234e+00,-1.889765930175781250e+01,-2.435916137695312500e+01,-2.727059555053710938e+01,-2.688205528259277344e+01,-2.511998367309570312e+01,-3.046558952331542969e+01,-2.848643875122070312e+01,-2.511236953735351562e+01,-2.643250656127929688e+01,-2.612344741821289062e+01,-2.788929748535156250e+01,-2.754811477661132812e+01,-2.576467132568359375e+01,-2.649335861206054688e+01,-2.691664123535156250e+01,-2.424399566650390625e+01,-1.667063522338867188e+01,-1.620719909667968750e+01,-2.936987686157226562e+01,-3.612630844116210938e+01,-3.766212463378906250e+01,-2.646454048156738281e+01,-2.147286605834960938e+01,-2.630225372314453125e+01,-2.889328765869140625e+01,-2.987955474853515625e+01,-2.334126281738281250e+01,-1.639930534362792969e+01,-1.843068313598632812e+01,-1.484629631042480469e+01,-1.911676406860351562e+01,-2.952939224243164062e+01,-3.014598083496093750e+01,-3.796249389648437500e+01,-4.372612762451171875e+01,-5.143221282958984375e+01,-5.565406036376953125e+01,-4.226916122436523438e+01,-3.242220306396484375e+01,-2.879027938842773438e+01,-1.726598930358886719e+01,-1.063092041015625000e+01,-9.506944656372070312e+00,-1.032614707946777344e+01,-1.450323104858398438e+01,-1.814011955261230469e+01,-1.868579101562500000e+01,-1.484556388854980469e+01,-1.382097434997558594e+01,-1.184012794494628906e+01,-1.720669174194335938e+01,-1.706327438354492188e+01,-1.142113590240478516e+01,-1.002245426177978516e+01,-8.114166259765625000e+00,-7.803558349609375000e+00,-1.398038673400878906e+01,-2.379999923706054688e+01,-3.793978500366210938e+01,-3.453223419189453125e+01,-2.299317932128906250e+01,-1.865747451782226562e+01,-1.380158615112304688e+01,-1.519045066833496094e+01,-2.167781257629394531e+01,-2.009257125854492188e+01,-1.764271926879882812e+01,-2.762369537353515625e+01,-3.641479492187500000e+01,-3.658090972900390625e+01,-2.836364364624023438e+01,-1.748323822021484375e+01,-1.912991333007812500e+01,-1.308464050292968750e+01,-3.567092418670654297e+00,4.944000720977783203e+00,5.511422157287597656e+00,-3.744880676269531250e+00,-6.257109165191650391e+00,-1.307201576232910156e+01,-1.791299438476562500e+01,-2.310496902465820312e+01,-2.009213638305664062e+01,-1.251517772674560547e+01,-1.792322349548339844e+01,-2.340801239013671875e+01,-2.949225425720214844e+01,-2.865297508239746094e+01,-2.530878448486328125e+01,-2.347118377685546875e+01,-1.963855361938476562e+01,-1.824637222290039062e+01,-1.873328399658203125e+01,-2.653669548034667969e+01,-2.481209564208984375e+01,-2.393055725097656250e+01,-2.581152915954589844e+01,-2.337434387207031250e+01,-2.668463516235351562e+01,-1.482013320922851562e+01,-3.173243284225463867e+00,1.562730312347412109e+00,4.010301113128662109e+00,4.599527359008789062e+00,3.869344234466552734e+00,-2.028231620788574219e+00,-7.797553062438964844e+00,-5.903807163238525391e+00,3.066979646682739258e-01,-4.444155216217041016e+00,-5.090953826904296875e+00,-7.747185707092285156e+00,-1.129290771484375000e+01,-2.487759017944335938e+01,-3.454735565185546875e+01,-3.738928985595703125e+01,-3.771309280395507812e+01,-3.368241500854492188e+01,-3.097690200805664062e+01,-2.872142410278320312e+01,-2.429692649841308594e+01,-3.062548446655273438e+01,-2.987687683105468750e+01,-2.567250442504882812e+01,-2.236865043640136719e+01,-1.540939235687255859e+01,-1.135022544860839844e+01,-3.280229568481445312e+00,-8.030164241790771484e-02,1.213053941726684570e+00,3.204125642776489258e+00,8.941367149353027344e+00,1.020812892913818359e+01,5.037144660949707031e+00,-1.469762921333312988e+00,-7.780229568481445312e+00,-2.751852035522460938e+00,-4.608114719390869141e+00,-3.799034357070922852e+00,-3.368407249450683594e+00,-4.175915718078613281e-01,-2.655960798263549805e+00,-5.517362594604492188e+00,-8.393592834472656250e+00,-4.088284492492675781e+00,-2.999502182006835938e+00,-5.164771556854248047e+00,-2.826828241348266602e+00,-4.144902229309082031e+00,-2.451309442520141602e+00,-3.446376562118530273e+00,1.435364782810211182e-01,-7.456993103027343750e+00,-1.164216232299804688e+01,-5.861152648925781250e+00,-7.652785301208496094e+00,-9.716033935546875000e+00,-5.602860450744628906e+00,-5.274574279785156250e+00,-1.071586704254150391e+01,-1.161306190490722656e+01,-8.918951034545898438e+00,-5.611020088195800781e+00,-3.385576248168945312e+00,-4.818189620971679688e+00,-8.573806762695312500e+00,-8.904327392578125000e+00,-5.789025783538818359e+00,-7.315361022949218750e+00,-6.709956169128417969e+00,-1.016636610031127930e+00,2.423593044281005859e+00,2.161453485488891602e+00,-3.360390186309814453e+00,-7.948020935058593750e+00,-2.735707092285156250e+01,-1.839958572387695312e+01,-4.083908557891845703e+00,-2.501167058944702148e+00,-8.920015335083007812e+00,-1.517367172241210938e+01,-1.777262496948242188e+01,-2.435720825195312500e+01,-1.895093536376953125e+01,-1.933897399902343750e+01,-2.293119621276855469e+01,-3.090354347229003906e+01,-2.723855018615722656e+01,-2.309607315063476562e+01,-2.428675651550292969e+01,-2.690088272094726562e+01,-2.463475036621093750e+01,-2.623152160644531250e+01,-2.334588241577148438e+01,-2.241101074218750000e+01,-1.865877151489257812e+01,-1.139538192749023438e+01,-7.726954460144042969e+00,-8.901798248291015625e+00,-9.587306022644042969e+00,-1.070744228363037109e+01,-2.106398391723632812e+01,-4.155176162719726562e+01,-4.573660659790039062e+01,-3.937425994873046875e+01,-2.872809219360351562e+01,-3.041055679321289062e+01,-3.176634979248046875e+01,-3.843735885620117188e+01,-4.205955505371093750e+01,-3.896025085449218750e+01,-3.580299377441406250e+01,-3.249158477783203125e+01,-2.993330192565917969e+01,-2.980109405517578125e+01,-2.588219833374023438e+01,-2.739629745483398438e+01,-2.863836669921875000e+01,-2.946377182006835938e+01,-3.339577102661132812e+01,-3.283386230468750000e+01,-2.655847549438476562e+01,-2.045472717285156250e+01,-1.510428524017333984e+01,-1.723841094970703125e+01,-3.032721900939941406e+01,-4.078987884521484375e+01,-3.977716064453125000e+01,-3.654553985595703125e+01,-4.133972167968750000e+01,-4.441201782226562500e+01,-4.582459259033203125e+01,-4.425378799438476562e+01,-4.252540588378906250e+01,-4.149726104736328125e+01,-3.569872665405273438e+01,-2.731214714050292969e+01,-2.631282424926757812e+01,-2.610090255737304688e+01,-2.693681907653808594e+01,-2.944007873535156250e+01,-3.803104019165039062e+01,-4.466996765136718750e+01,-4.509437561035156250e+01,-4.111928558349609375e+01,-3.148059463500976562e+01,-2.879774093627929688e+01,-3.099004364013671875e+01,-2.315845108032226562e+01,-2.463120651245117188e+01,-3.413851165771484375e+01,-4.157044219970703125e+01,-4.432987213134765625e+01,-3.298297500610351562e+01,-2.144380187988281250e+01,-1.582638168334960938e+01,-1.438882446289062500e+01,-1.638590049743652344e+01,-2.205493545532226562e+01,-2.937332153320312500e+01,-2.958911895751953125e+01,-3.493434906005859375e+01,-3.483222198486328125e+01,-3.293350982666015625e+01,-3.258528900146484375e+01,-2.947581100463867188e+01,-2.399924850463867188e+01,-2.398671913146972656e+01,-1.995609283447265625e+01,-1.700921630859375000e+01,-1.541332817077636719e+01,-1.319561100006103516e+01,-7.993661880493164062e+00,-4.926142692565917969e+00,-8.728048324584960938e+00,-1.514546012878417969e+01,-2.037548446655273438e+01,-1.790324783325195312e+01,-1.494256496429443359e+01,-9.706321716308593750e+00,-7.441897392272949219e-01,2.394334793090820312e+00,1.559734702110290527e+00,2.861722469329833984e+00,-1.025480747222900391e+00,-2.949812173843383789e+00,-5.568536758422851562e+00,-4.787343025207519531e+00,-6.140712738037109375e+00,-2.138562202453613281e+00,-9.240315556526184082e-01,-2.452763080596923828e+00,-4.610241889953613281e+00,-7.791916847229003906e+00,-4.599120318889617920e-01,-6.190539002418518066e-01,-5.977846145629882812e+00,-4.033267974853515625e+00,-2.706031799316406250e+00,-5.038078308105468750e+00,-7.568835258483886719e+00,-7.164350986480712891e+00,-1.090990161895751953e+01,-1.118369293212890625e+01,-5.151816368103027344e+00,2.748935222625732422e-01,-3.500523805618286133e+00,-4.426123619079589844e+00,-5.324162483215332031e+00,-4.412686347961425781e+00,-2.116271257400512695e+00,-1.218533039093017578e+00,-1.345820903778076172e+00,-5.226613044738769531e+00,-1.011392593383789062e+01,-1.015808677673339844e+01,-1.121203136444091797e+01,-7.851978302001953125e+00,-5.432929992675781250e+00,-6.268701553344726562e+00,-6.551126480102539062e+00,-6.341407775878906250e+00,-7.548442840576171875e+00,-5.102342605590820312e+00,-8.313180923461914062e+00,-4.923636436462402344e+00,-8.532526016235351562e+00,-7.969629287719726562e+00,-8.626322746276855469e+00,-4.196011066436767578e+00,-1.229047012329101562e+01,-3.244269180297851562e+01,-4.120893859863281250e+01,-3.076744270324707031e+01,-2.078619766235351562e+01,-2.406712722778320312e+01,-2.068940353393554688e+01,-1.969963455200195312e+01,-2.652026748657226562e+01,-3.464323806762695312e+01,-2.803567886352539062e+01,-2.917412376403808594e+01,-3.196652603149414062e+01,-4.247240447998046875e+01,-4.574940490722656250e+01,-4.228321075439453125e+01,-3.871419525146484375e+01,-3.025373458862304688e+01,-2.586240196228027344e+01,-2.164760208129882812e+01,-1.771742630004882812e+01,-1.935768508911132812e+01,-1.749835968017578125e+01,-1.627773284912109375e+01,-1.710508155822753906e+01,-1.295037269592285156e+01,-6.853876113891601562e+00,-1.070894813537597656e+01,-1.331604194641113281e+01,-6.519299507141113281e+00,-6.726420402526855469e+00,-7.004727840423583984e+00,-4.227643489837646484e+00,-5.181198596954345703e+00,-1.093721199035644531e+01,-1.051644039154052734e+01,-5.453469276428222656e+00,-1.656794309616088867e+00,-4.552991390228271484e+00,-1.119663810729980469e+01,-1.229218864440917969e+01,-5.590035438537597656e+00,-6.493336677551269531e+00,-1.020999717712402344e+01,-1.242053413391113281e+01,-7.386134624481201172e+00,3.703943490982055664e-01,6.068666458129882812e+00,-1.963830709457397461e+00,-1.162846660614013672e+01,-1.134526920318603516e+01,-7.820143222808837891e+00,-6.137413978576660156e+00,-8.897318840026855469e+00,-4.963301658630371094e+00,-1.410955238342285156e+01,-2.979394149780273438e+01,-3.873155975341796875e+01,-3.479144287109375000e+01,-3.935717010498046875e+01,-4.538330078125000000e+01,-4.470005798339843750e+01,-3.750773620605468750e+01,-3.864361572265625000e+01,-4.359753799438476562e+01,-4.162253570556640625e+01,-3.603376007080078125e+01,-3.216709136962890625e+01,-2.719667434692382812e+01,-2.436506462097167969e+01,-1.874461364746093750e+01,-1.540659713745117188e+01,-1.614359664916992188e+01,-2.390587234497070312e+01,-2.623422622680664062e+01,-2.805552864074707031e+01,-2.742435455322265625e+01,-2.382782745361328125e+01,-1.912866973876953125e+01,-1.741602706909179688e+01,-3.348679351806640625e+01,-4.904743194580078125e+01,-5.461014938354492188e+01,-5.553749847412109375e+01,-5.061384582519531250e+01,-4.295207214355468750e+01,-3.581745910644531250e+01,-2.579436874389648438e+01,-2.398337936401367188e+01,-3.617318344116210938e+01,-4.368029785156250000e+01,-4.428371047973632812e+01,-4.159067535400390625e+01,-3.906727600097656250e+01,-4.464895629882812500e+01,-4.472429656982421875e+01,-3.430720138549804688e+01,-2.603296279907226562e+01,-2.732677650451660156e+01,-2.914630508422851562e+01,-3.084789657592773438e+01,-3.030604934692382812e+01,-2.627788925170898438e+01,-2.181837463378906250e+01,-2.073668670654296875e+01,-2.121160125732421875e+01,-1.834984970092773438e+01,-1.833082962036132812e+01,-1.950297164916992188e+01,-1.942130851745605469e+01,-1.926303100585937500e+01,-1.047518730163574219e+01,-1.678608775138854980e+00,1.229325532913208008e+00,1.646723389625549316e+00,4.150822162628173828e+00,5.092966079711914062e+00,6.717958927154541016e+00,4.319250106811523438e+00,-5.328585505485534668e-01,-1.422751903533935547e+00,8.011270523071289062e+00,3.788856029510498047e+00,-9.178944826126098633e-01,-3.643421888351440430e+00,-4.835484504699707031e+00,-2.728980302810668945e+00,2.706326723098754883e+00,-1.949477434158325195e+00,4.550625801086425781e+00,6.009007453918457031e+00,3.577988862991333008e+00,5.379975318908691406e+00,2.969694614410400391e+00,-2.978977203369140625e+00,-5.221601963043212891e+00,-4.168325424194335938e+00,-8.438745498657226562e+00,-9.739546775817871094e+00,-3.712719440460205078e+00,-3.365128755569458008e+00,-7.054761648178100586e-01,-5.733219146728515625e+00,-8.383569717407226562e+00,-1.099790859222412109e+01,-9.791215896606445312e+00,-4.305870532989501953e+00,-7.003889083862304688e+00,-6.910334110260009766e+00,-6.875183105468750000e+00,-6.797722816467285156e+00,-4.675396919250488281e+00,-6.816331863403320312e+00,-6.784965515136718750e+00,-5.679996490478515625e+00,-3.027764320373535156e+00,-4.874178409576416016e+00,-5.678670883178710938e+00,-7.967885971069335938e+00,-1.263211441040039062e+01,-2.342932891845703125e+01,-2.657772827148437500e+01,-2.769040679931640625e+01,-3.065919113159179688e+01,-2.716130256652832031e+01,-1.773554611206054688e+01,-6.153440475463867188e+00,-9.065053939819335938e+00,-2.050614929199218750e+01,-2.799636840820312500e+01,-2.671528053283691406e+01,-2.181710815429687500e+01,-1.619591522216796875e+01,-1.193924617767333984e+01,-7.574341773986816406e+00,-1.028175735473632812e+01,-1.661539077758789062e+01,-1.854832458496093750e+01,-2.191272163391113281e+01,-2.130954170227050781e+01,-2.444665908813476562e+01,-2.351494216918945312e+01,-2.499416732788085938e+01,-2.335739517211914062e+01,-1.650882339477539062e+01,-1.374110603332519531e+01,-1.238581657409667969e+01,-5.363955497741699219e+00,-5.094293951988220215e-01,-4.580039978027343750e-01,-3.042927265167236328e+00,-4.919803619384765625e+00,-2.426955461502075195e+00,-2.282578945159912109e+00,-1.736941337585449219e+00,-6.547093391418457031e+00,-7.390265464782714844e+00,-7.795195579528808594e+00,-4.669461727142333984e+00,-7.664071559906005859e+00,-1.189128112792968750e+01,-2.453749084472656250e+01,-3.334847259521484375e+01,-4.007379150390625000e+01,-4.481624603271484375e+01,-4.515478134155273438e+01,-3.860148620605468750e+01,-3.312805938720703125e+01,-2.889845657348632812e+01,-2.943475914001464844e+01,-2.348596954345703125e+01,-1.255914878845214844e+01,-1.791501235961914062e+01,-2.679397583007812500e+01,-3.056346893310546875e+01,-2.996517562866210938e+01,-2.693174362182617188e+01,-2.673791885375976562e+01,-2.350657272338867188e+01,-1.966624450683593750e+01,-2.761380767822265625e+01,-2.876899337768554688e+01,-2.532028961181640625e+01,-1.939893722534179688e+01,-1.769635772705078125e+01,-1.791965484619140625e+01,-2.712209892272949219e+01,-3.633731842041015625e+01,-4.509990692138671875e+01,-4.304502487182617188e+01,-3.972047805786132812e+01,-3.719316864013671875e+01,-3.221739196777343750e+01,-2.830525970458984375e+01,-2.332947349548339844e+01,-1.850385665893554688e+01,-1.070743274688720703e+01,-7.699613571166992188e+00,-6.720944404602050781e+00,-1.145381546020507812e+01,-1.483882522583007812e+01,-1.438509082794189453e+01,-1.229681777954101562e+01,-9.278161048889160156e+00,-1.388523769378662109e+01,-1.054639434814453125e+01,-3.619267940521240234e+00,-5.172444343566894531e+00,-5.648885726928710938e+00,-2.208585023880004883e+00,-4.749045372009277344e+00,-4.469965457916259766e+00,-2.117704629898071289e+00,-5.992940068244934082e-01,-5.703565120697021484e+00,-8.808111190795898438e+00,-8.699924468994140625e+00,-4.305644989013671875e+00,-1.094684123992919922e+00,-1.071109199523925781e+01,-3.085380363464355469e+01,-4.309253692626953125e+01,-4.124565124511718750e+01,-2.823336791992187500e+01,-1.937400054931640625e+01,-1.185001945495605469e+01,-5.362578392028808594e+00,-1.381788825988769531e+01,-1.603966140747070312e+01,-1.649381637573242188e+01,-1.838420486450195312e+01,-1.688352966308593750e+01,-1.772838973999023438e+01,-1.530866050720214844e+01,-1.289390850067138672e+01,-1.124815559387207031e+01,-9.437663078308105469e+00,-1.272037696838378906e+01,-9.623739242553710938e+00,-9.988557815551757812e+00,-1.639946746826171875e+01,-1.857041168212890625e+01,-2.365948486328125000e+01,-2.530131530761718750e+01,-2.071422386169433594e+01,-3.455854034423828125e+01,-4.414603424072265625e+01,-4.606047439575195312e+01,-4.476140594482421875e+01,-4.541987609863281250e+01,-3.852820968627929688e+01,-2.692135047912597656e+01,-2.241049957275390625e+01,-1.911671829223632812e+01,-1.685263442993164062e+01,-2.585136795043945312e+01,-3.121701240539550781e+01,-3.427922058105468750e+01,-2.875569915771484375e+01,-2.637002944946289062e+01,-2.535967445373535156e+01,-2.163437271118164062e+01,-1.679125976562500000e+01,-2.010298538208007812e+01,-2.105033683776855469e+01,-1.721358489990234375e+01,-1.508301925659179688e+01,-1.324728202819824219e+01,-6.228343486785888672e+00,-5.006260871887207031e-01,6.940920829772949219e+00,-4.567452073097229004e-01,-1.738811874389648438e+01,-3.059900283813476562e+01,-3.087622070312500000e+01,-2.862841415405273438e+01,-3.358650207519531250e+01,-4.040982055664062500e+01,-3.877877807617187500e+01,-3.265457916259765625e+01,-2.219850349426269531e+01,-1.487899684906005859e+01,-1.948905181884765625e+01,-2.183306121826171875e+01,-2.112998962402343750e+01,-1.701420211791992188e+01,-1.408062362670898438e+01,-1.548621463775634766e+01,-1.880469894409179688e+01,-2.048950958251953125e+01,-9.683517456054687500e+00,-8.768224716186523438e-02,1.946785330772399902e+00,1.267369031906127930e+00,-1.569431304931640625e+00,2.520765066146850586e+00,9.140333175659179688e+00,1.458275794982910156e+01,1.495667266845703125e+01,1.145063591003417969e+01,1.794528961181640625e+00,-2.898777961730957031e+00,-1.136583137512207031e+01,-1.400191020965576172e+01,-1.186657142639160156e+01,-1.649354171752929688e+01,-2.015464401245117188e+01,-1.966377449035644531e+01,-1.067961978912353516e+01,-8.236576080322265625e+00,-9.416607856750488281e+00,-5.544250488281250000e+00,-9.201873779296875000e+00,-5.378346443176269531e+00,-4.081348896026611328e+00,-4.525596618652343750e+00,-1.727825760841369629e+00,-2.491768598556518555e-01,1.238437294960021973e+00,-8.235955238342285156e-02,-1.514204502105712891e+00,-5.770089626312255859e+00,-1.489923286437988281e+01,-2.290182495117187500e+01,-2.522767257690429688e+01,-2.021630859375000000e+01,-1.665350341796875000e+01,-1.605162048339843750e+01,-8.896521568298339844e+00,-4.555297851562500000e+00,-1.070424079895019531e+01,-6.621496200561523438e+00,-4.473695755004882812e+00,-7.097382545471191406e+00,-9.988557815551757812e+00,-1.336418914794921875e+01,-6.088618755340576172e+00,-8.369478225708007812e+00,-8.767210960388183594e+00,-3.701147556304931641e+00,-2.744015932083129883e+00,-6.735321044921875000e+00,-1.263810157775878906e+01,-2.118658638000488281e+01,-1.968373107910156250e+01,-1.845113754272460938e+01,-2.481390190124511719e+01,-3.404625701904296875e+01,-3.842375183105468750e+01,-4.154932022094726562e+01,-3.657944488525390625e+01,-3.341467285156250000e+01,-3.269523239135742188e+01,-4.296269607543945312e+01,-4.351016235351562500e+01,-4.363554000854492188e+01,-3.619762802124023438e+01,-2.746712875366210938e+01,-3.370841979980468750e+01,-3.348878479003906250e+01,-3.363134765625000000e+01,-3.376506042480468750e+01,-2.598267364501953125e+01,-1.188021564483642578e+01,-1.143064498901367188e+01,-1.664275360107421875e+01,-1.013313102722167969e+01,-1.526184463500976562e+01,-2.924832916259765625e+01,-3.463662338256835938e+01,-3.654750442504882812e+01,-4.121688842773437500e+01,-4.424916076660156250e+01,-4.740571594238281250e+01,-4.366258239746093750e+01,-3.763810729980468750e+01,-3.795751953125000000e+01,-3.306714248657226562e+01,-2.588874626159667969e+01,-2.577688407897949219e+01,-3.009567642211914062e+01,-3.480855560302734375e+01,-3.195055389404296875e+01,-2.452610206604003906e+01,-2.074717903137207031e+01,-2.127446365356445312e+01,-2.468290138244628906e+01,-3.104916572570800781e+01,-3.911035156250000000e+01,-3.985048675537109375e+01,-3.596260833740234375e+01,-2.670359802246093750e+01,-2.450513458251953125e+01,-2.178828811645507812e+01,-2.444564056396484375e+01,-2.809955596923828125e+01,-2.782094192504882812e+01,-3.192226028442382812e+01,-2.859077835083007812e+01,-2.934784698486328125e+01,-2.993335723876953125e+01,-2.878070831298828125e+01,-3.648241424560546875e+01,-3.729217529296875000e+01,-3.291148757934570312e+01,-5.718883037567138672e+00,9.364429116249084473e-01,-4.011627674102783203e+00,-7.625750541687011719e+00,-1.521934700012207031e+01,-2.541450500488281250e+01,-2.476837539672851562e+01,-1.921132278442382812e+01,-2.253402900695800781e+01,-3.057513046264648438e+01,-2.615697097778320312e+01,-2.687280273437500000e+01,-2.890591812133789062e+01,-2.466123199462890625e+01,-2.577289199829101562e+01,-2.668545913696289062e+01,-3.631636810302734375e+01,-5.067044067382812500e+01,-5.490732955932617188e+01,-5.443978881835937500e+01,-4.872090148925781250e+01,-4.346138381958007812e+01,-4.515052795410156250e+01,-4.318784332275390625e+01,-3.718757629394531250e+01,-2.951934051513671875e+01,-2.719779968261718750e+01,-3.028923797607421875e+01,-2.468484115600585938e+01,-2.102158355712890625e+01,-2.245684814453125000e+01,-2.444290351867675781e+01,-2.185721588134765625e+01,-1.193942642211914062e+01,-1.171199226379394531e+01,-1.238439750671386719e+01,-7.048429489135742188e+00,-8.802846908569335938e+00,-1.141215705871582031e+01,-8.209729194641113281e+00,-5.076806545257568359e+00,-1.043514633178710938e+01,-1.275180053710937500e+01,-1.848028182983398438e+01,-2.155669403076171875e+01,-2.153238296508789062e+01,-1.821061134338378906e+01,-1.716683578491210938e+01,-1.839911651611328125e+01,-1.774035453796386719e+01,-1.248323059082031250e+01,-1.479462623596191406e+01,-1.544611358642578125e+01,-1.224862098693847656e+01,-1.312042808532714844e+01,-2.050612258911132812e+01,-1.983336257934570312e+01,-1.883335494995117188e+01,-1.671955108642578125e+01,-1.242779350280761719e+01,-1.341794776916503906e+01,-1.410103607177734375e+01,-1.720517349243164062e+01,-1.803655815124511719e+01,-1.018987751007080078e+01,-1.253649520874023438e+01,-1.241709518432617188e+01,-8.821428298950195312e+00,-1.128601074218750000e+01,-7.913095474243164062e+00,-5.610973358154296875e+00,-1.154365634918212891e+01,-1.329703330993652344e+01,-1.093173313140869141e+01,-1.028343772888183594e+01,-8.075706481933593750e+00,-7.952497959136962891e+00,-8.513290405273437500e+00,-9.373832702636718750e+00,-1.015468025207519531e+01,-7.243700981140136719e+00,-9.644185066223144531e+00,-7.851378917694091797e+00,-6.729907989501953125e+00,-1.736419296264648438e+01,-1.679532241821289062e+01,-7.188099384307861328e+00,-6.170143604278564453e+00,-1.929174423217773438e+01,-2.488788414001464844e+01,-3.375600433349609375e+01,-3.753190612792968750e+01,-4.060625839233398438e+01,-4.544951629638671875e+01,-4.832115173339843750e+01,-4.746389770507812500e+01,-4.621157073974609375e+01,-4.039638137817382812e+01,-3.524269104003906250e+01,-3.494524383544921875e+01,-4.140924072265625000e+01,-4.893699645996093750e+01,-3.991973495483398438e+01,-2.974785995483398438e+01,-2.550758934020996094e+01,-2.548532867431640625e+01,-2.555022811889648438e+01,-1.957321548461914062e+01,-1.791703033447265625e+01,-2.133250045776367188e+01,-2.349995040893554688e+01,-3.470861816406250000e+01,-3.041904830932617188e+01,-2.531254768371582031e+01,-2.505246353149414062e+01,-2.363975334167480469e+01,-2.097336959838867188e+01,-1.776875686645507812e+01,-1.158515357971191406e+01,-1.234825134277343750e+01,-1.515472602844238281e+01,-1.599169063568115234e+01,-1.552491188049316406e+01,-1.705220794677734375e+01,-1.383744239807128906e+01,-1.140321731567382812e+01,-3.359477519989013672e+00,-8.189653396606445312e+00,-1.098251342773437500e+01,-1.628537559509277344e+01,-2.011980438232421875e+01,-1.552334594726562500e+01,-1.581213760375976562e+01,-2.341878128051757812e+01,-2.761654663085937500e+01,-1.549891567230224609e+01,-9.912580490112304688e+00,-1.314099311828613281e+01,-2.122393035888671875e+01,-2.544394683837890625e+01,-2.949231338500976562e+01,-3.113379669189453125e+01,-2.803063201904296875e+01,-2.443050765991210938e+01,-1.813879013061523438e+01,-2.001496887207031250e+01,-2.381739044189453125e+01,-2.722835540771484375e+01,-3.676619720458984375e+01,-3.703694915771484375e+01,-3.967866134643554688e+01,-4.009446716308593750e+01,-3.423615646362304688e+01,-2.708631134033203125e+01,-1.937516975402832031e+01,-1.698227500915527344e+01,-1.522335815429687500e+01,-1.987879562377929688e+01,-2.841161346435546875e+01,-3.068651199340820312e+01,-3.026746368408203125e+01,-2.990305709838867188e+01,-2.657575225830078125e+01,-2.305585479736328125e+01,-2.889118957519531250e+01,-3.652415466308593750e+01,-4.148979187011718750e+01,-4.414654541015625000e+01,-4.198147964477539062e+01,-4.191416549682617188e+01,-3.925981140136718750e+01,-4.225687026977539062e+01,-4.077448272705078125e+01,-3.632886505126953125e+01,-3.325847625732421875e+01,-2.819597434997558594e+01,-2.559288024902343750e+01,-2.697497177124023438e+01,-2.221009445190429688e+01,-2.986944580078125000e+01,-3.278152847290039062e+01,-2.866836738586425781e+01,-1.988497161865234375e+01,-1.374001407623291016e+01,-1.299147796630859375e+01,-1.203753757476806641e+01,-2.483450317382812500e+01,-3.396478652954101562e+01,-3.903498458862304688e+01,-3.948781967163085938e+01,-3.600189971923828125e+01,-2.855413818359375000e+01,-2.970787239074707031e+01,-3.053688240051269531e+01,-2.825482368469238281e+01,-1.917790985107421875e+01,-1.472947597503662109e+01,-1.202486801147460938e+01,-1.831963157653808594e+01,-2.436489486694335938e+01,-2.483007049560546875e+01,-2.508452606201171875e+01,-2.080437850952148438e+01,-1.547391891479492188e+01,-1.615490722656250000e+01,-1.863127326965332031e+01,-2.716869926452636719e+01,-3.214650726318359375e+01,-3.435573959350585938e+01,-3.714260101318359375e+01,-3.603707885742187500e+01,-3.022340011596679688e+01,-2.203896331787109375e+01,-1.815925979614257812e+01,-1.864555549621582031e+01,-2.318431854248046875e+01,-2.244583892822265625e+01,-2.153254318237304688e+01,-1.793718338012695312e+01,-1.501000404357910156e+01,-7.645442485809326172e+00,-1.090573501586914062e+01,-1.189680576324462891e+01,-1.115191650390625000e+01,-7.209753990173339844e+00,-1.567167854309082031e+01,-3.558588409423828125e+01,-3.955411529541015625e+01,-3.309341049194335938e+01,-3.620829010009765625e+01,-3.943522644042968750e+01,-3.554012298583984375e+01,-3.812547683715820312e+01,-4.143920516967773438e+01,-4.500561141967773438e+01,-4.038982391357421875e+01,-3.306128692626953125e+01,-2.609881973266601562e+01,-1.778741264343261719e+01,-1.309186267852783203e+01,-1.585852813720703125e+01,-1.677659225463867188e+01,-1.140886116027832031e+01,-1.163361930847167969e+01,-1.432902526855468750e+01,-1.783218002319335938e+01,-1.882855987548828125e+01,-1.884188652038574219e+01,-1.811545562744140625e+01,-1.968023300170898438e+01,-2.317266464233398438e+01,-3.136371612548828125e+01,-4.285864639282226562e+01,-4.245315551757812500e+01,-2.853149414062500000e+01,-2.066071701049804688e+01,-2.070297241210937500e+01,-2.261580467224121094e+01,-2.710962295532226562e+01,-1.933010864257812500e+01,-1.707146263122558594e+01,-2.437400817871093750e+01,-4.196032333374023438e+01,-4.636458587646484375e+01,-4.313669204711914062e+01,-3.840047073364257812e+01,-3.177898406982421875e+01,-2.336605072021484375e+01,-1.773342132568359375e+01,-1.839312934875488281e+01,-1.324267387390136719e+01,-7.817670822143554688e+00,-1.659941673278808594e+01,-2.326277351379394531e+01,-1.975695800781250000e+01,-1.541189193725585938e+01,-1.505513572692871094e+01,-1.964973831176757812e+01,-2.654463577270507812e+01,-2.932850456237792969e+01,-3.440354919433593750e+01,-3.499211883544921875e+01,-3.277056503295898438e+01,-2.993569755554199219e+01,-2.528481101989746094e+01,-2.374384689331054688e+01,-1.862079238891601562e+01,-1.182578086853027344e+01,-2.503636550903320312e+01,-3.186533737182617188e+01,-1.850885963439941406e+01,-4.696441650390625000e+00,-1.023960113525390625e+00,-7.385188102722167969e+00,-2.079236221313476562e+01,-2.264464950561523438e+01,-2.184809112548828125e+01,-2.637598419189453125e+01,-2.692548751831054688e+01,-2.356982231140136719e+01,-2.394163131713867188e+01,-2.465627288818359375e+01,-2.704772186279296875e+01,-2.745432281494140625e+01,-3.052651214599609375e+01,-3.192704772949218750e+01,-2.815591049194335938e+01,-2.226924133300781250e+01,-2.196467018127441406e+01,-2.147970962524414062e+01,-2.112882804870605469e+01,-2.183972930908203125e+01,-3.067161560058593750e+01,-2.988441848754882812e+01,-3.702384185791015625e+01,-3.263346862792968750e+01,-2.301931381225585938e+01,-1.900815963745117188e+01,-2.097674179077148438e+01,-2.042683410644531250e+01,-1.857588958740234375e+01,-1.789775466918945312e+01,-1.832840347290039062e+01,-2.493246459960937500e+01,-3.230740356445312500e+01,-3.419160461425781250e+01,-3.507594299316406250e+01,-3.310337066650390625e+01,-3.560900878906250000e+01,-3.532068634033203125e+01,-2.891876602172851562e+01,-2.504484558105468750e+01,-1.397499942779541016e+01,-7.658863067626953125e+00,-1.103657150268554688e+01,-1.177114677429199219e+01,-1.155285263061523438e+01,-4.671423912048339844e+00,-3.332096576690673828e+00,-8.396926879882812500e+00,-1.539312267303466797e+01,-1.369892501831054688e+01,-1.116036796569824219e+01,-1.263121604919433594e+01,-1.391100978851318359e+01,-7.766080856323242188e+00,-5.556805610656738281e+00,-1.127128982543945312e+01,-1.064594841003417969e+01,-5.546058654785156250e+00,-5.480833530426025391e+00,-5.459167480468750000e+00,-7.341830253601074219e+00,-4.877245903015136719e+00,-6.084803104400634766e+00,-4.504750728607177734e+00,-1.940022230148315430e+00,-6.859413623809814453e+00,-7.413456916809082031e+00,-5.780359268188476562e+00,-3.737648487091064453e+00,-4.259402275085449219e+00,-8.777944564819335938e+00,-9.949094772338867188e+00,-1.482328796386718750e+01,-1.597905731201171875e+01,-2.804059600830078125e+01,-2.771876907348632812e+01,-2.724967956542968750e+01,-2.352490234375000000e+01,-1.818447113037109375e+01,-3.075854492187500000e+01,-3.716056060791015625e+01,-2.942230987548828125e+01,-2.676327133178710938e+01,-2.111328887939453125e+01,-2.095622253417968750e+01,-5.770905494689941406e+00,7.770085811614990234e+00,1.027190780639648438e+01,6.321732521057128906e+00,1.864019632339477539e+00,3.987267017364501953e+00,5.325208663940429688e+00,3.571041107177734375e+00,1.872661590576171875e+00,-3.245840072631835938e+00,-7.603431224822998047e+00,-7.277990341186523438e+00,-8.954551696777343750e+00,-1.485446548461914062e+01,-1.684214782714843750e+01,-1.432920646667480469e+01,-1.600363540649414062e+01,-2.267963790893554688e+01,-2.843270874023437500e+01,-3.407204818725585938e+01,-3.577397918701171875e+01,-3.640856170654296875e+01,-3.146015548706054688e+01,-2.336849975585937500e+01,-1.050246047973632812e+01,-1.128500366210937500e+01,-1.513451194763183594e+01,-8.452914237976074219e+00,-8.186700820922851562e+00,-7.410984992980957031e+00,-5.430534362792968750e+00,-1.101373863220214844e+01,-7.999264717102050781e+00,-5.315515995025634766e+00,-2.328725337982177734e+00,-4.637285709381103516e+00,-3.523390531539916992e+00,-7.101356506347656250e+00,-1.037242698669433594e+01,-7.303497314453125000e+00,-8.434970855712890625e+00,-7.309070587158203125e+00,-1.222274971008300781e+01,-1.634119415283203125e+01,-1.418627643585205078e+01,-9.239931106567382812e+00,-6.239942073822021484e+00,-4.512435436248779297e+00,-1.049218368530273438e+01,-1.106018447875976562e+01,-6.358558177947998047e+00,-8.852428436279296875e+00,-8.016656875610351562e+00,-8.320377349853515625e+00,-1.249338150024414062e+01,-8.315875053405761719e+00,-1.663466453552246094e+01,-2.791875457763671875e+01,-3.161948966979980469e+01,-3.169742965698242188e+01,-3.181850814819335938e+01,-3.564839935302734375e+01,-3.445809555053710938e+01,-2.453407669067382812e+01,-2.095749664306640625e+01,-2.044222450256347656e+01,-1.417829132080078125e+01,-1.671582937240600586e+00,4.569520950317382812e+00,8.252601623535156250e+00,1.221496582031250000e+01,3.578141927719116211e+00,-2.330803155899047852e+00,4.322110176086425781e+00,1.289638328552246094e+01,1.304207992553710938e+01,1.688664245605468750e+01,1.616743850708007812e+01,1.265909385681152344e+01,1.522114753723144531e+01,1.434229087829589844e+01,1.677737426757812500e+01,1.638413619995117188e+01,6.928592681884765625e+00,-3.453251361846923828e+00,-5.564812183380126953e+00,-8.678085327148437500e+00,-1.422754669189453125e+01,-1.497426795959472656e+01,-9.672559738159179688e+00,-1.248066329956054688e+01,-1.682447624206542969e+01,-2.321593093872070312e+01,-3.042492103576660156e+01,-2.577087211608886719e+01,-1.885123062133789062e+01,-1.080792522430419922e+01,-1.096198844909667969e+01,-8.319040298461914062e+00,-1.292555427551269531e+01,-1.745399093627929688e+01,-1.712267303466796875e+01,-2.621173286437988281e+01,-2.902374649047851562e+01,-2.826221656799316406e+01,-2.785356140136718750e+01,-2.632233428955078125e+01,-2.797374916076660156e+01,-3.156184768676757812e+01,-2.232331085205078125e+01,-1.540930366516113281e+01,-1.078546714782714844e+01,-1.598419284820556641e+01,-1.667783927917480469e+01,-2.243458175659179688e+01,-2.608424186706542969e+01,-2.635586166381835938e+01,-3.345925903320312500e+01,-3.827910232543945312e+01,-3.340616226196289062e+01,-2.339195251464843750e+01,-2.060861206054687500e+01,-1.723842239379882812e+01,-1.533009243011474609e+01,-1.922261047363281250e+01,-2.035852432250976562e+01,-2.646610641479492188e+01,-2.523427391052246094e+01,-2.076206970214843750e+01,-2.243312072753906250e+01,-3.015838241577148438e+01,-2.959403610229492188e+01,-2.061820220947265625e+01,-1.680051422119140625e+01,-7.024156570434570312e+00,-3.393331766128540039e+00,-9.259808540344238281e+00,-1.580672836303710938e+01,-2.169575119018554688e+01,-2.222805786132812500e+01,-1.526570796966552734e+01,-4.721390247344970703e+00,-3.577168941497802734e+00,-5.534131050109863281e+00,-7.192171096801757812e+00,-1.712422180175781250e+01,-2.204887580871582031e+01,-2.570744132995605469e+01,-2.593573379516601562e+01,-2.042538642883300781e+01,-1.737783622741699219e+01,-2.489879608154296875e+01,-3.309994506835937500e+01,-3.233541107177734375e+01,-2.851423263549804688e+01,-2.367012786865234375e+01,-2.330424880981445312e+01,-1.644473075866699219e+01,-1.195802879333496094e+01,-1.378691291809082031e+01,-2.105605316162109375e+01,-2.347518920898437500e+01,-2.758146858215332031e+01,-3.420793914794921875e+01,-3.749935913085937500e+01,-3.702442169189453125e+01,-3.129822921752929688e+01,-2.378963851928710938e+01,-2.186870574951171875e+01,-1.460161876678466797e+01,-1.199761581420898438e+01,-1.022843551635742188e+01,-1.448130989074707031e+01,-1.679216384887695312e+01,-1.495718765258789062e+01,-8.171165466308593750e+00,-1.164597129821777344e+01,-1.551262474060058594e+01,-1.162424087524414062e+01,-1.472167205810546875e+01,-2.180444717407226562e+01,-3.161764526367187500e+01,-3.078497505187988281e+01,-1.669611358642578125e+01,-1.528556537628173828e+01,-2.666438293457031250e+01,-3.011334991455078125e+01,-2.644829940795898438e+01,-2.237681198120117188e+01,-2.081659317016601562e+01,-2.867236518859863281e+01,-3.077829551696777344e+01,-3.388522720336914062e+01,-3.626446533203125000e+01,-3.449172973632812500e+01,-2.907840728759765625e+01,-2.815200042724609375e+01,-1.757904434204101562e+01,-1.387553882598876953e+01,-1.302030563354492188e+01,1.992007732391357422e+00,4.855544090270996094e+00,1.155859112739562988e+00,-3.030944108963012695e+00,-3.151790857315063477e+00,-3.812444210052490234e+00,-7.897601127624511719e+00,-9.961237907409667969e+00,-1.363340663909912109e+01,-1.296775054931640625e+01,-9.498422622680664062e+00,-6.947336196899414062e+00,-1.094788360595703125e+01,-1.343889999389648438e+01,-1.185144996643066406e+01,-1.316307926177978516e+01,-1.759720993041992188e+01,-1.478240013122558594e+01,-1.207874488830566406e+01,-8.669914245605468750e+00,-5.719990730285644531e+00,-9.095502853393554688e+00,-8.525745391845703125e+00,-9.174993515014648438e+00,-1.264886379241943359e+01,-9.374525070190429688e+00,-9.471643447875976562e+00,-9.969678878784179688e+00,-7.992547035217285156e+00,-4.568663120269775391e+00,-6.454979896545410156e+00,-7.097516059875488281e+00,-8.806846618652343750e+00,-1.217874908447265625e+01,-1.887809371948242188e+01,-1.624348831176757812e+01,-9.122240066528320312e+00,-8.256183624267578125e+00,-1.018232250213623047e+01,-1.022679901123046875e+01,-6.491978645324707031e+00,-4.160751342773437500e+00,-5.065169334411621094e+00,-7.430377006530761719e+00,-7.610739231109619141e+00,-1.039718246459960938e+01,-1.329045581817626953e+01,-7.854076385498046875e+00,-1.266083145141601562e+01,-1.130980110168457031e+01,-7.037508010864257812e+00,-6.148156166076660156e+00,-7.395149230957031250e+00,-1.277699279785156250e+01,-1.297935676574707031e+01,-7.193049430847167969e+00,-1.184302139282226562e+01,-1.566399383544921875e+01,-1.813865470886230469e+01,-3.667434692382812500e+01,-4.899616241455078125e+01,-5.259547042846679688e+01,-5.070281219482421875e+01,-4.634346008300781250e+01,-3.564606475830078125e+01,-3.260815811157226562e+01,-3.065473556518554688e+01,-2.869892120361328125e+01,-2.542594909667968750e+01,-2.576671218872070312e+01,-3.393939971923828125e+01,-3.642996978759765625e+01,-2.594725418090820312e+01,-2.194548034667968750e+01,-2.220286560058593750e+01,-2.810012054443359375e+01,-3.298753738403320312e+01,-2.786952400207519531e+01,-2.551510238647460938e+01,-2.138199234008789062e+01,-2.058314132690429688e+01,-1.083815002441406250e+01,-9.778442382812500000e+00,-1.144691562652587891e+01,-2.640994644165039062e+01,-3.695401000976562500e+01,-3.687136840820312500e+01,-3.727543640136718750e+01,-3.279359436035156250e+01,-2.659011840820312500e+01,-2.309839630126953125e+01,-2.859016990661621094e+01,-3.069118118286132812e+01,-3.315019989013671875e+01,-3.595730590820312500e+01,-3.534874725341796875e+01,-4.376954650878906250e+01,-4.972229003906250000e+01,-4.798355865478515625e+01,-4.600264739990234375e+01,-4.066426849365234375e+01,-3.329624176025390625e+01,-2.810347747802734375e+01,-2.549121475219726562e+01,-2.054103088378906250e+01,-2.282573890686035156e+01,-2.594609832763671875e+01,-2.660018539428710938e+01,-1.381308746337890625e+01,-1.847129821777343750e+01,-2.092337799072265625e+01,-1.791008758544921875e+01,-2.295694732666015625e+01,-2.960582351684570312e+01,-2.959876632690429688e+01,-2.517356872558593750e+01,-2.342810058593750000e+01,-2.540050125122070312e+01,-2.134241867065429688e+01,-8.813668251037597656e+00,-9.710457801818847656e+00,-1.719912338256835938e+01,-1.848530578613281250e+01,-1.476819801330566406e+01,-1.426699447631835938e+01,-1.058582305908203125e+01,-8.897602081298828125e+00,-1.086511707305908203e+01,-1.049742317199707031e+01,-4.954771518707275391e+00,-2.226275920867919922e+00,-4.762127876281738281e+00,-8.142489433288574219e+00,-9.125679016113281250e+00,-4.871366500854492188e+00,-6.690254211425781250e+00,-9.638456344604492188e+00,-3.520276069641113281e+00,-4.799848556518554688e+00,-9.353139877319335938e+00,-1.328228092193603516e+01,-1.319498062133789062e+01,-1.160641574859619141e+01,-6.753506660461425781e+00,-2.183890044689178467e-01,-2.433817863464355469e+00,-4.215734481811523438e+00,-6.966682910919189453e+00,-2.966628789901733398e+00,-4.468158245086669922e+00,-8.375390052795410156e+00,-1.139669704437255859e+01,-1.988142395019531250e+01,-2.115750122070312500e+01,-2.038672637939453125e+01,-2.162630844116210938e+01,-2.660674476623535156e+01,-2.910425567626953125e+01,-3.474774932861328125e+01,-4.511602783203125000e+01,-4.412165832519531250e+01,-4.019902038574218750e+01,-3.438383483886718750e+01,-2.952822113037109375e+01,-2.551339340209960938e+01,-2.467024230957031250e+01,-2.599761581420898438e+01,-3.286900711059570312e+01,-2.940695762634277344e+01,-2.567304420471191406e+01,-2.298293304443359375e+01,-1.780913543701171875e+01,-1.460916328430175781e+01,-2.042308044433593750e+01,-1.616624450683593750e+01,-1.684840774536132812e+01,-2.494756317138671875e+01,-2.634439468383789062e+01,-3.309223556518554688e+01,-4.128995513916015625e+01,-4.049731445312500000e+01,-3.368575668334960938e+01,-3.258153152465820312e+01,-3.466843032836914062e+01,-2.999404716491699219e+01,-2.450887298583984375e+01,-1.898318099975585938e+01,-1.514150810241699219e+01,-1.704440689086914062e+01,-2.173065567016601562e+01,-2.406474685668945312e+01,-2.285916137695312500e+01,-2.451058197021484375e+01,-3.172174453735351562e+01,-3.854068756103515625e+01,-3.710427856445312500e+01,-3.467002487182617188e+01,-3.443589401245117188e+01,-2.618266296386718750e+01,-3.272145843505859375e+01,-3.549378204345703125e+01,-3.390554809570312500e+01,-2.859465026855468750e+01,-2.503237533569335938e+01,-2.007093811035156250e+01,-2.002719879150390625e+01,-1.882947921752929688e+01,-2.035875320434570312e+01,-1.379138755798339844e+01,-6.087088108062744141e+00,-3.744141817092895508e+00,-4.944594860076904297e+00,-3.012183904647827148e+00,5.403494834899902344e-02,-5.161477327346801758e-01,-6.462547302246093750e+00,-8.856013298034667969e+00,-6.621717453002929688e+00,-7.519020080566406250e+00,-9.267724990844726562e+00,-6.981920719146728516e+00,-5.716533660888671875e+00,-3.306970119476318359e+00,-5.360706806182861328e+00,-6.508563995361328125e+00,-1.089206314086914062e+01,-1.515477561950683594e+01,-1.653803253173828125e+01,-1.039876174926757812e+01,-7.052993774414062500e+00,-4.524050712585449219e+00,-8.215729713439941406e+00,-9.851083755493164062e+00,-1.222663879394531250e+01,-1.398227024078369141e+01,-1.789300918579101562e+01,-2.071335792541503906e+01,-1.988222885131835938e+01,-2.774103164672851562e+01,-3.235426712036132812e+01,-2.769555091857910156e+01,-2.623647117614746094e+01,-2.768535423278808594e+01,-2.348086547851562500e+01,-3.615968322753906250e+01,-4.267739868164062500e+01,-4.042113876342773438e+01,-3.451818084716796875e+01,-3.574562072753906250e+01,-4.309011840820312500e+01,-4.538291931152343750e+01,-4.476140213012695312e+01,-3.858613204956054688e+01,-3.729074859619140625e+01,-4.834936523437500000e+01,-5.347750091552734375e+01,-5.146132659912109375e+01,-4.066957855224609375e+01,-3.246451568603515625e+01,-3.767321014404296875e+01,-3.762344360351562500e+01,-3.099700164794921875e+01,-1.958576393127441406e+01,-2.789344024658203125e+01,-3.867646789550781250e+01,-4.068281555175781250e+01,-3.258725738525390625e+01,-2.613578033447265625e+01,-1.849185180664062500e+01,-1.983190917968750000e+01,-2.656065750122070312e+01,-2.062474822998046875e+01,-2.783510398864746094e+01,-2.990426063537597656e+01,-2.507777023315429688e+01,-3.029894638061523438e+01,-2.658761596679687500e+01,-2.072698402404785156e+01,-2.151583290100097656e+01,-2.095959472656250000e+01,-2.313280105590820312e+01,-3.118442916870117188e+01,-3.384983062744140625e+01,-3.050891494750976562e+01,-2.714256668090820312e+01,-2.217610931396484375e+01,-2.140867233276367188e+01,-2.061303710937500000e+01,-1.524150085449218750e+01,-1.278352928161621094e+01,-1.506875133514404297e+01,-1.570810604095458984e+01,-2.338874053955078125e+01,-2.138681602478027344e+01,-2.186598968505859375e+01,-2.360936737060546875e+01,-2.187417602539062500e+01,-2.153261947631835938e+01,-1.166485404968261719e+01,-9.781745910644531250e+00,-1.026627159118652344e+01,-8.874000549316406250e+00,-1.557992362976074219e+01,-2.340060806274414062e+01,-2.212180328369140625e+01,-1.829611968994140625e+01,-2.327873992919921875e+01,-2.433391761779785156e+01,-2.169265747070312500e+01,-3.163203430175781250e+01,-3.904032897949218750e+01,-4.226663970947265625e+01,-4.079788208007812500e+01,-3.731457138061523438e+01,-3.953271484375000000e+01,-4.106258392333984375e+01,-3.181396865844726562e+01,-3.000691986083984375e+01,-2.363077163696289062e+01,-2.781275177001953125e+01,-2.970317268371582031e+01,-2.368644332885742188e+01,-2.320843124389648438e+01,-2.523352432250976562e+01,-2.027190780639648438e+01,-1.541844367980957031e+01,-1.552183723449707031e+01,-2.344677543640136719e+01,-3.866354751586914062e+01,-4.327379608154296875e+01,-3.350637054443359375e+01,-3.201066589355468750e+01,-3.700432586669921875e+01,-3.523538208007812500e+01,-3.928686523437500000e+01,-4.187088775634765625e+01,-3.177882575988769531e+01,-1.818520355224609375e+01,-2.054317092895507812e+01,-2.515867233276367188e+01,-2.201429367065429688e+01,-2.115824890136718750e+01,-1.618108749389648438e+01,-6.118907928466796875e+00,-7.106173634529113770e-01,2.711184024810791016e+00,2.798447608947753906e+00,-3.579116821289062500e+00,-2.624029159545898438e+00,2.198649644851684570e-01,-3.982348740100860596e-01,3.042571544647216797e-01,-5.271787643432617188e+00,-9.444234848022460938e+00,-1.742499160766601562e+01,-2.118961524963378906e+01,-1.638617706298828125e+01,-2.483395195007324219e+01,-2.253574371337890625e+01,-1.412390899658203125e+01,-1.129112052917480469e+01,-1.341766166687011719e+01,-9.325923919677734375e+00,-1.060669326782226562e+01,-9.134763717651367188e+00,-6.020060539245605469e+00,-3.161139011383056641e+00,-6.802546501159667969e+00,-1.003470420837402344e+01,-7.019119262695312500e+00,-3.138397455215454102e+00,-2.477367162704467773e+00,-6.704108715057373047e+00,-8.272974014282226562e+00,-7.772128105163574219e+00,-1.026608848571777344e+01,-4.069097518920898438e+00,-1.705986857414245605e+00,-1.307147383689880371e+00,-4.924535274505615234e+00,-5.290111541748046875e+00,-5.908315658569335938e+00,-4.430229663848876953e+00,-1.380063772201538086e+00,-5.620578765869140625e+00,-3.912060856819152832e-01,3.831385970115661621e-01,-3.786260128021240234e+00,-5.911414146423339844e+00,-6.266449451446533203e+00,-8.038609504699707031e+00,-2.069799184799194336e+00,3.737120628356933594e+00,-1.548873066902160645e+00,-4.679802417755126953e+00,-6.604435920715332031e+00,-1.028368282318115234e+01,-5.411117553710937500e+00,-5.587149620056152344e+00,-5.889702796936035156e+00,-1.863682556152343750e+01,-3.727821731567382812e+01,-4.095133209228515625e+01,-4.245990371704101562e+01,-4.605730438232421875e+01,-4.826438903808593750e+01,-4.458742904663085938e+01,-3.446189880371093750e+01,-3.807257843017578125e+01,-3.614978027343750000e+01,-3.939328765869140625e+01,-4.258274078369140625e+01,-4.459509658813476562e+01,-4.313249969482421875e+01,-3.327748489379882812e+01,-2.275485610961914062e+01,-1.826633453369140625e+01,-1.812458229064941406e+01,-1.764089202880859375e+01,-2.343730545043945312e+01,-2.378028869628906250e+01,-2.386327743530273438e+01,-2.313705825805664062e+01,-1.565277481079101562e+01,-8.475336074829101562e+00,-1.270238590240478516e+01,-1.914064407348632812e+01,-2.578008842468261719e+01,-3.134545516967773438e+01,-2.723347854614257812e+01,-2.725494384765625000e+01,-2.771353912353515625e+01,-2.161087799072265625e+01,-2.031677818298339844e+01,-1.741781425476074219e+01,-2.901181030273437500e+01,-4.190276336669921875e+01,-3.743083572387695312e+01,-2.812966728210449219e+01,-2.045708656311035156e+01,-1.601486396789550781e+01,-1.670456314086914062e+01,-1.875274276733398438e+01,-1.859519958496093750e+01,-2.743379211425781250e+01,-2.598538589477539062e+01,-2.583766937255859375e+01,-1.828865432739257812e+01,-1.262394142150878906e+01,-1.175414943695068359e+01,-6.846464633941650391e+00,-1.316010951995849609e+01,-2.425399208068847656e+01,-2.380763244628906250e+01,-1.295159530639648438e+01,-8.876383781433105469e+00,-1.405784988403320312e+01,-1.819610786437988281e+01,-1.642658615112304688e+01,-1.077661132812500000e+01,-2.147184562683105469e+01,-3.120055770874023438e+01,-3.664460372924804688e+01,-4.324076080322265625e+01,-3.835742187500000000e+01,-2.694253921508789062e+01,-1.909455108642578125e+01,-1.627664566040039062e+01,-1.842435264587402344e+01,-1.952089309692382812e+01,-1.777450561523437500e+01,-1.712832069396972656e+01,-1.409552574157714844e+01,-6.661233901977539062e+00,-1.373580551147460938e+01,-2.501595306396484375e+01,-3.235032653808593750e+01,-2.836264991760253906e+01,-2.528780364990234375e+01,-2.793428039550781250e+01,-2.535956954956054688e+01,-2.451113891601562500e+01,-2.210649108886718750e+01,-1.928444290161132812e+01,-2.358311462402343750e+01,-4.444739913940429688e+01,-4.363536834716796875e+01,-4.230202102661132812e+01,-4.234394073486328125e+01,-4.122122955322265625e+01,-4.163347244262695312e+01,-3.550143814086914062e+01,-2.438776779174804688e+01,-2.187672996520996094e+01,-3.141966056823730469e+01,-3.488365936279296875e+01,-3.323957824707031250e+01,-2.865577697753906250e+01,-1.798361587524414062e+01,-1.533271789550781250e+01,-3.077576828002929688e+01,-3.936224365234375000e+01,-4.278886413574218750e+01,-4.769738769531250000e+01,-3.774594116210937500e+01,-2.622888946533203125e+01,-2.592859649658203125e+01,-2.303324127197265625e+01,-1.898663711547851562e+01,-1.969301414489746094e+01,-1.909220886230468750e+01,-1.536558914184570312e+01,-1.044725894927978516e+01,-7.021806240081787109e+00,-6.640859603881835938e+00,-5.074471950531005859e+00,-2.859236240386962891e+00,2.084532260894775391e+00,2.268982172012329102e+00,-1.936623573303222656e+00,-1.616674900054931641e+00,-3.586664676666259766e+00,-5.256742477416992188e+00,-7.289726257324218750e+00,-6.381705284118652344e+00,-1.106945991516113281e+01,-2.147636795043945312e+01,-2.259075546264648438e+01,-1.984419250488281250e+01,-2.313882827758789062e+01,-3.076304244995117188e+01,-2.616960906982421875e+01,-2.276343917846679688e+01,-2.211128997802734375e+01,-2.075749588012695312e+01,-2.043056297302246094e+01,-1.851646041870117188e+01,-1.991460418701171875e+01,-2.128433990478515625e+01,-2.381761741638183594e+01,-3.266220474243164062e+01,-2.738661956787109375e+01,-1.977630996704101562e+01,-1.643756484985351562e+01,-1.453680610656738281e+01,-1.352795028686523438e+01,-6.235706329345703125e+00,3.442290306091308594e+00,1.949751138687133789e+00,-1.233862042427062988e+00,-7.303889274597167969e+00,-6.532295227050781250e+00,-4.428480625152587891e+00,-1.433165836334228516e+01,-2.431467819213867188e+01,-2.652027130126953125e+01,-2.164219665527343750e+01,-1.793115997314453125e+01,-1.463748550415039062e+01,-1.212462139129638672e+01,-1.100573825836181641e+01,-1.243649673461914062e+01,-1.165411758422851562e+01,-9.516901016235351562e+00,-1.332546234130859375e+01,-1.686798095703125000e+01,-1.515769672393798828e+01,-1.554016971588134766e+01,-1.977445220947265625e+01,-1.714411926269531250e+01,-1.578261947631835938e+01,-1.644027137756347656e+01,-1.540600776672363281e+01,-9.226419448852539062e+00,-1.433446693420410156e+01,-1.921541595458984375e+01,-1.575201129913330078e+01,-6.280509948730468750e+00,-1.324344873428344727e+00,5.194098472595214844e+00,9.051834106445312500e+00,5.436532497406005859e+00,4.049427807331085205e-01,-9.742828369140625000e+00,-1.492597770690917969e+01,-1.051766014099121094e+01,-8.979974746704101562e+00,-1.031228160858154297e+01,-5.022517204284667969e+00,-9.609150886535644531e+00,-1.605283737182617188e+01,-1.606879806518554688e+01,-1.558369445800781250e+01,-1.657404708862304688e+01,-1.134823799133300781e+01,-9.160389900207519531e+00,-9.304887771606445312e+00,-5.234654426574707031e+00,-7.936741828918457031e+00,-9.457293510437011719e+00,-3.234441280364990234e+00,3.259561657905578613e-01,-4.679681777954101562e+00,-8.420149803161621094e+00,-9.147455215454101562e+00,-4.644273281097412109e+00,-6.067024230957031250e+00,-7.949169158935546875e+00,-2.612496376037597656e+00,-3.067361354827880859e+00,-8.547925949096679688e+00,-6.448799133300781250e+00,-3.799802780151367188e+00,-7.864650726318359375e+00,-5.915155410766601562e+00,-7.729779720306396484e+00,-1.892768859863281250e+01,-2.488586425781250000e+01,-2.196230888366699219e+01,-1.904927444458007812e+01,-3.181184387207031250e+01,-4.210498046875000000e+01,-4.431356811523437500e+01,-4.367452239990234375e+01,-3.513121032714843750e+01,-3.100448036193847656e+01,-2.870204544067382812e+01,-2.888323974609375000e+01,-3.897236633300781250e+01,-3.900226211547851562e+01,-3.707780075073242188e+01,-3.759723663330078125e+01,-3.674942779541015625e+01,-3.711032867431640625e+01,-3.837220001220703125e+01,-3.409065246582031250e+01,-3.442623901367187500e+01,-2.879808807373046875e+01,-1.773154067993164062e+01,-1.506264686584472656e+01,-1.457902145385742188e+01,-1.033592033386230469e+01,-1.172695064544677734e+01,-1.493583106994628906e+01,-1.559136867523193359e+01,-1.526289558410644531e+01,-1.432059288024902344e+01,-1.112515449523925781e+01,-8.179861068725585938e+00,-4.678837776184082031e+00,-9.506032943725585938e+00,-7.979000091552734375e+00,-3.960829257965087891e+00,-2.280923843383789062e+00,-7.259132862091064453e+00,-3.539840698242187500e+00,-5.927667617797851562e+00,-3.590667724609375000e+00,-6.062132865190505981e-02,8.680184483528137207e-01,-8.932864069938659668e-01,-7.178194522857666016e+00,-7.075442314147949219e+00,-6.465112686157226562e+00,-7.839725494384765625e+00,-6.820397377014160156e+00,-9.117990493774414062e+00,-5.000545501708984375e+00,-5.529637813568115234e+00,-5.617899417877197266e+00,-4.730710983276367188e+00,-5.831762790679931641e+00,-1.080059814453125000e+01,-9.649221420288085938e+00,-1.008785247802734375e+01,-1.134347152709960938e+01,-1.210360717773437500e+01,-1.015611839294433594e+01,-6.582551002502441406e+00,-1.133160495758056641e+01,-1.082458305358886719e+01,-1.106266021728515625e+01,-1.196015548706054688e+01,-8.533791542053222656e+00,-9.220394134521484375e+00,-9.718869209289550781e+00,-8.461585998535156250e+00,-6.834205627441406250e+00,-7.603388786315917969e+00,-1.167008018493652344e+01,-1.689567565917968750e+01,-1.725081253051757812e+01,-7.469675064086914062e+00,-7.506694793701171875e+00,-9.866472244262695312e+00,-6.259546756744384766e+00,-9.138597488403320312e+00,-1.025480270385742188e+01,-4.876282215118408203e+00,-5.709218025207519531e+00,-8.756671905517578125e+00,-2.144799804687500000e+01,-1.220064926147460938e+01,-5.512091159820556641e+00,-6.188852787017822266e+00,-2.323823690414428711e+00,-1.239030838012695312e+00,-3.068172931671142578e+00,-4.898799896240234375e+00,-7.967069625854492188e+00,-1.645153617858886719e+01,-1.079743289947509766e+01,-1.059480667114257812e+00,-7.525175809860229492e-03,-3.045575141906738281e+00,-3.778509140014648438e+00,-9.348196029663085938e+00,-8.833767890930175781e+00,-8.134977340698242188e+00,-4.700377941131591797e+00,-7.970207214355468750e+00,-1.494283676147460938e+01,-2.263808059692382812e+01,-3.329128265380859375e+01,-3.585487365722656250e+01,-3.628476715087890625e+01,-3.595333099365234375e+01,-3.984024047851562500e+01,-3.277803039550781250e+01,-2.412124252319335938e+01,-2.205093383789062500e+01,-2.352870368957519531e+01,-1.754482650756835938e+01,-1.359508132934570312e+01,-1.661931228637695312e+01,-2.999906921386718750e+01,-3.287530136108398438e+01,-2.554333305358886719e+01,-2.577898979187011719e+01,-2.573870468139648438e+01,-2.570368194580078125e+01,-3.155182647705078125e+01,-3.301772689819335938e+01,-2.926979827880859375e+01,-2.921115875244140625e+01,-3.215384674072265625e+01,-2.639275550842285156e+01,-1.726514625549316406e+01,-1.369459152221679688e+01,-5.526264190673828125e+00,-6.936774253845214844e-01,-6.136984825134277344e-01,-2.602337121963500977e+00,-6.225841522216796875e+00,-1.025777626037597656e+01,-1.664611244201660156e+01,-2.578182983398437500e+01,-2.507958221435546875e+01,-2.286584472656250000e+01,-2.733060836791992188e+01,-2.300759124755859375e+01,-1.626317977905273438e+01,-1.426167106628417969e+01,-1.230780601501464844e+01,-1.621336555480957031e+01,-2.130462646484375000e+01,-2.367772483825683594e+01,-3.173466491699218750e+01,-2.858989524841308594e+01,-2.081985855102539062e+01,-2.327030563354492188e+01,-2.842595291137695312e+01,-2.865542030334472656e+01,-2.515325927734375000e+01,-1.988220405578613281e+01,-2.105181503295898438e+01,-1.415986633300781250e+01,-1.001380538940429688e+01,-4.962875843048095703e-01,6.003408908843994141e+00,5.508485794067382812e+00,2.853564262390136719e+00,4.426246166229248047e+00,1.208793258666992188e+01,1.710404396057128906e+01,2.062618446350097656e+01,1.856980705261230469e+01,1.127348327636718750e+01,5.825554370880126953e+00,-2.486730575561523438e+00,-1.280527305603027344e+01,-1.588939666748046875e+01,-1.573797798156738281e+01,-1.191830825805664062e+01,-1.101255702972412109e+01,-1.166605281829833984e+01,-1.016799354553222656e+01,-1.184575653076171875e+01,-7.480943679809570312e+00,-5.517149448394775391e+00,-6.127659797668457031e+00,-2.128638744354248047e+00,-6.697937965393066406e+00,-5.283344268798828125e+00,-1.728645205497741699e+00,-2.096537590026855469e+00,-2.497424602508544922e+00,-8.124263763427734375e+00,-4.636322975158691406e+00,-2.232814788818359375e+00,-7.640799522399902344e+00,-1.293842887878417969e+01,-9.237124443054199219e+00,-8.037283897399902344e+00,-5.788862228393554688e+00,-7.164778709411621094e+00,-5.918262004852294922e+00,-4.024972915649414062e+00,-7.706557273864746094e+00,-8.374948501586914062e+00,-8.783683776855468750e+00,-5.636262893676757812e+00,-9.810663223266601562e+00,-7.207460403442382812e+00,-5.773996829986572266e+00,-1.204757976531982422e+01,-1.505526924133300781e+01,-9.900356292724609375e+00,-8.060265541076660156e+00,1.356857180595397949e+00,-4.158217906951904297e+00,-8.849512100219726562e+00,-9.963884353637695312e+00,-1.101803684234619141e+01,-1.338566970825195312e+01,-8.465415954589843750e+00,-3.867787837982177734e+00,-4.897412776947021484e+00,-4.091060638427734375e+00,-2.475198268890380859e+00,-2.331145095825195312e+01,-4.157662963867187500e+01,-4.857204055786132812e+01,-5.376618957519531250e+01,-5.207765579223632812e+01,-5.076791381835937500e+01,-3.821188354492187500e+01,-3.394625473022460938e+01,-3.253136444091796875e+01,-3.740167617797851562e+01,-3.123746490478515625e+01,-1.678474807739257812e+01,-1.344470500946044922e+01,-1.506894302368164062e+01,-1.772548103332519531e+01,-1.716551971435546875e+01,-1.917215347290039062e+01,-2.239689064025878906e+01,-3.140421485900878906e+01,-3.039116096496582031e+01,-3.410727691650390625e+01,-2.544063568115234375e+01,-2.024458312988281250e+01,-2.009674263000488281e+01,-1.810435867309570312e+01,-1.870075225830078125e+01,-2.888024520874023438e+01,-3.212102890014648438e+01,-2.556343460083007812e+01,-1.727826309204101562e+01,-1.542304420471191406e+01,-1.546382808685302734e+01,-1.870261383056640625e+01,-1.830938720703125000e+01,-1.051112937927246094e+01,-8.393889427185058594e+00,-9.726253509521484375e+00,-9.566167831420898438e+00,-1.072841835021972656e+01,-1.202265167236328125e+01,-1.066366577148437500e+01,-8.198879241943359375e+00,-1.500584983825683594e+01,-1.652366256713867188e+01,-7.313346385955810547e+00,-6.732929229736328125e+00,-1.015252304077148438e+01,-1.739130783081054688e+01,-2.196835327148437500e+01,-3.014219284057617188e+01,-2.941245651245117188e+01,-2.419791221618652344e+01,-2.260939407348632812e+01,-2.434634399414062500e+01,-2.464572143554687500e+01,-2.943115997314453125e+01,-2.829602050781250000e+01,-1.826462936401367188e+01,-9.922614097595214844e+00,-1.058327674865722656e+01,-1.415881156921386719e+01,-2.502949714660644531e+01,-2.551886367797851562e+01,-2.519139671325683594e+01,-2.435964393615722656e+01,-2.191577720642089844e+01,-2.527538299560546875e+01,-3.071496009826660156e+01,-1.891220474243164062e+01,-1.225364780426025391e+01,-1.768702125549316406e+01,-3.061235046386718750e+01,-3.968424987792968750e+01,-3.655052947998046875e+01,-3.363938903808593750e+01,-2.574596405029296875e+01,-2.411082839965820312e+01,-2.015025711059570312e+01,-2.319643020629882812e+01,-2.217148971557617188e+01,-2.098151016235351562e+01,-2.464281082153320312e+01,-2.783710479736328125e+01,-2.598086929321289062e+01,-1.978721618652343750e+01,-2.275518608093261719e+01,-3.450161743164062500e+01,-2.948185348510742188e+01,-1.245759868621826172e+01,-1.997440576553344727e+00,9.205077886581420898e-01,9.083948135375976562e-01,1.278054237365722656e+00,-2.661662817001342773e+00,-1.270421218872070312e+01,-2.352681922912597656e+01,-2.560818099975585938e+01,-1.976775932312011719e+01,-1.757270050048828125e+01,-2.178289222717285156e+01,-2.510120010375976562e+01,-1.833139801025390625e+01,-1.143397521972656250e+01,-1.573419761657714844e+01,-6.401473045349121094e+00,-3.474680662155151367e+00,-1.172106862068176270e+00,3.726973295211791992e+00,2.684673070907592773e+00,5.489682197570800781e+00,3.281919479370117188e+00,-2.875457525253295898e+00,-4.978390693664550781e+00,-7.944568634033203125e+00,-5.408327579498291016e+00,-1.208526706695556641e+01,-1.519009780883789062e+01,-1.230954360961914062e+01,-8.559815406799316406e+00,-1.237886714935302734e+01,-1.453748226165771484e+01,-1.025245761871337891e+01,-1.025317764282226562e+01,-9.221719741821289062e+00,-7.984356880187988281e+00,-5.109477043151855469e+00,-3.041796922683715820e+00,-4.885531425476074219e+00,-7.664905071258544922e+00,-1.042895412445068359e+01,-5.651542663574218750e+00,-6.598429679870605469e+00,-7.121817588806152344e+00,-5.389375686645507812e+00,-1.137585353851318359e+01,-1.557552623748779297e+01,-1.890668487548828125e+01,-1.988332366943359375e+01,-1.288008689880371094e+01,-6.416698455810546875e+00,-1.492767572402954102e+00,-2.833436965942382812e+00,-7.817272186279296875e+00,-7.306553840637207031e+00,-1.007711410522460938e+01,-9.424037933349609375e+00,-7.352865219116210938e+00,-7.975459575653076172e+00,-8.575885772705078125e+00,-2.318741607666015625e+01,-3.414359283447265625e+01,-3.457537078857421875e+01,-2.988340759277343750e+01,-2.611893463134765625e+01,-2.407938766479492188e+01,-2.071232223510742188e+01,-2.942570686340332031e+01,-4.162403869628906250e+01,-3.826833343505859375e+01,-3.230033111572265625e+01,-2.473290252685546875e+01,-2.546398735046386719e+01,-2.555599594116210938e+01,-2.800371932983398438e+01,-2.386968040466308594e+01,-1.805070877075195312e+01,-1.605047607421875000e+01,-2.337921142578125000e+01,-3.016265106201171875e+01,-2.419079208374023438e+01,-2.109206008911132812e+01,-1.609943389892578125e+01,-6.672310352325439453e+00,-3.117817401885986328e+00,-3.657172203063964844e+00,-9.975270032882690430e-01,-2.191886901855468750e+00,-8.143065452575683594e+00,-8.659193038940429688e+00,-1.339618492126464844e+01,-1.324572086334228516e+01,-9.469005584716796875e+00,-5.211796760559082031e+00,2.595274746417999268e-01,-4.181026816368103027e-01,5.521250247955322266e+00,8.120094299316406250e+00,6.387115001678466797e+00,8.329470634460449219e+00,6.002393245697021484e+00,6.495459556579589844e+00,5.860077857971191406e+00,-1.227244091033935547e+01,-2.051206779479980469e+01,-1.561352157592773438e+01,-1.128471565246582031e+01,-1.220589256286621094e+01,-1.034814643859863281e+01,-5.089943885803222656e+00,-6.510272979736328125e+00,-1.165040206909179688e+01,-1.802161407470703125e+01,-2.388785934448242188e+01,-1.862402343750000000e+01,-9.681271553039550781e+00,-1.108874320983886719e+01,-1.534405803680419922e+01,-1.714429855346679688e+01,-1.609291839599609375e+01,-2.390670394897460938e+01,-3.047120475769042969e+01,-3.088557624816894531e+01,-3.612094116210937500e+01,-3.704523086547851562e+01,-3.463646697998046875e+01,-3.379526519775390625e+01,-3.491497421264648438e+01,-3.011547279357910156e+01,-2.385514831542968750e+01,-1.918370246887207031e+01,-1.841702651977539062e+01,-2.460279846191406250e+01,-2.505982971191406250e+01,-2.127854728698730469e+01,-1.960009574890136719e+01,-1.806627655029296875e+01,-1.147130203247070312e+01,-5.834130287170410156e+00,-1.012781143188476562e+01,-2.021597671508789062e+01,-2.736462402343750000e+01,-2.830006599426269531e+01,-2.834118080139160156e+01,-2.978827095031738281e+01,-2.944426345825195312e+01,-2.519349288940429688e+01,-2.457681274414062500e+01,-3.028419113159179688e+01,-2.973768615722656250e+01,-2.138471984863281250e+01,-1.835587692260742188e+01,-2.098306274414062500e+01,-2.265109443664550781e+01,-1.549686431884765625e+01,-1.443581771850585938e+01,-1.449944496154785156e+01,-1.008960247039794922e+01,-8.780285835266113281e+00,-1.134480667114257812e+01,-1.227563762664794922e+01,-8.191751480102539062e+00,-5.705101966857910156e+00,-6.299754142761230469e+00,-1.108714199066162109e+01,-7.829177379608154297e+00,-1.027115440368652344e+01,-6.592721939086914062e+00,-1.450511693954467773e+00,-3.987150669097900391e+00,-9.306121826171875000e+00,-5.063060283660888672e+00,-3.187066555023193359e+00,-1.096957302093505859e+01,-1.660287475585937500e+01,-1.659169578552246094e+01,-1.786949729919433594e+01,-2.444824218750000000e+01,-3.933647537231445312e+01,-4.627880096435546875e+01,-4.864113235473632812e+01,-4.873921203613281250e+01,-4.398088073730468750e+01,-3.009900474548339844e+01,-3.224924850463867188e+01,-3.276935577392578125e+01,-2.871744537353515625e+01,-2.887630462646484375e+01,-2.600857925415039062e+01,-2.317211532592773438e+01,-2.265847396850585938e+01,-1.590145587921142578e+01,-2.091472244262695312e+01,-2.757475090026855469e+01,-2.950084686279296875e+01,-2.904467201232910156e+01,-2.682927703857421875e+01,-2.377234840393066406e+01,-2.500600814819335938e+01,-2.434706115722656250e+01,-2.619911575317382812e+01,-2.821695327758789062e+01,-2.712652969360351562e+01,-1.372532463073730469e+01,3.057329654693603516e+00,7.438654422760009766e+00,1.063422203063964844e+01,7.495014190673828125e+00,4.040245056152343750e+00,5.358363628387451172e+00,-8.106472015380859375e+00,-1.734475708007812500e+01,-2.037140464782714844e+01,-1.941901969909667969e+01,-1.173740482330322266e+01,-1.065709018707275391e+01,-1.326120376586914062e+01,-1.673593521118164062e+01,-1.721413040161132812e+01,-1.915918350219726562e+01,-2.205682373046875000e+01,-2.247970962524414062e+01,-2.077420043945312500e+01,-2.104331588745117188e+01,-2.321312713623046875e+01,-2.239213371276855469e+01,-1.795729064941406250e+01,-1.731395721435546875e+01,-1.807216453552246094e+01,-2.343189048767089844e+01,-3.663051605224609375e+01,-3.653811264038085938e+01,-3.209668350219726562e+01,-3.276115417480468750e+01,-2.536817741394042969e+01,-1.224979209899902344e+01,-6.623841285705566406e+00,-9.280748367309570312e+00,-1.029461765289306641e+01,-2.005633926391601562e+01,-2.517808914184570312e+01,-1.939415550231933594e+01,-8.426343917846679688e+00,-3.563440084457397461e+00,6.398634910583496094e+00,1.388229751586914062e+01,1.180880165100097656e+01,1.066860008239746094e+01,1.307783508300781250e+01,1.214502143859863281e+01,1.085304832458496094e+01,4.394650459289550781e+00,2.964567184448242188e+00,-4.656634926795959473e-01,-8.210602760314941406e+00,-1.266904354095458984e+01,-1.458897304534912109e+01,-2.270829772949218750e+01,-2.334272193908691406e+01,-7.801854133605957031e+00,2.544014453887939453e+00,-2.079034328460693359e+00,-5.799972534179687500e+00,-9.784709930419921875e+00,-8.464794158935546875e+00,-1.351125335693359375e+01,-1.718924331665039062e+01,-1.297725868225097656e+01,-1.436585044860839844e+01,-1.756135368347167969e+01,-1.649863815307617188e+01,-1.487339973449707031e+01,-2.122749710083007812e+01,-2.182337570190429688e+01,-1.844546318054199219e+01,-1.645036125183105469e+01,-1.520142173767089844e+01,-1.181641578674316406e+01,-8.532114028930664062e+00,-1.120723342895507812e+01,-8.722023010253906250e+00,-9.667358398437500000e+00,-1.148921775817871094e+01,-1.412965774536132812e+01,-1.882303619384765625e+01,-2.064694213867187500e+01,-2.103504562377929688e+01,-2.206460571289062500e+01,-1.768405914306640625e+01,-9.689882278442382812e+00,-1.159309101104736328e+01,-1.704732513427734375e+01,-2.012191772460937500e+01,-3.091141891479492188e+01,-2.708729934692382812e+01,-2.678037452697753906e+01,-2.958895874023437500e+01,-3.190213394165039062e+01,-2.059642410278320312e+01,-1.065653038024902344e+01,-1.895265197753906250e+01,-1.377026176452636719e+01,-1.233631515502929688e+01,-1.316460227966308594e+01,-1.926710510253906250e+01,-1.759469223022460938e+01,-1.635885238647460938e+01,-1.691541481018066406e+01,-1.354791450500488281e+01,-1.052839851379394531e+01,-9.330051422119140625e+00,-8.812221527099609375e+00,-1.074141502380371094e+01,-2.040629577636718750e+01,-1.982227706909179688e+01,-2.133317184448242188e+01,-2.328012657165527344e+01,-2.433660888671875000e+01,-2.400283432006835938e+01,-2.297667694091796875e+01,-2.504331970214843750e+01,-2.491703987121582031e+01,-2.291641998291015625e+01,-1.889002609252929688e+01,-2.425687599182128906e+01,-2.740169525146484375e+01,-2.276153373718261719e+01,-2.522256469726562500e+01,-2.393715476989746094e+01,-1.824399375915527344e+01,-2.053952407836914062e+01,-2.121572494506835938e+01,-1.485828208923339844e+01,-1.337285423278808594e+01,-1.946061706542968750e+01,-2.016522598266601562e+01,-1.754615402221679688e+01,-1.601487731933593750e+01,-1.486812782287597656e+01,-1.529140281677246094e+01,-1.543474960327148438e+01,-1.944701766967773438e+01,-2.120124816894531250e+01,-2.326785469055175781e+01,-1.720707321166992188e+01,-1.061438179016113281e+01,-1.126969432830810547e+01,-1.644835662841796875e+01,-1.516905403137207031e+01,-1.490946578979492188e+01,-1.444788932800292969e+01,-1.409408760070800781e+01,-9.679265975952148438e+00,-1.021657943725585938e+01,-1.670598411560058594e+01,-1.811326980590820312e+01,-1.221567916870117188e+01,-7.968230247497558594e+00,-1.323303031921386719e+01,-1.620644378662109375e+01,-1.833796882629394531e+01,-1.774666023254394531e+01,-2.147116851806640625e+01,-4.077786254882812500e+01,-4.711560058593750000e+01,-4.381962203979492188e+01,-3.649811553955078125e+01,-3.500775146484375000e+01,-4.052270507812500000e+01,-4.633810424804687500e+01,-4.504413223266601562e+01,-4.316244506835937500e+01,-3.508377838134765625e+01,-3.471888732910156250e+01,-3.257452392578125000e+01,-2.791036224365234375e+01,-2.630002975463867188e+01,-2.657069778442382812e+01,-3.094616508483886719e+01,-4.438379287719726562e+01,-5.327837371826171875e+01,-5.156063461303710938e+01,-4.881496810913085938e+01,-4.814607238769531250e+01,-4.487557983398437500e+01,-4.468363189697265625e+01,-4.171166992187500000e+01,-3.593276596069335938e+01,-3.515138244628906250e+01,-3.784313964843750000e+01,-3.192796707153320312e+01,-2.159840393066406250e+01,-1.563319206237792969e+01,-1.711293601989746094e+01,-2.739165878295898438e+01,-2.910318374633789062e+01,-1.750738525390625000e+01,-1.229790115356445312e+01,-5.341697692871093750e+00,-2.887927293777465820e+00,-3.820887327194213867e+00,-2.056962490081787109e+00,-8.611081123352050781e+00,-2.077550506591796875e+01,-2.363737678527832031e+01,-2.317989730834960938e+01,-2.139208793640136719e+01,-2.330099868774414062e+01,-2.386782836914062500e+01,-1.470657253265380859e+01,-1.967801284790039062e+01,-2.552164459228515625e+01,-2.970184707641601562e+01,-3.984278106689453125e+01,-4.544013977050781250e+01,-4.000771331787109375e+01,-2.820240402221679688e+01,-2.266780853271484375e+01,-2.108625030517578125e+01,-2.284484863281250000e+01,-2.303385734558105469e+01,-2.396384811401367188e+01,-1.826366424560546875e+01,-1.467390632629394531e+01,-1.623550987243652344e+01,-1.868282318115234375e+01,-1.222461891174316406e+01,-5.030394554138183594e+00,-2.436174392700195312e+00,-2.108138561248779297e+00,6.221256256103515625e-01,-1.545872688293457031e+00,-6.318512916564941406e+00,-9.298553466796875000e+00,-1.105887889862060547e+01,-1.651140022277832031e+01,-1.422683334350585938e+01,-7.980648040771484375e+00,-8.892189025878906250e+00,-1.856319618225097656e+01,-2.266975402832031250e+01,-2.598947143554687500e+01,-2.227176284790039062e+01,-2.045512008666992188e+01,-2.419132423400878906e+01,-2.558775329589843750e+01,-4.162211608886718750e+01,-4.268882751464843750e+01,-3.696732711791992188e+01,-2.808763694763183594e+01,-2.364849281311035156e+01,-2.889718627929687500e+01,-2.836204910278320312e+01,-2.726278305053710938e+01,-3.194240951538085938e+01,-3.028896331787109375e+01,-2.916643333435058594e+01,-2.086721801757812500e+01,-1.771008491516113281e+01,-1.536190414428710938e+01,-1.499611949920654297e+01,-1.884337425231933594e+01,-2.566724777221679688e+01,-3.065071296691894531e+01,-2.707277870178222656e+01,-2.303342437744140625e+01,-2.068852233886718750e+01,-1.841253662109375000e+01,-1.203245544433593750e+01,-2.745898056030273438e+01,-4.377459716796875000e+01,-4.374454498291015625e+01,-2.973348236083984375e+01,-2.064263153076171875e+01,-1.735789299011230469e+01,-1.817107772827148438e+01,-1.747316360473632812e+01,-1.701798629760742188e+01,-2.016982078552246094e+01,-2.847680282592773438e+01,-3.284467315673828125e+01,-3.176067352294921875e+01,-3.036418151855468750e+01,-2.514063453674316406e+01,-2.131629943847656250e+01,-1.536157798767089844e+01,-1.542902565002441406e+01,-1.309040546417236328e+01,-2.529078960418701172e+00,-1.236705660820007324e+00,-6.603838920593261719e+00,-1.042883300781250000e+01,-1.258066749572753906e+01,-1.753097915649414062e+01,-2.188381576538085938e+01,-2.570857429504394531e+01,-2.514542388916015625e+01,-2.904407501220703125e+01,-2.809070587158203125e+01,-2.115382766723632812e+01,-2.060930633544921875e+01,-1.314645767211914062e+01,-4.166989326477050781e+00,-8.221736907958984375e+00,-8.537507057189941406e+00,-8.512120246887207031e+00,-6.805692195892333984e+00,-7.807276725769042969e+00,-7.219159126281738281e+00,-2.849484086036682129e-01,4.867447912693023682e-01,2.938087284564971924e-02,1.026002645492553711e+00,-6.432998657226562500e+00,-1.168455410003662109e+01,-9.784208297729492188e+00,-9.098197937011718750e+00,-1.110931587219238281e+01,-1.307761001586914062e+01,-9.453910827636718750e+00,-8.732946395874023438e+00,-7.542291641235351562e+00,-5.649176597595214844e+00,-7.858755111694335938e+00,-8.713737487792968750e+00,-3.592273235321044922e+00,-3.912136077880859375e+00,-8.812517166137695312e+00,-3.961133575439453125e+01,-4.838317489624023438e+01,-3.888735961914062500e+01,-2.306596755981445312e+01,-2.265390014648437500e+01,-2.371137619018554688e+01,-1.769533729553222656e+01,-1.187796115875244141e+01,-1.077865219116210938e+01,-5.561006546020507812e+00,-1.526579856872558594e+01,-2.166286468505859375e+01,-1.916131591796875000e+01,-1.663467597961425781e+01,-2.481221771240234375e+01,-2.642581176757812500e+01,-2.748448562622070312e+01,-2.519260025024414062e+01,-2.105755615234375000e+01,-3.362197113037109375e+01,-4.250332641601562500e+01,-4.668128204345703125e+01,-4.144567871093750000e+01,-3.588095092773437500e+01,-3.206411743164062500e+01,-2.833369445800781250e+01,-2.347108459472656250e+01,-1.992331695556640625e+01,-1.831219100952148438e+01,-1.746123123168945312e+01,-1.686768341064453125e+01,-1.635670089721679688e+01,-1.795949363708496094e+01,-1.611246871948242188e+01,-1.471813011169433594e+01,-1.551959609985351562e+01,-1.834474372863769531e+01,-1.848986625671386719e+01,-2.164371490478515625e+01,-2.568429183959960938e+01,-2.526470947265625000e+01,-2.488456344604492188e+01,-2.143229484558105469e+01,-1.259693527221679688e+01,-8.997449874877929688e+00,-1.603438186645507812e+01,-1.791122627258300781e+01,-2.143088531494140625e+01,-2.784597778320312500e+01,-3.334566497802734375e+01,-3.489614486694335938e+01,-3.450714874267578125e+01,-4.054681396484375000e+01,-4.212948989868164062e+01,-3.429096603393554688e+01,-2.713471794128417969e+01,-2.261132621765136719e+01,-2.125199127197265625e+01,-2.009302902221679688e+01,-1.949100685119628906e+01,-2.207580566406250000e+01,-2.126549530029296875e+01,-1.662886047363281250e+01,-1.570157337188720703e+01,-1.193658065795898438e+01,-8.747851371765136719e+00,-5.719439983367919922e+00,-6.158731460571289062e+00,-8.350294113159179688e+00,-7.605010032653808594e+00,-1.045391559600830078e+01,-1.505551624298095703e+01,-1.315011215209960938e+01,-9.986495971679687500e+00,-6.255377769470214844e+00,-9.435504913330078125e+00,-8.391197204589843750e+00,-3.730236291885375977e+00,-3.843335151672363281e+00,-3.653518915176391602e+00,-7.667371749877929688e+00,-9.325183868408203125e+00,-1.283005523681640625e+01,-9.173152923583984375e+00,-9.817660331726074219e+00,-1.907398605346679688e+01,-1.704198455810546875e+01,-1.036208724975585938e+01,-1.036507797241210938e+01,-1.219322204589843750e+01,-8.960734367370605469e+00,-1.113519549369812012e+00,-2.803900718688964844e+00,-7.874583244323730469e+00,-1.045468235015869141e+01,-8.415382385253906250e+00,-6.289599895477294922e+00,-1.991207718849182129e+00,-6.483528614044189453e+00,-1.200963115692138672e+01,-8.951358795166015625e+00,-9.322166442871093750e+00,-8.596999168395996094e+00,-1.856053352355957031e+00,-1.119121074676513672e+00,-1.038978958129882812e+01,-1.453980827331542969e+01,-1.338012695312500000e+01,-1.180867004394531250e+01,-1.015264797210693359e+01,-1.733821105957031250e+01,-3.282102584838867188e+01,-4.164164352416992188e+01,-3.984588623046875000e+01,-3.702463531494140625e+01,-3.245855712890625000e+01,-2.972643852233886719e+01,-3.300910186767578125e+01,-1.989909744262695312e+01,-1.171724510192871094e+01,-6.313536643981933594e+00,-4.392753601074218750e+00,-8.593498229980468750e+00,-1.217669868469238281e+01,-1.125239372253417969e+01,-7.335172653198242188e+00,-4.594033241271972656e+00,-3.830989837646484375e+00,-2.978761672973632812e+00,1.034416556358337402e+00,-8.037955284118652344e+00,-2.003585815429687500e+01,-2.549343490600585938e+01,-2.610272598266601562e+01,-2.289386367797851562e+01,-2.091750717163085938e+01,-2.278816223144531250e+01,-1.962982177734375000e+01,-1.565930747985839844e+01,-8.489757537841796875e+00,-9.254728317260742188e+00,-1.586051654815673828e+01,-2.035041809082031250e+01,-1.775816726684570312e+01,-2.363600921630859375e+01,-1.202092647552490234e+01,-3.772657632827758789e+00,-5.979996681213378906e+00,-6.575435638427734375e+00,-1.748449563980102539e+00,-2.969177722930908203e+00,-3.256976604461669922e+00,-2.707800149917602539e+00,-4.882810115814208984e+00,-2.422050952911376953e+00,-2.068238735198974609e+00,-1.587837123870849609e+01,-2.771301078796386719e+01,-2.741622161865234375e+01,-2.562907218933105469e+01,-2.583944702148437500e+01,-2.342661476135253906e+01,-2.439807319641113281e+01,-3.041187667846679688e+01,-2.505588912963867188e+01,-1.820307922363281250e+01,-1.074727535247802734e+01,-1.201237678527832031e+01,-8.337896347045898438e+00,-1.182042503356933594e+01,-1.859623718261718750e+01,-2.508864974975585938e+01,-3.512506103515625000e+01,-3.462274551391601562e+01,-2.584727478027343750e+01,-1.924709320068359375e+01,-1.870801544189453125e+01,-2.201870346069335938e+01,-2.302531433105468750e+01,-2.644535064697265625e+01,-2.741335678100585938e+01,-2.365390396118164062e+01,-2.420056533813476562e+01,-3.116637039184570312e+01,-2.667024230957031250e+01,-2.114452743530273438e+01,-2.268763351440429688e+01,-1.837171554565429688e+01,-1.091814994812011719e+01,-1.304319477081298828e+01,-7.884610652923583984e+00,-6.300047874450683594e+00,-2.120530605316162109e+00,-3.480821609497070312e+00,-2.912859678268432617e+00,-4.903184413909912109e+00,-5.789601325988769531e+00,-3.205595493316650391e+00,-5.240198373794555664e-01,-9.529654383659362793e-01,-1.187647628784179688e+01,-2.194765853881835938e+01,-2.403280639648437500e+01,-2.019776916503906250e+01,-1.803144073486328125e+01,-2.410663604736328125e+01,-2.594074249267578125e+01,-2.132943916320800781e+01,-2.148364639282226562e+01,-4.112583160400390625e+01,-4.682557678222656250e+01,-4.266687393188476562e+01,-3.605487060546875000e+01,-3.080960083007812500e+01,-2.990545654296875000e+01,-2.987444114685058594e+01,-3.105721664428710938e+01,-3.083732223510742188e+01,-2.924353218078613281e+01,-2.267374038696289062e+01,-1.968259048461914062e+01,-1.929701232910156250e+01,-2.206509017944335938e+01,-2.081901931762695312e+01,-1.913673591613769531e+01,-2.120591735839843750e+01,-2.813301086425781250e+01,-2.875238418579101562e+01,-1.934069633483886719e+01,-1.245389175415039062e+01,-1.117762660980224609e+01,-1.041337394714355469e+01,-1.181171131134033203e+01,-9.960880279541015625e+00,-7.843020439147949219e+00,-1.702082824707031250e+01,-2.149106597900390625e+01,-2.332523727416992188e+01,-2.207665252685546875e+01,-3.041045570373535156e+01,-2.362903976440429688e+01,-1.549507999420166016e+01,-4.177705287933349609e+00,3.442421913146972656e+00,5.894007682800292969e+00,5.484292984008789062e+00,3.943708419799804688e+00,3.044308423995971680e+00,-3.175394058227539062e+00,-8.928586959838867188e+00,-1.173562049865722656e+01,-1.839992523193359375e+01,-2.810242843627929688e+01,-3.518630981445312500e+01,-3.325568389892578125e+01,-2.770992469787597656e+01,-2.360292053222656250e+01,-1.549868965148925781e+01,-1.088736724853515625e+01,-7.380046844482421875e+00,-1.048221588134765625e+01,-1.268646430969238281e+01,-1.059791946411132812e+01,-1.489377880096435547e+01,-1.754646110534667969e+01,-1.450654411315917969e+01,-1.408448219299316406e+01,-1.109286499023437500e+01,-8.519433021545410156e+00,-3.939946651458740234e+00,-5.345386505126953125e+00,-1.074073123931884766e+01,-1.757946395874023438e+01,-1.446767616271972656e+01,-1.608327484130859375e+01,-2.169346237182617188e+01,-1.789108657836914062e+01,-1.388976192474365234e+01,-7.939279079437255859e+00,-1.050176239013671875e+01,-1.390807151794433594e+01,-9.829422950744628906e+00,-9.079304695129394531e+00,-4.225476741790771484e+00,-9.266222000122070312e+00,-1.301693916320800781e+01,-1.047782516479492188e+01,-1.149017906188964844e+01,-1.088956928253173828e+01,-1.586588287353515625e+01,-1.921964073181152344e+01,-1.324347114562988281e+01,-8.408660888671875000e+00,-8.751012802124023438e+00,-8.532170295715332031e+00,-8.220314025878906250e+00,-1.058715057373046875e+01,-1.148244667053222656e+01,-1.170245075225830078e+01,-1.060390853881835938e+01,-1.267529582977294922e+01,-1.661917114257812500e+01,-1.884855651855468750e+01,-3.508933258056640625e+01,-4.143167495727539062e+01,-4.060597991943359375e+01,-3.736304473876953125e+01,-3.098327445983886719e+01,-3.038677597045898438e+01,-3.461597061157226562e+01,-3.428025817871093750e+01,-3.308983993530273438e+01,-3.195462417602539062e+01,-3.202387619018554688e+01,-3.170021820068359375e+01,-3.247831726074218750e+01,-2.825705718994140625e+01,-2.221434974670410156e+01,-2.113473320007324219e+01,-2.311043357849121094e+01,-1.788833236694335938e+01,-3.533234596252441406e+00,-1.710396289825439453e+00,-1.989284873008728027e+00,-4.259345054626464844e+00,-6.592093467712402344e+00,-3.432641029357910156e+00,-9.021482467651367188e+00,-1.108248519897460938e+01,-7.634496212005615234e+00,-1.022294712066650391e+01,-4.053403377532958984e+00,-4.739023685455322266e+00,-5.101412296295166016e+00,-1.330776929855346680e+00,-5.938706874847412109e+00,-7.702222347259521484e+00,-9.297914505004882812e+00,-8.322289466857910156e+00,-5.407739639282226562e+00,-5.206488132476806641e+00,-2.013776540756225586e+00,-1.219375419616699219e+01,-2.498008728027343750e+01,-2.786549758911132812e+01,-2.341820907592773438e+01,-2.669876861572265625e+01,-2.439434623718261719e+01,-2.360072326660156250e+01,-2.293077659606933594e+01,-2.482856750488281250e+01,-3.207424926757812500e+01,-2.847732353210449219e+01,-2.541741943359375000e+01,-2.655628395080566406e+01,-2.775894546508789062e+01,-1.910757827758789062e+01,-1.696936607360839844e+01,-1.980657196044921875e+01,-2.179394531250000000e+01,-3.410664367675781250e+01,-2.994790267944335938e+01,-3.042306900024414062e+01,-3.412015151977539062e+01,-3.701074981689453125e+01,-3.950654602050781250e+01,-3.677814865112304688e+01,-4.010180282592773438e+01,-3.521008300781250000e+01,-3.086917877197265625e+01,-2.827740859985351562e+01,-3.004600715637207031e+01,-2.933781051635742188e+01,-2.728425979614257812e+01,-2.247624969482421875e+01,-1.735202026367187500e+01,-1.315067481994628906e+01,-9.335887908935546875e+00,-1.550755500793457031e+01,-1.844046401977539062e+01,-1.643727493286132812e+01,-2.305559730529785156e+01,-3.095749473571777344e+01,-2.661178207397460938e+01,-1.727750778198242188e+01,-1.666465568542480469e+01,-1.775840759277343750e+01,-1.820192146301269531e+01,-2.639658927917480469e+01,-2.585380744934082031e+01,-1.895769119262695312e+01,-8.695135116577148438e+00,-5.334093570709228516e+00,-1.010150718688964844e+01,-1.069496154785156250e+01,-1.033794403076171875e+01,-1.106600189208984375e+01,-1.533980751037597656e+01,-1.218722915649414062e+01,-1.105580234527587891e+01,-9.586157798767089844e+00,-7.376223564147949219e+00,-9.187206268310546875e+00,-4.103114128112792969e+00,-3.386853218078613281e+00,-4.383511543273925781e+00,-5.627361297607421875e+00,-5.732632637023925781e+00,-8.501773834228515625e+00,-4.763877868652343750e+00,-2.496084690093994141e+00,-1.049360466003417969e+01,-1.952898406982421875e+01,-1.424751281738281250e+01,-1.083389568328857422e+01,-9.576473236083984375e+00,-5.765398979187011719e+00,-1.011136817932128906e+01,-1.096073722839355469e+01,-1.066617012023925781e+01,-1.000101280212402344e+01,-6.241952896118164062e+00,-7.549387931823730469e+00,-3.842541933059692383e+00,-1.194309234619140625e+01,-1.176545429229736328e+01,-1.115215301513671875e+01,-1.012825393676757812e+01,-6.127440452575683594e+00,-8.417208671569824219e+00,-7.222692012786865234e+00,-8.552016258239746094e+00,-1.326202774047851562e+01,-1.598201179504394531e+01,-1.032720947265625000e+01,-6.015321254730224609e+00,-9.807882308959960938e+00,-1.162333869934082031e+01,-1.131180572509765625e+01,-1.314258003234863281e+01,-1.203295135498046875e+01,-1.325168609619140625e+01,-1.024248600006103516e+01,-8.429053306579589844e+00,-1.140845394134521484e+01,-1.438947486877441406e+01,-8.577545166015625000e+00,-9.489423751831054688e+00,-1.044673347473144531e+01,-1.132584571838378906e+01,-1.097801017761230469e+01,-1.199150276184082031e+01,-7.971693038940429688e+00,-8.992044448852539062e+00,-1.119354057312011719e+01,-1.026128005981445312e+01,-9.053678512573242188e+00,-1.162804412841796875e+01,-1.094230937957763672e+01,-1.102002334594726562e+01,-1.086598587036132812e+01,-8.581382751464843750e+00,-8.551066398620605469e+00,-1.118537807464599609e+01,-1.231183528900146484e+01,-1.684505462646484375e+01,-2.521355819702148438e+01,-2.213343048095703125e+01,-1.976230239868164062e+01,-1.917115402221679688e+01,-1.793122100830078125e+01,-2.714542388916015625e+01,-3.256327056884765625e+01,-3.088435554504394531e+01,-2.918358039855957031e+01,-3.000668716430664062e+01,-2.034725761413574219e+01,-1.677762985229492188e+01,-1.738908576965332031e+01,-1.646608924865722656e+01,-1.503809738159179688e+01,-1.223966598510742188e+01,-1.947381210327148438e+01,-1.963707542419433594e+01,-2.046160888671875000e+01,-1.762494277954101562e+01,-1.421295547485351562e+01,-2.282786941528320312e+01,-2.964449691772460938e+01,-2.957247352600097656e+01,-2.937595748901367188e+01,-3.003308296203613281e+01,-2.853759765625000000e+01,-2.607952690124511719e+01,-2.080856704711914062e+01,-1.967331504821777344e+01,-1.779172706604003906e+01,-1.562603187561035156e+01,-1.541030311584472656e+01,-1.195207786560058594e+01,-1.776004028320312500e+01,-2.516858673095703125e+01,-2.247426223754882812e+01,-1.169959831237792969e+01,-1.529207992553710938e+01,-1.547596168518066406e+01,-1.305541801452636719e+01,-1.178145599365234375e+01,-9.357226371765136719e+00,-2.633939361572265625e+01,-2.956305694580078125e+01,-3.226289749145507812e+01,-3.236936187744140625e+01,-3.128732109069824219e+01,-2.979849624633789062e+01,-3.665124511718750000e+01,-4.656153869628906250e+01,-4.794290161132812500e+01,-5.137004470825195312e+01,-5.338604736328125000e+01,-5.068601226806640625e+01,-3.845962524414062500e+01,-2.943896484375000000e+01,-2.574075889587402344e+01,-2.384619903564453125e+01,-1.345166397094726562e+01,-1.133078765869140625e+01,-1.693204879760742188e+01,-2.357703781127929688e+01,-2.887707901000976562e+01,-2.863462066650390625e+01,-2.539813995361328125e+01,-2.611908340454101562e+01,-2.534132575988769531e+01,-2.720721817016601562e+01,-2.646175384521484375e+01,-2.785258483886718750e+01,-2.703349113464355469e+01,-2.387470817565917969e+01,-2.345260620117187500e+01,-1.739975357055664062e+01,-1.557914161682128906e+01,-2.140121078491210938e+01,-2.581503295898437500e+01,-3.286949157714843750e+01,-3.161456680297851562e+01,-2.837868499755859375e+01,-2.810142898559570312e+01,-3.352383422851562500e+01,-3.389276123046875000e+01,-2.247240066528320312e+01,-1.449849891662597656e+01,-1.755058288574218750e+01,-2.133558273315429688e+01,-1.666609954833984375e+01,-1.417157745361328125e+01,-6.872372627258300781e+00,-4.145832061767578125e+00,-1.054326057434082031e+01,-1.328832244873046875e+01,-1.694234466552734375e+01,-2.524687767028808594e+01,-2.828802490234375000e+01,-2.247952270507812500e+01,-1.520991706848144531e+01,-1.917018508911132812e+01,-2.921635818481445312e+01,-3.450350189208984375e+01,-2.834882736206054688e+01,-2.929835128784179688e+01,-2.664109611511230469e+01,-3.068207740783691406e+01,-2.758431053161621094e+01,-2.670014381408691406e+01,-2.462741470336914062e+01,-2.277615737915039062e+01,-2.903660583496093750e+01,-3.379203033447265625e+01,-3.449401473999023438e+01,-2.841908836364746094e+01,-1.798901176452636719e+01,-1.702227401733398438e+01,-1.797107124328613281e+01,-1.754261779785156250e+01,-1.022998046875000000e+01,-8.977454185485839844e+00,-8.852494239807128906e+00,-1.067966651916503906e+01,-1.604488372802734375e+01,-1.238923072814941406e+01,-1.261903953552246094e+01,-1.327980613708496094e+01,-1.294758224487304688e+01,-1.230457496643066406e+01,-1.296370410919189453e+01,-1.141187191009521484e+01,-1.040902328491210938e+01,-1.059124565124511719e+01,-9.003536224365234375e+00,-7.769917011260986328e+00,-7.371036529541015625e+00,-5.058564186096191406e+00,-8.383543014526367188e+00,-1.256055831909179688e+01,-1.450472831726074219e+01,-1.581871318817138672e+01,-1.160227775573730469e+01,-1.127025985717773438e+01,-8.672698974609375000e+00,-5.804393768310546875e+00,-8.456816673278808594e+00,-8.343851089477539062e+00,-1.338043212890625000e+01,-1.671234893798828125e+01,-1.889194107055664062e+01,-1.852517700195312500e+01,-1.199887275695800781e+01,-1.025824928283691406e+01,-5.055009841918945312e+00,9.626145362854003906e-01,-5.748733043670654297e+00,-1.299460411071777344e+01,-1.323982620239257812e+01,-6.178010463714599609e+00,-1.034639835357666016e+01,-2.201864242553710938e+01,-3.265667724609375000e+01,-3.397689819335937500e+01,-2.466318893432617188e+01,-1.813492584228515625e+01,-1.530831718444824219e+01,-2.062963676452636719e+01,-2.559103393554687500e+01,-3.656577301025390625e+01,-4.209848403930664062e+01,-4.460198974609375000e+01,-4.573873138427734375e+01,-3.795520019531250000e+01,-2.754217147827148438e+01,-2.408655548095703125e+01,-2.471347999572753906e+01,-2.974354934692382812e+01,-2.339496994018554688e+01,-1.466631889343261719e+01,-9.580877304077148438e+00,-4.331139564514160156e+00,2.269724130630493164e+00,-9.571745395660400391e-01,-6.385405540466308594e+00,-8.955389022827148438e+00,-1.684403991699218750e+01,-2.084107780456542969e+01,-1.913353729248046875e+01,-2.224864578247070312e+01,-1.717303848266601562e+01,-1.644093322753906250e+01,-1.615736198425292969e+01,-1.176322937011718750e+01,-1.071735382080078125e+01,-7.730310440063476562e+00,-9.251104354858398438e+00,-1.090412425994873047e+01,-1.359073066711425781e+01,-1.225510215759277344e+01,-9.079478263854980469e+00,-7.942564010620117188e+00,-1.112896537780761719e+01,-1.150614356994628906e+01,-1.482425403594970703e+01,-1.873496627807617188e+01,-1.590657043457031250e+01,-1.299965667724609375e+01,-1.389253139495849609e+01,-1.381885814666748047e+01,-1.873585128784179688e+01,-1.605872726440429688e+01,-1.641431808471679688e+01,-1.634412002563476562e+01,-1.543673229217529297e+01,-1.211932373046875000e+01,-1.482694149017333984e+01,-1.443922042846679688e+01,-1.521563339233398438e+01,-1.442275238037109375e+01,-1.129467773437500000e+01,-1.266151142120361328e+01,-1.033746147155761719e+01,-1.189033317565917969e+01,-1.589787864685058594e+01,-1.595449924468994141e+01,-1.441273117065429688e+01,-1.556885719299316406e+01,-1.393110275268554688e+01,-1.339208602905273438e+01,-1.518189048767089844e+01,-1.839392852783203125e+01,-1.315870666503906250e+01,-1.230565452575683594e+01,-1.321970558166503906e+01,-1.362005138397216797e+01,-1.407827186584472656e+01,-1.419694519042968750e+01,-1.719485855102539062e+01,-2.009569740295410156e+01,-1.749953079223632812e+01,-1.701253128051757812e+01,-1.594036865234375000e+01,-1.783273124694824219e+01,-1.363280677795410156e+01,-9.802125930786132812e+00,-2.305129051208496094e+00,2.021689176559448242e+00,9.019535183906555176e-01,-1.256242179870605469e+01,-2.448034286499023438e+01,-2.931765556335449219e+01,-3.139877700805664062e+01,-3.651340484619140625e+01,-3.527623748779296875e+01,-2.916743278503417969e+01,-1.911623001098632812e+01,-1.365708923339843750e+01,-1.289236450195312500e+01,-1.226905441284179688e+01,-1.468068504333496094e+01,-9.701669692993164062e+00,-8.208637237548828125e+00,3.110621929168701172e+00,9.499336242675781250e+00,6.843246459960937500e+00,7.930124282836914062e+00,1.156095790863037109e+01,9.149685859680175781e+00,7.484224319458007812e+00,2.623615264892578125e+00,8.545405864715576172e-01,-5.865518569946289062e+00,-1.410951614379882812e+01,-1.718069839477539062e+01,-1.869154357910156250e+01,-1.964813995361328125e+01,-1.943555831909179688e+01,-4.006609344482421875e+01,-4.827151107788085938e+01,-5.678353118896484375e+01,-5.621419525146484375e+01,-5.364704895019531250e+01,-5.495208358764648438e+01,-4.521214675903320312e+01,-3.348036575317382812e+01,-2.191207122802734375e+01,-1.774015808105468750e+01,-1.929986190795898438e+01,-1.918515014648437500e+01,-1.370621967315673828e+01,-9.435014724731445312e+00,-1.228485870361328125e+01,-1.537949180603027344e+01,-1.731456184387207031e+01,-2.289768218994140625e+01,-2.385329437255859375e+01,-2.120398521423339844e+01,-2.160147094726562500e+01,-1.987934875488281250e+01,-1.599783611297607422e+01,-1.879170608520507812e+01,-2.553559112548828125e+01,-2.035466575622558594e+01,-1.453590583801269531e+01,-1.024816608428955078e+01,-6.845108032226562500e+00,-8.114886283874511719e+00,-1.208590698242187500e+01,-4.871417045593261719e+00,5.082702636718750000e+00,2.314658164978027344e+00,1.688876986503601074e+00,3.060104846954345703e+00,-2.350656509399414062e+00,-4.435095787048339844e+00,-7.271423339843750000e+00,-8.751660346984863281e+00,-8.483852386474609375e+00,-1.141933155059814453e+01,-1.690524482727050781e+01,-2.195821571350097656e+01,-2.174541664123535156e+01,-2.086899185180664062e+01,-1.497751808166503906e+01,-8.740151405334472656e+00,-1.493839645385742188e+01,-2.066465377807617188e+01,-1.602747726440429688e+01,-1.247532653808593750e+01,-1.699175834655761719e+01,-1.218363571166992188e+01,-7.158859252929687500e+00,-7.725810050964355469e+00,-1.106332015991210938e+01,-9.606705665588378906e+00,-6.206990242004394531e+00,-7.611901760101318359e+00,-1.693217468261718750e+01,-1.718561363220214844e+01,-1.221481704711914062e+01,-1.186040973663330078e+01,-1.251299953460693359e+01,-1.918908119201660156e+01,-2.222785949707031250e+01,-1.815762710571289062e+01,-1.680617713928222656e+01,-9.173527717590332031e+00,-9.486543655395507812e+00,-1.210275077819824219e+01,-1.163770866394042969e+01,-1.007184219360351562e+01,-8.442215919494628906e+00,-1.155439281463623047e+01,-1.249143791198730469e+01,-8.590393066406250000e+00,-1.178392601013183594e+01,-1.227936267852783203e+01,-1.375215911865234375e+01,-1.090373611450195312e+01,-1.008451080322265625e+01,-1.322042846679687500e+01,-1.845434188842773438e+01,-1.596740150451660156e+01,-1.100753974914550781e+01,-1.074932289123535156e+01,-1.329384899139404297e+01,-1.170518112182617188e+01,-8.024637222290039062e+00,-7.546917438507080078e+00,-7.576663970947265625e+00,-5.596768379211425781e+00,-1.077103805541992188e+01,-1.410624980926513672e+01,-1.037118911743164062e+01,-1.495464897155761719e+01,-1.689447593688964844e+01,-1.134562683105468750e+01,-1.658444595336914062e+01,-1.667292022705078125e+01,-1.076535987854003906e+01,-1.235573768615722656e+01,-1.330347251892089844e+01,-1.330114173889160156e+01,-1.879489135742187500e+01,-1.983868408203125000e+01,-2.197518348693847656e+01,-1.648736763000488281e+01,-1.299820041656494141e+01,-1.209189987182617188e+01,-1.175892257690429688e+01,-9.253026962280273438e+00,-8.466848373413085938e+00,-1.131314468383789062e+01,-1.408359336853027344e+01,-1.553012561798095703e+01,-1.855214500427246094e+01,-2.700991821289062500e+01,-2.488705635070800781e+01,-1.837691688537597656e+01,-1.924482536315917969e+01,-1.788710784912109375e+01,-1.304897308349609375e+01,-1.626543998718261719e+01,-2.166996765136718750e+01,-1.779463768005371094e+01,-1.797314262390136719e+01,-2.416059494018554688e+01,-3.105757141113281250e+01,-3.453844833374023438e+01,-4.429095458984375000e+01,-4.991822052001953125e+01,-4.407480621337890625e+01,-3.720981597900390625e+01,-2.830099105834960938e+01,-2.444431304931640625e+01,-3.110759544372558594e+01,-3.369626617431640625e+01,-3.266142272949218750e+01,-2.774128341674804688e+01,-2.301002693176269531e+01,-2.098225784301757812e+01,-3.158801269531250000e+01,-4.008967208862304688e+01,-4.045798110961914062e+01,-3.821078872680664062e+01,-3.734311676025390625e+01,-3.560939788818359375e+01,-3.169315147399902344e+01,-2.248197555541992188e+01,-1.392198944091796875e+01,-1.825357246398925781e+01,-1.854970550537109375e+01,-1.418489074707031250e+01,-1.404222106933593750e+01,-1.242488861083984375e+01,-1.229719448089599609e+01,-1.286415672302246094e+01,-1.661803245544433594e+01,-1.664473152160644531e+01,-1.766557312011718750e+01,-2.121524047851562500e+01,-1.735507392883300781e+01,-1.371582794189453125e+01,-1.379813766479492188e+01,-1.119635105133056641e+01,-1.079508590698242188e+01,-1.324306106567382812e+01,-1.447252273559570312e+01,-8.549337387084960938e+00,-6.039371490478515625e+00,-8.216829299926757812e+00,-5.312369346618652344e+00,-5.529693603515625000e+00,-7.126773834228515625e+00,-1.018303489685058594e+01,-1.072656822204589844e+01,-1.165666675567626953e+01,-1.296132850646972656e+01,-1.153303050994873047e+01,-9.413962364196777344e+00,-9.149649620056152344e+00,-1.229135322570800781e+01,-1.212523078918457031e+01,-8.372243881225585938e+00,-7.228079795837402344e+00,-6.109061241149902344e+00,-9.966669082641601562e+00,-1.356585311889648438e+01,-1.573103618621826172e+01,-1.876912689208984375e+01,-1.803145599365234375e+01,-1.797968482971191406e+01,-1.185233688354492188e+01,-9.417696952819824219e+00,-1.041563034057617188e+01,-1.222774124145507812e+01,-8.591308593750000000e+00,-6.615995407104492188e+00,-9.527853012084960938e+00,-1.184417343139648438e+01,-1.236605072021484375e+01,-9.631517410278320312e+00,-7.081506729125976562e+00,-6.732489585876464844e+00,-8.766153335571289062e+00,-8.853345870971679688e+00,-1.245489120483398438e+01,-9.285531997680664062e+00,-6.930809020996093750e+00,-1.133951187133789062e+01,-1.127917098999023438e+01,-1.111844730377197266e+01,-1.856518173217773438e+01,-1.285772418975830078e+01,-1.204800128936767578e+01,-1.617338371276855469e+01,-1.933572006225585938e+01,-1.730939483642578125e+01,-1.630091094970703125e+01,-1.732011413574218750e+01,-1.429275321960449219e+01,-1.394604110717773438e+01,-1.511673355102539062e+01,-1.555728530883789062e+01,-1.741635704040527344e+01,-2.047754287719726562e+01,-1.800937271118164062e+01,-9.397401809692382812e+00,-1.430670928955078125e+01,-1.328008174896240234e+01,-1.103121185302734375e+01,-1.130075931549072266e+01,-1.214039993286132812e+01,-1.606765937805175781e+01,-1.663550949096679688e+01,-8.567873954772949219e+00,-8.285099029541015625e+00,-1.203933715820312500e+01,-1.751220703125000000e+01,-1.564928531646728516e+01,-1.649853324890136719e+01,-1.269816970825195312e+01,-1.207398796081542969e+01,-1.468602943420410156e+01,-1.650731658935546875e+01,-1.737749099731445312e+01,-1.137767410278320312e+01,-1.302961158752441406e+01,-1.462270736694335938e+01,-1.033333778381347656e+01,-1.145035839080810547e+01,-1.305463027954101562e+01,-1.225262451171875000e+01,-9.191976547241210938e+00,-9.973129272460937500e+00,-8.451778411865234375e+00,-5.572535991668701172e+00,-8.783428192138671875e+00,-1.016657543182373047e+01,-1.144450569152832031e+01,-9.115638732910156250e+00,-1.094259929656982422e+01,-1.425427818298339844e+01,-1.177150344848632812e+01,-1.199545288085937500e+01,-8.446090698242187500e+00,-9.783761024475097656e+00,-9.000747680664062500e+00,-6.625734329223632812e+00,-7.292657852172851562e+00,-7.835460186004638672e+00,-1.411128044128417969e+01,-1.339133453369140625e+01,-1.091872119903564453e+01,-8.549416542053222656e+00,-7.984351158142089844e+00,-6.632709980010986328e+00,-4.044044494628906250e+00,-3.398831129074096680e+00,-3.074622631072998047e+00,-1.106280088424682617e+00,-8.458323478698730469e+00,-1.045048904418945312e+01,-6.959732532501220703e+00,-9.074066162109375000e+00,-7.829506874084472656e+00,-6.390511512756347656e+00,-4.254852294921875000e+00,-9.754959344863891602e-01,-2.218075513839721680e+00,-1.434555244445800781e+01,-2.303415679931640625e+01,-2.617662811279296875e+01,-1.968697738647460938e+01,-1.762877655029296875e+01,-1.923863983154296875e+01,-2.776603126525878906e+01,-3.027624130249023438e+01,-2.514642333984375000e+01,-2.330638694763183594e+01,-2.373355865478515625e+01,-2.604767227172851562e+01,-2.784582901000976562e+01,-2.401530075073242188e+01,-1.894123840332031250e+01,-2.167096900939941406e+01,-2.735902786254882812e+01,-2.494393920898437500e+01,-2.209104537963867188e+01,-2.214144515991210938e+01,-2.451016235351562500e+01,-2.792858505249023438e+01,-1.945077705383300781e+01,-2.019200515747070312e+01,-1.784931564331054688e+01,-1.643854522705078125e+01,-1.746776771545410156e+01,-1.427401351928710938e+01,-2.268832397460937500e+01,-2.594158363342285156e+01,-2.055406188964843750e+01,-1.642466354370117188e+01,-1.466762733459472656e+01,-1.784209060668945312e+01,-2.439287185668945312e+01,-2.609202957153320312e+01,-2.752283096313476562e+01,-2.265902328491210938e+01,-2.193005752563476562e+01,-1.344310951232910156e+01,-7.807011127471923828e+00,-1.052677726745605469e+01,-1.035521888732910156e+01,-1.089024353027343750e+01,-9.642539978027343750e+00,-8.726288795471191406e+00,-3.005072832107543945e+00,-4.142909049987792969e+00,-6.897954940795898438e+00,-5.382088661193847656e+00,-6.232687473297119141e+00,-7.307705879211425781e+00,-6.040149211883544922e+00,-7.598349094390869141e+00,-5.969489097595214844e+00,-5.977611541748046875e+00,-1.204979038238525391e+01,-1.290616130828857422e+01,-1.393787860870361328e+01,-1.198615455627441406e+01,-1.559466361999511719e+01,-1.703471755981445312e+01,-1.603271865844726562e+01,-1.515532493591308594e+01,-1.357565593719482422e+01,-1.275758075714111328e+01,-1.486164760589599609e+01,-1.158563899993896484e+01,-1.134361076354980469e+01,-1.594866085052490234e+01,-1.724961280822753906e+01,-1.815139770507812500e+01,-1.815178680419921875e+01,-1.801596069335937500e+01,-1.997334289550781250e+01,-1.695722579956054688e+01,-1.743905067443847656e+01,-2.170755195617675781e+01,-2.215844345092773438e+01,-2.003460311889648438e+01,-2.140318107604980469e+01,-1.883395004272460938e+01,-1.310060882568359375e+01,-1.604315567016601562e+01,-1.916838073730468750e+01,-1.735851669311523438e+01,-1.964429092407226562e+01,-1.591599941253662109e+01,-1.715149879455566406e+01,-2.085956001281738281e+01,-1.442881011962890625e+01,-1.230946350097656250e+01,-1.796424865722656250e+01,-2.259428215026855469e+01,-2.103717803955078125e+01,-1.442639923095703125e+01,-9.554256439208984375e+00,-1.376724243164062500e+01,-1.174773693084716797e+01,-8.135759353637695312e+00,-2.783679723739624023e+00,-4.255013465881347656e+00,-9.512942314147949219e+00,-9.415718078613281250e+00,-4.966571807861328125e+00,-5.602610588073730469e+00,-6.019527435302734375e+00,-8.458768844604492188e+00,-7.176887512207031250e+00,-1.227616882324218750e+01,-1.814337921142578125e+01,-9.695745468139648438e+00,-1.287293052673339844e+01,-2.399015045166015625e+01,-2.191605377197265625e+01,-2.033798599243164062e+01,-2.196554374694824219e+01,-1.973616600036621094e+01,-2.196198654174804688e+01,-2.230995559692382812e+01,-1.784833335876464844e+01,-2.222879600524902344e+01,-2.847885513305664062e+01,-2.395754241943359375e+01,-1.917138099670410156e+01,-1.740355491638183594e+01,-1.705716705322265625e+01,-1.652189636230468750e+01,-1.517631912231445312e+01,-1.429936122894287109e+01,-1.516359329223632812e+01,-1.270642185211181641e+01,-1.381806087493896484e+01,-1.765651321411132812e+01,-1.602701759338378906e+01,-1.349529170989990234e+01,-7.744091033935546875e+00,-5.886167526245117188e+00,-8.413633346557617188e+00,-8.786729812622070312e+00,-1.050894165039062500e+01,-9.234348297119140625e+00,-1.040938186645507812e+01,-1.154636669158935547e+01,-1.772402191162109375e+01,-1.567283248901367188e+01,-1.127050876617431641e+01,-1.208721733093261719e+01,-1.818778419494628906e+01,-1.220658302307128906e+01,-1.007927703857421875e+01,-1.734740066528320312e+01,-1.537519454956054688e+01,-1.092144393920898438e+01,-1.234231281280517578e+01,-1.615196037292480469e+01,-1.491457748413085938e+01,-1.321029472351074219e+01,-1.335687637329101562e+01,-1.851202201843261719e+01,-1.970296478271484375e+01,-2.146268463134765625e+01,-2.345196151733398438e+01,-1.776385116577148438e+01,-1.720673179626464844e+01,-2.021729660034179688e+01,-2.164033317565917969e+01,-2.326412963867187500e+01,-1.714120674133300781e+01,-1.296696662902832031e+01,-1.554828643798828125e+01,-2.144784545898437500e+01,-2.325516128540039062e+01,-2.404062271118164062e+01,-2.300965118408203125e+01,-2.136393356323242188e+01,-2.168531417846679688e+01,-2.399346351623535156e+01,-2.558782958984375000e+01,-1.722155380249023438e+01,-5.797287940979003906e+00,1.959301471710205078e+00,3.667595386505126953e+00,1.596711516380310059e+00,-9.840462684631347656e+00,-2.701521682739257812e+01,-3.657365417480468750e+01,-3.253243255615234375e+01,-2.042512321472167969e+01,-1.654862213134765625e+01,-2.695500946044921875e+01,-3.475589370727539062e+01,-3.277779006958007812e+01,-2.901534652709960938e+01,-2.266475296020507812e+01,-1.257110404968261719e+01,-4.343837738037109375e+00,-9.431259632110595703e-01,3.126748800277709961e-01,1.372212886810302734e+00,1.641682744026184082e+00,-1.184797286987304688e+00,-6.379420757293701172e+00,-1.206800460815429688e+01,-1.408124828338623047e+01,-1.314972877502441406e+01,-1.687786674499511719e+01,-3.041871452331542969e+01,-3.208647155761718750e+01,-2.907824897766113281e+01,-2.693083000183105469e+01,-2.401107406616210938e+01,-1.851501655578613281e+01,-2.608696365356445312e+01,-3.756374359130859375e+01,-3.665537261962890625e+01,-3.104675674438476562e+01,-2.836756324768066406e+01,-2.604971122741699219e+01,-3.244443130493164062e+01,-3.325665283203125000e+01,-3.266058731079101562e+01,-3.391693878173828125e+01,-3.150540924072265625e+01,-3.336075592041015625e+01,-3.613031768798828125e+01,-3.614838790893554688e+01,-4.107240295410156250e+01,-6.048954010009765625e+01,-5.034606933593750000e+01,-3.692680358886718750e+01,-3.227379989624023438e+01,-3.662238693237304688e+01,-3.610693740844726562e+01,-3.338553619384765625e+01,-3.393370819091796875e+01,-3.130220794677734375e+01,-2.653203010559082031e+01,-3.049462890625000000e+01,-2.651303482055664062e+01,-2.212453460693359375e+01,-2.046031188964843750e+01,-1.171521759033203125e+01,-1.332085609436035156e+01,-2.450300598144531250e+01,-3.019861984252929688e+01,-3.148869705200195312e+01,-3.345474624633789062e+01,-3.044028854370117188e+01,-2.999105072021484375e+01,-3.255068969726562500e+01,-3.633650970458984375e+01,-3.064531898498535156e+01,-2.535615158081054688e+01,-3.238097000122070312e+01,-3.985785675048828125e+01,-3.950977325439453125e+01,-3.600067901611328125e+01,-3.301057434082031250e+01,-3.498147583007812500e+01,-3.285858154296875000e+01,-2.783518218994140625e+01,-2.811626052856445312e+01,-3.059652900695800781e+01,-3.519809722900390625e+01,-2.385886001586914062e+01,-1.855547142028808594e+01,-1.919841766357421875e+01,-1.497917747497558594e+01,-1.628428459167480469e+01,-1.501113891601562500e+01,-1.366603088378906250e+01,-1.198785400390625000e+01,-1.009135913848876953e+01,-1.481456947326660156e+01,-1.440638542175292969e+01,-1.482250404357910156e+01,-1.572744560241699219e+01,-1.826555442810058594e+01,-1.964385604858398438e+01,-1.803766632080078125e+01,-1.878279113769531250e+01,-1.875996780395507812e+01,-2.260197067260742188e+01,-2.369066810607910156e+01,-2.183932495117187500e+01,-1.923361206054687500e+01,-2.291942787170410156e+01,-1.743512916564941406e+01,-1.783354949951171875e+01,-1.899421691894531250e+01,-1.075786209106445312e+01,-1.302631568908691406e+01,-1.643350028991699219e+01,-1.251468276977539062e+01,-7.662513256072998047e+00,-1.100242233276367188e+01,-9.297044754028320312e+00,-8.935934066772460938e+00,-1.110030174255371094e+01,-1.723626708984375000e+01,-1.585000419616699219e+01,-1.851688957214355469e+01,-1.778181457519531250e+01,-1.950096130371093750e+01,-1.661990356445312500e+01,-1.245080947875976562e+01,-1.370391082763671875e+01,-1.915514755249023438e+01,-1.499943828582763672e+01,-1.376346302032470703e+01,-1.700082969665527344e+01,-1.468176269531250000e+01,-1.615045166015625000e+01,-1.576193046569824219e+01,-1.434222984313964844e+01,-2.001324081420898438e+01,-1.885283660888671875e+01,-1.807576751708984375e+01,-2.242480468750000000e+01,-1.945969963073730469e+01,-1.925259399414062500e+01,-1.410467910766601562e+01,-1.430448150634765625e+01,-1.634237098693847656e+01,-1.727427291870117188e+01,-1.900057220458984375e+01,-1.812282943725585938e+01,-1.906424713134765625e+01,-1.525743865966796875e+01,-1.753013420104980469e+01,-1.602632522583007812e+01,-1.180739879608154297e+01,-1.051930618286132812e+01,-1.626596450805664062e+01,-2.096498489379882812e+01,-1.819097137451171875e+01,-1.642039871215820312e+01,-1.825656700134277344e+01,-1.597414684295654297e+01,-1.883789443969726562e+01,-1.834205818176269531e+01,-1.640772247314453125e+01,-1.529295921325683594e+01,-1.817030525207519531e+01,-1.814123153686523438e+01,-1.795099258422851562e+01,-1.905338859558105469e+01,-1.650879478454589844e+01,-2.129143524169921875e+01,-1.997811889648437500e+01,-2.038959503173828125e+01,-2.162884902954101562e+01,-1.673722457885742188e+01,-1.895882797241210938e+01,-1.777525901794433594e+01,-1.837677764892578125e+01,-1.837916946411132812e+01,-1.364762115478515625e+01,-1.253832244873046875e+01,-1.088437747955322266e+01,-1.617650985717773438e+01,-1.421387290954589844e+01,-1.101426887512207031e+01,-6.355598449707031250e+00,-6.579421520233154297e+00,-7.907836914062500000e+00,-1.105293846130371094e+01,-2.120347976684570312e+01,-2.704875564575195312e+01,-2.847249603271484375e+01,-2.846713638305664062e+01,-2.819803619384765625e+01,-2.427085113525390625e+01,-2.330125236511230469e+01,-2.498722267150878906e+01,-2.592741394042968750e+01,-2.426681518554687500e+01,-2.146380996704101562e+01,-2.013203430175781250e+01,-2.312217712402343750e+01,-2.789587783813476562e+01,-2.473574447631835938e+01,-2.654289817810058594e+01,-2.662786483764648438e+01,-2.619755935668945312e+01,-2.591468048095703125e+01,-2.998683547973632812e+01,-2.761333084106445312e+01,-2.849179840087890625e+01,-2.976414489746093750e+01,-2.290777969360351562e+01,-2.167230987548828125e+01,-2.107762908935546875e+01,-2.040035057067871094e+01,-2.135918045043945312e+01,-2.071214866638183594e+01,-2.194926452636718750e+01,-2.164894485473632812e+01,-2.090313339233398438e+01,-1.819547653198242188e+01,-2.193682289123535156e+01,-2.293055152893066406e+01,-2.155266952514648438e+01,-2.271150588989257812e+01,-1.984945297241210938e+01,-1.846304321289062500e+01,-1.739279365539550781e+01,-1.983821105957031250e+01,-1.681025695800781250e+01,-1.375661659240722656e+01,-1.823197937011718750e+01,-2.343626976013183594e+01,-2.234124946594238281e+01,-1.386088180541992188e+01,-1.289743041992187500e+01,-1.467920303344726562e+01,-1.410257530212402344e+01,-1.243299388885498047e+01,-1.722650337219238281e+01,-1.815328598022460938e+01,-1.870193862915039062e+01,-2.358809661865234375e+01,-2.777235221862792969e+01,-2.391991424560546875e+01,-2.015386581420898438e+01,-2.428925704956054688e+01,-2.542055511474609375e+01,-2.304833030700683594e+01,-2.259107589721679688e+01,-2.408770370483398438e+01,-2.022000885009765625e+01,-2.023603057861328125e+01,-1.598628330230712891e+01,-1.556460571289062500e+01,-1.537678718566894531e+01,-1.841964721679687500e+01,-1.774016571044921875e+01,-1.830828475952148438e+01,-1.552892875671386719e+01,-1.266484737396240234e+01,-1.249656867980957031e+01,-1.412726211547851562e+01,-1.559355163574218750e+01,-1.649773406982421875e+01,-1.720969009399414062e+01,-1.508500099182128906e+01,-1.425189971923828125e+01,-1.324015903472900391e+01,-1.714926147460937500e+01,-1.686951065063476562e+01,-1.696610450744628906e+01,-1.586532020568847656e+01,-1.686658668518066406e+01,-1.521562004089355469e+01,-1.571415901184082031e+01,-2.000949287414550781e+01,-1.831056976318359375e+01,-2.134841918945312500e+01,-2.136357688903808594e+01,-2.095470046997070312e+01,-1.648543930053710938e+01,-1.717149925231933594e+01,-1.615488052368164062e+01,-1.575097846984863281e+01,-1.406391143798828125e+01,-1.129526710510253906e+01,-1.013843727111816406e+01,-1.333295631408691406e+01,-1.562725830078125000e+01,-1.567994403839111328e+01,-1.751304626464843750e+01,-2.137693405151367188e+01,-2.432796478271484375e+01,-2.800689888000488281e+01,-3.193413162231445312e+01,-3.206276702880859375e+01,-3.273270416259765625e+01,-2.708436584472656250e+01,-1.852695274353027344e+01,-1.758959770202636719e+01,-1.512652015686035156e+01,-1.182541561126708984e+01,-1.393204116821289062e+01,-1.786866378784179688e+01,-2.019496917724609375e+01,-1.807405090332031250e+01,-1.541904544830322266e+01,-1.863672256469726562e+01,-2.040129089355468750e+01,-1.773785400390625000e+01,-1.959210777282714844e+01,-2.325492095947265625e+01,-1.773016357421875000e+01,-1.608485412597656250e+01,-1.701422119140625000e+01,-1.692032241821289062e+01,-1.761311721801757812e+01,-2.154428100585937500e+01,-2.178482055664062500e+01,-1.992138290405273438e+01,-6.861127853393554688e+00,-7.331956863403320312e+00,-1.269113636016845703e+01,-1.630860328674316406e+01,-1.798040580749511719e+01,-1.972388839721679688e+01,-2.442771148681640625e+01,-2.573171234130859375e+01,-2.400922393798828125e+01,-2.206672668457031250e+01,-1.937243080139160156e+01,-2.057071685791015625e+01,-1.712874221801757812e+01,-1.320900154113769531e+01,-1.480234909057617188e+01,-1.548128318786621094e+01,-1.332071399688720703e+01,-1.412086105346679688e+01,-1.953514480590820312e+01,-2.844063949584960938e+01,-3.356789398193359375e+01,-3.946565246582031250e+01,-3.067850875854492188e+01,-2.982256698608398438e+01,-2.649515724182128906e+01,-3.089553260803222656e+01,-4.095363235473632812e+01,-4.206542968750000000e+01,-3.601967620849609375e+01,-3.542977142333984375e+01,-4.247406005859375000e+01,-4.567473602294921875e+01,-4.448980712890625000e+01,-3.910672378540039062e+01,-3.059455871582031250e+01,-3.349826049804687500e+01,-3.754057312011718750e+01,-3.713637542724609375e+01,-4.069161987304687500e+01,-4.014579010009765625e+01,-3.895483398437500000e+01,-4.165625762939453125e+01,-3.640114212036132812e+01,-4.146405792236328125e+01,-4.391905975341796875e+01,-4.662264251708984375e+01,-4.605491638183593750e+01,-4.080332946777343750e+01,-3.695625686645507812e+01,-3.505098724365234375e+01,-2.894147300720214844e+01,-2.207400131225585938e+01,-1.652461242675781250e+01,-1.528621864318847656e+01,-1.913506126403808594e+01,-1.881447601318359375e+01,-1.669348907470703125e+01,-1.586275100708007812e+01,-1.372529697418212891e+01,-2.118497085571289062e+01,-2.412615966796875000e+01,-2.764439010620117188e+01,-2.879814529418945312e+01,-2.674433898925781250e+01,-2.449822235107421875e+01,-1.557765007019042969e+01,-1.676317596435546875e+01,-1.385356330871582031e+01,-1.857333755493164062e+01,-2.314701843261718750e+01,-2.900052261352539062e+01,-3.156120681762695312e+01,-2.446396255493164062e+01,-2.083011627197265625e+01,-2.658163452148437500e+01,-3.382237243652343750e+01,-3.403249359130859375e+01,-2.314543151855468750e+01,-1.124970054626464844e+01,-9.934700012207031250e+00,-1.146172523498535156e+01,-1.435101509094238281e+01,-1.955545425415039062e+01,-2.441091918945312500e+01,-2.610453414916992188e+01,-1.898570251464843750e+01,-2.661409759521484375e+01,-2.576244354248046875e+01,-2.334644317626953125e+01,-2.636974143981933594e+01,-3.134207153320312500e+01,-3.088078689575195312e+01,-2.785902023315429688e+01,-2.829828262329101562e+01,-2.130446243286132812e+01,-2.054162216186523438e+01,-2.452676582336425781e+01,-2.057308197021484375e+01,-1.878261947631835938e+01,-1.882453346252441406e+01,-1.827763557434082031e+01,-1.976340103149414062e+01,-1.526729488372802734e+01,-9.297228813171386719e+00,-8.233454704284667969e+00,-7.871188640594482422e+00,-1.018440532684326172e+01,-1.321496582031250000e+01,-1.343825244903564453e+01,-1.894384193420410156e+01,-2.240734481811523438e+01,-2.083505439758300781e+01,-1.834304428100585938e+01,-2.216486358642578125e+01,-2.216164588928222656e+01,-1.647850608825683594e+01,-1.331616210937500000e+01,-9.201715469360351562e+00,-6.537634849548339844e+00,-1.137123203277587891e+01,-1.786229133605957031e+01,-2.872779083251953125e+01,-3.510588073730468750e+01,-3.601707077026367188e+01,-2.754858016967773438e+01,-1.714712905883789062e+01,-1.671741485595703125e+01,-1.320001792907714844e+01,-9.873104095458984375e+00,-6.155000686645507812e+00,-7.737178325653076172e+00,-8.331419944763183594e+00,-1.099116897583007812e+01,-1.698426818847656250e+01,-1.599897575378417969e+01,-1.374419784545898438e+01,-1.684914398193359375e+01,-2.351903533935546875e+01,-2.884446144104003906e+01,-1.938734436035156250e+01,-1.653894615173339844e+01,-1.969886589050292969e+01,-2.057011413574218750e+01,-1.702577209472656250e+01,-1.068281841278076172e+01,-9.558073043823242188e+00,-9.566783905029296875e+00,-1.723525428771972656e+01,-2.465825271606445312e+01,-2.843530654907226562e+01,-3.230471038818359375e+01,-3.108107376098632812e+01,-3.109990501403808594e+01,-2.448156738281250000e+01,-2.588908767700195312e+01,-2.616876602172851562e+01,-2.037567710876464844e+01,-1.804049301147460938e+01,-1.846507835388183594e+01,-1.516814422607421875e+01,-9.061849594116210938e+00,-1.404279804229736328e+01,-1.425289726257324219e+01,-1.196859550476074219e+01,-1.141669082641601562e+01,-1.768834304809570312e+01,-2.361824226379394531e+01,-2.596781349182128906e+01,-2.863602447509765625e+01,-2.526167678833007812e+01,-2.530936813354492188e+01,-2.483393669128417969e+01,-2.263805007934570312e+01,-2.390448760986328125e+01,-2.229955673217773438e+01,-2.045943641662597656e+01,-2.005394172668457031e+01,-2.008214569091796875e+01,-2.224721908569335938e+01,-2.096937561035156250e+01,-2.285446548461914062e+01,-2.379626083374023438e+01,-2.183026885986328125e+01,-2.009070587158203125e+01,-1.888403129577636719e+01,-1.316594982147216797e+01,-1.555781555175781250e+01,-2.306468963623046875e+01,-2.530958557128906250e+01,-2.216524887084960938e+01,-2.424309921264648438e+01,-2.150243949890136719e+01,-1.328380393981933594e+01,-8.176446914672851562e+00,-1.246696090698242188e+01,-1.833401298522949219e+01,-2.245070838928222656e+01,-2.228052520751953125e+01,-1.534118080139160156e+01,-1.167395019531250000e+01,-1.098128700256347656e+01,-8.791006088256835938e+00,-1.545992565155029297e+01,-2.185104560852050781e+01,-1.496226692199707031e+01,-1.057318878173828125e+01,-1.009872055053710938e+01,-4.620605945587158203e+00,-5.916461944580078125e+00,-1.027299690246582031e+01,-1.174489307403564453e+01,-1.263161659240722656e+01,-1.533610534667968750e+01,-1.631790542602539062e+01,-1.693487167358398438e+01,-3.119449615478515625e+01,-3.680815887451171875e+01,-2.871561050415039062e+01,-1.845795249938964844e+01,-1.678037071228027344e+01,-1.648796844482421875e+01,-1.221202850341796875e+01,-1.108508682250976562e+01,-7.549746513366699219e+00,-8.137923240661621094e+00,-1.237757301330566406e+01,-1.583957481384277344e+01,-2.116609001159667969e+01,-2.446017837524414062e+01,-2.518419265747070312e+01,-2.017469787597656250e+01,-1.407486915588378906e+01,-2.385014343261718750e+01,-3.555201721191406250e+01,-3.469079971313476562e+01,-3.146027565002441406e+01,-2.338369750976562500e+01,-1.596784591674804688e+01,-1.819275665283203125e+01,-2.062411880493164062e+01,-1.115701580047607422e+01,-9.593614578247070312e+00,-9.441503524780273438e+00,-1.122919178009033203e+01,-1.141433143615722656e+01,-1.258316802978515625e+01,-1.453474140167236328e+01,-1.636546707153320312e+01,-1.395068168640136719e+01,-1.320405387878417969e+01,-1.493371963500976562e+01,-1.645447731018066406e+01,-1.214977645874023438e+01,-9.731700897216796875e+00,-1.198991012573242188e+01,-1.654412078857421875e+01,-1.660467147827148438e+01,-1.493967247009277344e+01,-9.069637298583984375e+00,-9.790252685546875000e+00,-1.583665466308593750e+01,-1.198463153839111328e+01,-7.708558082580566406e+00,-5.699362754821777344e+00,-9.679898262023925781e+00,-1.516620349884033203e+01,-1.253161239624023438e+01,-6.588112831115722656e+00,-5.372935295104980469e+00,-8.014288902282714844e+00,-1.183154106140136719e+01,-1.824613761901855469e+01,-1.261917781829833984e+01,-4.465893745422363281e+00,-3.577589988708496094e-01,4.308302879333496094e+00,6.408662796020507812e+00,-2.054700374603271484e+00,-1.263445663452148438e+01,-1.506222343444824219e+01,-1.182188224792480469e+01,-1.329636192321777344e+01,-1.744028282165527344e+01,-2.500897598266601562e+01,-3.581404113769531250e+01,-4.599306488037109375e+01,-4.515859603881835938e+01,-4.358173370361328125e+01,-4.531043243408203125e+01,-4.340150451660156250e+01,-3.349127197265625000e+01,-3.125632858276367188e+01,-2.645946121215820312e+01,-1.483353137969970703e+01,-1.032484054565429688e+01,-8.145163536071777344e+00,-1.176965332031250000e+01,-2.126159095764160156e+01,-2.931754875183105469e+01,-2.561436080932617188e+01,-2.671170043945312500e+01,-2.622010421752929688e+01,-2.107915306091308594e+01,-2.249534606933593750e+01,-2.216831970214843750e+01,-2.226332855224609375e+01,-1.905216598510742188e+01,-1.982347106933593750e+01,-2.448947143554687500e+01,-2.550609207153320312e+01,-2.572988319396972656e+01,-2.397653961181640625e+01,-2.794816589355468750e+01,-3.647193145751953125e+01,-4.244933319091796875e+01,-3.533985137939453125e+01,-2.707260513305664062e+01,-1.672463417053222656e+01,-1.385753536224365234e+01,-1.761251831054687500e+01,-2.331958007812500000e+01,-2.399937438964843750e+01,-1.639772033691406250e+01,-1.600403594970703125e+01,-1.853710365295410156e+01,-1.765735054016113281e+01,-1.264106178283691406e+01,-8.495274543762207031e+00,-1.236233234405517578e+01,-1.133932971954345703e+01,-7.038774967193603516e+00,-7.496091842651367188e+00,-8.090958595275878906e+00,-1.308882808685302734e+01,-1.138116931915283203e+01,-1.553739070892333984e+01,-1.686212348937988281e+01,-1.853485679626464844e+01,-2.069362258911132812e+01,-1.251012039184570312e+01,-9.786985397338867188e+00,-1.242304420471191406e+01,-1.848395156860351562e+01,-1.577396965026855469e+01,-1.225363731384277344e+01,-1.032426452636718750e+01,-6.501215934753417969e+00,-1.151354980468750000e+01,-1.683924865722656250e+01,-1.712069702148437500e+01,-1.681798934936523438e+01,-1.820992660522460938e+01,-1.567341613769531250e+01,-1.622737121582031250e+01,-1.727697944641113281e+01,-1.634701919555664062e+01,-1.270252418518066406e+01,-1.660653305053710938e+01,-1.759823608398437500e+01,-1.895743179321289062e+01,-1.392881774902343750e+01,-1.766477394104003906e+01,-2.543580627441406250e+01,-2.589064598083496094e+01,-2.590950393676757812e+01,-1.616518783569335938e+01,-1.365047550201416016e+01,-2.484010124206542969e+01,-2.716584396362304688e+01,-2.675758171081542969e+01,-2.218499374389648438e+01,-2.160481834411621094e+01,-2.552170181274414062e+01,-1.644191741943359375e+01,-1.043387985229492188e+01,-1.048016166687011719e+01,-9.654871940612792969e+00,-8.919069290161132812e+00,-1.297543239593505859e+01,-1.772827911376953125e+01,-1.556664180755615234e+01,-1.574699974060058594e+01,-1.764035415649414062e+01,-2.163803100585937500e+01,-2.513781356811523438e+01,-2.119802093505859375e+01,-1.678090667724609375e+01,-1.726446151733398438e+01,-1.538327407836914062e+01,-1.473873901367187500e+01,-2.061983680725097656e+01,-2.963752555847167969e+01,-3.694461059570312500e+01,-3.402361679077148438e+01,-2.405428886413574219e+01,-1.470082283020019531e+01,-6.857388019561767578e+00,-4.874195098876953125e+00,-1.266340637207031250e+01,-1.699460601806640625e+01,-1.725942993164062500e+01,-1.592634582519531250e+01,-1.467674255371093750e+01,-1.681261444091796875e+01,-1.542438220977783203e+01,-1.602203178405761719e+01,-1.869353675842285156e+01,-1.873526382446289062e+01,-2.576782798767089844e+01,-2.898885917663574219e+01,-2.522518920898437500e+01,-2.036870193481445312e+01,-1.908850860595703125e+01,-2.050108337402343750e+01,-1.829808998107910156e+01,-1.738057708740234375e+01,-1.642976760864257812e+01,-1.739809036254882812e+01,-1.792482185363769531e+01,-1.900387954711914062e+01,-1.870213317871093750e+01,-1.440483093261718750e+01,-7.870163917541503906e+00,-1.206316280364990234e+01,-1.289380264282226562e+01,-9.308256149291992188e+00,-1.036156845092773438e+01,-9.511228561401367188e+00,-5.306654930114746094e+00,-3.359292745590209961e+00,-7.233059883117675781e+00,-1.166355705261230469e+01,-1.470279026031494141e+01,-1.163314056396484375e+01,-1.755018615722656250e+01,-2.303923225402832031e+01,-1.902024078369140625e+01,-1.837859344482421875e+01,-1.594329071044921875e+01,-2.025972747802734375e+01,-2.096593284606933594e+01,-1.617084884643554688e+01,-1.526766395568847656e+01,-1.856143760681152344e+01,-2.273596954345703125e+01,-2.422009277343750000e+01,-2.077131271362304688e+01,-1.593327331542968750e+01,-1.415427780151367188e+01,-1.997075080871582031e+01,-2.181386566162109375e+01,-1.461829662322998047e+01,-1.261084747314453125e+01,-1.240184593200683594e+01,-1.529083156585693359e+01,-1.310049629211425781e+01,-1.373156929016113281e+01,-6.145709037780761719e+00,-9.952035903930664062e+00,-1.883633995056152344e+01,-2.667110633850097656e+01,-2.738007926940917969e+01,-2.537008857727050781e+01,-3.070386505126953125e+01,-3.097887802124023438e+01,-3.085993957519531250e+01,-2.683350944519042969e+01,-2.305512046813964844e+01,-2.134082412719726562e+01,-2.157613754272460938e+01,-2.128574371337890625e+01,-2.640394210815429688e+01,-2.213013076782226562e+01,-1.271261024475097656e+01,-1.280235481262207031e+01,-1.742144012451171875e+01,-1.942294883728027344e+01,-2.225351715087890625e+01,-2.437841033935546875e+01,-1.947591590881347656e+01,-1.843710708618164062e+01,-1.228818893432617188e+01,-9.783437728881835938e+00,-4.681010723114013672e+00,-3.630522727966308594e+00,-6.270361900329589844e+00,-2.852103471755981445e+00,4.401474475860595703e+00,1.519850730895996094e+00,-1.155239868164062500e+01,-1.443654441833496094e+01,-1.058273696899414062e+01,-1.259417152404785156e+01,-1.287181377410888672e+01,-1.777959442138671875e+01,-2.245120620727539062e+01,-2.558695602416992188e+01,-2.592912101745605469e+01,-2.130405044555664062e+01,-2.703697204589843750e+01,-2.991494369506835938e+01,-3.081469345092773438e+01,-3.488909149169921875e+01,-4.399488067626953125e+01,-4.876893997192382812e+01,-5.299550628662109375e+01,-5.216989898681640625e+01,-5.112712860107421875e+01,-5.232831573486328125e+01,-4.839577102661132812e+01,-3.656241607666015625e+01,-3.094740295410156250e+01,-2.665837097167968750e+01,-2.194865226745605469e+01,-3.169960784912109375e+01,-3.826346588134765625e+01,-3.366526794433593750e+01,-2.927141952514648438e+01,-3.074942016601562500e+01,-2.809210205078125000e+01,-2.839704895019531250e+01,-3.536695098876953125e+01,-3.436804580688476562e+01,-2.317711448669433594e+01,-1.500426673889160156e+01,-1.610001182556152344e+01,-1.630178833007812500e+01,-1.257660293579101562e+01,-1.346978378295898438e+01,-1.192640209197998047e+01,-1.592866516113281250e+01,-1.960811614990234375e+01,-2.248402786254882812e+01,-2.197689056396484375e+01,-1.762423515319824219e+01,-1.941349792480468750e+01,-1.734176445007324219e+01,-1.841651153564453125e+01,-1.627896499633789062e+01,-1.511478996276855469e+01,-1.834590339660644531e+01,-1.116315555572509766e+01,-1.073480224609375000e+01,-1.078477859497070312e+01,-1.153544425964355469e+01,-1.762161445617675781e+01,-1.949773406982421875e+01,-2.032441711425781250e+01,-1.735063934326171875e+01,-2.057081413269042969e+01,-2.447977638244628906e+01,-2.268480682373046875e+01,-2.252912902832031250e+01,-2.438079833984375000e+01,-2.326246261596679688e+01,-1.911351966857910156e+01,-2.282493591308593750e+01,-2.533235168457031250e+01,-1.508448028564453125e+01,-5.556236267089843750e+00,-8.868839263916015625e+00,-1.801115036010742188e+01,-2.599620437622070312e+01,-2.121416091918945312e+01,-2.034812355041503906e+01,-1.733339309692382812e+01,-1.200892066955566406e+01,-1.389690208435058594e+01,-1.968388557434082031e+01,-1.828755187988281250e+01,-1.267868804931640625e+01,-1.337563991546630859e+01,-1.272138977050781250e+01,-1.466222000122070312e+01,-1.733842468261718750e+01,-2.092138290405273438e+01,-1.940437316894531250e+01,-1.428447437286376953e+01,-1.924041938781738281e+01,-2.213895416259765625e+01,-2.482354164123535156e+01,-2.105816650390625000e+01,-1.890122413635253906e+01,-1.972601699829101562e+01,-2.258177185058593750e+01,-2.127238464355468750e+01,-1.395683002471923828e+01,-1.033544731140136719e+01,-1.337994384765625000e+01,-1.313552761077880859e+01,-8.665694236755371094e+00,-9.756185531616210938e+00,-6.734683990478515625e+00,-3.199011802673339844e+00,-5.980466842651367188e+00,-9.565734863281250000e+00,-1.051210021972656250e+01,-1.085480308532714844e+01,-1.494330596923828125e+01,-1.265917015075683594e+01,-9.106590270996093750e+00,-1.506166553497314453e+01,-1.840870285034179688e+01,-1.457602691650390625e+01,-1.270237827301025391e+01,-1.142656517028808594e+01,-9.373874664306640625e+00,-7.617127418518066406e+00,-5.817905902862548828e+00,-1.299744701385498047e+01,-1.800452041625976562e+01,-2.044470214843750000e+01,-2.121000099182128906e+01,-2.852212905883789062e+01,-2.796903038024902344e+01,-2.695446395874023438e+01,-2.669254875183105469e+01,-2.651883316040039062e+01,-3.414569091796875000e+01,-3.184017944335937500e+01,-3.152855300903320312e+01,-3.797727966308593750e+01,-3.904901504516601562e+01,-2.973529434204101562e+01,-2.236156845092773438e+01,-2.439400482177734375e+01,-2.447139930725097656e+01,-1.773368072509765625e+01,-1.283814620971679688e+01,5.643358826637268066e-02,3.550105333328247070e+00,3.466564893722534180e+00,1.294492244720458984e+01,1.303088951110839844e+01,1.062605094909667969e+01,1.460963344573974609e+01,1.969425201416015625e+01,1.672820472717285156e+01,1.815309524536132812e+01,1.223592472076416016e+01,5.161109447479248047e+00,4.777307510375976562e+00,1.151108518242835999e-01,-5.075340270996093750e+00,-1.632598304748535156e+01,-1.756009674072265625e+01,-1.676072311401367188e+01,-1.632088470458984375e+01,-1.811471176147460938e+01,-2.155965042114257812e+01,-2.005445098876953125e+01,-1.310437393188476562e+01,-9.020425796508789062e+00,-7.493365287780761719e+00,-6.297926425933837891e+00,-5.788039207458496094e+00,-6.286813735961914062e+00,-1.318691444396972656e+01,-1.284290885925292969e+01,-1.203242206573486328e+01,-1.160980224609375000e+01,-1.831715774536132812e+01,-2.162538909912109375e+01,-2.305927276611328125e+01,-2.470101165771484375e+01,-2.144805145263671875e+01,-1.992032051086425781e+01,-2.379724502563476562e+01,-1.948819351196289062e+01,-1.361325263977050781e+01,-1.619893264770507812e+01,-1.514904785156250000e+01,-1.274188995361328125e+01,-1.315540981292724609e+01,-1.555269432067871094e+01,-1.600214767456054688e+01,-1.351445960998535156e+01,-1.168042659759521484e+01,-1.060356807708740234e+01,-1.019880962371826172e+01,-1.256223011016845703e+01,-1.406317710876464844e+01,-1.539154529571533203e+01,-1.694834136962890625e+01,-1.803778839111328125e+01,-1.233374214172363281e+01,-1.472395610809326172e+01,-1.607380485534667969e+01,-6.362796306610107422e+00,-8.268938064575195312e+00,-1.328636550903320312e+01,-1.158360099792480469e+01,-1.013785552978515625e+01,-1.126686286926269531e+01,-1.243821716308593750e+01,-8.911877632141113281e+00,-1.173664855957031250e+01,-1.242663097381591797e+01,-7.868330001831054688e+00,-3.936105728149414062e+00,-7.129429817199707031e+00,-1.325301361083984375e+01,-1.397540283203125000e+01,-1.540007400512695312e+01,-1.726590538024902344e+01,-1.546590518951416016e+01,-7.425223350524902344e+00,-3.577834606170654297e+00,-7.758304595947265625e+00,-1.282103538513183594e+01,-1.456318283081054688e+01,-1.788348388671875000e+01,-2.347574234008789062e+01,-2.277756118774414062e+01,-2.847641372680664062e+01,-2.392467498779296875e+01,-1.725858688354492188e+01,-1.569322586059570312e+01,-2.078429031372070312e+01,-2.778072166442871094e+01,-2.461929512023925781e+01,-2.469521331787109375e+01,-2.358866882324218750e+01,-2.234893417358398438e+01,-2.521806144714355469e+01,-2.070775985717773438e+01,-1.008427619934082031e+01,-7.489113807678222656e-01,2.180688619613647461e+00,4.811052680015563965e-01,-1.608365774154663086e-01,-1.081102013587951660e+00,-5.292977333068847656e+00,-6.057239532470703125e+00,-8.726664543151855469e+00,-1.333430671691894531e+01,-1.756332778930664062e+01,-2.075395774841308594e+01,-2.058451843261718750e+01,-1.548423004150390625e+01,-1.273168373107910156e+01,-1.441492652893066406e+01,-1.846113967895507812e+01,-2.136364555358886719e+01,-1.373852825164794922e+01,-2.464482307434082031e+00,2.507075548171997070e+00,1.067207217216491699e+00,1.401755571365356445e+00,-7.249525070190429688e+00,-1.215510177612304688e+01,-1.696657943725585938e+01,-1.531892490386962891e+01,-8.451406478881835938e+00,-1.070677375793457031e+01,-1.442194271087646484e+01,-2.170738029479980469e+01,-1.925914955139160156e+01,-1.865176582336425781e+01,-2.431438446044921875e+01,-3.580358123779296875e+01,-2.700410461425781250e+01,-1.228435516357421875e+01,-2.770437240600585938e+00,-8.298072814941406250e+00,-1.133597755432128906e+01,-1.732318687438964844e+01,-1.780291175842285156e+01,-1.838186264038085938e+01,-1.992319107055664062e+01,-1.662043571472167969e+01,-1.933037948608398438e+01,-2.264476013183593750e+01,-2.565203857421875000e+01,-2.841222000122070312e+01,-3.168328475952148438e+01,-2.979665756225585938e+01,-2.945092773437500000e+01,-2.776858329772949219e+01,-2.649244880676269531e+01,-2.141698646545410156e+01,-1.405098056793212891e+01,-1.987829971313476562e+01,-2.371478271484375000e+01,-2.640712738037109375e+01,-2.667809677124023438e+01,-1.786991882324218750e+01,-1.462223434448242188e+01,-1.922228622436523438e+01,-2.415365219116210938e+01,-1.478602790832519531e+01,-1.243325233459472656e+01,-1.489149284362792969e+01,-2.061405563354492188e+01,-2.140574264526367188e+01,-1.569492721557617188e+01,-1.100823497772216797e+01,-1.063119220733642578e+01,-1.417907714843750000e+01,-1.007212638854980469e+01,-7.117670059204101562e+00,-9.664834976196289062e+00,-1.226315307617187500e+01,-1.101750373840332031e+01,-1.496199226379394531e+01,-1.603690147399902344e+01,-1.363771820068359375e+01,-1.584190750122070312e+01,-1.717939758300781250e+01,-1.236046218872070312e+01,-8.769422531127929688e+00,-7.296757698059082031e+00,-7.342807292938232422e+00,-9.690469741821289062e+00,-1.502417182922363281e+01,-1.390357017517089844e+01,-1.559252929687500000e+01,-1.362699317932128906e+01,-1.248038578033447266e+01,-1.590206909179687500e+01,-1.642370986938476562e+01,-1.783980369567871094e+01,-1.320626640319824219e+01,-1.351260566711425781e+01,-2.073130035400390625e+01,-2.393937492370605469e+01,-2.424839782714843750e+01,-2.246412849426269531e+01,-2.234228134155273438e+01,-2.106704330444335938e+01,-1.913221740722656250e+01,-1.410045433044433594e+01,-1.433294868469238281e+01,-1.589925479888916016e+01,-1.183231735229492188e+01,-1.130533790588378906e+01,-3.367346048355102539e+00,-7.033766269683837891e+00,-2.439363098144531250e+01,-2.623529815673828125e+01,-1.229198741912841797e+01,-2.231619834899902344e+00,2.114919662475585938e+00,6.557944416999816895e-01,-5.276669979095458984e+00,-8.987133026123046875e+00,-1.230585098266601562e+01,-1.124604320526123047e+01,-1.384996032714843750e+01,-1.601756668090820312e+01,-1.610891914367675781e+01,-1.629292678833007812e+01,-1.867292785644531250e+01,-2.242760086059570312e+01,-1.940475463867187500e+01,-1.043288230895996094e+01,-9.082471847534179688e+00,-1.586483955383300781e+01,-1.238005352020263672e+01,-6.250378608703613281e+00,-6.297728538513183594e+00,-9.138448715209960938e+00,-1.396170234680175781e+01,-1.289601612091064453e+01,-1.221894836425781250e+01,-1.271430587768554688e+01,-1.366759204864501953e+01,-1.494028377532958984e+01,-1.832035827636718750e+01,-1.546909141540527344e+01,-1.494855403900146484e+01,-1.611256027221679688e+01,-1.619240188598632812e+01,-1.544620895385742188e+01,-1.588572788238525391e+01,-1.637396240234375000e+01,-1.824313163757324219e+01,-1.649401664733886719e+01,-1.634470558166503906e+01,-1.766578674316406250e+01,-1.797321510314941406e+01,-1.695805740356445312e+01,-1.938392639160156250e+01,-1.810538291931152344e+01,-2.055813789367675781e+01,-1.994635963439941406e+01,-1.408406257629394531e+01,-1.510006427764892578e+01,-1.232595825195312500e+01,-7.977580070495605469e+00,-1.283034324645996094e+01,-1.507773399353027344e+01,-1.460929298400878906e+01,-1.092228698730468750e+01,-1.118116760253906250e+01,-1.453610897064208984e+01,-2.246721839904785156e+01,-2.254347991943359375e+01,-1.968007659912109375e+01,-1.330727005004882812e+01,-1.285955238342285156e+01,-1.499857044219970703e+01,-1.527770423889160156e+01,-1.542682170867919922e+01,-1.742590904235839844e+01,-1.811731910705566406e+01,-1.412202453613281250e+01,-1.166240501403808594e+01,-1.228345680236816406e+01,-1.062711048126220703e+01,-1.197561645507812500e+01,-6.197402477264404297e+00,-1.257771682739257812e+01,-1.958819961547851562e+01,-2.159656333923339844e+01,-3.344852828979492188e+01,-3.787288665771484375e+01,-3.866015625000000000e+01,-3.493217086791992188e+01,-3.186170005798339844e+01,-3.494922637939453125e+01,-3.817389678955078125e+01,-3.477672576904296875e+01,-3.398420333862304688e+01,-3.395515441894531250e+01,-3.093044662475585938e+01,-2.646454620361328125e+01,-2.927424430847167969e+01,-2.554006958007812500e+01,-1.907255935668945312e+01,-8.551636695861816406e+00,-1.711407899856567383e+00,-5.373584270477294922e+00,-8.672306060791015625e+00,-6.622380256652832031e+00,1.111336946487426758e-01,3.164754390716552734e+00,-6.444384574890136719e+00,-1.664930725097656250e+01,-1.547689056396484375e+01,-1.229715538024902344e+01,-8.051626205444335938e+00,-8.256204605102539062e+00,-1.041638183593750000e+01,-1.327167701721191406e+01,-1.769833374023437500e+01,-2.510400390625000000e+01,-2.706491088867187500e+01,-2.501270675659179688e+01,-2.109184265136718750e+01,-1.797931480407714844e+01,-1.647534942626953125e+01,-1.238349533081054688e+01,2.674758434295654297e-03,6.712579727172851562e+00,6.610013008117675781e+00,1.234062671661376953e+00,-1.711961269378662109e+00,-4.460489749908447266e+00,-4.286131858825683594e+00,-4.602178573608398438e+00,-7.235593318939208984e+00,-1.012854862213134766e+01,-1.488414573669433594e+01,-1.846679306030273438e+01,-1.889367675781250000e+01,-1.246360015869140625e+01,-1.151017379760742188e+01,-9.260087966918945312e+00,-1.556252765655517578e+01,-1.612995719909667969e+01,-1.079121208190917969e+01,-2.013293075561523438e+01,-2.521192932128906250e+01,-2.419146728515625000e+01,-2.453981018066406250e+01,-2.811904144287109375e+01,-3.055806922912597656e+01,-2.952292442321777344e+01,-3.529439163208007812e+01,-3.547406005859375000e+01,-3.586939620971679688e+01,-3.561539840698242188e+01,-3.607464599609375000e+01,-3.419346618652343750e+01,-3.010234832763671875e+01,-2.487247848510742188e+01,-1.986723709106445312e+01,-2.036881065368652344e+01,-2.237905502319335938e+01,-2.394898223876953125e+01,-2.478327178955078125e+01,-2.146949577331542969e+01,-2.278956985473632812e+01,-2.411074829101562500e+01,-2.380738639831542969e+01,-2.601194000244140625e+01,-2.741033172607421875e+01,-2.344507408142089844e+01,-2.699855041503906250e+01,-2.696988677978515625e+01,-2.968420028686523438e+01,-3.509369659423828125e+01,-3.254138183593750000e+01,-2.424259567260742188e+01,-1.414697074890136719e+01,-7.718213081359863281e+00,-5.000904083251953125e+00,-7.770708799362182617e-01,3.907086849212646484e+00,-2.423366606235504150e-01,-3.065973043441772461e+00,-8.317819595336914062e+00,-9.647012710571289062e+00,-1.565902709960937500e+01,-1.856526565551757812e+01,-1.510536766052246094e+01,-9.338474273681640625e+00,-8.380556106567382812e+00,-2.382352590560913086e+00,2.156581282615661621e-01,-3.568473815917968750e+00,-6.580413818359375000e+00,-7.618485450744628906e+00,-9.844874382019042969e+00,-1.392802524566650391e+01,-8.288810729980468750e+00,-7.074790000915527344e+00,-7.181514739990234375e+00,-5.664299011230468750e+00,-9.247041702270507812e+00,-9.851625442504882812e+00,-9.279930114746093750e+00,-1.489818286895751953e+01,-1.799078941345214844e+01,-1.634852218627929688e+01,-1.582107543945312500e+01,-1.667191314697265625e+01,-1.364746761322021484e+01,-2.294559860229492188e+01,-3.477946472167968750e+01,-3.938735961914062500e+01,-4.134975433349609375e+01,-4.151012802124023438e+01,-2.785328292846679688e+01,-2.121604919433593750e+01,-1.651145935058593750e+01,-2.010208129882812500e+01,-2.989451599121093750e+01,-3.648867034912109375e+01,-3.765985870361328125e+01,-3.417015838623046875e+01,-2.783904647827148438e+01,-3.210336685180664062e+01,-3.833772277832031250e+01,-3.859494018554687500e+01,-3.144847488403320312e+01,-2.572958374023437500e+01,-2.705974960327148438e+01,-2.075562095642089844e+01,-1.805208015441894531e+01,-1.805393409729003906e+01,-1.348741054534912109e+01,-1.595856285095214844e+01,-3.108632087707519531e+01,-3.531398010253906250e+01,-2.716691398620605469e+01,-2.025556755065917969e+01,-1.746462631225585938e+01,-1.338249778747558594e+01,-1.022615051269531250e+01,-1.604855346679687500e+01,-2.563903427124023438e+01,-3.150163078308105469e+01,-2.800484657287597656e+01,-2.329003906250000000e+01,-1.779681015014648438e+01,-1.464097499847412109e+01,-9.402463912963867188e+00,-8.368997573852539062e+00,-1.153051948547363281e+01,-1.261304759979248047e+01,-1.340943717956542969e+01,-7.704776763916015625e+00,-5.902688026428222656e+00,-9.204961776733398438e+00,-1.045256996154785156e+01,-1.319057083129882812e+01,-1.232089996337890625e+01,-9.135940551757812500e+00,-9.293840408325195312e+00,-1.311815547943115234e+01,-6.772217273712158203e+00,-6.418324470520019531e+00,-1.080401802062988281e+01,-1.100390434265136719e+01,-9.353342056274414062e+00,-8.304628372192382812e+00,-1.076312065124511719e+01,-1.309474468231201172e+01,-1.162879657745361328e+01,-9.531808853149414062e+00,-9.141788482666015625e+00,-1.159555244445800781e+01,-8.787850379943847656e+00,-7.406744956970214844e+00,-8.310283660888671875e+00,-6.512209892272949219e+00,-1.075257492065429688e+01,-1.741808176040649414e+00,2.837651371955871582e-01,-4.106654644012451172e+00,-9.407638549804687500e+00,-1.443056011199951172e+01,-1.980175209045410156e+01,-2.125380325317382812e+01,-2.790544509887695312e+01,-2.966268539428710938e+01,-2.494957733154296875e+01,-2.364659881591796875e+01,-2.271327209472656250e+01,-1.889176940917968750e+01,-1.855673599243164062e+01,-1.793280029296875000e+01,-2.113623428344726562e+01,-2.608935546875000000e+01,-2.285290527343750000e+01,-1.517695808410644531e+01,-9.541902542114257812e+00,-1.375874519348144531e+01,-1.248400592803955078e+01,-3.219245195388793945e+00,8.377150893211364746e-01,1.031744575500488281e+01,1.465885639190673828e+01,8.546302795410156250e+00,-5.667540431022644043e-01,-8.365951538085937500e+00,-9.711228370666503906e+00,-1.289496994018554688e+01,-1.469624137878417969e+01,-1.807097244262695312e+01,-2.479561996459960938e+01,-2.441564559936523438e+01,-2.035418128967285156e+01,-1.879421806335449219e+01,-1.536499977111816406e+01,-8.960111618041992188e+00,-1.150208663940429688e+01,-1.159597969055175781e+01,-1.138852691650390625e+01,-1.398713302612304688e+01,-1.443730831146240234e+01,-9.702275276184082031e+00,-5.928718090057373047e+00,-1.388074493408203125e+01,-1.157028388977050781e+01,-1.129605484008789062e+01,-1.348431777954101562e+01,-1.581106185913085938e+01,-1.485034942626953125e+01,-1.478561210632324219e+01,-2.116164016723632812e+01,-2.235593605041503906e+01,-2.195461654663085938e+01,-2.581087875366210938e+01,-2.981510925292968750e+01,-2.903572845458984375e+01,-2.753434371948242188e+01,-2.353017616271972656e+01,-2.229357910156250000e+01,-2.265554046630859375e+01,-2.044866180419921875e+01,-1.556096744537353516e+01,-1.839693450927734375e+01,-2.213810729980468750e+01,-1.531335163116455078e+01,-1.832143783569335938e+01,-2.177934265136718750e+01,-2.228212928771972656e+01,-2.297542953491210938e+01,-2.193768692016601562e+01,-1.817226219177246094e+01,-1.963115310668945312e+01,-1.848960494995117188e+01,-1.408426856994628906e+01,-1.789401626586914062e+01,-2.683812713623046875e+01,-2.866461372375488281e+01,-2.742066955566406250e+01,-3.214313507080078125e+01,-3.215216445922851562e+01,-2.817467308044433594e+01,-3.053366661071777344e+01,-3.290036773681640625e+01,-3.095082092285156250e+01,-2.956311798095703125e+01,-2.590879821777343750e+01,-2.964057922363281250e+01,-3.328991699218750000e+01,-3.381308746337890625e+01,-2.567435646057128906e+01,-2.299852371215820312e+01,-3.072471809387207031e+01,-3.555442047119140625e+01,-2.901802062988281250e+01,-2.654745864868164062e+01,-2.778919029235839844e+01,-2.826266860961914062e+01,-2.912210083007812500e+01,-2.154352569580078125e+01,-1.548166656494140625e+01,-1.143213844299316406e+01,-8.201631546020507812e+00,-1.153712940216064453e+01,-9.464510917663574219e+00,-6.258596420288085938e+00,-7.732753753662109375e+00,-6.938639640808105469e+00,-1.255734252929687500e+01,-6.601526260375976562e+00,-8.994834899902343750e+00,-8.643184661865234375e+00,-1.002111053466796875e+01,-1.323812294006347656e+01,-1.185111618041992188e+01,-1.074273300170898438e+01,-1.284511375427246094e+01,-1.656122589111328125e+01,-2.169213867187500000e+01,-3.173091125488281250e+01,-2.774568176269531250e+01,-2.678304290771484375e+01,-2.899272918701171875e+01,-2.246008491516113281e+01,-1.674437332153320312e+01,-1.325206565856933594e+01,-9.075637817382812500e+00,-5.004608154296875000e+00,-6.776651382446289062e+00,-9.644440650939941406e+00,-1.470693016052246094e+01,-1.389931583404541016e+01,-7.583853721618652344e+00,-1.295148468017578125e+01,-1.598747539520263672e+01,-1.338307952880859375e+01,-1.436973762512207031e+01,-7.790205955505371094e+00,-8.881698608398437500e+00,-1.599586868286132812e+01,-2.368999481201171875e+01,-1.981659126281738281e+01,-1.958843040466308594e+01,-1.573221111297607422e+01,-1.717989730834960938e+01,-2.462633132934570312e+01,-3.172765731811523438e+01,-3.771690368652343750e+01,-3.415565490722656250e+01,-3.339907836914062500e+01,-3.390583419799804688e+01,-3.747949218750000000e+01,-3.126795768737792969e+01,-1.998091888427734375e+01,-1.656156158447265625e+01,-2.515676307678222656e+01,-2.707384109497070312e+01,-2.441589736938476562e+01,-1.861915588378906250e+01,-1.332951736450195312e+01,-1.142661666870117188e+01,-1.292528247833251953e+01,-1.246135520935058594e+01,-1.182741165161132812e+01,-1.392965888977050781e+01,-1.579013538360595703e+01,-1.068207550048828125e+01,-1.480077362060546875e+01,-2.086718368530273438e+01,-2.123712539672851562e+01,-2.392437744140625000e+01,-2.514258003234863281e+01,-1.889731597900390625e+01,-1.709426498413085938e+01,-2.004631996154785156e+01,-3.766329193115234375e+01,-4.462177276611328125e+01,-4.137773513793945312e+01,-3.464796447753906250e+01,-2.374961471557617188e+01,-2.131746482849121094e+01,-2.397607612609863281e+01,-2.605872535705566406e+01,-2.078580093383789062e+01,-1.643135452270507812e+01,-1.821802139282226562e+01,-1.491431522369384766e+01,-2.709152603149414062e+01,-2.337655067443847656e+01,-2.259835433959960938e+01,-2.092401885986328125e+01,-1.371481895446777344e+01,-1.258070373535156250e+01,-1.467242431640625000e+01,-1.719898223876953125e+01,-1.285987663269042969e+01,-1.245331573486328125e+01,-1.569006061553955078e+01,-1.881024932861328125e+01,-2.822258949279785156e+01,-3.432149887084960938e+01,-3.087726211547851562e+01,-2.265857315063476562e+01,-1.502510833740234375e+01,-1.694988632202148438e+01,-1.617588806152343750e+01,-1.956360626220703125e+01,-2.095441055297851562e+01,-2.000241851806640625e+01,-2.359249496459960938e+01,-2.334578323364257812e+01,-2.714272499084472656e+01,-2.391184616088867188e+01,-1.584209346771240234e+01,-1.455862426757812500e+01,-1.392440032958984375e+01,-1.597071743011474609e+01,-2.277435684204101562e+01,-2.079236030578613281e+01,-1.667510032653808594e+01,-1.758596229553222656e+01,-1.465505409240722656e+01,-1.564267730712890625e+01,-1.197518444061279297e+01,-1.610273742675781250e+01,-2.284608459472656250e+01,-1.329855155944824219e+01,-1.111569881439208984e+01,-9.922534942626953125e+00,-1.291775131225585938e+01,-1.914582443237304688e+01,-2.363461875915527344e+01,-2.349691390991210938e+01,-2.402411270141601562e+01,-2.564501190185546875e+01,-2.805366134643554688e+01,-2.691971206665039062e+01,-2.501195144653320312e+01,-2.774896621704101562e+01,-2.559949493408203125e+01,-2.329138946533203125e+01,-2.157017135620117188e+01,-2.356787490844726562e+01,-2.673565292358398438e+01,-3.610490036010742188e+01,-3.535115051269531250e+01,-2.265173339843750000e+01,-1.700084304809570312e+01,-8.804790496826171875e+00,-7.749807357788085938e+00,-1.481030464172363281e+01,-1.717661261558532715e+00,9.796133995056152344e+00,7.709781646728515625e+00,-1.556358575820922852e+00,-1.394930481910705566e-01,6.608146667480468750e+00,5.941350936889648438e+00,-2.689648151397705078e+00,-1.232045841217041016e+01,-1.128484630584716797e+01,-1.293251991271972656e+01,-1.094002914428710938e+01,-1.412311172485351562e+01,-7.490223884582519531e+00,-8.436226844787597656e+00,-7.379881858825683594e+00,-5.807287216186523438e+00,-7.199796676635742188e+00,-8.162788391113281250e+00,-9.867765426635742188e+00,-8.281841278076171875e+00,-4.747948646545410156e+00,-4.548594951629638672e+00,-6.831644058227539062e+00,-9.009068489074707031e+00,-9.469615936279296875e+00,-1.097469520568847656e+01,-6.280426502227783203e+00,-7.187565803527832031e+00,-1.001239871978759766e+01,-9.440311431884765625e+00,-7.334566116333007812e+00,-8.426595687866210938e+00,-8.883330345153808594e+00,-1.126930999755859375e+01,-8.500860214233398438e+00,-5.437974929809570312e+00,-9.165988922119140625e+00,-8.859054565429687500e+00,-8.559074401855468750e+00,-9.021468162536621094e+00,-6.584926605224609375e+00,-1.023265075683593750e+01,-9.173934936523437500e+00,-1.336825561523437500e+01,-1.191102123260498047e+01,-5.465948104858398438e+00,-1.045704650878906250e+01,-1.300608825683593750e+01,-1.148387813568115234e+01,-1.090100574493408203e+01,-8.544427871704101562e+00,-9.746367454528808594e+00,-9.549206733703613281e+00,-9.304073333740234375e+00,-9.153816223144531250e+00,-1.051283836364746094e+01,-1.103197669982910156e+01,-1.278623962402343750e+01,-1.636000823974609375e+01,-1.447919845581054688e+01,-1.278857231140136719e+01,-1.474854946136474609e+01,-1.454978370666503906e+01,-8.182779312133789062e+00,-6.587363719940185547e+00,-1.219956588745117188e+01,-1.051972866058349609e+01,-8.890929222106933594e+00,-1.410468864440917969e+01,-1.729900169372558594e+01,-1.333483886718750000e+01,-1.478285789489746094e+01,-1.658293151855468750e+01,-1.513908958435058594e+01,-1.428982162475585938e+01,-1.172677707672119141e+01,-1.442250251770019531e+01,-1.510554218292236328e+01,-1.798743057250976562e+01,-1.803021621704101562e+01,-1.913655853271484375e+01,-1.852064704895019531e+01,-1.752561378479003906e+01,-1.968359375000000000e+01,-1.852116394042968750e+01,-1.986652946472167969e+01,-2.156317520141601562e+01,-2.149950027465820312e+01,-1.892223358154296875e+01,-1.372620391845703125e+01,-9.879226684570312500e+00,-1.249263477325439453e+01,-1.463911724090576172e+01,-7.515254974365234375e+00,-1.051559638977050781e+01,-1.723781204223632812e+01,-1.865723609924316406e+01,-1.667370414733886719e+01,-9.886079788208007812e+00,-9.184836387634277344e+00,-1.411064815521240234e+01,-1.533858585357666016e+01,-1.323414993286132812e+01,-9.899857521057128906e+00,-1.124798965454101562e+01,-1.215663528442382812e+01,-1.028536605834960938e+01,-8.460406303405761719e+00,-5.921448707580566406e+00,-8.839910507202148438e+00,-7.833385467529296875e+00,-9.513630867004394531e+00,-1.503635120391845703e+01,-1.642990493774414062e+01,-1.381851387023925781e+01,-1.342454910278320312e+01,-1.368171691894531250e+01,-1.597333908081054688e+01,-1.895230102539062500e+01,-1.490201759338378906e+01,-1.684292030334472656e+01,-1.763702774047851562e+01,-2.007766342163085938e+01,-1.742285537719726562e+01,-1.773764991760253906e+01,-1.749231529235839844e+01,-1.433559226989746094e+01,-1.288628959655761719e+01,-1.368763923645019531e+01,-1.635332489013671875e+01,-1.249204826354980469e+01,-1.614626502990722656e+01,-1.812817001342773438e+01,-1.153813171386718750e+01,-6.360801696777343750e+00,-6.466694831848144531e+00,-1.127264022827148438e+01,-1.355653953552246094e+01,-1.516655731201171875e+01,-9.188182830810546875e+00,-7.739319324493408203e+00,-1.301458358764648438e+01,-1.966760253906250000e+01,-2.105354309082031250e+01,-2.174999809265136719e+01,-2.613211441040039062e+01,-2.543446540832519531e+01,-2.275545120239257812e+01,-1.533365249633789062e+01,-1.003376960754394531e+01,-1.227579212188720703e+01,-1.358386039733886719e+01,-1.118906974792480469e+01,-7.606447219848632812e+00,-9.930651664733886719e+00,-8.134675025939941406e+00,-9.806592941284179688e+00,-9.042814254760742188e+00,-7.381913185119628906e+00,-1.078716659545898438e+01,-6.490016937255859375e+00,-1.292376422882080078e+01,-2.457521438598632812e+01,-2.436581039428710938e+01,-3.684532546997070312e+01,-4.424964523315429688e+01,-4.635722351074218750e+01,-4.865237045288085938e+01,-4.480974578857421875e+01,-3.929856872558593750e+01,-3.172935104370117188e+01,-2.490710830688476562e+01,-1.997884750366210938e+01,-2.255604743957519531e+01,-1.841733551025390625e+01,-1.429844284057617188e+01,-2.016997146606445312e+01,-2.528455162048339844e+01,-2.090317916870117188e+01,-2.128323745727539062e+01,-2.615781021118164062e+01,-3.396109771728515625e+01,-3.747349548339843750e+01,-3.022151947021484375e+01,-2.844562530517578125e+01,-3.187484741210937500e+01,-2.627935409545898438e+01,-2.408107566833496094e+01,-2.097454833984375000e+01,-1.645693778991699219e+01,-2.281282424926757812e+01,-2.133418655395507812e+01,-2.575870513916015625e+01,-3.416115188598632812e+01,-3.210979080200195312e+01,-2.600700378417968750e+01,-2.231983947753906250e+01,-2.105084037780761719e+01,-2.071005249023437500e+01,-3.468373870849609375e+01,-3.808765411376953125e+01,-2.593241119384765625e+01,-2.048974800109863281e+01,-1.688686370849609375e+01,-1.558681488037109375e+01,-1.277230072021484375e+01,-9.815807342529296875e+00,-1.142555141448974609e+01,-1.940638732910156250e+01,-1.867109298706054688e+01,-1.728078269958496094e+01,-2.029488754272460938e+01,-2.152841186523437500e+01,-2.137946319580078125e+01,-2.345230102539062500e+01,-2.649151611328125000e+01,-2.464266586303710938e+01,-2.178824996948242188e+01,-1.404422569274902344e+01,-1.160159015655517578e+01,-1.296337890625000000e+01,-1.559440040588378906e+01,-1.984347724914550781e+01,-1.663025665283203125e+01,-1.524045944213867188e+01,-1.939321899414062500e+01,-2.102596282958984375e+01,-1.580795097351074219e+01,-1.601231765747070312e+01,-1.680157661437988281e+01,-2.012929534912109375e+01,-1.853154373168945312e+01,-1.767293548583984375e+01,-1.582319164276123047e+01,-1.623030662536621094e+01,-1.296850204467773438e+01,-9.912132263183593750e+00,-9.226438522338867188e+00,-4.793734550476074219e+00,-5.137968540191650391e+00,-9.057184219360351562e+00,-9.828007698059082031e+00,-1.027571678161621094e+01,-9.199288368225097656e+00,-5.460486412048339844e+00,-5.808414936065673828e+00,-7.714826583862304688e+00,-1.174305152893066406e+01,-1.103879928588867188e+01,-7.137237548828125000e+00,-9.537975311279296875e+00,-1.559984397888183594e+01,-1.230777263641357422e+01,-5.221777915954589844e+00,-6.665348052978515625e+00,-1.089030838012695312e+01,-1.401710319519042969e+01,-1.153074264526367188e+01,-1.204907608032226562e+01,-1.139219474792480469e+01,-1.524449729919433594e+01,-1.190450096130371094e+01,-1.841590309143066406e+01,-2.878380584716796875e+01,-3.354154968261718750e+01,-2.983112335205078125e+01,-2.367021369934082031e+01,-2.805865478515625000e+01,-2.709469413757324219e+01,-2.333026504516601562e+01,-1.842187690734863281e+01,-1.821257591247558594e+01,-1.679520034790039062e+01,-1.079502201080322266e+01,-1.001737880706787109e+01,-1.487682247161865234e+01,-1.815925216674804688e+01,-1.549884510040283203e+01,-1.968877983093261719e+01,-1.928696060180664062e+01,-2.053572463989257812e+01,-2.580809211730957031e+01,-2.457222366333007812e+01,-2.041128540039062500e+01,-2.161271858215332031e+01,-2.218663215637207031e+01,-3.233709335327148438e+01,-4.781692886352539062e+01,-4.473921966552734375e+01,-3.855035400390625000e+01,-3.168876075744628906e+01,-2.480261993408203125e+01,-2.214470672607421875e+01,-2.470133209228515625e+01,-3.214933395385742188e+01,-3.371879196166992188e+01,-2.781714630126953125e+01,-3.455702209472656250e+01,-4.097660827636718750e+01,-4.063915634155273438e+01,-3.744486999511718750e+01,-2.746206283569335938e+01,-1.935483551025390625e+01,-1.484074020385742188e+01,-1.791739273071289062e+01,-1.388611412048339844e+01,-9.564907073974609375e+00,-1.582826423645019531e+01,-2.512694168090820312e+01,-2.519473075866699219e+01,-1.998929214477539062e+01,-1.519834041595458984e+01,-1.488678455352783203e+01,-1.238127326965332031e+01,-9.444154739379882812e+00,-1.215569114685058594e+01,-9.785305023193359375e+00,-9.353635787963867188e+00,-5.006156921386718750e+00,-6.230109333992004395e-01,-9.743089675903320312e+00,-2.263138198852539062e+01,-3.235223388671875000e+01,-3.797582244873046875e+01,-3.798230743408203125e+01,-3.953832244873046875e+01,-4.046956634521484375e+01,-3.260083007812500000e+01,-2.657870864868164062e+01,-2.266718673706054688e+01,-2.401968002319335938e+01,-2.603183174133300781e+01,-1.909982299804687500e+01,-1.226730728149414062e+01,-8.390844345092773438e+00,-1.004475212097167969e+01,-1.061945152282714844e+01,-1.056989288330078125e+01,-1.514937400817871094e+01,-1.521461296081542969e+01,-7.824539661407470703e+00,2.389007568359375000e+00,-4.286155700683593750e-01,-4.616600036621093750e+00,-9.895955085754394531e+00,-9.642032623291015625e+00,-4.170880317687988281e+00,-1.157789230346679688e+00,-8.546009063720703125e+00,-1.733146667480468750e+01,-1.477579498291015625e+01,-1.457593727111816406e+01,-1.508285331726074219e+01,-1.372004890441894531e+01,-1.188347053527832031e+01,-1.247231578826904297e+01,-8.137893676757812500e+00,-3.941152572631835938e+00,-5.877360820770263672e+00,-9.108607292175292969e+00,-1.662317657470703125e+01,-3.414338684082031250e+01,-3.187467956542968750e+01,-2.631810951232910156e+01,-2.501043701171875000e+01,-1.763714218139648438e+01,-1.185619163513183594e+01,-9.994352340698242188e+00,-1.040459442138671875e+01,-7.566754817962646484e+00,-1.100719451904296875e+01,-1.324690151214599609e+01,-4.551739692687988281e+00,-5.785706043243408203e+00,-7.909739494323730469e+00,-3.271790981292724609e+00,3.355839729309082031e+00,-3.106814861297607422e+00,-5.768378257751464844e+00,-3.405701637268066406e+00,-6.550642967224121094e+00,-1.234390258789062500e+01,-2.135334396362304688e+01,-2.753016471862792969e+01,-2.582340049743652344e+01,-2.409062194824218750e+01,-1.853627204895019531e+01,-2.028008460998535156e+01,-2.066788864135742188e+01,-1.907822418212890625e+01,-1.554042434692382812e+01,-1.472198104858398438e+01,-1.169883155822753906e+01,-1.077311038970947266e+01,-1.416966342926025391e+01,-1.206581687927246094e+01,-1.391687583923339844e+01,-1.163610649108886719e+01,-1.564499473571777344e+01,-2.113585662841796875e+01,-1.774401092529296875e+01,-1.262204074859619141e+01,-7.908815860748291016e+00,-5.189752101898193359e+00,-4.918759346008300781e+00,-4.933608055114746094e+00,-1.407331657409667969e+01,-2.284001159667968750e+01,-1.752849388122558594e+01,-1.487839889526367188e+01,-2.359766006469726562e+01,-2.920418167114257812e+01,-2.840269851684570312e+01,-2.577117919921875000e+01,-2.187506484985351562e+01,-2.030878257751464844e+01,-2.575640106201171875e+01,-1.994900894165039062e+01,-1.437769699096679688e+01,-1.375968647003173828e+01,-1.088503265380859375e+01,-8.970101356506347656e+00,-9.031002998352050781e+00,-9.967100143432617188e+00,-1.053448200225830078e+01,-8.890500068664550781e+00,-6.854721069335937500e+00,-2.158038902282714844e+01,-3.416844940185546875e+01,-3.851390075683593750e+01,-3.465076828002929688e+01,-3.080310821533203125e+01,-2.746304512023925781e+01,-2.237547111511230469e+01,-1.491313934326171875e+01,-1.273888397216796875e+01,-1.824528503417968750e+01,-1.856261444091796875e+01,-1.478523254394531250e+01,-1.123664665222167969e+01,-8.426204681396484375e+00,-5.049541473388671875e+00,-7.936060428619384766e+00,-1.928430747985839844e+01,-2.746820068359375000e+01,-2.557453918457031250e+01,-2.323289871215820312e+01,-2.815453147888183594e+01,-3.244678115844726562e+01,-3.231263351440429688e+01,-3.460894012451171875e+01,-3.656114196777343750e+01,-3.243592834472656250e+01,-3.093455123901367188e+01,-2.802866744995117188e+01,-2.432159805297851562e+01,-2.085596847534179688e+01,-1.977363395690917969e+01,-2.014811897277832031e+01,-1.438587188720703125e+01,-1.389063453674316406e+01,-1.546004486083984375e+01,-1.244060707092285156e+01,-9.366271018981933594e+00,-7.755767822265625000e+00,-1.067557430267333984e+01,-6.837623119354248047e+00,-8.116404533386230469e+00,-9.723309516906738281e+00,-1.208003044128417969e+01,-1.264153289794921875e+01,-1.087222480773925781e+01,-6.491567134857177734e+00,-3.987274885177612305e+00,-2.215483427047729492e+00,-8.402132034301757812e+00,-1.424400424957275391e+01,-2.025275802612304688e+01,-2.324884605407714844e+01,-3.490652847290039062e+01,-4.026024627685546875e+01,-3.630658721923828125e+01,-2.520854187011718750e+01,-1.962506103515625000e+01,-1.531981754302978516e+01,-1.691552162170410156e+01,-1.731333732604980469e+01,-2.198982429504394531e+01,-2.417263793945312500e+01,-2.483529281616210938e+01,-2.774470329284667969e+01,-3.142940711975097656e+01,-3.462391281127929688e+01,-3.226626586914062500e+01,-3.150704956054687500e+01,-2.532615089416503906e+01,-1.994902038574218750e+01,-2.133008956909179688e+01,-2.369828987121582031e+01,-2.396767044067382812e+01,-1.870983505249023438e+01,-1.677326583862304688e+01,-1.613926696777343750e+01,-9.264100074768066406e+00,-5.671103000640869141e+00,-1.143536758422851562e+01,-1.466900825500488281e+01,-7.568338394165039062e+00,-5.444664955139160156e+00,-6.282047748565673828e+00,-5.613310337066650391e+00,-2.150807142257690430e+00,-1.412961840629577637e+00,-3.096492052078247070e+00,-9.039766311645507812e+00,-2.334926223754882812e+01,-2.736837577819824219e+01,-2.824796867370605469e+01,-2.256327056884765625e+01,-1.505388545989990234e+01,-1.111521625518798828e+01,-1.214315414428710938e+01,-6.382571220397949219e+00,-7.987789630889892578e+00,-1.489387130737304688e+01,-1.360161590576171875e+01,-1.215309619903564453e+01,-1.228526115417480469e+01,-1.684753036499023438e+01,-1.659375381469726562e+01,-1.187892532348632812e+01,-1.095679855346679688e+01,-1.801644897460937500e+01,-1.521479797363281250e+01,-9.993651390075683594e+00,-1.583677291870117188e+01,-1.333346176147460938e+01,-9.456996917724609375e+00,-8.537276268005371094e+00,-1.672576332092285156e+01,-2.389747619628906250e+01,-2.259284973144531250e+01,-2.067096900939941406e+01,-2.331546020507812500e+01,-2.992901611328125000e+01,-2.508695602416992188e+01,-2.075170898437500000e+01,-1.668153190612792969e+01,-1.450669097900390625e+01,-1.587692451477050781e+01,-1.222880458831787109e+01,-1.381606578826904297e+01,-1.378426265716552734e+01,-1.087843704223632812e+01,-6.031379222869873047e+00,-3.962190866470336914e+00,-5.250156879425048828e+00,-6.589358329772949219e+00,-7.958189964294433594e+00,-1.169548225402832031e+01,-9.630159378051757812e+00,-7.884181022644042969e+00,-4.439290046691894531e+00,-6.559878826141357422e+00,-4.706890106201171875e+00,-1.567372560501098633e+00,-4.548970699310302734e+00,-6.487002372741699219e+00,-6.514472961425781250e+00,-7.523226737976074219e+00,-9.451240539550781250e+00,-1.648634719848632812e+01,-2.499472236633300781e+01,-3.050785064697265625e+01,-3.692343902587890625e+01,-4.285588455200195312e+01,-4.099839782714843750e+01,-4.000395202636718750e+01,-3.774887466430664062e+01,-4.138861846923828125e+01,-3.766476821899414062e+01,-3.590151214599609375e+01,-3.657607269287109375e+01,-3.048567390441894531e+01,-2.425014114379882812e+01,-2.189552307128906250e+01,-2.611997985839843750e+01,-2.670681190490722656e+01,-2.226859664916992188e+01,-1.624947738647460938e+01,-1.755448532104492188e+01,-1.734430122375488281e+01,-1.235960960388183594e+01,3.848613977432250977e+00,1.465691661834716797e+01,1.148294210433959961e-01,-1.736383819580078125e+01,-2.140962791442871094e+01,-1.834939575195312500e+01,-1.121699905395507812e+01,-8.069326400756835938e+00,-4.691948890686035156e+00,-1.059899330139160156e+01,-1.010421180725097656e+01,-8.557022094726562500e+00,-4.110563755035400391e+00,-3.390363454818725586e+00,-7.708152770996093750e+00,-1.425970840454101562e+01,-3.078710937500000000e+01,-3.688965225219726562e+01,-3.225738525390625000e+01,-2.682505035400390625e+01,-1.550929260253906250e+01,-1.485634899139404297e+01,-2.900009918212890625e+01,-4.133409118652343750e+01,-3.904573822021484375e+01,-2.794023132324218750e+01,-2.084054565429687500e+01,-2.127620697021484375e+01,-1.918582153320312500e+01,-2.294787216186523438e+01,-2.232043838500976562e+01,-1.414253997802734375e+01,-1.616281127929687500e+01,-1.727976799011230469e+01,-1.988705444335937500e+01,-1.725942802429199219e+01,-1.446210098266601562e+01,-6.732010364532470703e+00,-1.062775135040283203e+00,-3.487408161163330078e+00,1.367070674896240234e-01,4.321310818195343018e-01,-4.326792716979980469e+00,-1.518969917297363281e+01,-1.906012153625488281e+01,-1.414212036132812500e+01,-9.211397171020507812e+00,-2.405958890914916992e+00,-2.905637025833129883e+00,-3.327973842620849609e+00,-4.544676303863525391e+00,-6.197224617004394531e+00,-5.271173477172851562e+00,-2.416100978851318359e+00,-1.061712455749511719e+01,-2.285424423217773438e+01,-3.030968093872070312e+01,-3.094856262207031250e+01,-3.582326507568359375e+01,-3.626644897460937500e+01,-3.617975616455078125e+01,-3.715369033813476562e+01,-3.845336151123046875e+01,-3.655870819091796875e+01,-3.089922332763671875e+01,-2.406450653076171875e+01,-2.031839752197265625e+01,-2.157797622680664062e+01,-1.749014663696289062e+01,-1.600115585327148438e+01,-1.239712333679199219e+01,-9.935749053955078125e+00,-1.575606822967529297e+01,-1.747244834899902344e+01,-1.451001358032226562e+01,-1.689944076538085938e+01,-1.774693298339843750e+01,-1.502799701690673828e+01,-8.624145507812500000e+00,-9.231869697570800781e+00,-1.090924453735351562e+01,-1.471080207824707031e+01,-1.406242179870605469e+01,-1.445806884765625000e+01,-1.391431808471679688e+01,-1.340893173217773438e+01,-1.330954074859619141e+01,-1.347304630279541016e+01,-1.639895057678222656e+01,-1.326758289337158203e+01,-8.285224914550781250e+00,-1.109211730957031250e+01,-1.123739242553710938e+01,-1.362481117248535156e+01,-1.467385864257812500e+01,-9.521167755126953125e+00,-1.007151985168457031e+01,-6.429471015930175781e+00,-7.479084491729736328e+00,-8.444486618041992188e+00,-6.432748794555664062e+00,-1.093412017822265625e+01,-9.456859588623046875e+00,-9.033477783203125000e+00,-1.011832046508789062e+01,-4.959711074829101562e+00,-5.705855846405029297e+00,-7.415432929992675781e+00,-1.054198265075683594e+01,-1.252491760253906250e+01,-1.668037414550781250e+01,-1.505163002014160156e+01,-1.303970432281494141e+01,-1.067386245727539062e+01,-1.008826828002929688e+01,-1.483202743530273438e+01,-1.540240955352783203e+01,-1.731496047973632812e+01,-1.470615005493164062e+01,-1.514752960205078125e+01,-1.470805454254150391e+01,-1.966201019287109375e+01,-2.334568786621093750e+01,-2.764954376220703125e+01,-2.557116699218750000e+01,-2.303576660156250000e+01,-2.244067382812500000e+01,-3.197942352294921875e+01,-3.472837829589843750e+01,-3.023952865600585938e+01,-2.621594238281250000e+01,-2.804044532775878906e+01,-2.450871849060058594e+01,-2.388209152221679688e+01,-2.303573608398437500e+01,-2.533625793457031250e+01,-3.449479293823242188e+01,-3.575843048095703125e+01,-3.346320343017578125e+01,-3.637793731689453125e+01,-3.570022583007812500e+01,-3.014299011230468750e+01,-2.615651702880859375e+01,-3.019868469238281250e+01,-2.957086563110351562e+01,-2.847915267944335938e+01,-2.298999786376953125e+01,-1.996335029602050781e+01,-1.882846450805664062e+01,-1.270138168334960938e+01,-1.709963798522949219e+01,-1.576867866516113281e+01,-7.226770401000976562e+00,-1.546728515625000000e+01,-2.632477188110351562e+01,-3.729835891723632812e+01,-3.869011688232421875e+01,-3.417191314697265625e+01,-3.124249076843261719e+01,-2.822185516357421875e+01,-2.348731994628906250e+01,-2.035517883300781250e+01,-1.960928153991699219e+01,-1.649962997436523438e+01,-2.211028861999511719e+01,-2.296259689331054688e+01,-2.582152175903320312e+01,-2.438085174560546875e+01,-2.118141937255859375e+01,-1.882715988159179688e+01,-1.875280380249023438e+01,-1.389550113677978516e+01,-1.283390140533447266e+01,-7.181416988372802734e+00,-9.290513992309570312e+00,-1.343363285064697266e+01,-3.702455520629882812e+00,-2.665640592575073242e+00,-1.869781684875488281e+01,-3.089551162719726562e+01,-3.015780258178710938e+01,-2.261528587341308594e+01,-2.037433433532714844e+01,-1.902033233642578125e+01,-2.346527099609375000e+01,-1.997735023498535156e+01,-2.206899070739746094e+01,-2.653100013732910156e+01,-3.208860015869140625e+01,-3.123521423339843750e+01,-2.802571105957031250e+01,-1.268925476074218750e+01,-1.948389530181884766e+00,2.301896572113037109e+00,5.604309082031250000e+00,8.896100044250488281e+00,6.596392631530761719e+00,4.422793388366699219e+00,5.349418640136718750e+00,6.206334114074707031e+00,6.215282440185546875e+00,-1.411508321762084961e+00,-7.690216064453125000e+00,-8.783065795898437500e+00,-4.333041191101074219e+00,-4.761260986328125000e+00,-1.215140724182128906e+01,-4.556221961975097656e+00,-7.726265907287597656e+00,-5.378490447998046875e+00,3.117834091186523438e+00,1.947213768959045410e+00,-2.326407432556152344e+00,-5.570838451385498047e+00,-6.439002037048339844e+00,-6.948802947998046875e+00,-8.410621643066406250e+00,-8.478672027587890625e+00,-6.619898319244384766e+00,-2.704020977020263672e+00,-1.803198218345642090e+00,-5.886412143707275391e+00,-1.074928092956542969e+01,-1.227552986145019531e+01,-2.861289215087890625e+01,-3.811263275146484375e+01,-3.513845443725585938e+01,-3.179125404357910156e+01,-2.869753646850585938e+01,-3.152981376647949219e+01,-2.782854080200195312e+01,-2.675354957580566406e+01,-2.647385025024414062e+01,-3.119730949401855469e+01,-3.079558944702148438e+01,-2.042055702209472656e+01,-1.523762321472167969e+01,-1.251013755798339844e+01,-5.997359752655029297e+00,-5.406678199768066406e+00,-1.377099609375000000e+01,-2.352799797058105469e+01,-2.283703613281250000e+01,-1.612419509887695312e+01,-1.859403610229492188e+01,-2.095679664611816406e+01,-1.627907562255859375e+01,-1.674919128417968750e+01,-1.846752548217773438e+01,-1.545905494689941406e+01,-1.389005279541015625e+01,-7.255634307861328125e+00,-3.971757888793945312e+00,-1.316309332847595215e+00,-2.790908336639404297e+00,-1.264802336692810059e+00,5.171570777893066406e+00,7.841526031494140625e+00,7.569715499877929688e+00,7.842780113220214844e+00,1.045102119445800781e+01,6.762763023376464844e+00,2.394741773605346680e+00,-5.919146537780761719e+00,-1.445578384399414062e+01,-2.126206588745117188e+01,-1.943313980102539062e+01,-1.960195541381835938e+01,-1.260397529602050781e+01,-1.476992702484130859e+01,-1.795190429687500000e+01,-2.689732742309570312e+01,-3.112460708618164062e+01,-2.886240768432617188e+01,-2.539934921264648438e+01,-2.472320747375488281e+01,-3.024570083618164062e+01,-2.493599510192871094e+01,-1.744082260131835938e+01,-1.770807456970214844e+01,-2.010362243652343750e+01,-2.422591590881347656e+01,-2.884273147583007812e+01,-3.041784667968750000e+01,-2.821807861328125000e+01,-2.968458175659179688e+01,-3.129080390930175781e+01,-3.505501174926757812e+01,-2.688092422485351562e+01,-1.640435600280761719e+01,-7.094364166259765625e+00,-7.495165348052978516e+00,-1.170368862152099609e+01,-1.302268314361572266e+01,-9.675264358520507812e+00,-7.076330184936523438e+00,-8.391038894653320312e+00,-4.370215892791748047e+00,-1.881036758422851562e+00,3.743144989013671875e+00,7.802431106567382812e+00,7.238123416900634766e+00,5.400441169738769531e+00,6.403728723526000977e-01,6.554806232452392578e-01,-1.304383039474487305e+00,-1.109209632873535156e+01,-1.383737373352050781e+01,-1.657451438903808594e+01,-1.066120910644531250e+01,-6.291816711425781250e+00,-1.726158142089843750e+01,-1.780867385864257812e+01,-2.234957122802734375e+01,-2.433210563659667969e+01,-2.149220466613769531e+01,-1.411865806579589844e+01,-9.673423767089843750e+00,-1.910329437255859375e+01,-2.697990798950195312e+01,-2.579308700561523438e+01,-2.100313949584960938e+01,-1.897012901306152344e+01,-1.602314376831054688e+01,-1.827983474731445312e+01,-2.413500022888183594e+01,-2.448770141601562500e+01,-2.430981063842773438e+01,-1.631155776977539062e+01,-9.078695297241210938e+00,-1.924036407470703125e+01,-2.839012145996093750e+01,-2.766528320312500000e+01,-1.829561614990234375e+01,-1.652944946289062500e+01,-1.811886215209960938e+01,-2.073704528808593750e+01,-1.763925361633300781e+01,-1.818924903869628906e+01,-1.935024642944335938e+01,-1.969199562072753906e+01,-1.402055931091308594e+01,-1.083502864837646484e+01,-1.008027458190917969e+01,-1.901444053649902344e+01,-1.846426010131835938e+01,-1.851975631713867188e+01,-2.076321029663085938e+01,-2.202760314941406250e+01,-1.948352813720703125e+01,-1.827919387817382812e+01,-1.388026332855224609e+01,-1.369991779327392578e+01,-1.744150924682617188e+01,-1.824734115600585938e+01,-9.387157440185546875e+00,-6.931671619415283203e+00,-4.771109104156494141e+00,-6.210359573364257812e+00,-1.202364087104797363e+00,-8.384266495704650879e-01,-5.629566192626953125e+00,-5.071102142333984375e+00,-5.201060295104980469e+00,-2.161400794982910156e+00,-2.177526473999023438e+00,-1.471583604812622070e+00,-1.940879106521606445e+00,-1.602553367614746094e+01,-2.716616439819335938e+01,-2.995326232910156250e+01,-2.948283386230468750e+01,-3.206464767456054688e+01,-3.783576202392578125e+01,-4.233378601074218750e+01,-3.753660583496093750e+01,-3.588863372802734375e+01,-3.735214614868164062e+01,-3.287154388427734375e+01,-2.582269668579101562e+01,-2.769388198852539062e+01,-2.474690055847167969e+01,-2.517532348632812500e+01,-3.284051132202148438e+01,-3.064669799804687500e+01,-2.787711906433105469e+01,-2.822554588317871094e+01,-2.631114578247070312e+01,-2.353117752075195312e+01,-1.657710647583007812e+01,-1.445561218261718750e+01,-2.623582458496093750e+01,-2.948703765869140625e+01,-2.642086029052734375e+01,-2.569499588012695312e+01,-2.607959938049316406e+01,-1.681809616088867188e+01,-1.567326545715332031e+01,-1.715981292724609375e+01,-1.825807952880859375e+01,-2.293379020690917969e+01,-2.811912918090820312e+01,-1.769235801696777344e+01,-3.734305381774902344e+00,-3.000587821006774902e-01,-8.224349021911621094e+00,-1.577503585815429688e+01,-2.054773330688476562e+01,-2.256515693664550781e+01,-2.236499404907226562e+01,-2.349813461303710938e+01,-2.827155685424804688e+01,-2.728550338745117188e+01,-2.681386947631835938e+01,-2.901738357543945312e+01,-2.488724899291992188e+01,-2.323991775512695312e+01,-2.626523399353027344e+01,-2.702351951599121094e+01,-2.425528335571289062e+01,-2.000588226318359375e+01,-1.558244991302490234e+01,-1.069712924957275391e+01,-1.280850696563720703e+01,-2.030021667480468750e+01,-2.369898796081542969e+01,-2.413884544372558594e+01,-2.243605232238769531e+01,-2.478481674194335938e+01,-2.703000640869140625e+01,-2.681727790832519531e+01,-2.929405975341796875e+01,-3.333326721191406250e+01,-3.880130767822265625e+01,-4.090768432617187500e+01,-3.254857635498046875e+01,-2.688211441040039062e+01,-2.916448211669921875e+01,-2.204227828979492188e+01,-1.732314682006835938e+01,-2.379255676269531250e+01,-3.487622833251953125e+01,-3.495685958862304688e+01,-3.145297241210937500e+01,-2.803801536560058594e+01,-2.346686172485351562e+01,-2.332809638977050781e+01,-2.420938301086425781e+01,-2.137162780761718750e+01,-1.690862274169921875e+01,-1.571343231201171875e+01,-2.078355979919433594e+01,-2.851060867309570312e+01,-2.302831077575683594e+01,-1.328586578369140625e+01,-2.031774520874023438e+01,-2.748523521423339844e+01,-2.438434219360351562e+01,-1.836789321899414062e+01,-1.188059806823730469e+01,-8.127175331115722656e+00,-9.615802764892578125e+00,-2.139562225341796875e+01,-2.378712654113769531e+01,-2.950454711914062500e+01,-3.257366943359375000e+01,-3.308307647705078125e+01,-3.450608825683593750e+01,-3.604604339599609375e+01,-2.908339309692382812e+01,-1.903175735473632812e+01,-8.232181549072265625e+00,-9.266935348510742188e+00,-2.167453575134277344e+01,-2.731339263916015625e+01,-3.237899780273437500e+01,-2.751465415954589844e+01,-2.299394607543945312e+01,-2.032197570800781250e+01,-1.268851089477539062e+01,-6.837110042572021484e+00,-9.885543823242187500e+00,-1.073579978942871094e+01,-1.207185554504394531e+01,-1.327281570434570312e+01,-1.072539329528808594e+01,-8.946734428405761719e+00,-8.743362426757812500e+00,-7.851697921752929688e+00,-7.595681190490722656e+00,-7.704155921936035156e+00,-1.133104705810546875e+01,-5.078474044799804688e+00,-3.911127090454101562e+00,-1.287706279754638672e+01,-2.038774490356445312e+01,-1.855512237548828125e+01,-2.508780670166015625e+01,-2.903290557861328125e+01,-2.796060752868652344e+01,-3.152947998046875000e+01,-3.435534667968750000e+01,-3.301969909667968750e+01,-3.204594421386718750e+01,-2.890515899658203125e+01,-2.430438995361328125e+01,-1.901885986328125000e+01,-1.630337905883789062e+01,-1.284683799743652344e+01,-1.278831291198730469e+01,-9.672924041748046875e+00,-5.559826374053955078e+00,-1.551528692245483398e+00,-5.964118957519531250e+00,-1.252406215667724609e+01,-8.835102081298828125e+00,-1.231682586669921875e+01,-1.343123340606689453e+01,-1.026273727416992188e+01,-1.053591537475585938e+01,-1.367308902740478516e+01,-2.386663246154785156e+01,-2.575599288940429688e+01,-2.291481208801269531e+01,-2.559621429443359375e+01,-2.929769897460937500e+01,-3.956522369384765625e+01,-3.604855346679687500e+01,-3.000412368774414062e+01,-3.030705833435058594e+01,-3.044982910156250000e+01,-3.218490219116210938e+01,-3.570632553100585938e+01,-3.380662155151367188e+01,-3.276151275634765625e+01,-2.946344757080078125e+01,-2.571426582336425781e+01,-2.398940467834472656e+01,-2.179291534423828125e+01,-1.638310813903808594e+01,-1.530282783508300781e+01,-1.582502269744873047e+01,-1.644225692749023438e+01,-1.898473739624023438e+01,-1.796650314331054688e+01,-2.067325592041015625e+01,-2.916977310180664062e+01,-3.567680358886718750e+01,-3.230002593994140625e+01,-1.707106781005859375e+01,-1.308082485198974609e+01,-1.788786125183105469e+01,-2.208952331542968750e+01,-3.398750305175781250e+01,-3.733195495605468750e+01,-3.655147552490234375e+01,-3.432292175292968750e+01,-2.565565109252929688e+01,-1.441728782653808594e+01,-1.392949104309082031e+01,-1.908999824523925781e+01,-2.255055427551269531e+01,-1.717225074768066406e+01,-1.673891448974609375e+01,-2.077377128601074219e+01,-2.261270141601562500e+01,-1.736824035644531250e+01,-2.082206344604492188e+01,-2.690002441406250000e+01,-2.033866500854492188e+01,-2.088595962524414062e+01,-2.835795593261718750e+01,-3.946574401855468750e+01,-4.593053436279296875e+01,-3.770589447021484375e+01,-3.012153244018554688e+01,-3.213841247558593750e+01,-3.102333450317382812e+01,-2.275550842285156250e+01,-1.679419326782226562e+01,-1.068145084381103516e+01,-1.110022258758544922e+01,-9.380739212036132812e+00,-4.998557090759277344e+00,-2.432840585708618164e+00,-6.753008365631103516e+00,-1.110711860656738281e+01,-1.176901626586914062e+01,-7.017802238464355469e+00,-5.521206378936767578e+00,-1.269258594512939453e+01,-5.732234954833984375e+00,-5.781512737274169922e+00,-1.082394790649414062e+01,-3.031539154052734375e+01,-3.746229553222656250e+01,-3.117033386230468750e+01,-2.147602462768554688e+01,-1.654035758972167969e+01,-1.998546409606933594e+01,-1.627169799804687500e+01,-1.183942699432373047e+01,-8.082884788513183594e+00,-1.900985336303710938e+01,-2.934086608886718750e+01,-2.941537475585937500e+01,-2.966038513183593750e+01,-3.673157501220703125e+01,-4.103186798095703125e+01,-4.275343322753906250e+01,-4.192013549804687500e+01,-4.325723266601562500e+01,-3.737796020507812500e+01,-3.815288543701171875e+01,-3.478333282470703125e+01,-2.698673629760742188e+01,-1.864823722839355469e+01,-1.367649269104003906e+01,-7.962123870849609375e+00,-1.389828300476074219e+01,-1.127324295043945312e+01,-1.469446945190429688e+01,-1.589374160766601562e+01,-1.351098442077636719e+01,-1.207860660552978516e+01,-9.360845565795898438e+00,-3.271986484527587891e+00,-2.778474330902099609e+00,-6.623579978942871094e+00,-4.448545932769775391e+00,-5.720362663269042969e+00,-1.015306663513183594e+01,-1.078080368041992188e+01,-9.618251800537109375e+00,-9.352458953857421875e+00,-1.013714694976806641e+01,-1.293703842163085938e+01,-1.175208091735839844e+01,-1.050706577301025391e+01,-1.415216827392578125e+01,-1.174540138244628906e+01,-6.765417098999023438e+00,-8.508682250976562500e+00,-5.000689506530761719e+00,-6.196207523345947266e+00,-1.244935894012451172e+01,-1.235010528564453125e+01,-1.416379547119140625e+01,-1.676752328872680664e+00,-1.155845880508422852e+00,3.050466179847717285e-01,-1.838868856430053711e-02,-2.634803056716918945e+00,-4.445038795471191406e+00,-8.849992752075195312e+00,-9.867461204528808594e+00,-6.964365959167480469e+00,-8.099099159240722656e+00,-1.488478660583496094e+01,-1.579228591918945312e+01,-1.108152008056640625e+01,-1.363040924072265625e+01,-1.204778861999511719e+01,-1.132537460327148438e+01,-1.948441314697265625e+01,-2.426085472106933594e+01,-2.422800445556640625e+01,-2.427572631835937500e+01,-2.515582466125488281e+01,-1.930901145935058594e+01,-1.862831497192382812e+01,-2.300566291809082031e+01,-3.117403793334960938e+01,-3.570740509033203125e+01,-3.161292648315429688e+01,-2.055442810058593750e+01,-1.494181442260742188e+01,-8.038223266601562500e+00,-1.010349750518798828e+01,-1.208613395690917969e+01,-4.716383934020996094e+00,-5.346132278442382812e+00,-8.150768280029296875e+00,-9.116056442260742188e+00,-7.397025108337402344e+00,-1.059512376785278320e+00,-4.740418434143066406e+00,-9.643994331359863281e+00,-9.958387374877929688e+00,-1.112860107421875000e+01,-1.020687484741210938e+01,-8.357313156127929688e+00,-1.492377281188964844e+01,-1.637874794006347656e+01,-1.290182304382324219e+01,-1.982584381103515625e+01,-1.800036621093750000e+01,-1.487291717529296875e+01,-1.155703926086425781e+01,-1.147700023651123047e+01,-1.003285789489746094e+01,-1.348502731323242188e+01,-1.491901016235351562e+01,-1.917756271362304688e+01,-2.123064613342285156e+01,-2.303314590454101562e+01,-2.806846618652343750e+01,-2.109910392761230469e+01,-2.206134223937988281e+01,-3.191476821899414062e+01,-3.379288482666015625e+01,-3.355308914184570312e+01,-3.627672195434570312e+01,-3.362508392333984375e+01,-2.932599258422851562e+01,-1.748227691650390625e+01,-2.200100517272949219e+01,-1.887240982055664062e+01,-1.341697502136230469e+01,-9.756769180297851562e+00,-1.032469749450683594e+01,-1.006583595275878906e+01,-5.321144580841064453e+00,-3.163578987121582031e+00,-8.870174407958984375e+00,-1.242521381378173828e+01,-1.746539115905761719e+01,-1.543998527526855469e+01,-1.589649677276611328e+01,-2.053045845031738281e+01,-1.726086807250976562e+01,-1.284909248352050781e+01,-4.927178382873535156e+00,-2.209920167922973633e+00,-6.157954692840576172e+00,-1.194285202026367188e+01,-8.467958450317382812e+00,-1.286547279357910156e+01,-9.653253555297851562e+00,-4.014139652252197266e+00,-3.486548423767089844e+00,-4.180842399597167969e+00,-3.606916904449462891e+00,-2.944336533546447754e-01,-6.149759292602539062e+00,-8.888424873352050781e+00,-5.803593635559082031e+00,-5.931324958801269531e+00,-1.193367242813110352e+00,-3.749214887619018555e+00,-8.704740524291992188e+00,-9.648264884948730469e+00,-5.423639774322509766e+00,-4.461186885833740234e+00,-7.911273956298828125e+00,-1.091375064849853516e+01,-8.647411346435546875e+00,-7.778263092041015625e+00,-9.235300064086914062e+00,-4.217292785644531250e+00,-2.052978992462158203e+00,-2.487229108810424805e+00,-5.236540436744689941e-01,-9.914760589599609375e-01,-2.972275495529174805e+00,-3.350511550903320312e+00,-5.198809623718261719e+00,-6.189850807189941406e+00,-2.597367286682128906e+00,-5.234110832214355469e+00,-2.696348667144775391e+00,-3.400028705596923828e+00,-4.610474586486816406e+00,-4.856230735778808594e+00,-2.938765048980712891e+00,-4.447249412536621094e+00,-5.491845607757568359e+00,-3.377527618408203125e+01,-4.658879852294921875e+01,-4.056638336181640625e+01,-3.055445480346679688e+01,-2.571157836914062500e+01,-2.435143470764160156e+01,-3.018230247497558594e+01,-3.136479377746582031e+01,-3.102362442016601562e+01,-3.262187194824218750e+01,-2.851809310913085938e+01,-2.429664802551269531e+01,-2.541046524047851562e+01,-2.507565689086914062e+01,-2.047155952453613281e+01,-1.876978874206542969e+01,-1.237726020812988281e+01,-1.745591735839843750e+01,-2.921508026123046875e+01,-2.968073654174804688e+01,-2.931710052490234375e+01,-1.772308731079101562e+01,-1.476611614227294922e+01,-1.570913791656494141e+01,-1.554790496826171875e+01,-1.743243598937988281e+01,-1.944705963134765625e+01,-2.782427597045898438e+01,-4.220213317871093750e+01,-4.640639495849609375e+01,-4.311541748046875000e+01,-3.946588897705078125e+01,-3.951783752441406250e+01,-3.728210449218750000e+01,-3.298682403564453125e+01,-2.875488281250000000e+01,-3.089120864868164062e+01,-3.153563690185546875e+01,-3.068321990966796875e+01,-4.475388717651367188e+01,-4.490293884277343750e+01,-3.935812377929687500e+01,-3.454389953613281250e+01,-3.481251525878906250e+01,-3.782364273071289062e+01,-3.323055267333984375e+01,-2.157357788085937500e+01,-1.371169185638427734e+01,-1.604748344421386719e+01,-2.422528839111328125e+01,-3.719426345825195312e+01,-3.597385406494140625e+01,-3.272919082641601562e+01,-3.524185562133789062e+01,-3.404891204833984375e+01,-2.733771896362304688e+01,-2.232626152038574219e+01,-2.312950325012207031e+01,-2.747303771972656250e+01,-3.306911468505859375e+01,-3.345408630371093750e+01,-3.348533630371093750e+01,-3.913224792480468750e+01,-3.087913513183593750e+01,-1.936206817626953125e+01,-2.036261749267578125e+01,-2.244190216064453125e+01,-1.706096267700195312e+01,-1.020005607604980469e+01,-1.568684387207031250e+01,-2.194145774841308594e+01,-1.843063354492187500e+01,-7.534058570861816406e+00,-8.225607872009277344e+00,-2.101883697509765625e+01,-2.843690109252929688e+01,-3.095164871215820312e+01,-3.469637298583984375e+01,-3.012407875061035156e+01,-2.763499069213867188e+01,-2.247519493103027344e+01,-1.658490371704101562e+01,-1.909648895263671875e+01,-2.074345016479492188e+01,-1.868643951416015625e+01,-1.497158527374267578e+01,-8.837206840515136719e+00,-1.099807929992675781e+01,-1.354609870910644531e+01,-1.639900207519531250e+01,-1.579495239257812500e+01,-1.413396549224853516e+01,-1.518510246276855469e+01,-1.148685646057128906e+01,-9.850018501281738281e+00,-1.454827213287353516e+01,-1.558960533142089844e+01,-1.282224845886230469e+01,-1.251669883728027344e+01,-1.107701015472412109e+01,-4.298085689544677734e+00,8.086570501327514648e-01,4.168275594711303711e-01,-5.373052120208740234e+00,-4.774377822875976562e+00,-6.978657722473144531e+00,-4.786182403564453125e+00
1.464652061462402344e+01,1.311971473693847656e+01,1.710078620910644531e+01,2.059645462036132812e+01,2.071723747253417969e+01,2.201586914062500000e+01,2.362302780151367188e+01,2.124552154541015625e+01,2.158657836914062500e+01,1.595497035980224609e+01,1.708397293090820312e+01,1.540778446197509766e+01,1.588593292236328125e+01,1.637203598022460938e+01,1.495961380004882812e+01,1.223988723754882812e+01,1.441897392272949219e+01,1.942515182495117188e+01,2.397363281250000000e+01,2.368032073974609375e+01,2.275648498535156250e+01,2.070951843261718750e+01,1.637388610839843750e+01,1.435808753967285156e+01,1.744895362854003906e+01,1.958048629760742188e+01,2.119567680358886719e+01,2.124049377441406250e+01,2.102541351318359375e+01,1.898659515380859375e+01,8.728181838989257812e+00,7.487013816833496094e+00,7.086539268493652344e+00,7.539182662963867188e+00,7.634428024291992188e+00,8.818361282348632812e+00,1.165581512451171875e+01,4.409190177917480469e+00,4.231425523757934570e-01,6.946593761444091797e+00,4.532300949096679688e+00,7.622462272644042969e+00,2.873308181762695312e+00,-6.298460006713867188e+00,1.323160648345947266e+00,7.849718570709228516e+00,8.764771461486816406e+00,1.519866180419921875e+01,2.612941741943359375e+01,2.646745872497558594e+01,2.385633087158203125e+01,2.184666442871093750e+01,2.316239166259765625e+01,2.238473892211914062e+01,2.176505661010742188e+01,2.055026817321777344e+01,2.073266220092773438e+01,2.005008506774902344e+01,1.956909561157226562e+01,1.597151374816894531e+01,1.913705444335937500e+01,1.640756607055664062e+01,1.591364955902099609e+01,1.749790191650390625e+01,1.552723598480224609e+01,1.959721755981445312e+01,1.601756095886230469e+01,1.563275527954101562e+01,1.238257598876953125e+01,1.250244331359863281e+01,1.204687213897705078e+01,1.450717926025390625e+01,1.478129577636718750e+01,1.682444000244140625e+01,1.840206146240234375e+01,1.803268814086914062e+01,1.462148952484130859e+01,1.707622528076171875e+01,1.931096458435058594e+01,1.577459907531738281e+01,1.738298416137695312e+01,2.186886787414550781e+01,1.630695343017578125e+01,1.936033630371093750e+01,1.737733078002929688e+01,1.448936271667480469e+01,1.878948020935058594e+01,1.816714859008789062e+01,2.182693481445312500e+01,1.337737846374511719e+01,2.113469123840332031e+01,2.586150741577148438e+01,1.991825485229492188e+01,1.631164360046386719e+01,8.829927444458007812e+00,7.536628246307373047e-01,2.415228843688964844e+00,1.211261749267578125e+01,1.817367935180664062e+01,2.160339736938476562e+01,1.996499633789062500e+01,2.090714645385742188e+01,2.076792144775390625e+01,1.973912048339843750e+01,6.777965068817138672e+00,4.388210177421569824e-01,-1.647355556488037109e+00,3.892799615859985352e+00,1.629637908935546875e+01,1.256293487548828125e+01,4.698109149932861328e+00,4.564491748809814453e+00,8.696105003356933594e+00,1.616253471374511719e+01,1.250397491455078125e+01,8.756370544433593750e+00,1.147346115112304688e+01,7.768672466278076172e+00,6.388978004455566406e+00,4.576609134674072266e+00,6.604299545288085938e+00,1.057551002502441406e+01,5.544564247131347656e+00,6.695345878601074219e+00,6.595703601837158203e+00,6.914927005767822266e+00,7.889254570007324219e+00,1.010295677185058594e+01,1.007429504394531250e+01,9.735562324523925781e+00,1.145030403137207031e+01,1.190799713134765625e+01,1.236524391174316406e+01,1.112111854553222656e+01,1.246080970764160156e+01,9.978071212768554688e+00,1.194305229187011719e+01,1.113673973083496094e+01,2.296415120363235474e-01,-3.848895788192749023e+00,3.063568115234375000e+00,1.381419658660888672e+01,1.588229751586914062e+01,2.160277938842773438e+01,2.940303421020507812e+01,3.425717926025390625e+01,3.112583541870117188e+01,2.430706405639648438e+01,2.381148910522460938e+01,2.647317123413085938e+01,2.719128417968750000e+01,2.599787902832031250e+01,2.108905029296875000e+01,1.698374176025390625e+01,1.400581169128417969e+01,1.213411903381347656e+01,8.223480224609375000e+00,9.774707794189453125e+00,1.921483421325683594e+01,2.364440155029296875e+01,2.205437469482421875e+01,1.711219024658203125e+01,6.957509994506835938e+00,1.950448751449584961e+00,-1.080957174301147461e+00,4.451834201812744141e+00,1.319081592559814453e+01,9.429403305053710938e+00,8.090991973876953125e+00,9.492398262023925781e+00,7.039978981018066406e+00,3.218632459640502930e+00,2.983598232269287109e+00,4.387465953826904297e+00,7.281923294067382812e+00,1.579685211181640625e+01,1.794099044799804688e+01,1.407127571105957031e+01,1.393622016906738281e+01,1.368837547302246094e+01,1.089162445068359375e+01,1.326933288574218750e+01,1.489969635009765625e+01,1.302313518524169922e+01,1.291714477539062500e+01,1.796497726440429688e+01,2.305049514770507812e+01,2.091468429565429688e+01,1.480913829803466797e+01,1.148448371887207031e+01,1.491059684753417969e+01,1.681049346923828125e+01,2.065103149414062500e+01,2.229627990722656250e+01,2.840552902221679688e+01,2.026632690429687500e+01,1.207330703735351562e+01,1.082509040832519531e+01,1.081608867645263672e+01,1.246458721160888672e+01,1.738994216918945312e+01,1.988626861572265625e+01,1.611958312988281250e+01,1.387811946868896484e+01,1.154729175567626953e+01,1.324482917785644531e+01,1.426022624969482422e+01,1.426340103149414062e+01,2.064785003662109375e+01,1.916213989257812500e+01,1.258261108398437500e+01,1.376076698303222656e+01,1.257355594635009766e+01,1.184818458557128906e+01,1.068422222137451172e+01,1.201500511169433594e+01,1.358287620544433594e+01,1.811925315856933594e+01,1.518983173370361328e+01,1.889718627929687500e+01,1.640222549438476562e+01,1.304264259338378906e+01,1.876801490783691406e+01,1.828747367858886719e+01,1.481802177429199219e+01,1.708201980590820312e+01,1.796410560607910156e+01,1.494736099243164062e+01,1.303226280212402344e+01,1.181820678710937500e+01,1.230363178253173828e+01,1.578661060333251953e+01,2.050683593750000000e+01,1.590438747406005859e+01,1.078026390075683594e+01,1.056406021118164062e+01,1.311624526977539062e+01,1.659869194030761719e+01,1.863701820373535156e+01,1.978974723815917969e+01,1.778352355957031250e+01,1.325199222564697266e+01,4.371042251586914062e+00,7.048837661743164062e+00,8.744277954101562500e+00,6.096605300903320312e+00,4.087716579437255859e+00,8.913868904113769531e+00,1.735878372192382812e+01,2.051794815063476562e+01,1.430694770812988281e+01,7.820598602294921875e+00,9.446966171264648438e+00,1.023112487792968750e+01,3.734277486801147461e+00,1.995214462280273438e+00,9.340515136718750000e-01,-1.157264262437820435e-01,5.017870426177978516e+00,9.693050384521484375e+00,1.493579483032226562e+01,1.694022560119628906e+01,1.191537475585937500e+01,1.059134292602539062e+01,8.395504951477050781e+00,7.534141063690185547e+00,9.854890823364257812e+00,1.197872066497802734e+01,1.682845306396484375e+01,2.082152938842773438e+01,1.682865142822265625e+01,1.833211517333984375e+01,2.654310226440429688e+01,2.406819534301757812e+01,2.259923744201660156e+01,1.810686111450195312e+01,1.290048217773437500e+01,1.131187438964843750e+01,1.619198036193847656e+01,1.643025970458984375e+01,1.358946418762207031e+01,1.431381416320800781e+01,1.857786750793457031e+01,1.389836978912353516e+01,6.292429447174072266e+00,6.842435836791992188e+00,6.320618152618408203e+00,2.371932506561279297e+00,6.660189628601074219e+00,7.236682415008544922e+00,7.489677906036376953e+00,1.307896995544433594e+01,1.408284187316894531e+01,1.217885303497314453e+01,1.343445777893066406e+01,1.280255317687988281e+01,1.416534233093261719e+01,1.637809753417968750e+01,1.642723083496093750e+01,2.138182449340820312e+01,1.836093521118164062e+01,1.672862052917480469e+01,1.384372043609619141e+01,1.273414611816406250e+01,1.771192741394042969e+01,1.918316268920898438e+01,1.966282463073730469e+01,1.827334594726562500e+01,2.055872726440429688e+01,2.126073837280273438e+01,1.809250259399414062e+01,2.181571578979492188e+01,1.945709228515625000e+01,1.579607486724853516e+01,1.793599510192871094e+01,1.679077529907226562e+01,1.802761840820312500e+01,1.766862106323242188e+01,1.942536163330078125e+01,1.952725982666015625e+01,1.764722824096679688e+01,1.828719711303710938e+01,2.046525955200195312e+01,1.544010543823242188e+01,1.022552299499511719e+01,1.560539913177490234e+01,1.831428909301757812e+01,2.769668579101562500e+01,2.322799301147460938e+01,2.007390975952148438e+01,1.930664062500000000e+01,1.884547042846679688e+01,2.134329986572265625e+01,1.890749740600585938e+01,2.274328231811523438e+01,1.843368530273437500e+01,4.932718276977539062e+00,3.983785152435302734e+00,1.522901439666748047e+01,1.985306549072265625e+01,2.335558700561523438e+01,2.475036239624023438e+01,2.386139678955078125e+01,2.838682556152343750e+01,3.071541213989257812e+01,2.996084022521972656e+01,2.834142494201660156e+01,3.793621063232421875e+01,4.418595504760742188e+01,3.998927688598632812e+01,3.677188873291015625e+01,3.407783508300781250e+01,2.810335159301757812e+01,2.192050933837890625e+01,2.470157241821289062e+01,2.968393516540527344e+01,2.600191879272460938e+01,2.136735916137695312e+01,2.405745506286621094e+01,2.421745300292968750e+01,2.679272460937500000e+01,2.470665931701660156e+01,2.158280181884765625e+01,2.754302597045898438e+01,3.071097183227539062e+01,3.134518623352050781e+01,3.290180969238281250e+01,3.539647674560546875e+01,3.759759521484375000e+01,2.601897430419921875e+01,1.310053825378417969e+01,9.199987411499023438e+00,3.042601108551025391e+00,2.608159065246582031e+00,2.262970924377441406e+00,6.276935577392578125e+00,1.212808799743652344e+01,9.397718429565429688e+00,9.207763671875000000e+00,1.224816513061523438e+01,1.488541412353515625e+01,1.460176467895507812e+01,1.318803501129150391e+01,9.999448776245117188e+00,1.109264183044433594e+01,1.946757698059082031e+01,1.416326808929443359e+01,9.248757362365722656e+00,1.274002075195312500e+01,9.826566696166992188e+00,1.008252620697021484e+01,8.158121109008789062e+00,5.961532592773437500e+00,9.219253540039062500e+00,1.207035827636718750e+01,1.519674301147460938e+01,1.622646713256835938e+01,1.539333629608154297e+01,1.390472602844238281e+01,9.257930755615234375e+00,1.042299461364746094e+01,1.402271652221679688e+01,1.562625789642333984e+01,1.923814773559570312e+01,1.946245956420898438e+01,1.912925720214843750e+01,1.341986942291259766e+01,1.132801055908203125e+01,1.330968093872070312e+01,1.551960277557373047e+01,1.164518451690673828e+01,1.336725234985351562e+01,7.973246097564697266e+00,3.391974925994873047e+00,4.783200263977050781e+00,1.302516651153564453e+01,1.276200962066650391e+01,1.399988937377929688e+01,1.395092010498046875e+01,1.309042263031005859e+01,1.549616432189941406e+01,1.686146736145019531e+01,1.308703422546386719e+01,1.471321296691894531e+01,1.810935974121093750e+01,1.688664627075195312e+01,1.437120246887207031e+01,6.020933628082275391e+00,-2.177116721868515015e-01,4.279990673065185547e+00,7.173072814941406250e+00,4.381396293640136719e+00,8.548253059387207031e+00,1.531937599182128906e+01,1.393367576599121094e+01,1.820084381103515625e+01,2.057070159912109375e+01,1.639512443542480469e+01,1.670114135742187500e+01,1.761295318603515625e+01,1.502841758728027344e+01,9.569537162780761719e+00,8.905735015869140625e+00,1.245689582824707031e+01,1.707069778442382812e+01,1.700884246826171875e+01,1.265510272979736328e+01,1.486329841613769531e+01,1.696465301513671875e+01,1.857332992553710938e+01,2.098988914489746094e+01,2.096133804321289062e+01,1.536387634277343750e+01,1.557419204711914062e+01,1.764159774780273438e+01,1.812383079528808594e+01,1.773969650268554688e+01,2.175503158569335938e+01,1.721506881713867188e+01,8.337905883789062500e+00,1.497223854064941406e+01,1.617582702636718750e+01,1.412253189086914062e+01,1.414451980590820312e+01,1.717038917541503906e+01,1.687041854858398438e+01,1.354207324981689453e+01,1.080458450317382812e+01,1.357975864410400391e+01,4.621374130249023438e+00,9.260416030883789062e-03,-4.537373065948486328e+00,-1.784893631935119629e+00,2.148318290710449219e-01,7.955062866210937500e+00,9.939167022705078125e+00,8.862745285034179688e+00,1.624069213867187500e+01,2.035319519042968750e+01,1.902650070190429688e+01,1.854945755004882812e+01,1.618169784545898438e+01,1.382959747314453125e+01,1.201729679107666016e+01,1.932869148254394531e+01,2.174672698974609375e+01,1.921447372436523438e+01,1.604033660888671875e+01,1.078316497802734375e+01,-5.485957860946655273e-02,-1.540166974067687988e+00,2.560734272003173828e+00,4.496379852294921875e+00,7.404561996459960938e+00,2.547979831695556641e+00,2.972377300262451172e+00,2.312217235565185547e+00,2.875863552093505859e+00,4.592405319213867188e+00,6.202840805053710938e+00,1.226587009429931641e+01,1.470264816284179688e+01,1.146514320373535156e+01,1.320461654663085938e+01,1.462771224975585938e+01,1.793411636352539062e+01,1.448940849304199219e+01,1.154282188415527344e+01,1.605208587646484375e+01,1.469980430603027344e+01,1.082272338867187500e+01,1.270581817626953125e+01,1.369784545898437500e+01,1.311068153381347656e+01,1.569787025451660156e+01,1.542089080810546875e+01,1.012556266784667969e+01,1.511005687713623047e+01,2.336357688903808594e+01,2.475618743896484375e+01,2.623516082763671875e+01,2.774798965454101562e+01,2.329032135009765625e+01,1.858916473388671875e+01,1.404103088378906250e+01,8.580290794372558594e+00,1.255700206756591797e+01,1.968651199340820312e+01,1.753326225280761719e+01,1.172976493835449219e+01,9.460146903991699219e+00,3.056954383850097656e+00,-7.969927787780761719e+00,-5.025716304779052734e+00,2.947960376739501953e+00,2.025683879852294922e+00,6.525186538696289062e+00,1.483381271362304688e+01,1.803903198242187500e+01,2.078592681884765625e+01,2.032909202575683594e+01,2.281064605712890625e+01,1.464699077606201172e+01,7.945926189422607422e+00,8.380331039428710938e+00,1.231947135925292969e+01,1.464200019836425781e+01,1.318342399597167969e+01,1.096293258666992188e+01,1.174104499816894531e+01,1.557035255432128906e+01,1.702509689331054688e+01,1.619293975830078125e+01,1.275798606872558594e+01,1.135700416564941406e+01,1.511084175109863281e+01,1.508737659454345703e+01,1.210644340515136719e+01,1.301088142395019531e+01,2.281916809082031250e+01,2.466306686401367188e+01,2.121189880371093750e+01,1.632710266113281250e+01,1.615739250183105469e+01,1.330277442932128906e+01,1.651691055297851562e+01,1.785245132446289062e+01,1.785420989990234375e+01,1.451341533660888672e+01,1.559877490997314453e+01,7.444074630737304688e+00,6.365702629089355469e+00,5.532919883728027344e+00,1.083917808532714844e+01,2.028664398193359375e+01,2.303435707092285156e+01,2.093595504760742188e+01,1.680871391296386719e+01,1.123339843750000000e+01,8.401931762695312500e+00,5.881377220153808594e+00,3.508397817611694336e+00,4.272107601165771484e+00,5.474441528320312500e+00,4.418246269226074219e+00,7.241142272949218750e+00,1.569775581359863281e+01,2.266452407836914062e+01,2.379347991943359375e+01,2.257760620117187500e+01,2.629328918457031250e+01,2.272997093200683594e+01,1.815711784362792969e+01,1.044876766204833984e+01,8.224898338317871094e+00,6.967457771301269531e+00,3.267947196960449219e+00,2.540593624114990234e+00,4.561980247497558594e+00,9.141884803771972656e+00,1.221925926208496094e+01,1.175014495849609375e+01,1.206355667114257812e+01,1.667471885681152344e+01,1.535999107360839844e+01,1.313361167907714844e+01,1.270339393615722656e+01,1.469557762145996094e+01,2.191930389404296875e+01,2.590260696411132812e+01,2.221158981323242188e+01,2.096053695678710938e+01,1.634162330627441406e+01,9.564577102661132812e+00,6.194501399993896484e+00,2.918200731277465820e+00,7.178425788879394531e+00,1.433998584747314453e+01,2.013638305664062500e+01,2.127194976806640625e+01,1.973084259033203125e+01,1.576253318786621094e+01,1.554973411560058594e+01,1.693524169921875000e+01,1.565664672851562500e+01,1.525247478485107422e+01,1.691175651550292969e+01,2.085101699829101562e+01,2.486185455322265625e+01,2.348865699768066406e+01,2.137004470825195312e+01,2.657535934448242188e+01,2.470788192749023438e+01,1.573253059387207031e+01,1.594794940948486328e+01,1.405077075958251953e+01,1.694318771362304688e+01,1.805770111083984375e+01,1.791932296752929688e+01,1.369915962219238281e+01,5.598624229431152344e+00,8.439293861389160156e+00,1.061216640472412109e+01,1.614781951904296875e+01,1.402790832519531250e+01,1.218709754943847656e+01,1.814040946960449219e+01,1.398038673400878906e+01,1.209515476226806641e+01,1.648751068115234375e+01,1.484781169891357422e+01,1.717709732055664062e+01,1.440532398223876953e+01,1.224553203582763672e+01,1.827517318725585938e+01,2.023015213012695312e+01,8.264476776123046875e+00,2.944777965545654297e+00,7.785030841827392578e+00,1.110198402404785156e+01,1.663471031188964844e+01,1.343963050842285156e+01,1.220750236511230469e+01,2.098109436035156250e+01,2.362705993652343750e+01,1.378190994262695312e+01,1.307147407531738281e+01,1.271144390106201172e+01,1.154367637634277344e+01,1.061382484436035156e+01,1.189226722717285156e+01,1.499771881103515625e+01,1.963029670715332031e+01,1.687377738952636719e+01,1.283473968505859375e+01,1.775434303283691406e+01,1.553828620910644531e+01,1.504891967773437500e+01,1.645947265625000000e+01,1.552439212799072266e+01,1.877316665649414062e+01,1.520431900024414062e+01,1.835630035400390625e+01,1.822333717346191406e+01,2.110650634765625000e+01,2.240114593505859375e+01,1.828649711608886719e+01,1.798610687255859375e+01,1.879070472717285156e+01,1.711506462097167969e+01,1.420496749877929688e+01,1.575459194183349609e+01,1.418271064758300781e+01,1.147140312194824219e+01,1.899404907226562500e+01,2.164054870605468750e+01,1.997002410888671875e+01,2.034185791015625000e+01,1.719276428222656250e+01,1.122788810729980469e+01,1.108993625640869141e+01,1.583931064605712891e+01,1.734514999389648438e+01,1.218134975433349609e+01,5.570720672607421875e+00,5.692844390869140625e+00,3.920598030090332031e+00,7.569581031799316406e+00,1.491272830963134766e+01,1.990982627868652344e+01,2.104026794433593750e+01,2.132956695556640625e+01,2.047136116027832031e+01,1.854219818115234375e+01,2.252769088745117188e+01,3.085859489440917969e+01,2.941970252990722656e+01,2.647803115844726562e+01,2.999770355224609375e+01,4.249954223632812500e+01,3.837322998046875000e+01,3.409846496582031250e+01,3.283709716796875000e+01,3.235631561279296875e+01,3.438487243652343750e+01,2.938935089111328125e+01,2.693626403808593750e+01,2.499108314514160156e+01,2.651661300659179688e+01,2.418748092651367188e+01,2.481094741821289062e+01,2.567111206054687500e+01,2.148427200317382812e+01,1.764192962646484375e+01,1.731244087219238281e+01,2.022198104858398438e+01,2.173071479797363281e+01,2.359578514099121094e+01,2.118293380737304688e+01,1.543951416015625000e+01,1.741099548339843750e+01,1.914167022705078125e+01,1.626691436767578125e+01,1.113015556335449219e+01,1.056865310668945312e+01,9.179748535156250000e+00,1.708234405517578125e+01,2.179166793823242188e+01,2.201441001892089844e+01,2.293261528015136719e+01,2.329888534545898438e+01,1.953925132751464844e+01,1.893956756591796875e+01,1.875842666625976562e+01,2.137769699096679688e+01,1.934049034118652344e+01,1.873058319091796875e+01,1.520503425598144531e+01,1.385515975952148438e+01,1.642866516113281250e+01,2.028062629699707031e+01,1.857273864746093750e+01,1.711048698425292969e+01,1.875104141235351562e+01,1.776335716247558594e+01,1.406337928771972656e+01,1.886503601074218750e+01,2.047549819946289062e+01,1.656618881225585938e+01,1.939442443847656250e+01,1.683577156066894531e+01,1.500056838989257812e+01,1.490943527221679688e+01,2.226762771606445312e+01,2.368759536743164062e+01,2.255499458312988281e+01,2.401241683959960938e+01,2.636617660522460938e+01,2.139259719848632812e+01,1.862847709655761719e+01,1.611600112915039062e+01,9.689428329467773438e+00,1.206038951873779297e+01,1.192482185363769531e+01,1.020628833770751953e+01,5.985372543334960938e+00,4.196716785430908203e+00,1.318435764312744141e+01,2.024220085144042969e+01,1.985738372802734375e+01,2.313607406616210938e+01,2.408139419555664062e+01,1.580273628234863281e+01,1.299588203430175781e+01,1.444742393493652344e+01,1.191003704071044922e+01,1.152786064147949219e+01,8.974093437194824219e+00,9.602912902832031250e+00,8.565735816955566406e+00,5.579000473022460938e+00,-8.988873958587646484e-01,-2.545454740524291992e+00,1.593675851821899414e+00,2.350059509277343750e+00,1.389093995094299316e+00,-6.497417688369750977e-01,-1.574030369520187378e-01,4.212925910949707031e+00,8.530618667602539062e+00,1.050360107421875000e+01,7.632146835327148438e+00,8.489353179931640625e+00,1.313861370086669922e+01,1.073961257934570312e+01,1.141053009033203125e+01,1.284580898284912109e+01,1.012067031860351562e+01,1.110415458679199219e+01,1.238653087615966797e+01,1.220475673675537109e+01,6.667259216308593750e+00,1.478649973869323730e+00,2.826146602630615234e+00,-2.182070255279541016e+00,1.297618150711059570e+00,7.318452358245849609e+00,8.408052444458007812e+00,5.134895324707031250e+00,4.930348396301269531e+00,5.535541534423828125e+00,4.705905914306640625e+00,8.193308830261230469e+00,1.256344699859619141e+01,9.958048820495605469e+00,3.459860324859619141e+00,2.103344678878784180e+00,3.404031276702880859e+00,6.354879379272460938e+00,9.643529891967773438e+00,8.492460250854492188e+00,9.643615722656250000e+00,7.804990768432617188e+00,1.003590583801269531e+01,1.159071636199951172e+01,1.791100692749023438e+01,1.914493560791015625e+01,2.070440483093261719e+01,1.983430480957031250e+01,1.781096267700195312e+01,7.194297909736633301e-01,-6.507549285888671875e+00,-2.423977375030517578e+00,2.588433265686035156e+00,5.686645984649658203e+00,6.915673732757568359e+00,1.472912406921386719e+01,1.712980270385742188e+01,1.468348884582519531e+01,1.517093658447265625e+01,1.577001571655273438e+01,1.646879959106445312e+01,2.210537338256835938e+01,2.291959381103515625e+01,1.830652999877929688e+01,1.857359123229980469e+01,1.950363540649414062e+01,2.351072311401367188e+01,1.881402587890625000e+01,1.165404987335205078e+01,1.108347702026367188e+01,1.491421222686767578e+01,1.693690109252929688e+01,1.623295974731445312e+01,1.632680320739746094e+01,1.877597427368164062e+01,2.050278091430664062e+01,2.016917419433593750e+01,2.220478057861328125e+01,1.686146545410156250e+01,1.591730117797851562e+01,1.916642570495605469e+01,1.915299606323242188e+01,1.354423522949218750e+01,9.400285720825195312e+00,1.480936622619628906e+01,1.954729843139648438e+01,1.671469497680664062e+01,4.273119926452636719e+00,-1.496579289436340332e+00,-2.181704044342041016e+00,-3.164467573165893555e+00,4.384452819824218750e+00,1.628914451599121094e+01,2.033562088012695312e+01,2.367856025695800781e+01,2.111782836914062500e+01,2.680635833740234375e+01,3.167784118652343750e+01,2.900389862060546875e+01,3.034154129028320312e+01,3.254298782348632812e+01,3.001734733581542969e+01,3.067422485351562500e+01,2.844908905029296875e+01,2.355943870544433594e+01,2.584048461914062500e+01,2.673339843750000000e+01,2.139918136596679688e+01,1.332995986938476562e+01,1.899628829956054688e+01,2.315967559814453125e+01,1.998327636718750000e+01,2.022137260437011719e+01,2.895006942749023438e+01,3.054807662963867188e+01,3.347780609130859375e+01,3.570979690551757812e+01,3.210066986083984375e+01,3.128482818603515625e+01,3.005544853210449219e+01,1.887851524353027344e+01,5.110147476196289062e+00,-6.922824859619140625e+00,-1.697331428527832031e+01,-2.144028091430664062e+01,-1.961663055419921875e+01,-2.287498855590820312e+01,-2.488851928710937500e+01,-2.490720558166503906e+01,-2.182940101623535156e+01,-1.630020332336425781e+01,-1.181821537017822266e+01,4.903308868408203125e+00,7.763208389282226562e+00,2.458517074584960938e+00,6.212057471275329590e-01,3.612798929214477539e+00,1.380998611450195312e+00,3.183584809303283691e-01,9.100252151489257812e+00,1.453162193298339844e+01,1.558647918701171875e+01,1.597917366027832031e+01,1.773736953735351562e+01,1.638763427734375000e+01,1.406093597412109375e+01,1.787838935852050781e+01,1.598987770080566406e+01,9.829202651977539062e+00,6.540187358856201172e+00,1.760627150535583496e+00,4.821972846984863281e+00,9.172351837158203125e+00,9.398113250732421875e+00,5.168451786041259766e+00,3.889908552169799805e+00,3.589020967483520508e+00,4.814793586730957031e+00,1.197820305824279785e+00,7.245380878448486328e-01,3.994568824768066406e+00,3.400251865386962891e+00,9.009637832641601562e+00,1.455438804626464844e+01,1.067766189575195312e+01,6.469893932342529297e+00,4.838709831237792969e+00,1.189223957061767578e+01,2.150150871276855469e+01,2.459920501708984375e+01,2.700469970703125000e+01,2.451055908203125000e+01,9.256839752197265625e+00,4.493015289306640625e+00,5.154016494750976562e+00,2.774520397186279297e+00,2.462029457092285156e+00,3.749047279357910156e+00,4.769948959350585938e+00,2.218192100524902344e+00,6.424074172973632812e+00,1.122058486938476562e+01,1.679945373535156250e+01,1.941893386840820312e+01,2.269973373413085938e+01,2.471788215637207031e+01,2.152930831909179688e+01,3.076312065124511719e+01,3.542813110351562500e+01,2.707743072509765625e+01,2.165517044067382812e+01,1.799844932556152344e+01,1.346553325653076172e+01,1.506579399108886719e+01,1.958166885375976562e+01,2.097644042968750000e+01,2.119215011596679688e+01,1.875086784362792969e+01,1.862152671813964844e+01,1.730821990966796875e+01,1.798973846435546875e+01,1.699910736083984375e+01,2.285112190246582031e+01,1.971297454833984375e+01,1.565599918365478516e+01,1.808165931701660156e+01,1.638009643554687500e+01,1.514675903320312500e+01,1.544388198852539062e+01,9.767208099365234375e+00,1.457093334197998047e+01,1.320463562011718750e+01,1.358977890014648438e+01,1.686567687988281250e+01,1.497767543792724609e+01,1.158826065063476562e+01,1.598265266418457031e+01,1.966750335693359375e+01,1.390081119537353516e+01,1.125127601623535156e+01,1.937920761108398438e+01,2.347907066345214844e+01,2.184066009521484375e+01,1.964576721191406250e+01,1.849853515625000000e+01,1.275287532806396484e+01,7.250292778015136719e+00,1.642348861694335938e+01,1.828422355651855469e+01,1.401864814758300781e+01,1.546785926818847656e+01,1.304580593109130859e+01,1.673755073547363281e+01,1.533250045776367188e+01,1.451967525482177734e+01,1.235978603363037109e+01,1.644903755187988281e+01,1.145589637756347656e+01,6.116291999816894531e+00,7.092781066894531250e+00,1.174326324462890625e+01,1.430743503570556641e+01,1.474933147430419922e+01,1.286596488952636719e+01,1.440238380432128906e+01,1.500525474548339844e+01,1.759148025512695312e+01,1.607069015502929688e+01,1.772521209716796875e+01,1.559264087677001953e+01,1.059325599670410156e+01,9.154567718505859375e+00,1.088008308410644531e+01,1.078849887847900391e+01,1.263829612731933594e+01,1.430335044860839844e+01,1.003059387207031250e+01,7.195016384124755859e+00,2.341093778610229492e+00,1.393853873014450073e-01,1.279908895492553711e+00,5.387707710266113281e+00,2.056706619262695312e+01,2.163872909545898438e+01,1.746888732910156250e+01,2.331616210937500000e+01,2.458532905578613281e+01,1.448845291137695312e+01,1.378996372222900391e+01,1.287852764129638672e+01,9.574535369873046875e+00,6.728311061859130859e+00,2.324667930603027344e+00,-4.009996652603149414e-01,6.159336566925048828e+00,4.654824733734130859e+00,3.137800693511962891e+00,4.923929691314697266e+00,1.938509464263916016e+00,4.990934848785400391e+00,5.161659717559814453e+00,5.728335380554199219e+00,6.850584506988525391e+00,8.124341964721679688e+00,5.307279586791992188e+00,7.327405929565429688e+00,1.079392433166503906e+01,1.475409698486328125e+01,1.958928871154785156e+01,1.507268428802490234e+01,1.211812019348144531e+01,1.199997711181640625e+01,9.835761070251464844e+00,9.012508392333984375e+00,1.029177570343017578e+01,1.225671386718750000e+01,1.104102897644042969e+01,8.434678077697753906e+00,9.496713638305664062e+00,5.442459106445312500e+00,1.008906936645507812e+01,1.452016258239746094e+01,1.080412387847900391e+01,6.737317085266113281e+00,1.515282058715820312e+01,1.978139877319335938e+01,1.808012962341308594e+01,1.281032943725585938e+01,8.637901306152343750e+00,1.382592964172363281e+01,1.425145435333251953e+01,9.750711441040039062e+00,1.710427856445312500e+01,1.432373237609863281e+01,1.322188377380371094e+01,1.816820716857910156e+01,1.724423027038574219e+01,1.469490814208984375e+01,1.267398071289062500e+01,1.473866271972656250e+01,1.332054424285888672e+01,1.205378913879394531e+01,1.519598102569580078e+01,1.993249511718750000e+01,1.872098922729492188e+01,1.495712947845458984e+01,1.284303188323974609e+01,1.327964210510253906e+01,1.504219913482666016e+01,1.127503585815429688e+01,9.406930923461914062e+00,6.404013156890869141e+00,1.313744902610778809e+00,7.686474323272705078e-01,8.926361083984375000e+00,1.236536121368408203e+01,1.473458671569824219e+01,2.192814254760742188e+01,1.985807800292968750e+01,1.451585197448730469e+01,2.292242813110351562e+01,2.469999122619628906e+01,1.744126319885253906e+01,1.334803199768066406e+01,1.168223762512207031e+01,6.353500366210937500e+00,-4.164955615997314453e-01,-4.912374496459960938e+00,1.080183029174804688e+00,9.090554714202880859e-02,-4.915516972541809082e-01,2.243375301361083984e+00,5.610626697540283203e+00,9.690298080444335938e+00,6.780230045318603516e+00,9.019684791564941406e+00,1.418338394165039062e+01,1.711877441406250000e+01,1.282729244232177734e+01,1.247294998168945312e+01,1.148694705963134766e+01,1.170585727691650391e+01,1.488447761535644531e+01,1.695931053161621094e+01,1.238860416412353516e+01,1.162492942810058594e+01,1.454204845428466797e+01,1.599190521240234375e+01,1.476982688903808594e+01,9.811758995056152344e+00,7.780001640319824219e+00,1.570998287200927734e+01,2.143042373657226562e+01,2.179352951049804688e+01,2.058978271484375000e+01,1.704880332946777344e+01,1.370286560058593750e+01,1.572264862060546875e+01,1.370264244079589844e+01,6.437523841857910156e+00,7.952941894531250000e+00,1.542234230041503906e+01,1.841402816772460938e+01,1.261507511138916016e+01,1.414103698730468750e+01,1.761910629272460938e+01,2.324839591979980469e+01,2.618026351928710938e+01,2.425983428955078125e+01,1.749943351745605469e+01,1.935770416259765625e+01,2.132144927978515625e+01,1.424741935729980469e+01,1.559204101562500000e+01,1.462793731689453125e+01,1.274029731750488281e+01,1.329856681823730469e+01,1.526750183105468750e+01,1.101764869689941406e+01,4.019239425659179688e+00,6.199934005737304688e+00,1.473603630065917969e+01,2.055022048950195312e+01,1.704394149780273438e+01,1.947214508056640625e+01,1.744839477539062500e+01,1.705361557006835938e+01,1.856852722167968750e+01,1.878551864624023438e+01,1.190232849121093750e+01,6.328713417053222656e+00,-1.185327053070068359e+00,2.125218957662582397e-01,2.332205772399902344e+00,5.862954139709472656e+00,1.002409267425537109e+01,7.417511463165283203e+00,4.940847396850585938e+00,2.569027900695800781e+00,1.977073431015014648e+00,7.762200355529785156e+00,8.249654769897460938e+00,5.795501232147216797e+00,5.730048179626464844e+00,7.955569267272949219e+00,1.289584732055664062e+01,1.387798786163330078e+01,8.186712265014648438e+00,7.351500511169433594e+00,4.155912399291992188e+00,8.006495237350463867e-01,2.978312969207763672e-02,2.788391351699829102e+00,1.374236941337585449e+00,7.608569145202636719e+00,1.347034835815429688e+01,1.432028961181640625e+01,1.056737041473388672e+01,1.248389053344726562e+01,1.789599990844726562e+01,1.672874069213867188e+01,1.502111339569091797e+01,1.154588603973388672e+01,1.545520973205566406e+01,1.737335586547851562e+01,1.348790931701660156e+01,9.200862884521484375e+00,6.490355491638183594e+00,8.863080024719238281e+00,1.492825508117675781e+01,1.295993041992187500e+01,8.507882118225097656e+00,5.970676422119140625e+00,9.823778152465820312e+00,1.272243309020996094e+01,1.637080764770507812e+01,2.007529067993164062e+01,1.727544403076171875e+01,2.557188415527343750e+01,2.702038955688476562e+01,2.362310028076171875e+01,2.215276145935058594e+01,1.465842247009277344e+01,6.543397426605224609e+00,9.716734886169433594e-01,5.320647954940795898e-01,1.609835505485534668e+00,2.330160140991210938e-01,3.221006870269775391e+00,4.960533142089843750e+00,7.341733932495117188e+00,1.274239158630371094e+01,1.287496852874755859e+01,1.476009750366210938e+01,1.999971389770507812e+01,1.849217224121093750e+01,1.262444305419921875e+01,1.125830841064453125e+01,1.259321022033691406e+01,7.888005733489990234e+00,4.262528419494628906e+00,4.956127166748046875e+00,1.049846267700195312e+01,1.521881389617919922e+01,1.823708152770996094e+01,1.523914337158203125e+01,1.728364753723144531e+01,1.482541275024414062e+01,8.138975143432617188e+00,8.838823318481445312e+00,1.346092796325683594e+01,1.320162677764892578e+01,1.396202754974365234e+01,1.573954200744628906e+01,2.235359191894531250e+01,1.753958892822265625e+01,1.108768177032470703e+01,7.053296566009521484e+00,1.327306079864501953e+01,1.699375724792480469e+01,1.048877525329589844e+01,6.569853782653808594e+00,8.920936584472656250e+00,7.545787811279296875e+00,1.051231384277343750e+01,1.954285049438476562e+01,2.783106994628906250e+01,2.355174827575683594e+01,2.181100845336914062e+01,2.417111968994140625e+01,2.447768020629882812e+01,3.164432907104492188e+01,3.241534423828125000e+01,2.662916374206542969e+01,2.350623703002929688e+01,2.938896751403808594e+01,2.412794113159179688e+01,1.736880111694335938e+01,2.190363502502441406e+01,2.198506546020507812e+01,1.939121437072753906e+01,1.917551612854003906e+01,1.928317260742187500e+01,1.860163879394531250e+01,1.544553947448730469e+01,1.515821361541748047e+01,1.181314277648925781e+01,1.343918418884277344e+01,1.355616950988769531e+01,1.502108192443847656e+01,1.587360286712646484e+01,1.964158248901367188e+01,1.965387344360351562e+01,1.785132217407226562e+01,1.791935729980468750e+01,1.723988342285156250e+01,1.582225704193115234e+01,1.586349010467529297e+01,1.883725929260253906e+01,2.160203933715820312e+01,2.240469741821289062e+01,2.011156463623046875e+01,2.055911254882812500e+01,1.973750495910644531e+01,1.888584136962890625e+01,1.767834091186523438e+01,1.485083198547363281e+01,1.862079048156738281e+01,2.196727371215820312e+01,2.815971374511718750e+01,2.047393035888671875e+01,2.356416511535644531e+01,2.360836219787597656e+01,1.713557052612304688e+01,8.560146331787109375e+00,9.248180389404296875e+00,1.848308944702148438e+01,1.994529914855957031e+01,9.570781707763671875e+00,2.712088346481323242e+00,6.471814155578613281e+00,1.207957267761230469e+01,1.947070693969726562e+01,1.809875488281250000e+01,1.543920135498046875e+01,1.238803100585937500e+01,8.027528762817382812e+00,4.512454032897949219e+00,8.583380699157714844e+00,1.337088966369628906e+01,1.736715698242187500e+01,2.009199905395507812e+01,1.804754829406738281e+01,1.139459037780761719e+01,1.834143638610839844e+01,2.526111602783203125e+01,2.363702392578125000e+01,2.503310394287109375e+01,2.808468055725097656e+01,2.753725433349609375e+01,2.392691993713378906e+01,2.192432403564453125e+01,1.997803878784179688e+01,1.430755519866943359e+01,1.493959808349609375e+01,1.367341518402099609e+01,9.934316635131835938e+00,1.079290390014648438e+01,1.200589561462402344e+01,1.719248962402343750e+01,2.049055099487304688e+01,1.556369018554687500e+01,1.687149810791015625e+01,2.898205566406250000e+01,2.714440917968750000e+01,2.148538970947265625e+01,2.012713813781738281e+01,2.276199722290039062e+01,1.948066520690917969e+01,1.490566349029541016e+01,1.672448348999023438e+01,1.249262714385986328e+01,1.034207916259765625e+01,7.756016731262207031e+00,7.888944625854492188e+00,7.132616519927978516e+00,7.323488235473632812e+00,9.546526908874511719e+00,8.057579994201660156e+00,4.097872734069824219e+00,4.266266345977783203e+00,1.129223537445068359e+01,7.102424621582031250e+00,3.174705505371093750e+00,7.162584781646728516e+00,2.187155961990356445e+00,-4.107979536056518555e-01,7.815989494323730469e+00,1.200884628295898438e+01,1.215295982360839844e+01,1.491843795776367188e+01,1.286068916320800781e+01,7.870421409606933594e+00,9.527965545654296875e+00,8.888362884521484375e+00,1.294180774688720703e+01,1.804430007934570312e+01,1.280996131896972656e+01,6.734035491943359375e+00,1.018298339843750000e+01,1.250159168243408203e+01,1.642096328735351562e+01,1.041877937316894531e+01,9.874116897583007812e+00,5.693233013153076172e+00,-6.558250427246093750e+00,-4.938436031341552734e+00,-2.219834804534912109e+00,3.750566244125366211e+00,1.051718616485595703e+01,1.376453018188476562e+01,1.866050720214843750e+01,2.401943778991699219e+01,2.731651687622070312e+01,2.344126892089843750e+01,2.714464187622070312e+01,3.155477905273437500e+01,2.793767166137695312e+01,2.779312133789062500e+01,3.255603790283203125e+01,2.926000213623046875e+01,2.807399749755859375e+01,3.237200927734375000e+01,2.787177085876464844e+01,2.956105422973632812e+01,2.414590835571289062e+01,2.320578193664550781e+01,2.155740547180175781e+01,1.779637145996093750e+01,1.810438537597656250e+01,2.248911094665527344e+01,2.482942962646484375e+01,2.170623016357421875e+01,1.178439617156982422e+01,1.702217483520507812e+01,1.985237121582031250e+01,1.749121093750000000e+01,1.968556213378906250e+01,2.368547821044921875e+01,2.425350189208984375e+01,1.891828536987304688e+01,1.579239845275878906e+01,1.988001251220703125e+01,2.015253257751464844e+01,2.126225662231445312e+01,1.853179550170898438e+01,1.738619995117187500e+01,2.273194503784179688e+01,2.203877830505371094e+01,1.983997344970703125e+01,2.297458267211914062e+01,2.704913139343261719e+01,2.320399093627929688e+01,1.527913284301757812e+01,1.587549114227294922e+01,1.588388061523437500e+01,1.758885955810546875e+01,2.676038742065429688e+01,2.466030693054199219e+01,2.091050148010253906e+01,1.820768737792968750e+01,1.060225200653076172e+01,7.915928363800048828e+00,1.166041660308837891e+01,1.350005722045898438e+01,1.200017547607421875e+01,1.646180915832519531e+01,1.667392349243164062e+01,1.352619171142578125e+01,1.271184349060058594e+01,1.807065582275390625e+01,1.706125640869140625e+01,8.445168495178222656e+00,7.818838119506835938e+00,1.002455902099609375e+01,1.529022789001464844e+01,1.106773948669433594e+01,1.304081726074218750e+01,2.063018989562988281e+01,2.354693222045898438e+01,1.487366676330566406e+01,7.254291534423828125e+00,1.263348162174224854e-01,7.650452613830566406e+00,1.633356094360351562e+01,2.685877227783203125e+01,3.035684585571289062e+01,2.488197517395019531e+01,2.058487701416015625e+01,2.284222793579101562e+01,2.608331680297851562e+01,2.111444664001464844e+01,2.347641754150390625e+01,2.244678497314453125e+01,2.149090576171875000e+01,1.804811477661132812e+01,1.646742248535156250e+01,2.117396926879882812e+01,2.176297760009765625e+01,1.967016601562500000e+01,1.806848716735839844e+01,1.705917549133300781e+01,3.243708419799804688e+01,3.937024688720703125e+01,3.740054321289062500e+01,3.212634277343750000e+01,2.993805503845214844e+01,3.017264556884765625e+01,2.087894248962402344e+01,2.104892349243164062e+01,1.855701637268066406e+01,1.958323478698730469e+01,2.182004547119140625e+01,2.602429199218750000e+01,2.426199531555175781e+01,1.978746795654296875e+01,2.325978660583496094e+01,2.443189620971679688e+01,2.388412857055664062e+01,2.590433883666992188e+01,2.094220924377441406e+01,1.603611183166503906e+01,1.987168693542480469e+01,1.499013900756835938e+01,1.519661617279052734e+01,1.784204864501953125e+01,1.710457611083984375e+01,1.769934463500976562e+01,1.697721672058105469e+01,1.767678451538085938e+01,1.972745513916015625e+01,2.189519691467285156e+01,2.455245399475097656e+01,2.726605606079101562e+01,2.338589859008789062e+01,2.168722915649414062e+01,2.374049758911132812e+01,2.410550308227539062e+01,2.785614395141601562e+01,2.504642105102539062e+01,2.057383346557617188e+01,1.826898574829101562e+01,1.811200523376464844e+01,2.010200500488281250e+01,1.919274520874023438e+01,2.310268020629882812e+01,2.374350738525390625e+01,1.974573707580566406e+01,1.693780708312988281e+01,1.725964736938476562e+01,2.031112289428710938e+01,1.782566833496093750e+01,2.077455520629882812e+01,2.211042404174804688e+01,1.990952110290527344e+01,2.053194618225097656e+01,1.779475975036621094e+01,1.644252014160156250e+01,1.560192489624023438e+01,1.517335128784179688e+01,1.307276535034179688e+01,1.991672897338867188e+01,1.521757507324218750e+01,8.053501129150390625e+00,8.388573646545410156e+00,9.075325012207031250e+00,5.618387699127197266e+00,3.683076381683349609e+00,2.810241699218750000e+00,1.329143881797790527e+00,5.652368545532226562e+00,1.223038196563720703e+01,6.437681198120117188e+00,-4.252006530761718750e+00,-6.537694454193115234e+00,-7.586181640625000000e+00,4.372857093811035156e+00,7.761444091796875000e+00,7.038747787475585938e+00,1.365770530700683594e+01,1.212837314605712891e+01,1.004765129089355469e+01,1.945053482055664062e+01,3.282819747924804688e+01,3.455601501464843750e+01,2.951340866088867188e+01,2.252606201171875000e+01,1.915637588500976562e+01,1.725352859497070312e+01,1.639664840698242188e+01,1.174775028228759766e+01,9.960474967956542969e+00,1.614511871337890625e+01,1.497365570068359375e+01,2.074662971496582031e+01,2.790678405761718750e+01,2.757476425170898438e+01,2.589167404174804688e+01,2.508396530151367188e+01,2.149212837219238281e+01,2.132198333740234375e+01,2.447625350952148438e+01,2.420835494995117188e+01,2.700425910949707031e+01,3.594989776611328125e+01,3.084613418579101562e+01,2.859931564331054688e+01,2.635053634643554688e+01,2.918129158020019531e+01,3.083821487426757812e+01,2.792382431030273438e+01,2.764518928527832031e+01,2.686755752563476562e+01,3.096512985229492188e+01,3.013220977783203125e+01,2.809869003295898438e+01,2.508264541625976562e+01,2.493855285644531250e+01,2.539402008056640625e+01,1.819437789916992188e+01,1.901436233520507812e+01,1.947915649414062500e+01,1.638689804077148438e+01,1.570797634124755859e+01,1.984166336059570312e+01,2.126747703552246094e+01,1.828683471679687500e+01,1.903327178955078125e+01,2.159717941284179688e+01,1.761809158325195312e+01,1.544386100769042969e+01,1.621798706054687500e+01,1.754159736633300781e+01,1.707472229003906250e+01,1.634321784973144531e+01,1.695670700073242188e+01,1.679047012329101562e+01,1.627967643737792969e+01,1.303380775451660156e+01,1.718778038024902344e+01,1.587389945983886719e+01,1.353036499023437500e+01,1.535566234588623047e+01,1.567120933532714844e+01,1.741117477416992188e+01,2.210233306884765625e+01,2.393453979492187500e+01,2.047346305847167969e+01,1.663867568969726562e+01,1.307040023803710938e+01,8.593433380126953125e+00,6.520346641540527344e+00,8.483327865600585938e+00,7.992194652557373047e+00,1.292415428161621094e+01,1.111714839935302734e+01,1.540997314453125000e+01,2.256612777709960938e+01,2.554086494445800781e+01,3.078340530395507812e+01,3.257920837402343750e+01,2.731897354125976562e+01,2.237774848937988281e+01,1.033719062805175781e+01,8.355720520019531250e+00,1.395999717712402344e+01,1.743196868896484375e+01,1.703604125976562500e+01,1.470822334289550781e+01,2.174227714538574219e+01,3.159572219848632812e+01,2.920445251464843750e+01,1.917866897583007812e+01,8.186079025268554688e+00,6.936659812927246094e+00,1.153179740905761719e+01,1.409813690185546875e+01,1.471936988830566406e+01,2.044575500488281250e+01,2.173401260375976562e+01,1.596297073364257812e+01,1.149837493896484375e+01,1.465179252624511719e+01,1.551817703247070312e+01,1.122131538391113281e+01,6.512655258178710938e+00,8.555276870727539062e+00,1.272519016265869141e+01,1.450484275817871094e+01,1.221813964843750000e+01,1.573318481445312500e+01,1.866080665588378906e+01,1.647554016113281250e+01,1.447043800354003906e+01,1.713228797912597656e+01,2.000508117675781250e+01,1.857173538208007812e+01,1.482266616821289062e+01,1.614201354980468750e+01,1.901942443847656250e+01,2.184300994873046875e+01,1.739759826660156250e+01,1.914244842529296875e+01,2.158659362792968750e+01,1.743247795104980469e+01,1.469400787353515625e+01,1.215803527832031250e+01,1.958606719970703125e+01,2.035201263427734375e+01,1.783102607727050781e+01,1.829802322387695312e+01,1.833476257324218750e+01,1.665324401855468750e+01,2.639358520507812500e+01,2.328290939331054688e+01,2.089226913452148438e+01,2.164561271667480469e+01,1.928995323181152344e+01,1.475775527954101562e+01,1.916926765441894531e+01,1.852044677734375000e+01,1.945367813110351562e+01,2.159837341308593750e+01,1.989391136169433594e+01,2.147676467895507812e+01,2.143338394165039062e+01,1.748130798339843750e+01,1.996954345703125000e+01,2.227431488037109375e+01,1.632814598083496094e+01,1.478405380249023438e+01,1.646934318542480469e+01,1.651490211486816406e+01,1.537381553649902344e+01,1.452847862243652344e+01,1.823474121093750000e+01,1.855723953247070312e+01,1.550909805297851562e+01,1.282554531097412109e+01,1.791448402404785156e+01,2.243702316284179688e+01,2.081474494934082031e+01,1.767397308349609375e+01,1.888774871826171875e+01,1.754780960083007812e+01,1.594230842590332031e+01,2.031323432922363281e+01,2.231179428100585938e+01,1.615831565856933594e+01,1.549377822875976562e+01,1.373272132873535156e+01,1.418541717529296875e+01,2.090528106689453125e+01,2.083621215820312500e+01,1.704498100280761719e+01,1.555354118347167969e+01,1.412607955932617188e+01,1.779165649414062500e+01,9.800000190734863281e+00,8.009982109069824219e+00,5.843566417694091797e+00,9.149809837341308594e+00,1.311797904968261719e+01,1.072208404541015625e+01,1.836790275573730469e+01,2.099756240844726562e+01,1.938714218139648438e+01,1.878666114807128906e+01,1.666085433959960938e+01,1.695541954040527344e+01,2.186649513244628906e+01,2.177576065063476562e+01,1.757734298706054688e+01,2.271308517456054688e+01,2.591405105590820312e+01,2.235403442382812500e+01,1.851064682006835938e+01,1.959469604492187500e+01,2.340730667114257812e+01,2.183866119384765625e+01,1.857688522338867188e+01,2.314586448669433594e+01,2.303060531616210938e+01,2.181004524230957031e+01,1.881931686401367188e+01,1.597177696228027344e+01,1.822452545166015625e+01,2.228291511535644531e+01,2.520112991333007812e+01,2.386109161376953125e+01,2.281022644042968750e+01,2.332220458984375000e+01,2.520439147949218750e+01,2.391580581665039062e+01,1.867490386962890625e+01,1.962355613708496094e+01,1.812797737121582031e+01,1.370174694061279297e+01,1.685285568237304688e+01,1.909703063964843750e+01,2.287668800354003906e+01,1.818267440795898438e+01,1.849253082275390625e+01,1.633486175537109375e+01,1.156787109375000000e+01,1.671201515197753906e+01,1.306399154663085938e+01,5.605602264404296875e+00,2.035459995269775391e+00,1.002987265586853027e+00,4.844475984573364258e-01,1.069343662261962891e+01,1.391084575653076172e+01,1.734243774414062500e+01,1.842195892333984375e+01,1.868727493286132812e+01,1.551802253723144531e+01,1.817149353027343750e+01,1.709017753601074219e+01,1.045067310333251953e+01,5.113048553466796875e+00,1.994588375091552734e+00,8.246511459350585938e+00,1.369225120544433594e+01,1.856644439697265625e+01,1.815517807006835938e+01,9.935070991516113281e+00,1.114484596252441406e+01,1.756649398803710938e+01,1.591768741607666016e+01,1.874128723144531250e+01,2.183365631103515625e+01,2.429422569274902344e+01,3.275561141967773438e+01,3.146290969848632812e+01,1.981145095825195312e+01,1.308996772766113281e+01,1.503687095642089844e+01,1.696185111999511719e+01,1.163316631317138672e+01,1.292143058776855469e+01,1.267557334899902344e+01,1.307595443725585938e+01,1.444255352020263672e+01,1.098103332519531250e+01,7.114216327667236328e+00,1.444577789306640625e+01,2.070083045959472656e+01,1.927090072631835938e+01,1.887405776977539062e+01,1.920742225646972656e+01,1.782012176513671875e+01,1.874029159545898438e+01,1.802406692504882812e+01,1.666249656677246094e+01,1.321427726745605469e+01,1.012403869628906250e+01,1.788977241516113281e+01,1.673545455932617188e+01,1.619523620605468750e+01,1.561505699157714844e+01,1.308208465576171875e+01,1.376941108703613281e+01,1.573416709899902344e+01,1.483495998382568359e+01,1.487529277801513672e+01,1.423702049255371094e+01,1.320803260803222656e+01,1.468509483337402344e+01,1.365909194946289062e+01,1.468796634674072266e+01,9.670038223266601562e+00,1.100903511047363281e+01,1.692216682434082031e+01,1.861699676513671875e+01,1.592011165618896484e+01,1.363407516479492188e+01,1.817595291137695312e+01,1.869893646240234375e+01,1.996787261962890625e+01,1.626257705688476562e+01,1.818481254577636719e+01,2.695820808410644531e+01,2.168617057800292969e+01,1.837300491333007812e+01,2.360573387145996094e+01,1.934080505371093750e+01,1.698307800292968750e+01,1.806158828735351562e+01,2.371198272705078125e+01,2.420306396484375000e+01,1.924954795837402344e+01,2.306192398071289062e+01,2.143200111389160156e+01,2.032141304016113281e+01,1.710013961791992188e+01,2.571780586242675781e+01,2.727208709716796875e+01,1.405218887329101562e+01,5.655007839202880859e+00,3.196220159530639648e+00,-1.138883113861083984e+00,2.680764675140380859e+00,5.343210697174072266e+00,1.561065673828125000e+01,2.593399810791015625e+01,2.871638488769531250e+01,2.827805709838867188e+01,2.394223022460937500e+01,1.619243812561035156e+01,1.486373329162597656e+01,1.833720397949218750e+01,2.462448883056640625e+01,3.141870498657226562e+01,2.553837776184082031e+01,1.354055213928222656e+01,1.637597465515136719e+01,1.865961074829101562e+01,1.063624954223632812e+01,9.751406669616699219e+00,2.285565567016601562e+01,2.633197021484375000e+01,2.490264892578125000e+01,2.620914077758789062e+01,2.751679229736328125e+01,1.575124073028564453e+01,7.713096141815185547e+00,4.517177581787109375e+00,5.944422721862792969e+00,1.109584045410156250e+01,1.746702766418457031e+01,1.622886657714843750e+01,1.198835372924804688e+01,1.807671546936035156e+01,2.196298217773437500e+01,1.918730926513671875e+01,1.302598190307617188e+01,1.158076477050781250e+01,1.381433010101318359e+01,5.407163143157958984e+00,2.386039257049560547e+00,3.447073459625244141e+00,1.765521621704101562e+01,2.168952751159667969e+01,2.053316497802734375e+01,2.480359840393066406e+01,2.120551872253417969e+01,1.091812705993652344e+01,1.722932434082031250e+01,3.701314926147460938e+01,3.022795104980468750e+01,1.733343124389648438e+01,1.232759094238281250e+01,1.011738395690917969e+01,9.505701065063476562e+00,1.208081626892089844e+01,1.479186058044433594e+01,1.787009429931640625e+01,1.380799293518066406e+01,3.306248903274536133e+00,-3.743772745132446289e+00,-3.654026687145233154e-01,8.021665215492248535e-01,5.861852645874023438e+00,6.696143150329589844e+00,1.347031402587890625e+01,2.478418922424316406e+01,2.545089340209960938e+01,2.275850296020507812e+01,2.765987777709960938e+01,3.307153320312500000e+01,3.167716217041015625e+01,3.392206573486328125e+01,2.880535888671875000e+01,2.675119018554687500e+01,1.610071945190429688e+01,1.731720161437988281e+01,1.473173141479492188e+01,1.006586837768554688e+01,1.811828231811523438e+01,2.766521835327148438e+01,2.426897811889648438e+01,1.946450424194335938e+01,1.397979259490966797e+01,1.680735588073730469e+01,1.506771087646484375e+01,1.500851440429687500e+01,1.575299072265625000e+01,1.358858489990234375e+01,1.638207244873046875e+01,1.608258819580078125e+01,1.657367134094238281e+01,1.894351196289062500e+01,1.247412967681884766e+01,1.158159732818603516e+00,-5.127923488616943359e-01,-5.901901721954345703e-01,-1.645339250564575195e+00,3.583462476730346680e+00,5.866826057434082031e+00,8.705207824707031250e+00,1.031402683258056641e+01,1.356221580505371094e+01,1.573273468017578125e+01,1.414640998840332031e+01,1.614131546020507812e+01,2.180178451538085938e+01,2.133405494689941406e+01,1.611087417602539062e+01,1.494565200805664062e+01,1.298338222503662109e+01,1.305237388610839844e+01,9.482852935791015625e+00,8.289993286132812500e+00,1.452843475341796875e+01,1.072892951965332031e+01,1.139344787597656250e+01,1.065298271179199219e+01,7.613818168640136719e+00,1.283642101287841797e+01,1.397515106201171875e+01,1.313866996765136719e+01,1.354506206512451172e+01,9.946723937988281250e+00,1.601987838745117188e+01,1.892718505859375000e+01,1.881700897216796875e+01,1.207070732116699219e+01,7.567833900451660156e+00,1.253461647033691406e+01,1.119544219970703125e+01,6.913754463195800781e+00,8.629441261291503906e+00,7.859992980957031250e+00,1.184599876403808594e+01,1.340420246124267578e+01,1.321959781646728516e+01,1.515088844299316406e+01,1.867597961425781250e+01,1.671706771850585938e+01,1.261703300476074219e+01,1.225291252136230469e+01,1.591430664062500000e+01,1.451461219787597656e+01,1.794649124145507812e+01,1.240217399597167969e+01,1.110644340515136719e+01,1.338639736175537109e+01,1.383766937255859375e+01,1.781116676330566406e+01,1.906790542602539062e+01,1.602695846557617188e+01,1.246904945373535156e+01,1.587645339965820312e+01,1.789251708984375000e+01,1.511058807373046875e+01,1.858301544189453125e+01,2.066042327880859375e+01,2.032942962646484375e+01,1.649115943908691406e+01,1.477247238159179688e+01,1.118513774871826172e+01,8.303089141845703125e+00,7.523531913757324219e+00,9.557549476623535156e+00,2.054964065551757812e+01,2.594185638427734375e+01,3.241014480590820312e+01,3.155167388916015625e+01,2.185660362243652344e+01,2.506071853637695312e+01,2.485002136230468750e+01,2.258419799804687500e+01,2.234785842895507812e+01,1.544085502624511719e+01,1.165828800201416016e+01,1.023001766204833984e+01,1.159656715393066406e+01,1.362443351745605469e+01,9.396436691284179688e+00,6.492249488830566406e+00,4.031013488769531250e+00,-4.053652763366699219e+00,-6.860445499420166016e+00,4.537780284881591797e+00,8.733092308044433594e+00,8.169086456298828125e+00,9.532654762268066406e+00,4.915490150451660156e+00,4.122843265533447266e+00,2.030611515045166016e+00,2.205285549163818359e+00,3.529601097106933594e+00,6.562355995178222656e+00,1.670203399658203125e+01,1.659350967407226562e+01,1.472443389892578125e+01,1.900272178649902344e+01,1.975926208496093750e+01,1.442599678039550781e+01,1.108458995819091797e+01,1.540182495117187500e+01,1.755608749389648438e+01,1.915179634094238281e+01,1.924797821044921875e+01,1.850778198242187500e+01,1.493826293945312500e+01,1.222383117675781250e+01,1.341941642761230469e+01,1.567873954772949219e+01,1.346730804443359375e+01,1.624790191650390625e+01,1.799926376342773438e+01,1.690278244018554688e+01,1.312112998962402344e+01,1.181007385253906250e+01,1.121768188476562500e+01,8.620341300964355469e+00,1.314459609985351562e+01,2.077466964721679688e+01,1.733444595336914062e+01,1.414081764221191406e+01,1.469492340087890625e+01,1.653328132629394531e+01,1.660422515869140625e+01,5.813058853149414062e+00,1.323368549346923828e-01,6.064845085144042969e+00,4.927704811096191406e+00,9.910891532897949219e+00,1.960399055480957031e+01,1.861527633666992188e+01,1.368622207641601562e+01,1.592699241638183594e+01,1.871750068664550781e+01,2.446089553833007812e+01,2.439814758300781250e+01,2.929266738891601562e+01,2.949155616760253906e+01,2.372165298461914062e+01,1.950587081909179688e+01,2.054151535034179688e+01,2.201862335205078125e+01,1.856369400024414062e+01,1.519874095916748047e+01,1.152253723144531250e+01,1.132110881805419922e+01,9.729595184326171875e+00,8.130676269531250000e+00,7.874310016632080078e+00,1.275335693359375000e+01,7.740045547485351562e+00,5.151913166046142578e+00,2.502445220947265625e+00,6.726268768310546875e+00,3.839483261108398438e+00,2.710441112518310547e+00,5.947571277618408203e+00,7.902913689613342285e-01,-4.434313774108886719e+00,2.799336433410644531e+00,1.052438163757324219e+01,-1.355732679367065430e+00,-3.932437181472778320e+00,2.126293182373046875e+00,6.335243701934814453e+00,1.087148284912109375e+01,2.127233123779296875e+01,2.500328636169433594e+01,2.520293045043945312e+01,2.415835380554199219e+01,2.943813514709472656e+01,2.981384849548339844e+01,2.393791198730468750e+01,2.489277648925781250e+01,2.494061088562011719e+01,1.270153903961181641e+01,2.887537956237792969e+00,3.529826641082763672e+00,5.540539741516113281e+00,1.084882354736328125e+01,1.429945945739746094e+01,1.376624488830566406e+01,1.699710845947265625e+01,1.559644699096679688e+01,1.338718605041503906e+01,1.539557361602783203e+01,2.335981369018554688e+01,2.072765731811523438e+01,2.081612014770507812e+01,2.561308288574218750e+01,2.781340599060058594e+01,2.253787040710449219e+01,2.395644187927246094e+01,2.737094116210937500e+01,2.680978775024414062e+01,2.413482475280761719e+01,2.287392616271972656e+01,1.965998077392578125e+01,1.762306022644042969e+01,1.331445312500000000e+01,1.160240364074707031e+01,7.220600605010986328e+00,9.686349868774414062e+00,8.533485412597656250e+00,1.024917984008789062e+01,7.545114517211914062e+00,6.598441123962402344e+00,1.209982204437255859e+01,1.265472221374511719e+01,8.881048202514648438e+00,1.252393436431884766e+01,8.605382919311523438e+00,6.724071502685546875e+00,1.263033771514892578e+01,1.629197120666503906e+01,1.787677764892578125e+01,1.613798713684082031e+01,1.434719657897949219e+01,1.838961982727050781e+01,2.065763092041015625e+01,1.632810020446777344e+01,1.112375831604003906e+01,1.764088249206542969e+01,2.098948478698730469e+01,2.009079360961914062e+01,1.714767074584960938e+01,1.588604831695556641e+01,1.918149948120117188e+01,1.825714111328125000e+01,1.579640769958496094e+01,1.974113655090332031e+01,2.000319671630859375e+01,1.942952156066894531e+01,1.646374130249023438e+01,1.557422924041748047e+01,1.267106151580810547e+01,1.389820671081542969e+01,1.983735847473144531e+01,1.987351608276367188e+01,2.070144081115722656e+01,1.799827194213867188e+01,1.612500381469726562e+01,2.084606933593750000e+01,2.065874862670898438e+01,2.033168601989746094e+01,2.522169494628906250e+01,2.661423492431640625e+01,2.509922409057617188e+01,1.974405288696289062e+01,9.719436645507812500e+00,-2.944522857666015625e+00,-3.919958114624023438e+00,2.247076511383056641e+00,9.826625823974609375e+00,1.416592788696289062e+01,1.806961631774902344e+01,1.607042312622070312e+01,6.430545806884765625e+00,9.799343109130859375e+00,1.460464477539062500e+01,1.658210563659667969e+01,1.944201278686523438e+01,2.103775787353515625e+01,2.262716865539550781e+01,2.457384109497070312e+01,2.156225204467773438e+01,2.182025909423828125e+01,1.765158271789550781e+01,1.160517692565917969e+01,8.250762939453125000e+00,4.187262058258056641e+00,3.438296318054199219e+00,4.285557746887207031e+00,5.326531887054443359e+00,1.185663986206054688e+01,1.596325969696044922e+01,1.287169837951660156e+01,1.915683364868164062e+01,2.186845016479492188e+01,1.589113712310791016e+01,1.495074844360351562e+01,1.633655357360839844e+01,2.098796081542968750e+01,1.883663940429687500e+01,1.531630706787109375e+01,7.722341060638427734e+00,6.493464708328247070e-01,-3.924250841140747070e+00,-3.442169427871704102e+00,5.467100620269775391e+00,7.250903129577636719e+00,1.052468109130859375e+01,7.944952011108398438e+00,5.552005767822265625e+00,1.067188072204589844e+01,2.035533905029296875e+01,2.028224945068359375e+01,2.325402641296386719e+01,2.194298553466796875e+01,2.318498420715332031e+01,2.206839752197265625e+01,1.981816482543945312e+01,1.984188652038574219e+01,1.121238136291503906e+01,1.284414482116699219e+01,1.420621299743652344e+01,1.328056716918945312e+01,1.925164985656738281e+01,1.944881439208984375e+01,1.523082637786865234e+01,1.151593208312988281e+01,9.161424636840820312e+00,6.716921806335449219e+00,4.458428382873535156e+00,1.104967594146728516e+00,-6.082214117050170898e-01,5.636241912841796875e+00,1.136475467681884766e+01,1.075577354431152344e+01,8.695573806762695312e+00,-1.770522832870483398e+00,7.096897125244140625e+00,1.356772422790527344e+01,6.928813934326171875e+00,-2.791942119598388672e+00,-4.164059638977050781e+00,3.109122514724731445e+00,1.777307128906250000e+01,2.820911788940429688e+01,3.280482101440429688e+01,3.060041427612304688e+01,2.530603027343750000e+01,1.660466766357421875e+01,1.217474937438964844e+01,2.028911972045898438e+01,2.532209396362304688e+01,1.858588409423828125e+01,1.138731861114501953e+01,1.017092704772949219e+01,1.074608612060546875e+01,7.787197113037109375e+00,9.862851142883300781e+00,1.377634429931640625e+01,8.283433914184570312e+00,6.523012161254882812e+00,4.936596870422363281e+00,3.567886352539062500e+00,-1.556843996047973633e+00,-2.678653717041015625e+00,-1.421858787536621094e+00,2.887393951416015625e+00,9.756530761718750000e+00,1.267149925231933594e+01,1.582013702392578125e+01,2.007515335083007812e+01,1.906505584716796875e+01,1.122108078002929688e+01,3.256550550460815430e+00,6.876558303833007812e+00,1.969797897338867188e+01,2.328819656372070312e+01,1.959912490844726562e+01,2.097463226318359375e+01,1.641401481628417969e+01,7.318377494812011719e+00,4.966942787170410156e+00,6.429894447326660156e+00,1.665536403656005859e+00,1.381190896034240723e+00,9.521491050720214844e+00,1.389613914489746094e+01,1.569283485412597656e+01,1.937806129455566406e+01,1.940422248840332031e+01,1.869961547851562500e+01,1.630279922485351562e+01,1.620783805847167969e+01,1.884847831726074219e+01,1.750525665283203125e+01,1.644113159179687500e+01,1.152963256835937500e+01,1.328643417358398438e+01,1.432298469543457031e+01,1.659370040893554688e+01,1.626071548461914062e+01,1.504681587219238281e+01,1.428078079223632812e+01,1.528783798217773438e+01,1.711449050903320312e+01,1.578399848937988281e+01,1.147793197631835938e+01,1.164538192749023438e+01,9.324096679687500000e+00,1.069514656066894531e+01,1.520909786224365234e+01,8.031404495239257812e+00,1.932662963867187500e+00,1.199959468841552734e+01,1.174609470367431641e+01,1.781821060180664062e+01,2.011067199707031250e+01,1.525306129455566406e+01,1.038283157348632812e+01,9.687480926513671875e+00,1.068086624145507812e+01,1.265612888336181641e+01,1.666390037536621094e+01,1.709476470947265625e+01,2.200672340393066406e+01,2.261086654663085938e+01,1.557807922363281250e+01,2.017987060546875000e+01,2.197050094604492188e+01,1.613367652893066406e+01,5.421280384063720703e+00,3.273989200592041016e+00,5.954235076904296875e+00,6.660539627075195312e+00,9.195838928222656250e+00,1.297485542297363281e+01,1.718725204467773438e+01,1.592916297912597656e+01,2.040289878845214844e+01,2.162894630432128906e+01,2.429280853271484375e+01,2.270850372314453125e+01,1.969999313354492188e+01,1.872353744506835938e+01,1.794104766845703125e+01,1.297613716125488281e+01,1.649154663085937500e+01,1.655130767822265625e+01,1.941525840759277344e+01,2.132152175903320312e+01,2.275188446044921875e+01,2.323618698120117188e+01,2.271136474609375000e+01,1.971926498413085938e+01,1.845714569091796875e+01,1.997127532958984375e+01,2.123262405395507812e+01,1.822454071044921875e+01,2.119498443603515625e+01,2.498492431640625000e+01,1.462045478820800781e+01,6.727241039276123047e+00,1.366784811019897461e+00,6.218075752258300781e+00,1.443194770812988281e+01,1.888315963745117188e+01,2.657996749877929688e+01,2.482164764404296875e+01,1.301623821258544922e+01,5.597840309143066406e+00,7.557394504547119141e+00,3.633803844451904297e+00,-3.055846691131591797e+00,-1.366406679153442383e-01,4.248530387878417969e+00,3.890312910079956055e+00,1.595060634613037109e+01,2.313526535034179688e+01,2.120152091979980469e+01,2.812452697753906250e+01,2.685369873046875000e+01,1.592514419555664062e+01,3.774150371551513672e+00,-1.077043771743774414e+00,2.819946765899658203e+00,-2.494583129882812500e+00,-1.102052569389343262e+00,9.707837104797363281e+00,1.265331459045410156e+01,5.801180839538574219e+00,2.526568889617919922e+00,6.847681045532226562e+00,8.314121246337890625e+00,7.182962417602539062e+00,1.138235950469970703e+01,1.558081912994384766e+01,2.111680030822753906e+01,1.953447914123535156e+01,1.624522399902343750e+01,1.236147212982177734e+01,9.932538986206054688e+00,1.113543033599853516e+01,1.840641784667968750e+01,2.302548599243164062e+01,2.363702392578125000e+01,2.561725616455078125e+01,1.354645919799804688e+01,8.186639785766601562e+00,1.470531558990478516e+01,2.010400772094726562e+01,1.611647033691406250e+01,1.045522403717041016e+01,8.465326309204101562e+00,1.147030735015869141e+01,1.457018756866455078e+01,1.315124893188476562e+01,1.063058471679687500e+01,1.257824707031250000e+01,1.378506469726562500e+01,1.437477874755859375e+01,1.414006996154785156e+01,1.458163452148437500e+01,1.325147056579589844e+01,1.635815048217773438e+01,1.576530265808105469e+01,8.763751029968261719e+00,3.174180507659912109e+00,1.585617542266845703e+00,8.492700576782226562e+00,1.147002601623535156e+01,9.688620567321777344e+00,6.057614803314208984e+00,9.556915283203125000e+00,1.151212310791015625e+01,1.804548025131225586e+00,-4.429966926574707031e+00,-6.266858100891113281e+00,-5.671022415161132812e+00,-6.414827823638916016e+00,3.974120616912841797e+00,6.527748584747314453e+00,5.249329566955566406e+00,5.890287399291992188e+00,9.408975601196289062e+00,8.982237815856933594e+00,1.184848403930664062e+01,1.292277336120605469e+01,1.628444671630859375e+01,1.514632987976074219e+01,1.780764579772949219e+01,2.145345115661621094e+01,2.568207168579101562e+01,3.291921997070312500e+01,3.264126968383789062e+01,2.220608139038085938e+01,7.938335418701171875e+00,4.547543525695800781e+00,1.060996246337890625e+01,1.759631347656250000e+01,2.264893722534179688e+01,1.957161331176757812e+01,2.141764831542968750e+01,2.216622161865234375e+01,2.290738105773925781e+01,2.268417930603027344e+01,2.238370513916015625e+01,9.124030113220214844e+00,8.973955154418945312e+00,1.259550476074218750e+01,1.427147006988525391e+01,2.252365875244140625e+01,2.798785972595214844e+01,2.070141220092773438e+01,1.638584518432617188e+01,1.233443450927734375e+01,1.303033447265625000e+01,1.779228591918945312e+01,1.893293571472167969e+01,2.284348678588867188e+01,2.139006805419921875e+01,1.373641014099121094e+01,1.822780990600585938e+01,1.223081684112548828e+01,7.729069709777832031e+00,1.213020706176757812e+01,7.046981811523437500e+00,1.564974212646484375e+01,1.744917297363281250e+01,1.511987400054931641e+01,1.788498687744140625e+01,1.604204940795898438e+01,2.037666893005371094e+01,2.064797210693359375e+01,1.877975463867187500e+01,1.631129074096679688e+01,1.551678466796875000e+01,1.975035095214843750e+01,1.986188507080078125e+01,1.463009929656982422e+01,1.308327674865722656e+01,1.233756065368652344e+01,1.951417732238769531e+01,1.574033164978027344e+01,9.846181869506835938e+00,1.686029434204101562e+01,1.282191085815429688e+01,6.848653316497802734e+00,-5.320933341979980469e+00,-9.575210571289062500e+00,-1.492507934570312500e+01,-1.709628486633300781e+01,-1.583348751068115234e+00,4.722600936889648438e+00,6.067960739135742188e+00,1.127622604370117188e+01,-1.573941707611083984e-01,-6.906648159027099609e+00,-5.747475624084472656e+00,-5.660907030105590820e-01,6.772680759429931641e+00,1.181021881103515625e+01,7.758257865905761719e+00,6.674690246582031250e+00,5.021162986755371094e+00,5.678392887115478516e+00,1.082813835144042969e+01,7.057765007019042969e+00,9.646438598632812500e+00,1.167314052581787109e+01,9.894405364990234375e+00,5.074693679809570312e+00,1.109378218650817871e+00,8.071711540222167969e+00,6.797986030578613281e+00,1.460324525833129883e+00,1.071605682373046875e+00,-3.278353214263916016e+00,-3.855919837951660156e+00,-2.262294530868530273e+00,-2.772361755371093750e+00,-4.605480194091796875e+00,-6.258636474609375000e+00,-2.361406087875366211e+00,1.654337525367736816e+00,7.537518501281738281e+00,6.379862785339355469e+00,9.583639144897460938e+00,1.057534217834472656e+01,1.929057312011718750e+01,2.158993530273437500e+01,2.075522994995117188e+01,2.237770652770996094e+01,1.968051147460937500e+01,2.123200607299804688e+01,2.315060806274414062e+01,1.891306495666503906e+01,1.755785942077636719e+01,1.988537406921386719e+01,1.338650226593017578e+01,1.055704689025878906e+01,9.601655006408691406e+00,1.242844581604003906e+01,1.266512870788574219e+01,7.996533393859863281e+00,1.560857772827148438e+00,-3.734863042831420898e+00,6.927052021026611328e+00,1.393845176696777344e+01,1.120827484130859375e+01,1.039654064178466797e+01,6.633737087249755859e+00,6.448217868804931641e+00,9.033473968505859375e+00,1.035050773620605469e+01,1.277470016479492188e+01,1.703937530517578125e+01,2.378221130371093750e+01,2.739146423339843750e+01,2.512436676025390625e+01,2.456644439697265625e+01,2.766645240783691406e+01,3.001478195190429688e+01,2.271600723266601562e+01,2.696743392944335938e+01,2.598518562316894531e+01,2.579439544677734375e+01,2.435325813293457031e+01,2.610018157958984375e+01,2.043026733398437500e+01,1.805018997192382812e+01,2.647144699096679688e+01,2.439354324340820312e+01,1.576174736022949219e+01,1.729130172729492188e+01,2.021021080017089844e+01,1.316056728363037109e+01,1.605488395690917969e+01,1.557602405548095703e+01,1.722277450561523438e+01,1.802368164062500000e+01,1.618093872070312500e+01,1.216314125061035156e+01,1.726749420166015625e+01,1.721562957763671875e+01,1.042421150207519531e+01,1.334239959716796875e+01,1.640419578552246094e+01,1.750238800048828125e+01,1.376847839355468750e+01,1.080711078643798828e+01,1.515570259094238281e+01,1.694699478149414062e+01,1.464929771423339844e+01,1.771450424194335938e+01,1.893540573120117188e+01,1.419789314270019531e+01,1.754589843750000000e+01,2.092464828491210938e+01,1.541915321350097656e+01,1.652719116210937500e+01,1.672466850280761719e+01,1.661193275451660156e+01,1.273049545288085938e+01,8.722004890441894531e+00,7.484979152679443359e+00,1.778784561157226562e+01,2.095006561279296875e+01,2.584173393249511719e+01,2.495631790161132812e+01,2.002234458923339844e+01,1.701280593872070312e+01,1.017969131469726562e+01,1.927977371215820312e+01,2.002169799804687500e+01,1.992075347900390625e+01,1.782209396362304688e+01,1.613167572021484375e+01,1.478899383544921875e+01,1.111402130126953125e+01,1.296160697937011719e+01,1.721777343750000000e+01,1.619260597229003906e+01,1.363246154785156250e+01,1.205361080169677734e+01,1.298944282531738281e+01,1.292617225646972656e+01,1.788445472717285156e+01,1.780947875976562500e+01,1.881013107299804688e+01,2.173045349121093750e+01,1.819325447082519531e+01,5.302276611328125000e+00,-3.052617549896240234e+00,-7.486571311950683594e+00,-4.597265243530273438e+00,-5.511423110961914062e+00,-9.622943878173828125e+00,-6.179583072662353516e+00,8.155553340911865234e-01,1.390133190155029297e+01,2.048412895202636719e+01,2.538340950012207031e+01,2.738229179382324219e+01,3.068527793884277344e+01,3.176279258728027344e+01,2.369979095458984375e+01,2.020806503295898438e+01,3.469651031494140625e+01,3.482112884521484375e+01,3.544342041015625000e+01,2.419905281066894531e+01,1.351907920837402344e+01,1.443800640106201172e+01,1.667105484008789062e+01,5.956259727478027344e+00,-5.683441638946533203e+00,-4.706103324890136719e+00,-6.793152689933776855e-01,-1.541865587234497070e+00,-1.062354743480682373e-01,1.686070799827575684e+00,4.137897491455078125e+00,5.081951618194580078e+00,9.659640789031982422e-01,-1.198100805282592773e+00,2.868125736713409424e-01,2.484100818634033203e+00,1.163286781311035156e+01,1.111327552795410156e+01,2.544601440429687500e+00,1.665331006050109863e+00,7.219896793365478516e+00,9.063546180725097656e+00,8.039617538452148438e+00,7.228083610534667969e+00,6.116575717926025391e+00,6.086150169372558594e+00,1.000454902648925781e+01,1.127975654602050781e+01,9.210208892822265625e+00,3.282608270645141602e+00,-2.333154678344726562e+00,-5.971238136291503906e+00,-7.092257738113403320e-01,8.072107315063476562e+00,1.076875019073486328e+01,4.554436683654785156e+00,1.078023076057434082e+00,-1.567107558250427246e+00,4.305933952331542969e+00,1.402413654327392578e+01,2.311116790771484375e+01,1.883195495605468750e+01,1.718936347961425781e+01,1.682742118835449219e+01,1.020596885681152344e+01,6.171479225158691406e+00,1.145434188842773438e+01,1.093565940856933594e+01,1.315929031372070312e+01,1.380722618103027344e+01,1.161073303222656250e+01,1.408140277862548828e+01,1.373447608947753906e+01,9.852468490600585938e+00,6.066910743713378906e+00,8.598962783813476562e+00,1.120458030700683594e+01,1.751511001586914062e+01,1.720260238647460938e+01,1.995059967041015625e+01,2.114737129211425781e+01,1.904976654052734375e+01,1.726296424865722656e+01,1.586602115631103516e+01,1.803452682495117188e+01,2.027724838256835938e+01,1.928596496582031250e+01,1.877718353271484375e+01,2.167314529418945312e+01,2.036823654174804688e+01,1.813352966308593750e+01,1.423365974426269531e+01,1.364820671081542969e+01,1.596373748779296875e+01,1.192865371704101562e+01,1.256489181518554688e+01,1.845860671997070312e+01,2.169170379638671875e+01,1.436992454528808594e+01,1.008477020263671875e+01,8.126860618591308594e+00,9.282655715942382812e+00,1.490935897827148438e+01,1.949811935424804688e+01,1.278371143341064453e+01,1.358761787414550781e+01,1.119375419616699219e+01,1.280162811279296875e+01,1.644378280639648438e+01,1.553627204895019531e+01,2.422413444519042969e+01,1.892164993286132812e+01,1.542857170104980469e+01,1.628627204895019531e+01,1.452233219146728516e+01,1.920160293579101562e+01,1.782458305358886719e+01,1.269865894317626953e+01,1.696091461181640625e+01,2.118641853332519531e+01,1.423097038269042969e+01,1.195037937164306641e+01,1.151852989196777344e+01,1.724934005737304688e+01,1.825179100036621094e+01,1.768124771118164062e+01,1.703573608398437500e+01,1.956938362121582031e+01,1.379051494598388672e+01,9.872616767883300781e+00,5.529369831085205078e+00,1.112612819671630859e+01,1.176870250701904297e+01,1.365471458435058594e+01,1.908106994628906250e+01,1.375064468383789062e+01,2.822969913482666016e+00,3.652076721191406250e+00,9.650020599365234375e+00,1.089821434020996094e+01,1.181558322906494141e+01,1.031171894073486328e+01,5.304373741149902344e+00,2.974378108978271484e+00,2.477773904800415039e+00,3.422517299652099609e+00,3.536242961883544922e+00,-4.164789319038391113e-01,8.789055943489074707e-01,2.233740568161010742e+00,2.837829828262329102e+00,4.142426490783691406e+00,7.309077262878417969e+00,7.032582283020019531e+00,9.268411636352539062e+00,1.116543579101562500e+01,1.150084114074707031e+01,1.543520069122314453e+01,1.470454120635986328e+01,1.603826141357421875e+01,1.801981353759765625e+01,1.532330894470214844e+01,9.708927154541015625e+00,9.213108062744140625e+00,1.867191886901855469e+01,1.637776947021484375e+01,1.191451072692871094e+01,1.148459434509277344e+01,1.107021903991699219e+01,1.120244884490966797e+01,1.310955429077148438e+01,1.388472747802734375e+01,1.120332431793212891e+01,1.427032089233398438e+01,1.794839096069335938e+01,2.203290557861328125e+01,1.835067558288574219e+01,1.482760238647460938e+01,2.024136161804199219e+01,1.518148994445800781e+01,1.569224929809570312e+01,2.057557296752929688e+01,1.992414093017578125e+01,1.927218437194824219e+01,1.507523727416992188e+01,1.276876258850097656e+01,1.811174392700195312e+01,1.264927196502685547e+01,1.054661154747009277e+00,-5.964041709899902344e+00,-8.246375083923339844e+00,-7.636340141296386719e+00,-7.731385707855224609e+00,-2.348199605941772461e+00,3.973169803619384766e+00,8.277267456054687500e+00,1.212418079376220703e+01,1.000869750976562500e+01,1.059429454803466797e+01,1.187225532531738281e+01,1.409734725952148438e+01,2.188843536376953125e+01,2.631008911132812500e+01,1.880080604553222656e+01,1.520680427551269531e+01,1.231446361541748047e+01,6.570961952209472656e+00,-1.197000861167907715e+00,-1.207538032531738281e+01,-1.861448669433593750e+01,-1.700670623779296875e+01,-1.263621997833251953e+01,-7.510326385498046875e+00,-3.657245635986328125e+00,-6.223800659179687500e+00,-3.884333133697509766e+00,-1.108326077461242676e+00,-1.090370559692382812e+01,-1.334434318542480469e+01,-8.695089340209960938e+00,-6.090328216552734375e+00,-3.918522834777832031e+00,-4.386037826538085938e+00,-2.666996717453002930e-01,5.441699028015136719e+00,8.301283836364746094e+00,8.321340560913085938e+00,1.119567489624023438e+01,9.877912521362304688e+00,7.764979362487792969e+00,7.486288070678710938e+00,1.190153694152832031e+01,8.599420547485351562e+00,4.246864318847656250e+00,6.975401878356933594e+00,7.776480674743652344e+00,6.921826362609863281e+00,9.413390159606933594e+00,1.042817974090576172e+01,1.766274642944335938e+01,1.960252761840820312e+01,2.218319320678710938e+01,2.673457145690917969e+01,2.373069763183593750e+01,2.627544784545898438e+01,2.995512390136718750e+01,2.778873825073242188e+01,2.252626800537109375e+01,1.813595199584960938e+01,2.381981658935546875e+01,2.127933883666992188e+01,2.676077270507812500e+01,2.510343933105468750e+01,1.915654373168945312e+01,1.619197273254394531e+01,1.654312133789062500e+01,1.965748023986816406e+01,1.272631645202636719e+01,1.232239532470703125e+01,1.072540855407714844e+01,1.058784675598144531e+01,1.270773124694824219e+01,8.302722930908203125e+00,1.021809291839599609e+01,1.631631469726562500e+01,1.677490043640136719e+01,1.705849266052246094e+01,1.992418098449707031e+01,2.045912551879882812e+01,2.119719696044921875e+01,1.536978149414062500e+01,1.363401699066162109e+01,1.173524093627929688e+01,9.904285430908203125e+00,1.543839836120605469e+01,1.474367141723632812e+01,1.152612304687500000e+01,1.196598911285400391e+01,1.185337066650390625e+01,1.201881980895996094e+01,1.227410125732421875e+01,1.200557136535644531e+01,1.047007369995117188e+01,1.539049339294433594e+01,1.562365245819091797e+01,1.261409378051757812e+01,1.780260086059570312e+01,1.652624320983886719e+01,3.039137840270996094e+00,-3.900882720947265625e+00,-2.505413055419921875e+00,-2.674057960510253906e+00,1.957037806510925293e+00,9.981885910034179688e+00,2.470890522003173828e+00,-7.491699218750000000e+00,-1.507276535034179688e+01,-1.432075309753417969e+01,-1.075416469573974609e+01,-6.866166114807128906e+00,1.797518968582153320e+00,1.029529953002929688e+01,1.421526432037353516e+01,1.475260734558105469e+01,1.507109451293945312e+01,2.012259674072265625e+01,1.997043228149414062e+01,1.648733711242675781e+01,1.758609771728515625e+01,1.791949081420898438e+01,1.264829254150390625e+01,1.373808288574218750e+01,1.798274993896484375e+01,1.523661422729492188e+01,1.573591327667236328e+01,1.915418815612792969e+01,1.787871360778808594e+01,1.569530773162841797e+01,1.416642189025878906e+01,1.790926361083984375e+01,1.956544876098632812e+01,1.571881484985351562e+01,1.129955387115478516e+01,9.384983062744140625e+00,7.079751968383789062e+00,7.763701915740966797e+00,8.405993461608886719e+00,1.099953460693359375e+01,1.309053039550781250e+01,3.469083786010742188e+00,5.078580856323242188e+00,1.167993545532226562e+01,1.674187850952148438e+01,1.694465827941894531e+01,1.977178192138671875e+01,1.827526473999023438e+01,1.339702224731445312e+01,1.206977653503417969e+01,1.299327468872070312e+01,1.685778808593750000e+01,1.247725296020507812e+01,6.208212375640869141e+00,4.285343647003173828e+00,4.591951370239257812e+00,6.512674331665039062e+00,4.669784545898437500e+00,6.738267898559570312e+00,7.673727989196777344e+00,2.574289798736572266e+00,-2.849686145782470703e+00,-1.945533037185668945e+00,-1.109360933303833008e+00,1.672632336616516113e+00,4.234864711761474609e+00,-9.239826202392578125e+00,-8.669580459594726562e+00,-4.980353355407714844e+00,2.794324874877929688e+00,8.624129295349121094e+00,1.167164039611816406e+01,1.366106414794921875e+01,1.221867561340332031e+01,1.066217994689941406e+01,7.812171936035156250e+00,1.110996246337890625e+01,1.294012546539306641e+01,1.183310890197753906e+01,7.808456420898437500e+00,5.477142810821533203e+00,7.664220333099365234e+00,8.990064620971679688e+00,1.045763015747070312e+01,8.748382568359375000e+00,6.347906589508056641e+00,9.912222862243652344e+00,1.470913219451904297e+01,1.496197319030761719e+01,1.698176383972167969e+01,1.049349689483642578e+01,7.416406631469726562e+00,1.295812797546386719e+01,1.718620872497558594e+01,1.295131492614746094e+01,1.032024765014648438e+01,1.400286579132080078e+01,1.472894668579101562e+01,1.984779357910156250e+01,1.526619815826416016e+01,2.594044804573059082e-01,-8.007742881774902344e+00,-6.754349708557128906e+00,-4.643915176391601562e+00,-2.565146207809448242e+00,1.191932559013366699e+00,8.691072463989257812e+00,1.412672424316406250e+01,1.666785049438476562e+01,1.846421432495117188e+01,1.243587303161621094e+01,6.712228775024414062e+00,9.464382171630859375e+00,1.046329975128173828e+01,1.226864051818847656e+01,1.736208343505859375e+01,1.988831710815429688e+01,1.402805137634277344e+01,1.169126605987548828e+01,1.517321491241455078e+01,1.638010025024414062e+01,1.980737304687500000e+01,2.162498855590820312e+01,1.831401824951171875e+01,2.124104499816894531e+01,1.132560157775878906e+01,4.899549484252929688e+00,2.282076835632324219e+00,-4.376667976379394531e+00,-2.048497200012207031e+00,9.871351242065429688e+00,1.120243453979492188e+01,9.488374710083007812e+00,1.223951816558837891e+01,1.640535831451416016e+00,2.669420540332794189e-01,7.603662490844726562e+00,1.257801151275634766e+01,2.114594650268554688e+01,2.573218917846679688e+01,2.728628540039062500e+01,2.447986412048339844e+01,2.127151870727539062e+01,1.884586334228515625e+01,2.018318557739257812e+01,2.680127334594726562e+01,2.675158309936523438e+01,2.565345764160156250e+01,2.663295364379882812e+01,2.756002044677734375e+01,2.669257736206054688e+01,1.903111839294433594e+01,9.520397186279296875e+00,7.881573677062988281e+00,1.094182968139648438e+01,1.010800647735595703e+01,6.567711830139160156e+00,6.639079093933105469e+00,7.986502170562744141e+00,3.413820266723632812e+00,4.568572998046875000e+00,5.921163082122802734e+00,7.795889854431152344e+00,1.335894966125488281e+01,1.668705940246582031e+01,1.528498744964599609e+01,1.521276950836181641e+01,8.351762771606445312e+00,5.573970794677734375e+00,4.994607925415039062e+00,1.883470916748046875e+01,3.024712181091308594e+01,3.167573165893554688e+01,2.784566116333007812e+01,2.436709976196289062e+01,2.448972320556640625e+01,2.836232376098632812e+01,3.306922912597656250e+01,3.369450378417968750e+01,3.565469360351562500e+01,3.213198089599609375e+01,2.737904357910156250e+01,2.589301490783691406e+01,2.490384101867675781e+01,2.126387405395507812e+01,2.020935440063476562e+01,1.858508682250976562e+01,1.421167278289794922e+01,1.332281970977783203e+01,1.574159049987792969e+01,2.324125671386718750e+01,2.461661911010742188e+01,1.967861938476562500e+01,2.174920272827148438e+01,1.680645751953125000e+01,1.410311317443847656e+01,1.519773483276367188e+01,1.894366073608398438e+01,1.839408111572265625e+01,1.716545104980468750e+01,1.622797393798828125e+01,1.755115509033203125e+01,1.647219085693359375e+01,1.363586044311523438e+01,1.430627632141113281e+01,1.218863677978515625e+01,1.097303771972656250e+01,7.534530639648437500e+00,1.006316566467285156e+01,1.441150379180908203e+01,1.192534446716308594e+01,1.924523925781250000e+01,2.286109542846679688e+01,1.608676528930664062e+01,1.419735717773437500e+01,1.319516754150390625e+01,1.939929962158203125e+01,1.812235069274902344e+01,1.878623008728027344e+01,2.192039871215820312e+01,1.982137298583984375e+01,1.866917037963867188e+01,1.639187622070312500e+01,1.749833679199218750e+01,2.277814865112304688e+01,2.527094650268554688e+01,1.539181995391845703e+01,-8.507031202316284180e-02,-6.607559204101562500e+00,-9.318353652954101562e+00,-6.726667881011962891e+00,-3.490569591522216797e+00,-1.112835884094238281e+00,-8.426805496215820312e+00,-6.242077350616455078e+00,-5.384449005126953125e+00,-5.770339012145996094e+00,-4.163727760314941406e-01,6.327091217041015625e+00,-1.314012169837951660e+00,-1.081939315795898438e+01,-9.708789825439453125e+00,-5.651567459106445312e+00,-1.979198932647705078e+00,5.202568531036376953e+00,7.753396034240722656e+00,9.955312728881835938e+00,5.774216651916503906e+00,6.869683265686035156e+00,1.311734390258789062e+01,1.163114356994628906e+01,1.127495765686035156e+01,1.599260330200195312e+01,1.676091575622558594e+01,1.807807540893554688e+01,2.135895347595214844e+01,1.745109939575195312e+01,1.185432243347167969e+01,4.883425712585449219e+00,-3.666656970977783203e+00,-3.240046977996826172e+00,-1.766130208969116211e+00,2.520600795745849609e+00,2.398304224014282227e+00,1.279737353324890137e+00,2.892702341079711914e+00,3.195063591003417969e+00,3.565060853958129883e+00,8.215990066528320312e+00,1.398001670837402344e+01,1.442634773254394531e+01,2.440686416625976562e+01,2.645024681091308594e+01,2.491199874877929688e+01,1.938022613525390625e+01,1.254192733764648438e+01,1.103063106536865234e+01,4.791688919067382812e+00,5.232186794281005859e+00,7.460524559020996094e+00,3.759896457195281982e-01,-5.293284416198730469e+00,-2.135020494461059570e+00,1.481314897537231445e+00,3.796044290065765381e-01,1.994378662109375000e+01,2.423916244506835938e+01,2.230760955810546875e+01,1.736068344116210938e+01,9.346368789672851562e+00,1.341581702232360840e+00,1.486239433288574219e+00,3.853016376495361328e+00,7.114093303680419922e+00,1.340071105957031250e+01,1.974821281433105469e+01,2.121364593505859375e+01,1.884994506835937500e+01,2.246849060058593750e+01,2.085449981689453125e+01,1.982811355590820312e+01,1.706226730346679688e+01,1.522485828399658203e+01,1.426373481750488281e+01,1.270523643493652344e+01,1.366251277923583984e+01,1.003728485107421875e+01,8.753121376037597656e+00,6.071208953857421875e+00,5.668408393859863281e+00,5.547986030578613281e+00,7.704279899597167969e+00,1.082249450683593750e+01,1.635142135620117188e+01,1.694424819946289062e+01,1.580643653869628906e+01,1.899078369140625000e+01,1.619890403747558594e+01,1.713458442687988281e+01,1.365309524536132812e+01,9.334591865539550781e+00,1.392889785766601562e+01,1.187626457214355469e+01,8.311964035034179688e+00,1.294141864776611328e+01,1.423717308044433594e+01,1.276512145996093750e+01,1.242153930664062500e+01,8.909547805786132812e+00,1.295537567138671875e+01,1.770705986022949219e+01,1.923127174377441406e+01,2.195627593994140625e+01,2.097370147705078125e+01,2.232354354858398438e+01,2.412864303588867188e+01,2.305264854431152344e+01,2.136121749877929688e+01,1.921147918701171875e+01,2.139883995056152344e+01,2.410520553588867188e+01,2.624076080322265625e+01,2.319024658203125000e+01,2.387228775024414062e+01,2.206128120422363281e+01,2.011981582641601562e+01,2.201459121704101562e+01,2.548306846618652344e+01,2.128957366943359375e+01,1.941685867309570312e+01,1.876208877563476562e+01,1.960650062561035156e+01,1.423540496826171875e+01,1.053957939147949219e+01,1.130996131896972656e+01,1.258944511413574219e+01,1.246838951110839844e+01,1.385108184814453125e+01,1.155805587768554688e+01,1.716527938842773438e+01,2.050825119018554688e+01,2.017164611816406250e+01,1.921540832519531250e+01,1.922711181640625000e+01,1.634949302673339844e+01,1.690605545043945312e+01,1.478874778747558594e+01,1.388164615631103516e+01,1.592357349395751953e+01,1.560002994537353516e+01,1.764111900329589844e+01,2.327966308593750000e+01,2.237491607666015625e+01,1.361146545410156250e+01,1.735213661193847656e+01,2.667200660705566406e+01,2.602027893066406250e+01,2.267613601684570312e+01,1.681127166748046875e+01,1.165874004364013672e+01,1.785339736938476562e+01,1.228101158142089844e+01,7.551965713500976562e+00,7.456748962402343750e+00,1.036342811584472656e+01,1.099515533447265625e+01,1.452144050598144531e+01,2.891757774353027344e+01,3.462789916992187500e+01,3.643448257446289062e+01,3.420602416992187500e+01,3.684558868408203125e+01,3.531164932250976562e+01,3.116194152832031250e+01,2.302160263061523438e+01,2.688383483886718750e+01,3.496923828125000000e+01,3.928868865966796875e+01,3.658763885498046875e+01,3.349256896972656250e+01,3.152473068237304688e+01,2.722006607055664062e+01,2.375357055664062500e+01,3.367339324951171875e+01,3.861209869384765625e+01,3.434694671630859375e+01,3.145578384399414062e+01,2.709114646911621094e+01,1.813527870178222656e+01,9.976296424865722656e+00,1.045151138305664062e+01,1.827709007263183594e+01,1.400929641723632812e+01,1.602484321594238281e+01,2.380599212646484375e+01,2.322604751586914062e+01,1.788364028930664062e+01,1.423120498657226562e+01,9.407283782958984375e+00,7.306817054748535156e+00,9.794429779052734375e+00,1.412448883056640625e+01,1.426412200927734375e+01,6.063115596771240234e+00,-1.059235095977783203e+00,2.762104511260986328e+00,6.088379859924316406e+00,3.878607749938964844e+00,-1.363168478012084961e+00,6.018606662750244141e+00,8.125325202941894531e+00,1.128764724731445312e+01,1.675479125976562500e+01,7.781275272369384766e+00,2.221400737762451172e+00,2.454443931579589844e+00,-3.720841407775878906e+00,-1.129683017730712891e+00,5.583372116088867188e+00,1.703511047363281250e+01,2.132910728454589844e+01,3.097140312194824219e+01,3.774046707153320312e+01,3.341134643554687500e+01,2.459066581726074219e+01,1.125381946563720703e+01,2.462771654129028320e+00,9.110957384109497070e-01,4.329653739929199219e+00,6.890827178955078125e+00,-3.362185359001159668e-01,-2.400333404541015625e+00,-8.619609832763671875e+00,-4.454079627990722656e+00,1.009076404571533203e+01,1.460243034362792969e+01,1.801416206359863281e+01,1.743230247497558594e+01,1.782570266723632812e+01,2.453485679626464844e+01,2.437332153320312500e+01,2.333750534057617188e+01,1.932733154296875000e+01,2.732492828369140625e+01,2.403267288208007812e+01,1.401048755645751953e+01,1.352384376525878906e+01,1.698683929443359375e+01,1.463354110717773438e+01,1.362465858459472656e+01,1.128356075286865234e+01,2.777183771133422852e+00,-1.849033117294311523e+00,-1.919984698295593262e+00,3.946407437324523926e-01,3.863635063171386719e+00,3.748589515686035156e+00,1.353608131408691406e+00,7.905849814414978027e-01,2.637927055358886719e+00,5.682656288146972656e+00,7.102516651153564453e+00,1.923436737060546875e+01,1.594314575195312500e+01,1.054456138610839844e+01,9.349493980407714844e+00,1.233946037292480469e+01,1.575581836700439453e+01,1.821546173095703125e+01,1.118911170959472656e+01,4.488866806030273438e+00,-4.713235497474670410e-01,2.534414052963256836e+00,8.829215049743652344e+00,1.210440349578857422e+01,1.162969398498535156e+01,1.051284980773925781e+01,1.301984310150146484e+01,9.726356506347656250e+00,5.191285133361816406e+00,3.088975429534912109e+00,1.033659338951110840e+00,-1.525299787521362305e+00,1.768167138099670410e+00,5.861128807067871094e+00,1.145991516113281250e+01,6.857522010803222656e+00,1.129475402832031250e+01,9.298646926879882812e+00,9.395677566528320312e+00,1.472609233856201172e+01,1.272916030883789062e+01,1.420878410339355469e+01,1.980075454711914062e+01,1.700999069213867188e+01,1.191918373107910156e+01,1.207046127319335938e+01,1.132124710083007812e+01,4.579558372497558594e+00,-8.128453493118286133e-01,-4.202987670898437500e+00,-3.462732791900634766e+00,-2.731641530990600586e+00,3.135679066181182861e-01,1.517393779754638672e+01,1.393887519836425781e+01,1.357586288452148438e+01,1.606230163574218750e+01,1.711166000366210938e+01,1.073625755310058594e+01,5.867895126342773438e+00,6.165518760681152344e+00,4.537406921386718750e+00,3.224529504776000977e+00,7.636941909790039062e+00,7.459529876708984375e+00,1.350113677978515625e+01,1.040216636657714844e+01,1.067974662780761719e+01,2.057519531250000000e+01,2.381273269653320312e+01,2.541983795166015625e+01,2.398999404907226562e+01,1.876445770263671875e+01,2.404895019531250000e+01,2.530913543701171875e+01,1.776140213012695312e+01,1.865418243408203125e+01,1.467507934570312500e+01,1.343694019317626953e+01,1.464706707000732422e+01,1.862582588195800781e+01,1.867838668823242188e+01,1.180270481109619141e+01,1.207475471496582031e+01,1.696968841552734375e+01,1.960490608215332031e+01,1.531236839294433594e+01,1.053182220458984375e+01,1.091175842285156250e+01,1.244826889038085938e+01,1.482490348815917969e+01,1.893874359130859375e+01,1.759298896789550781e+01,1.494023704528808594e+01,9.906650543212890625e+00,4.261871337890625000e+00,5.068699836730957031e+00,5.537293434143066406e+00,7.932471036911010742e-01,-1.318844556808471680e+00,1.587767958641052246e+00,8.368602752685546875e+00,6.673680305480957031e+00,9.730812072753906250e+00,1.730015373229980469e+01,1.792268753051757812e+01,1.867932128906250000e+01,1.872828292846679688e+01,1.440574645996093750e+01,7.331543922424316406e+00,8.618911743164062500e+00,1.143002414703369141e+01,6.791038513183593750e+00,8.359643936157226562e+00,7.453249931335449219e+00,1.220364761352539062e+01,1.265877819061279297e+01,1.357634258270263672e+01,8.295997619628906250e+00,7.613927841186523438e+00,6.598519802093505859e+00,9.288251876831054688e+00,1.123941040039062500e+01,9.572085380554199219e+00,6.636383056640625000e+00,4.093028068542480469e+00,-1.101181268692016602e+00,9.057272911071777344e+00,1.211222839355468750e+01,4.891348838806152344e+00,5.983404159545898438e+00,1.590843582153320312e+01,1.840767669677734375e+01,1.984689712524414062e+01,2.198580169677734375e+01,1.754333877563476562e+01,9.262599945068359375e+00,6.266936779022216797e+00,2.984122753143310547e+00,5.365082740783691406e+00,1.136140632629394531e+01,1.758220481872558594e+01,1.404359245300292969e+01,1.034818267822265625e+01,1.263276767730712891e+01,1.470819854736328125e+01,1.866662788391113281e+01,1.644655609130859375e+01,1.348319816589355469e+01,1.495460128784179688e+01,1.650271606445312500e+01,1.849686241149902344e+01,2.306456756591796875e+01,1.881468963623046875e+01,1.161426448822021484e+01,9.296987533569335938e+00,1.050071430206298828e+01,9.356082916259765625e+00,7.836074829101562500e+00,1.284004020690917969e+01,1.571300888061523438e+01,1.045995330810546875e+01,1.151695823669433594e+01,1.873078155517578125e+01,1.942564010620117188e+01,1.476212882995605469e+01,1.405312442779541016e+01,1.624118995666503906e+01,1.676910018920898438e+01,1.667677497863769531e+01,1.536714458465576172e+01,1.457970809936523438e+01,1.160665893554687500e+01,1.468654823303222656e+01,1.374737930297851562e+01,1.461452770233154297e+01,1.276767826080322266e+01,1.203497695922851562e+01,2.130092239379882812e+01,2.241017532348632812e+01,4.266775608062744141e+00,1.818886756896972656e+00,6.145935058593750000e+00,1.095270919799804688e+01,1.154816913604736328e+01,5.328782081604003906e+00,4.266821861267089844e+00,6.733240127563476562e+00,1.405255222320556641e+01,2.007567214965820312e+01,2.377095413208007812e+01,2.971882629394531250e+01,3.551053619384765625e+01,3.916717910766601562e+01,3.750914001464843750e+01,3.386431884765625000e+01,3.213373565673828125e+01,2.778638648986816406e+01,3.016924667358398438e+01,3.518746566772460938e+01,4.020148468017578125e+01,4.003288650512695312e+01,4.352519226074218750e+01,4.642905426025390625e+01,4.517063140869140625e+01,4.610372161865234375e+01,4.887887573242187500e+01,4.759367370605468750e+01,4.269971466064453125e+01,3.316967010498046875e+01,1.495098209381103516e+01,2.940272808074951172e+00,5.919281959533691406e+00,1.043953800201416016e+01,1.711875915527343750e+01,2.559533119201660156e+01,2.428764533996582031e+01,1.746060180664062500e+01,1.220087242126464844e+01,1.246382331848144531e+01,1.012749195098876953e+01,1.294056129455566406e+01,1.013241863250732422e+01,1.471718597412109375e+01,1.292263031005859375e+01,8.255245208740234375e+00,9.570737838745117188e+00,1.165496253967285156e+01,1.009819793701171875e+01,6.266064643859863281e+00,1.008474159240722656e+01,1.212845230102539062e+01,1.008076858520507812e+01,7.475625514984130859e+00,6.934287548065185547e+00,1.205174255371093750e+01,1.968700790405273438e+01,1.691224288940429688e+01,1.541306114196777344e+01,1.449342727661132812e+01,8.369482994079589844e+00,1.221405887603759766e+01,1.238546180725097656e+01,1.421703910827636719e+01,1.280867767333984375e+01,1.453214263916015625e+01,1.852890396118164062e+01,1.289797592163085938e+01,1.484121036529541016e+01,2.007786560058593750e+01,1.690222549438476562e+01,1.388354492187500000e+01,1.403984260559082031e+01,7.840887546539306641e+00,2.127027988433837891e+00,4.180652141571044922e+00,3.729109764099121094e+00,1.274480628967285156e+01,2.854489517211914062e+01,3.730460357666015625e+01,3.856700134277343750e+01,3.825765991210937500e+01,3.563236999511718750e+01,3.785240173339843750e+01,4.467097854614257812e+01,4.900154113769531250e+01,4.815913772583007812e+01,4.697264862060546875e+01,4.400210571289062500e+01,4.002610015869140625e+01,3.696511077880859375e+01,3.767941284179687500e+01,3.835804748535156250e+01,3.596422195434570312e+01,3.106142234802246094e+01,2.382375717163085938e+01,1.898453521728515625e+01,1.741730499267578125e+01,1.214849853515625000e+01,4.350195407867431641e+00,6.972261428833007812e+00,7.171526908874511719e+00,1.331876277923583984e+00,6.689817428588867188e+00,1.231499671936035156e+01,1.795894050598144531e+01,2.533286666870117188e+01,3.223217010498046875e+01,3.277228164672851562e+01,3.253358840942382812e+01,2.450512504577636719e+01,1.597677230834960938e+01,1.512445640563964844e+01,2.389372253417968750e+01,2.603281211853027344e+01,2.749749374389648438e+01,2.551603507995605469e+01,2.471844482421875000e+01,2.434422683715820312e+01,1.694774627685546875e+01,1.602359390258789062e+01,1.874422264099121094e+01,1.627237701416015625e+01,1.255460548400878906e+01,9.416594505310058594e+00,9.731676101684570312e+00,1.183922767639160156e+01,7.387218952178955078e+00,7.847015380859375000e+00,1.395454025268554688e+01,1.691930961608886719e+01,2.122876930236816406e+01,1.631362152099609375e+01,1.336672401428222656e+01,1.434079074859619141e+01,1.903556251525878906e+01,2.570518302917480469e+01,1.923786354064941406e+01,1.305396175384521484e+01,1.339514732360839844e+01,8.833030700683593750e+00,-6.247516274452209473e-01,2.766902685165405273e+00,1.396717643737792969e+01,1.482857418060302734e+01,1.635992240905761719e+01,1.385654258728027344e+01,1.421937561035156250e+01,1.057208919525146484e+01,2.961648702621459961e+00,3.121961593627929688e+00,5.070503711700439453e+00,8.796193122863769531e+00,1.434912872314453125e+01,1.276724529266357422e+01,1.092112255096435547e+01,3.025357961654663086e+00,2.775830745697021484e+00,8.441305160522460938e+00,1.326381778717041016e+01,1.482369613647460938e+01,1.495848464965820312e+01,7.936146736145019531e+00,1.576730608940124512e+00,7.516486644744873047e-01,3.644249916076660156e+00,8.870133399963378906e+00,9.964164733886718750e+00,1.698371124267578125e+01,1.564110279083251953e+01,7.465923309326171875e+00,8.660938262939453125e+00,7.570882320404052734e+00,3.620844364166259766e+00,-9.359529614448547363e-02,1.367524981498718262e+00,5.993906974792480469e+00,8.021320343017578125e+00,1.031858253479003906e+01,1.359132957458496094e+01,1.546529102325439453e+01,1.714738464355468750e+01,1.708256912231445312e+01,1.486363410949707031e+01,8.324280738830566406e+00,6.480950355529785156e+00,8.370223045349121094e+00,2.979355096817016602e+00,2.252084016799926758e-01,4.370615005493164062e+00,9.998128890991210938e+00,1.430947589874267578e+01,8.626220703125000000e+00,4.365110874176025391e+00,5.875609397888183594e+00,4.361456036567687988e-01,-9.936847686767578125e+00,-1.286813545227050781e+01,-1.047739028930664062e+01,-8.133928298950195312e+00,1.017056345939636230e+00,9.080173492431640625e+00,8.724370956420898438e+00,5.295548915863037109e+00,4.333497524261474609e+00,7.797278404235839844e+00,1.042512607574462891e+01,9.587379455566406250e+00,5.624423027038574219e+00,1.286892890930175781e+00,4.236304759979248047e+00,1.754188156127929688e+01,2.273898887634277344e+01,2.609343338012695312e+01,2.808971786499023438e+01,2.417645645141601562e+01,2.173896026611328125e+01,1.545600509643554688e+01,1.436468982696533203e+01,1.028524303436279297e+01,7.044272422790527344e+00,8.032167434692382812e+00,6.969864845275878906e+00,1.149830055236816406e+01,1.379362106323242188e+01,1.507031440734863281e+01,1.498691844940185547e+01,1.288265705108642578e+01,1.134575462341308594e+01,1.129515647888183594e+01,1.079233169555664062e+01,1.618451118469238281e+01,1.404281330108642578e+01,8.814854621887207031e+00,1.084663391113281250e+01,1.132756423950195312e+01,1.391896629333496094e+01,1.616369438171386719e+01,1.217035770416259766e+01,1.116911983489990234e+01,1.505796146392822266e+01,1.183765792846679688e+01,1.347903823852539062e+01,1.836692428588867188e+01,2.271031951904296875e+01,1.717195129394531250e+01,1.036007595062255859e+01,9.762256622314453125e+00,1.416946506500244141e+01,1.321151161193847656e+01,8.981922149658203125e+00,1.061950397491455078e+01,1.325445938110351562e+01,1.400018501281738281e+01,1.382959556579589844e+01,1.287334442138671875e+01,8.477370262145996094e+00,1.208978748321533203e+01,1.529107189178466797e+01,1.357546234130859375e+01,1.282666301727294922e+01,1.208382225036621094e+01,1.057136535644531250e+01,1.051361370086669922e+01,1.063857650756835938e+01,9.819982528686523438e+00,1.161838436126708984e+01,1.406861305236816406e+01,1.858114242553710938e+01,1.734019279479980469e+01,1.909753036499023438e+01,2.114971160888671875e+01,2.074526214599609375e+01,2.198306465148925781e+01,1.698438072204589844e+01,2.033220100402832031e+01,2.493160247802734375e+01,2.319656562805175781e+01,1.426834869384765625e+01,1.613812637329101562e+01,1.175616931915283203e+01,1.451489639282226562e+01,2.459690856933593750e+01,3.104461479187011719e+01,3.195976829528808594e+01,3.018756866455078125e+01,2.867780303955078125e+01,1.985313796997070312e+01,1.836588859558105469e+01,2.077455139160156250e+01,2.147076034545898438e+01,1.451384544372558594e+01,1.336139106750488281e+01,2.509362030029296875e+01,3.092076301574707031e+01,2.690005493164062500e+01,1.403360366821289062e+01,7.176498413085937500e+00,6.189207077026367188e+00,5.806154251098632812e+00,4.820822715759277344e+00,4.483350753784179688e+00,9.939046859741210938e+00,1.549098587036132812e+01,1.552303504943847656e+01,1.870804595947265625e+01,1.634138488769531250e+01,5.801066398620605469e+00,-5.919275879859924316e-01,-1.326209068298339844e+00,-3.963925361633300781e+00,-7.156062602996826172e+00,-5.567138195037841797e-01,8.818837165832519531e+00,6.413828372955322266e+00,3.716148853302001953e+00,2.938507318496704102e+00,6.137041091918945312e+00,9.279581069946289062e+00,1.894096946716308594e+01,2.031735610961914062e+01,2.544648742675781250e+01,2.905614089965820312e+01,2.158699226379394531e+01,1.549803733825683594e+01,9.396445274353027344e+00,5.590897083282470703e+00,-4.457473754882812500e-01,-2.677924633026123047e+00,-4.994470119476318359e+00,3.603250265121459961e+00,4.062036514282226562e+00,1.851119756698608398e+00,6.127270698547363281e+00,1.402025032043457031e+01,8.430375099182128906e+00,8.040283203125000000e+00,1.338475513458251953e+01,1.253341102600097656e+01,9.824640274047851562e+00,1.197193241119384766e+01,1.163462066650390625e+01,8.647745132446289062e+00,6.697897911071777344e+00,6.823183536529541016e+00,1.309903240203857422e+01,1.322576808929443359e+01,1.170610427856445312e+01,1.204762077331542969e+01,1.115583801269531250e+01,6.980740547180175781e+00,7.329122543334960938e+00,4.295211791992187500e+00,6.655012130737304688e+00,1.318679046630859375e+01,1.759988975524902344e+01,1.449466133117675781e+01,9.558641433715820312e+00,9.330667495727539062e+00,1.745423316955566406e+01,1.972430229187011719e+01,1.614807701110839844e+01,1.135442829132080078e+01,5.146888732910156250e+00,4.990187644958496094e+00,7.486621856689453125e+00,1.676349997520446777e+00,-3.847044944763183594e+00,-2.194903135299682617e+00,5.245562553405761719e+00,7.529273509979248047e+00,1.289889240264892578e+01,1.712939071655273438e+01,1.518732452392578125e+01,1.562972068786621094e+01,1.501817321777343750e+01,1.410592365264892578e+01,7.134085178375244141e+00,4.257232666015625000e+00,8.082167625427246094e+00,1.477454280853271484e+01,1.759456253051757812e+01,1.837154769897460938e+01,1.760132598876953125e+01,9.531352996826171875e+00,1.373796081542968750e+01,1.854891395568847656e+01,2.038887405395507812e+01,1.150472640991210938e+01,2.996221184730529785e-01,6.443437576293945312e+00,5.710941314697265625e+00,9.820813179016113281e+00,9.662768363952636719e+00,9.612100601196289062e+00,1.208835983276367188e+01,1.480514049530029297e+01,1.841559791564941406e+01,1.708802795410156250e+01,1.711809539794921875e+01,1.148814201354980469e+01,1.067863082885742188e+01,4.092017173767089844e+00,-1.257271766662597656e+00,3.063992261886596680e+00,6.753754615783691406e+00,6.295391559600830078e+00,7.747835636138916016e+00,7.142292022705078125e+00,8.638002395629882812e+00,1.727057075500488281e+01,1.731664657592773438e+01,1.766321182250976562e+01,1.769010543823242188e+01,1.904364013671875000e+01,2.521134185791015625e+01,2.210350418090820312e+01,2.440602111816406250e+01,1.894995498657226562e+01,1.725934600830078125e+01,1.827864837646484375e+01,1.680087661743164062e+01,1.388306999206542969e+01,1.516141700744628906e+01,1.779589462280273438e+01,1.854734611511230469e+01,1.334680652618408203e+01,1.019300842285156250e+01,1.176322174072265625e+01,1.206553363800048828e+01,9.259074211120605469e+00,1.386994171142578125e+01,1.483535289764404297e+01,1.533609580993652344e+01,1.639938163757324219e+01,1.097555160522460938e+01,1.009674549102783203e+01,1.437013721466064453e+01,1.459424209594726562e+01,1.325180625915527344e+01,1.263103866577148438e+01,1.473891830444335938e+01,1.525301742553710938e+01,1.151134395599365234e+01,2.678886055946350098e-02,6.441942214965820312e+00,1.546384716033935547e+01,1.778282737731933594e+01,2.216182327270507812e+01,1.732168579101562500e+01,7.434020042419433594e+00,-6.811376810073852539e-01,-3.117543697357177734e+00,-7.944501876831054688e+00,-4.345154762268066406e+00,4.340823173522949219e+00,6.640500545501708984e+00,8.923027038574218750e+00,1.146460342407226562e+01,1.538293552398681641e+01,2.098905944824218750e+01,1.959281539916992188e+01,1.625276565551757812e+01,1.382512569427490234e+01,1.567131614685058594e+01,1.726526069641113281e+01,7.081579685211181641e+00,9.032949447631835938e+00,1.430512809753417969e+01,1.323040008544921875e+01,6.724514007568359375e+00,8.050954818725585938e+00,1.438897514343261719e+01,1.000477313995361328e+01,9.288613319396972656e+00,7.384500980377197266e+00,7.902074813842773438e+00,7.237920284271240234e+00,6.169541835784912109e+00,9.532007217407226562e+00,9.923339843750000000e+00,3.596469879150390625e+00,3.053837060928344727e+00,1.266422367095947266e+01,1.589377021789550781e+01,2.345923233032226562e+01,2.136871337890625000e+01,2.398818969726562500e+01,2.922409820556640625e+01,2.037453842163085938e+01,1.434864044189453125e+01,1.642446136474609375e+01,1.738630294799804688e+01,1.558939170837402344e+01,1.703532028198242188e+01,1.407267379760742188e+01,1.336956691741943359e+01,1.389059448242187500e+01,1.448117351531982422e+01,1.337533092498779297e+01,7.390631675720214844e+00,4.113495826721191406e+00,1.448057365417480469e+01,1.713977050781250000e+01,1.561422824859619141e+01,1.298252773284912109e+01,1.750389480590820312e+01,2.449113464355468750e+01,1.917191314697265625e+01,1.996742248535156250e+01,1.914640045166015625e+01,1.330936241149902344e+01,1.213055992126464844e+01,1.073188781738281250e+01,1.185786819458007812e+01,1.305981826782226562e+01,2.152744293212890625e+01,2.403209114074707031e+01,2.202087020874023438e+01,1.254038238525390625e+01,1.085486793518066406e+01,9.082921981811523438e+00,3.344865322113037109e+00,2.463757753372192383e+00,6.422036170959472656e+00,4.214658260345458984e+00,-4.416185617446899414e-01,5.139546990394592285e-01,1.287152481079101562e+01,3.148710250854492188e+01,3.438804626464843750e+01,2.795524597167968750e+01,2.193572235107421875e+01,2.348942184448242188e+01,1.837845230102539062e+01,6.151210784912109375e+00,-2.809474945068359375e+00,-4.774994850158691406e+00,-4.404797554016113281e+00,-6.238280296325683594e+00,-5.354576110839843750e+00,-7.993776798248291016e-01,2.794045805931091309e-01,-4.538915157318115234e+00,-3.348449707031250000e+00,5.742767333984375000e+00,9.712863922119140625e+00,5.568669319152832031e+00,6.044876098632812500e+00,1.150868988037109375e+01,1.476478099822998047e+01,1.666293525695800781e+01,1.565674591064453125e+01,1.211074161529541016e+01,1.689942932128906250e+01,2.348498535156250000e+01,2.451501846313476562e+01,2.438610458374023438e+01,2.707183074951171875e+01,2.779192733764648438e+01,3.051336288452148438e+01,2.907850646972656250e+01,3.076903533935546875e+01,2.676573562622070312e+01,2.525641822814941406e+01,2.119944381713867188e+01,2.031830596923828125e+01,2.331001853942871094e+01,1.457608985900878906e+01,1.193280792236328125e+01,1.537985897064208984e+01,1.588965320587158203e+01,1.060507965087890625e+01,1.134526824951171875e+01,1.208838272094726562e+01,1.484251403808593750e+01,1.673684883117675781e+01,1.435493659973144531e+01,9.203169822692871094e+00,1.162866020202636719e+01,1.683065605163574219e+01,1.381863021850585938e+01,1.121974754333496094e+01,1.223316192626953125e+01,1.386692333221435547e+01,1.213540840148925781e+01,7.307015419006347656e+00,1.417704010009765625e+01,1.710207748413085938e+01,1.781890487670898438e+01,1.520328903198242188e+01,1.381429100036621094e+01,1.101831245422363281e+01,1.192305278778076172e+01,1.521380615234375000e+01,1.366003417968750000e+01,1.688467407226562500e+01,2.061162948608398438e+01,1.982285499572753906e+01,2.030164146423339844e+01,2.301078224182128906e+01,1.978942298889160156e+01,1.868424415588378906e+01,2.000853729248046875e+01,1.630190277099609375e+01,1.600659370422363281e+01,1.548073577880859375e+01,1.169961071014404297e+01,8.180916786193847656e+00,9.351970672607421875e+00,1.179026222229003906e+01,5.256987571716308594e+00,1.039334964752197266e+01,8.933807373046875000e+00,2.760152339935302734e+00,2.017714977264404297e+00,1.497583150863647461e+00,-9.136497974395751953e-03,-2.103914737701416016e+00,-7.881308197975158691e-01,5.962131023406982422e+00,5.059750556945800781e+00,-3.874236106872558594e+00,-7.518297433853149414e-01,5.346322059631347656e-01,6.651470184326171875e+00,1.409543991088867188e+01,1.536058139801025391e+01,1.622444725036621094e+01,2.276154518127441406e+01,2.207508850097656250e+01,1.884710311889648438e+01,1.338893699645996094e+01,1.034070014953613281e+01,7.533419609069824219e+00,1.135041236877441406e+01,1.399974441528320312e+01,1.524678802490234375e+01,1.789842605590820312e+01,1.737552642822265625e+01,2.006419754028320312e+01,2.031634330749511719e+01,2.014511871337890625e+01,2.860791969299316406e+01,2.783654212951660156e+01,2.909710884094238281e+01,2.149234962463378906e+01,1.620398330688476562e+01,4.294018745422363281e+00,1.074179410934448242e+00,6.909329891204833984e+00,1.122826957702636719e+01,9.121184349060058594e+00,1.999740839004516602e+00,3.417257547378540039e+00,1.618816566467285156e+01,2.255621528625488281e+01,1.878073120117187500e+01,1.944091033935546875e+01,2.227887725830078125e+01,2.374421882629394531e+01,2.358904647827148438e+01,1.674092674255371094e+01,1.092040443420410156e+01,9.820323944091796875e+00,1.599307918548583984e+01,2.048608779907226562e+01,1.930994987487792969e+01,1.524420928955078125e+01,1.302839660644531250e+01,1.198313522338867188e+01,6.555678367614746094e+00,7.215219974517822266e+00,1.075225353240966797e+01,1.645066642761230469e+01,2.165206146240234375e+01,2.720541763305664062e+01,3.683367538452148438e+01,3.466967010498046875e+01,2.955756759643554688e+01,2.900951576232910156e+01,2.884525680541992188e+01,2.491845703125000000e+01,2.473774528503417969e+01,3.059589767456054688e+01,2.128591918945312500e+01,1.199006462097167969e+01,7.496462345123291016e+00,4.307383060455322266e+00,7.737706184387207031e+00,1.895236968994140625e+01,1.934459304809570312e+01,1.878730964660644531e+01,2.132939529418945312e+01,2.506506347656250000e+01,2.081212234497070312e+01,8.485033035278320312e+00,7.066217422485351562e+00,1.224069118499755859e+01,1.106452560424804688e+01,9.451210021972656250e+00,7.603110313415527344e+00,4.263002872467041016e+00,5.991184234619140625e+00,1.427093029022216797e+01,2.024355316162109375e+01,1.661584472656250000e+01,5.776309013366699219e+00,2.779027700424194336e+00,7.812292098999023438e+00,9.921957015991210938e+00,8.297802925109863281e+00,9.890159606933593750e+00,7.109301090240478516e+00,4.053319454193115234e+00,6.062401771545410156e+00,1.146772766113281250e+01,7.995995998382568359e+00,9.087536811828613281e+00,9.794568061828613281e+00,2.250111198425292969e+01,2.580760574340820312e+01,2.094078254699707031e+01,1.587980270385742188e+01,1.309213447570800781e+01,1.108762550354003906e+01,9.343932151794433594e+00,7.305904865264892578e+00,4.204190254211425781e+00,5.162959575653076172e+00,9.426158905029296875e+00,1.063018989562988281e+01,1.089910030364990234e+01,6.737194061279296875e+00,5.342742443084716797e+00,3.516458511352539062e+00,3.621379375457763672e+00,1.684449315071105957e+00,-2.622597217559814453e+00,-1.717192173004150391e+00,-5.353343486785888672e-02,9.048713684082031250e+00,1.083206558227539062e+01,9.714658737182617188e+00,1.451831340789794922e+01,1.710619354248046875e+01,1.374473190307617188e+01,1.475825977325439453e+01,1.717146301269531250e+01,1.610221099853515625e+01,1.304414558410644531e+01,1.257866191864013672e+01,1.335866165161132812e+01,1.995783615112304688e+01,1.962119674682617188e+01,1.880116271972656250e+01,2.039269256591796875e+01,1.900224304199218750e+01,2.324961090087890625e+01,2.252358627319335938e+01,2.535420989990234375e+01,1.912416076660156250e+01,1.816039657592773438e+01,2.016716194152832031e+01,1.930233573913574219e+01,1.958933258056640625e+01,1.988312911987304688e+01,2.178233718872070312e+01,1.513709259033203125e+01,1.605520248413085938e+01,1.456303787231445312e+01,1.886803054809570312e+01,2.136145782470703125e+01,1.257096481323242188e+01,1.369835281372070312e+01,1.418416976928710938e+01,1.389415550231933594e+01,1.353809547424316406e+01,1.302011680603027344e+01,1.017786216735839844e+01,8.096302032470703125e+00,7.758638381958007812e+00,7.913379669189453125e+00,7.642271518707275391e+00,1.210155868530273438e+01,1.175085449218750000e+01,1.613297843933105469e+01,2.046466064453125000e+01,2.180094146728515625e+01,2.128136062622070312e+01,2.348604774475097656e+01,2.308218765258789062e+01,1.806041717529296875e+01,1.821174240112304688e+01,1.258856773376464844e+01,7.690633773803710938e+00,1.518314933776855469e+01,1.891738128662109375e+01,2.349894332885742188e+01,2.696326065063476562e+01,1.533053398132324219e+01,1.198478126525878906e+01,1.348150157928466797e+01,1.086567687988281250e+01,1.534263801574707031e+01,1.736849784851074219e+01,1.497417449951171875e+01,1.302894020080566406e+01,1.326155281066894531e+01,9.433324813842773438e+00,1.271874618530273438e+01,1.665534591674804688e+01,1.585716629028320312e+01,1.591589164733886719e+01,1.195729064941406250e+01,1.175853538513183594e+01,1.331866836547851562e+01,1.627185821533203125e+01,1.752775382995605469e+01,2.231749725341796875e+01,2.057077026367187500e+01,1.841123390197753906e+01,1.195695114135742188e+01,1.383358955383300781e+01,1.406970214843750000e+01,1.388510704040527344e+01,1.237033653259277344e+01,5.737434387207031250e+00,6.167089462280273438e+00,6.273192882537841797e+00,1.073748970031738281e+01,1.366067504882812500e+01,1.166138362884521484e+01,7.010051727294921875e+00,4.816004753112792969e+00,5.867398262023925781e+00,5.004874229431152344e+00,8.240180969238281250e+00,1.176184940338134766e+01,1.330952453613281250e+01,1.327242469787597656e+01,1.292713546752929688e+01,1.778068923950195312e+01,2.196779251098632812e+01,1.897432708740234375e+01,1.617047309875488281e+01,5.128156661987304688e+00,-3.798157691955566406e+00,-9.640176296234130859e-01,-1.711516618728637695e+00,-2.898785114288330078e+00,-1.373807191848754883e+00,1.554933905601501465e+00,-3.184490442276000977e+00,-1.775484800338745117e+00,2.422228336334228516e+00,7.468378067016601562e+00,1.276021671295166016e+01,1.228520965576171875e+01,1.164090728759765625e+01,1.281051445007324219e+01,1.094021034240722656e+01,1.233746051788330078e+01,1.662415504455566406e+01,1.484589385986328125e+01,1.191172409057617188e+01,1.361019706726074219e+01,1.549276733398437500e+01,1.669562530517578125e+01,1.313996601104736328e+01,1.777926254272460938e+01,2.362146377563476562e+01,1.931092453002929688e+01,1.478709602355957031e+01,1.569738578796386719e+01,1.479432487487792969e+01,1.655151557922363281e+01,1.531960678100585938e+01,1.538228416442871094e+01,1.587341880798339844e+01,1.472041130065917969e+01,1.317371368408203125e+01,1.278274154663085938e+01,1.158431243896484375e+01,1.493568611145019531e+01,1.494094657897949219e+01,1.341575431823730469e+01,1.203055763244628906e+01,1.537822914123535156e+01,1.787656784057617188e+01,1.401670074462890625e+01,1.529066944122314453e+01,1.143206310272216797e+01,1.193084716796875000e+01,1.372094631195068359e+01,1.545512008666992188e+01,1.597781562805175781e+01,1.370633316040039062e+01,1.584738540649414062e+01,1.646801567077636719e+01,1.638155364990234375e+01,1.522497558593750000e+01,1.316275978088378906e+01,1.360652828216552734e+01,1.175241279602050781e+01,1.057759284973144531e+01,1.586746597290039062e+01,1.556060123443603516e+01,1.234081268310546875e+01,1.205823898315429688e+01,1.324864006042480469e+01,1.784710502624511719e+01,1.581394004821777344e+01,2.344506454467773438e+01,2.047393417358398438e+01,1.208436298370361328e+01,9.379182815551757812e+00,9.193552017211914062e+00,3.598106145858764648e+00,6.909441947937011719e+00,1.832636260986328125e+01,1.689982223510742188e+01,1.911826896667480469e+01,1.932982444763183594e+01,1.906500244140625000e+01,1.881863594055175781e+01,1.105530071258544922e+01,5.103057861328125000e+00,1.213415908813476562e+01,1.325130748748779297e+01,1.862516784667968750e+01,1.941271400451660156e+01,2.069734191894531250e+01,1.601639938354492188e+01,1.127184677124023438e+01,1.146827983856201172e+01,8.542566299438476562e+00,3.928364753723144531e+00,2.233097791671752930e+00,6.169254302978515625e+00,9.226379394531250000e+00,1.117336845397949219e+01,1.194430160522460938e+01,1.030881881713867188e+01,7.994938373565673828e+00,8.739660263061523438e+00,3.382244110107421875e+00,1.228361845016479492e+00,2.888203144073486328e+00,9.900740981101989746e-01,3.404561042785644531e+00,1.052617073059082031e+01,1.586388778686523438e+01,1.545642948150634766e+01,1.791644668579101562e+01,1.703814506530761719e+01,1.223454570770263672e+01,1.391398239135742188e+01,1.608259201049804688e+01,1.761797332763671875e+01,2.478334426879882812e+01,2.554663085937500000e+01,2.408840560913085938e+01,2.144042778015136719e+01,2.465412521362304688e+01,2.445026397705078125e+01,2.214340400695800781e+01,2.080358505249023438e+01,2.183005142211914062e+01,2.156807708740234375e+01,2.050168800354003906e+01,2.298003578186035156e+01,2.514742279052734375e+01,2.408438682556152344e+01,2.409260368347167969e+01,2.093698883056640625e+01,1.388401794433593750e+01,-1.300720572471618652e+00,-6.512417316436767578e+00,-4.055511474609375000e+00,-3.326340198516845703e+00,-2.950808107852935791e-01,2.088816165924072266e+00,-1.113208413124084473e+00,-9.921142458915710449e-01,5.786336898803710938e+00,1.013383865356445312e+01,1.918804168701171875e+01,1.956908416748046875e+01,2.530888748168945312e+01,2.698736190795898438e+01,2.885100936889648438e+01,2.887504577636718750e+01,3.025591278076171875e+01,3.082017135620117188e+01,3.095439147949218750e+01,3.344024658203125000e+01,3.296903991699218750e+01,2.872391128540039062e+01,2.321120262145996094e+01,1.625061798095703125e+01,1.268478775024414062e+01,1.376148033142089844e+01,1.586897659301757812e+01,1.538816547393798828e+01,1.539656066894531250e+01,1.076506805419921875e+01,1.197578525543212891e+01,1.397749519348144531e+01,1.195174217224121094e+01,1.665438461303710938e+01,1.971160507202148438e+01,1.507995414733886719e+01,1.299384593963623047e+01,1.102792549133300781e+01,1.191936492919921875e+01,1.369794654846191406e+01,1.479917430877685547e+01,1.416541671752929688e+01,2.336811256408691406e+01,2.648411941528320312e+01,2.134101867675781250e+01,1.421244239807128906e+01,1.463532733917236328e+01,1.447291183471679688e+01,1.541645622253417969e+01,1.645601654052734375e+01,1.379391098022460938e+01,1.512466812133789062e+01,1.378046035766601562e+01,1.324455833435058594e+01,1.233694839477539062e+01,1.448925209045410156e+01,9.378557205200195312e+00,1.568298149108886719e+01,1.559261608123779297e+01,1.041483879089355469e+01,7.737792968750000000e+00,1.552472496032714844e+01,2.500599479675292969e+01,3.036977005004882812e+01,2.218888854980468750e+01,1.893443298339843750e+01,1.385977554321289062e+01,1.141702651977539062e+01,1.427622032165527344e+01,1.785777473449707031e+01,2.296639251708984375e+01,2.342844009399414062e+01,1.760352325439453125e+01,1.608172798156738281e+01,1.682580947875976562e+01,1.124413490295410156e+01,9.377864837646484375e+00,1.124551773071289062e+01,1.192058086395263672e+01,6.787303924560546875e+00,6.950407028198242188e+00,4.812270164489746094e+00,5.552863121032714844e+00,9.462297439575195312e+00,1.555201148986816406e+01,2.134721374511718750e+01,2.245408630371093750e+01,2.179892349243164062e+01,1.285668754577636719e+01,2.211179733276367188e+00,9.107168018817901611e-02,7.295083045959472656e+00,1.569303703308105469e+01,1.657741546630859375e+01,1.633376312255859375e+01,2.328300857543945312e+01,2.575489616394042969e+01,1.880107879638671875e+01,1.766888046264648438e+01,2.151240539550781250e+01,1.588287353515625000e+01,8.797453880310058594e+00,4.130060672760009766e+00,3.836380958557128906e+00,1.352459716796875000e+01,1.454488658905029297e+01,1.695929336547851562e+01,2.253454589843750000e+01,2.637191772460937500e+01,2.738050842285156250e+01,2.024004364013671875e+01,1.057674026489257812e+01,1.119021415710449219e+01,1.170674228668212891e+01,1.543577194213867188e+01,2.006550979614257812e+01,1.877747726440429688e+01,1.372568893432617188e+01,1.894879913330078125e+01,2.907537078857421875e+01,2.146997261047363281e+01,1.549836444854736328e+01,1.438838100433349609e+01,8.565832138061523438e+00,5.133052825927734375e+00,7.774541378021240234e+00,1.468631553649902344e+01,1.696860122680664062e+01,1.546903610229492188e+01,8.376873016357421875e+00,1.080039310455322266e+01,1.855844116210937500e+01,1.963699913024902344e+01,1.297225856781005859e+01,1.402941322326660156e+01,1.135939693450927734e+01,7.288018703460693359e+00,7.490991592407226562e+00,6.133226394653320312e+00,1.156457042694091797e+01,1.141184043884277344e+01,5.009909629821777344e+00,2.880950450897216797e+00,5.087357521057128906e+00,1.198604011535644531e+01,4.790954589843750000e+00,-3.890166282653808594e-01,6.665333747863769531e+00,6.635116577148437500e+00,1.047807693481445312e+01,1.186158752441406250e+01,1.003651428222656250e+01,1.343597984313964844e+01,1.868064689636230469e+01,2.232035064697265625e+01,1.741141319274902344e+01,1.594311809539794922e+01,2.002268981933593750e+01,2.445164680480957031e+01,1.965963363647460938e+01,1.079099559783935547e+01,6.464843273162841797e+00,1.694426918029785156e+01,2.590515518188476562e+01,2.450533485412597656e+01,2.344244575500488281e+01,2.348353958129882812e+01,1.637482070922851562e+01,1.581853294372558594e+01,1.195347785949707031e+01,1.076942825317382812e+01,1.443374443054199219e+01,2.357462692260742188e+01,2.270482063293457031e+01,1.596133232116699219e+01,1.575336837768554688e+01,1.422821235656738281e+01,1.479422187805175781e+01,2.277729797363281250e+01,2.159051132202148438e+01,1.451950550079345703e+01,8.722743988037109375e+00,6.442862510681152344e+00,9.108426094055175781e+00,1.330826187133789062e+01,8.905950546264648438e+00,4.774682998657226562e+00,5.503160953521728516e+00,6.688847541809082031e+00,3.911800861358642578e+00,6.294763565063476562e+00,1.197984695434570312e+01,1.374771308898925781e+01,7.693212985992431641e+00,5.837482452392578125e+00,8.156915664672851562e+00,8.886829376220703125e+00,1.029981613159179688e+01,1.121273040771484375e+01,1.363343429565429688e+01,1.605941772460937500e+01,1.122345161437988281e+01,1.250877666473388672e+01,1.130674171447753906e+01,1.010839843750000000e+01,1.060545921325683594e+01,9.502117156982421875e+00,1.300145912170410156e+01,1.561915206909179688e+01,1.559581470489501953e+01,9.739751815795898438e+00,7.202340126037597656e+00,1.174779129028320312e+01,1.282635307312011719e+01,1.368120193481445312e+01,1.418828296661376953e+01,1.566699600219726562e+01,1.954846763610839844e+01,1.555211448669433594e+01,1.465712356567382812e+01,1.193654060363769531e+01,1.331134510040283203e+01,1.713140106201171875e+01,1.134457969665527344e+01,-9.753663539886474609e-01,-6.438405036926269531e+00,-8.862634301185607910e-01,4.640758991241455078e+00,8.585865020751953125e+00,7.987857818603515625e+00,4.091206073760986328e+00,5.648489952087402344e+00,1.239548492431640625e+01,2.367227363586425781e+01,3.245236206054687500e+01,3.230974578857421875e+01,3.219757080078125000e+01,2.777634811401367188e+01,2.408610916137695312e+01,2.833810424804687500e+01,2.707656097412109375e+01,3.347177886962890625e+01,3.428681182861328125e+01,3.346742248535156250e+01,3.051085662841796875e+01,2.236842346191406250e+01,2.164016723632812500e+01,1.906292724609375000e+01,1.785960578918457031e+01,2.434199714660644531e+01,2.703878784179687500e+01,2.291774368286132812e+01,1.258482170104980469e+01,6.893553256988525391e+00,1.188380527496337891e+01,1.759067916870117188e+01,1.950480270385742188e+01,2.370748138427734375e+01,2.303087234497070312e+01,2.583786773681640625e+01,2.739334487915039062e+01,2.730519104003906250e+01,2.738433456420898438e+01,2.868388366699218750e+01,2.611641120910644531e+01,2.111102676391601562e+01,5.365202426910400391e+00,1.294864177703857422e+00,1.690572166442871094e+01,2.152578544616699219e+01,1.790024375915527344e+01,2.007464790344238281e+01,2.219021224975585938e+01,2.081036376953125000e+01,2.055074691772460938e+01,1.461620712280273438e+01,6.806645870208740234e+00,5.893004417419433594e+00,7.760058879852294922e+00,3.919508934020996094e+00,1.278021931648254395e+00,6.040648460388183594e+00,8.973475456237792969e+00,1.553417396545410156e+01,2.115473747253417969e+01,2.048296928405761719e+01,2.027851867675781250e+01,1.728901290893554688e+01,1.149313449859619141e+01,9.139043807983398438e+00,1.222480487823486328e+01,1.297309494018554688e+01,1.533320617675781250e+01,2.384672164916992188e+01,2.322355651855468750e+01,1.625867462158203125e+01,1.711972427368164062e+01,1.736130714416503906e+01,1.552161407470703125e+01,1.562129116058349609e+01,1.414559745788574219e+01,1.536480426788330078e+01,1.462201881408691406e+01,1.399961280822753906e+01,1.119794464111328125e+01,1.061184883117675781e+01,8.368371963500976562e+00,9.873895645141601562e+00,1.265870666503906250e+01,1.516354560852050781e+01,1.681032943725585938e+01,1.796436500549316406e+01,2.234256744384765625e+01,2.552468872070312500e+01,2.585861587524414062e+01,2.568608093261718750e+01,2.148430252075195312e+01,2.150153541564941406e+01,2.111265945434570312e+01,2.039455223083496094e+01,2.040366744995117188e+01,1.246096801757812500e+01,1.224276733398437500e+01,1.866282653808593750e+01,1.623867416381835938e+01,1.814298820495605469e+01,1.548924827575683594e+01,1.494628143310546875e+01,1.561413574218750000e+01,1.294239234924316406e+01,1.565567684173583984e+01,1.872060012817382812e+01,1.669278144836425781e+01,1.591796302795410156e+01,1.619567108154296875e+01,1.288154602050781250e+01,1.498762512207031250e+01,1.944211196899414062e+01,1.266427803039550781e+01,7.726312637329101562e+00,8.501482009887695312e+00,5.404159545898437500e+00,5.983460903167724609e+00,5.304772853851318359e+00,4.895277023315429688e+00,6.283573627471923828e+00,2.068127632141113281e+00,1.039215683937072754e+00,1.001090621948242188e+01,1.901519584655761719e+01,1.834577751159667969e+01,1.566202831268310547e+01,1.205605220794677734e+01,1.348739051818847656e+01,3.305473327636718750e+01,3.364405822753906250e+01,1.873585128784179688e+01,9.099945068359375000e+00,8.457544326782226562e+00,5.843501091003417969e+00,5.820899486541748047e+00,2.832456111907958984e+00,2.918033599853515625e-01,4.548828125000000000e+00,2.375476360321044922e+00,1.847305536270141602e+00,1.317800331115722656e+01,1.813277435302734375e+01,1.565292072296142578e+01,1.497097778320312500e+01,1.235765361785888672e+01,1.101796913146972656e+01,8.841270446777343750e+00,2.606713056564331055e+00,-1.491812944412231445e+00,-2.490243166685104370e-01,1.019818592071533203e+01,1.792632675170898438e+01,2.350413131713867188e+01,2.067089462280273438e+01,1.758554840087890625e+01,1.917473983764648438e+01,1.894647598266601562e+01,1.539436435699462891e+01,1.694355773925781250e+01,1.814863967895507812e+01,1.956759452819824219e+01,2.356808471679687500e+01,1.886995315551757812e+01,1.531761837005615234e+01,1.100779342651367188e+01,1.103893280029296875e+01,8.798299789428710938e+00,4.537441253662109375e+00,6.329967975616455078e+00,4.965456008911132812e+00,-6.004650592803955078e-01,1.337493705749511719e+01,2.064134597778320312e+01,1.855915069580078125e+01,1.748974609375000000e+01,1.605801200866699219e+01,9.993010520935058594e+00,8.434897422790527344e+00,7.157983779907226562e+00,1.336525344848632812e+01,2.083007240295410156e+01,2.284478950500488281e+01,2.284414291381835938e+01,2.043442153930664062e+01,2.138012123107910156e+01,2.417091751098632812e+01,2.635887145996093750e+01,2.266567802429199219e+01,1.676950645446777344e+01,1.219058609008789062e+01,5.657063007354736328e+00,8.766290664672851562e+00,1.246492195129394531e+01,1.652635192871093750e+01,2.610392379760742188e+01,1.628569030761718750e+01,1.665988540649414062e+01,2.200137710571289062e+01,1.444219207763671875e+01,1.056678867340087891e+01,6.469220161437988281e+00,8.703340530395507812e+00,1.002334403991699219e+01,1.058399200439453125e+01,1.125737762451171875e+01,1.472338485717773438e+01,1.310236167907714844e+01,1.270733070373535156e+01,1.806078720092773438e+01,1.633530235290527344e+01,1.789503097534179688e+01,1.899503707885742188e+01,1.778822708129882812e+01,1.505655574798583984e+01,1.352856063842773438e+01,1.430332374572753906e+01,1.421254539489746094e+01,1.430155467987060547e+01,1.425087356567382812e+01,1.261467933654785156e+01,1.331721687316894531e+01,1.269518566131591797e+01,1.326179313659667969e+01,1.570173740386962891e+01,1.532100105285644531e+01,1.671094512939453125e+01,1.858679389953613281e+01,1.498939800262451172e+01,1.392768287658691406e+01,1.139634513854980469e+01,1.693741416931152344e+01,2.574073410034179688e+01,2.528128433227539062e+01,2.057567214965820312e+01,1.611711120605468750e+01,1.708374023437500000e+01,2.253787612915039062e+01,1.748904609680175781e+01,1.396682357788085938e+01,1.249607658386230469e+01,1.553159332275390625e+01,2.321253395080566406e+01,2.390141296386718750e+01,2.093735122680664062e+01,1.762783813476562500e+01,1.559699726104736328e+01,1.168632125854492188e+01,1.286355972290039062e+01,1.659832954406738281e+01,2.002745437622070312e+01,2.320980453491210938e+01,2.482779502868652344e+01,1.891171264648437500e+01,1.992423629760742188e+01,1.951361465454101562e+01,2.057112693786621094e+01,2.619750213623046875e+01,2.649988937377929688e+01,1.958350563049316406e+01,2.025669860839843750e+01,2.670685195922851562e+01,3.209841537475585938e+01,3.306389617919921875e+01,2.934375190734863281e+01,2.186484909057617188e+01,1.892949295043945312e+01,1.743800544738769531e+01,1.731233978271484375e+01,1.557198905944824219e+01,1.601100730895996094e+01,1.685061264038085938e+01,1.381013774871826172e+01,1.372261428833007812e+01,1.102133750915527344e+01,8.863838195800781250e+00,1.212692451477050781e+01,1.104134750366210938e+01,8.217942237854003906e+00,5.662384986877441406e+00,9.589054107666015625e+00,1.139681625366210938e+01,1.419088745117187500e+01,1.140767383575439453e+01,1.106972694396972656e+01,8.286718368530273438e+00,1.139649295806884766e+01,1.407978057861328125e+01,1.699082565307617188e+01,1.499679279327392578e+01,1.039640045166015625e+01,1.236191940307617188e+01,1.040003395080566406e+01,3.033474922180175781e+00,1.680717229843139648e+00,7.303822517395019531e+00,9.687459945678710938e+00,1.124119567871093750e+01,1.069926071166992188e+01,1.824454498291015625e+01,2.203667831420898438e+01,1.859637069702148438e+01,6.582336902618408203e+00,7.054923534393310547e+00,1.586095809936523438e+01,1.259932327270507812e+01,1.851650428771972656e+01,2.128294563293457031e+01,1.967417144775390625e+01,1.926993942260742188e+01,2.034280776977539062e+01,1.877712249755859375e+01,1.859705162048339844e+01,2.235810470581054688e+01,2.370073890686035156e+01,2.061993789672851562e+01,1.953997421264648438e+01,1.330747413635253906e+01,1.099738883972167969e+01,1.651820755004882812e+01,1.551235008239746094e+01,1.277861309051513672e+01,1.384192848205566406e+01,7.206134319305419922e+00,2.491656780242919922e+00,1.246702194213867188e+00,3.067051410675048828e+00,5.512463569641113281e+00,9.558943748474121094e+00,7.866568565368652344e+00,1.195612430572509766e+00,1.151998996734619141e+01,1.361455535888671875e+01,6.719777107238769531e+00,4.950352668762207031e+00,1.017809867858886719e+01,1.278413772583007812e+01,1.783585357666015625e+01,2.293969345092773438e+01,2.473415184020996094e+01,1.408955192565917969e+01,6.136065006256103516e+00,3.736034631729125977e+00,5.819201469421386719e+00,1.271944141387939453e+01,1.700252151489257812e+01,1.368191623687744141e+01,1.726455879211425781e+01,1.359851074218750000e+01,1.151327323913574219e+01,7.416512966156005859e+00,3.338886737823486328e+00,3.180233001708984375e+00,9.253307342529296875e+00,2.365139389038085938e+01,3.155226516723632812e+01,3.134708976745605469e+01,3.007000923156738281e+01,2.661299514770507812e+01,1.682925796508789062e+01,1.343360805511474609e+01,1.365282058715820312e+01,1.380985832214355469e+01,1.434952831268310547e+01,1.975288200378417969e+01,1.709796524047851562e+01,1.176503276824951172e+01,1.296600341796875000e+01,1.618736648559570312e+01,2.003368759155273438e+01,1.834776687622070312e+01,2.281621551513671875e+01,2.559388542175292969e+01,2.115881729125976562e+01,1.255185890197753906e+01,1.221761322021484375e+01,1.733138275146484375e+01,2.656232261657714844e+01,2.561277770996093750e+01,2.591749382019042969e+01,2.996913146972656250e+01,3.042208862304687500e+01,2.691711425781250000e+01,2.419856452941894531e+01,1.170393943786621094e+01,1.532748508453369141e+01,1.795277404785156250e+01,2.294784545898437500e+01,2.974892044067382812e+01,2.553341293334960938e+01,2.280619621276855469e+01,1.799955368041992188e+01,6.052391529083251953e+00,4.581102848052978516e+00,9.574658393859863281e+00,1.409049034118652344e+01,1.090852737426757812e+01,6.821360588073730469e+00,6.626876831054687500e+00,1.331562232971191406e+01,8.279182434082031250e+00,4.329988956451416016e+00,1.994047880172729492e+00,2.136247634887695312e+00,6.579274177551269531e+00,1.128414916992187500e+01,8.020709037780761719e+00,1.393872857093811035e+00,-2.334724068641662598e-01,4.209522247314453125e+00,8.645219802856445312e+00,3.342776298522949219e+00,-9.736114144325256348e-01,-4.222168445587158203e+00,-5.359006404876708984e+00,3.154099225997924805e+00,4.925975799560546875e+00,6.947167873382568359e+00,1.801908493041992188e+01,1.814898681640625000e+01,1.414817714691162109e+01,1.348882770538330078e+01,1.235107040405273438e+01,1.866250228881835938e+01,1.866388511657714844e+01,1.287949562072753906e+01,1.640522003173828125e+01,2.039077758789062500e+01,1.725436401367187500e+01,1.319418334960937500e+01,1.513105392456054688e+01,1.655284690856933594e+01,1.389590835571289062e+01,7.777539253234863281e+00,8.702705383300781250e+00,8.060967445373535156e+00,1.078188037872314453e+01,9.147589683532714844e+00,8.653223037719726562e+00,7.591700553894042969e+00,1.300047111511230469e+01,9.230390548706054688e+00,1.323071479797363281e+01,1.742016983032226562e+01,1.607269668579101562e+01,1.171703910827636719e+01,1.305284881591796875e+01,1.761571311950683594e+01,1.677197456359863281e+01,1.323710823059082031e+01,1.290136718750000000e+01,1.017090988159179688e+01,9.372167587280273438e+00,1.112655448913574219e+01,1.384247207641601562e+01,1.188285160064697266e+01,1.076392936706542969e+01,1.335596466064453125e+01,1.074264907836914062e+01,9.045140266418457031e+00,1.348527240753173828e+01,1.147084808349609375e+01,8.360107421875000000e+00,1.035792732238769531e+01,1.568528461456298828e+01,1.194469261169433594e+01,4.131470680236816406e+00,9.578082084655761719e+00,2.846217346191406250e+01,3.903430938720703125e+01,3.118695449829101562e+01,2.516949462890625000e+01,2.236705398559570312e+01,2.089137077331542969e+01,1.985552787780761719e+01,1.679776000976562500e+01,5.181900501251220703e+00,1.865308284759521484e+00,-3.701663970947265625e+00,-3.775870800018310547e+00,3.510125637054443359e+00,8.789632797241210938e+00,1.393626022338867188e+01,1.473476696014404297e+01,1.402963924407958984e+01,5.503610610961914062e+00,4.233859062194824219e+00,2.760459184646606445e+00,9.876974821090698242e-01,6.412758827209472656e+00,7.993513107299804688e+00,7.474927902221679688e+00,7.772396087646484375e+00,7.673213481903076172e+00,1.072658443450927734e+01,1.006837463378906250e+01,1.015104293823242188e+01,1.109055900573730469e+01,1.247324752807617188e+01,1.172430419921875000e+01,1.587346935272216797e+01,1.479765319824218750e+01,1.174606513977050781e+01,1.020503997802734375e+01,8.776103973388671875e+00,1.191438484191894531e+01,1.275959873199462891e+01,9.654291152954101562e+00,1.218888282775878906e+01,2.015670776367187500e+01,3.114445114135742188e+01,3.224398803710937500e+01,3.494792175292968750e+01,3.587836074829101562e+01,3.254845428466796875e+01,1.759333419799804688e+01,3.341494083404541016e+00,8.369894027709960938e-01,-7.068738937377929688e-01,-4.386196136474609375e+00,-3.837367296218872070e-01,1.437821030616760254e+00,-1.117735505104064941e-01,3.390931129455566406e+00,8.141214370727539062e+00,6.161092758178710938e+00,8.246345520019531250e+00,1.228143882751464844e+01,1.410166358947753906e+01,1.077306938171386719e+01,6.747521400451660156e+00,1.043171215057373047e+01,1.091889190673828125e+01,1.062693405151367188e+01,1.044322776794433594e+01,1.662071800231933594e+01,1.517626380920410156e+01,9.664913177490234375e+00,9.372394561767578125e+00,1.143301773071289062e+01,1.010711383819580078e+01,8.722408294677734375e+00,1.218849754333496094e+01,1.547282600402832031e+01,1.626529693603515625e+01,1.708647155761718750e+01,1.255699920654296875e+01,1.227521896362304688e+01,1.446110630035400391e+01,1.595431613922119141e+01,1.406143283843994141e+01,1.825792884826660156e+01,2.119504165649414062e+01,1.556617832183837891e+01,1.428485298156738281e+01,1.161609840393066406e+01,6.425949096679687500e+00,1.737114715576171875e+01,1.868696975708007812e+01,1.366211223602294922e+01,1.179741287231445312e+01,1.334868812561035156e+01,1.540140914916992188e+01,1.419722461700439453e+01,9.881186485290527344e+00,7.268484115600585938e+00,1.158576011657714844e+01,2.077597999572753906e+01,1.781485176086425781e+01,1.664229011535644531e+01,1.701281738281250000e+01,1.480713272094726562e+01,1.720103836059570312e+01,1.159145736694335938e+01,1.235852527618408203e+01,1.562296295166015625e+01,1.403365898132324219e+01,8.980048179626464844e+00,6.229971885681152344e+00,9.177273750305175781e+00,9.259983062744140625e+00,8.614738464355468750e+00,1.012809944152832031e+01,8.173297882080078125e+00,5.911915779113769531e+00,1.478995895385742188e+01,2.108806228637695312e+01,1.752794647216796875e+01,1.177354049682617188e+01,7.806811809539794922e+00,1.199994850158691406e+01,1.557883262634277344e+01,1.654111480712890625e+01,1.409113788604736328e+01,1.090859222412109375e+01,1.212190151214599609e+01,8.666528701782226562e+00,1.785682296752929688e+01,2.141609191894531250e+01,1.626421737670898438e+01,8.265068054199218750e+00,3.321812152862548828e+00,5.816709041595458984e+00,1.122395896911621094e+01,1.508900260925292969e+01,1.285095977783203125e+01,1.242462158203125000e+01,1.613832283020019531e+01,1.410656070709228516e+01,1.067489242553710938e+01,1.157272720336914062e+01,1.700448608398437500e+01,2.235611724853515625e+01,1.488581275939941406e+01,5.511143207550048828e+00,6.299529075622558594e+00,7.575459480285644531e+00,1.000088405609130859e+01,1.043386459350585938e+01,1.206164169311523438e+01,1.498331832885742188e+01,1.767008018493652344e+01,1.450653457641601562e+01,8.376980781555175781e+00,6.540783882141113281e+00,9.112087249755859375e+00,1.009557914733886719e+01,7.918483734130859375e+00,4.955876350402832031e+00,-8.688743710517883301e-01,1.982104539871215820e+00,1.033974075317382812e+01,1.325310039520263672e+01,9.220131874084472656e+00,1.159165000915527344e+01,1.686635208129882812e+01,1.742100334167480469e+01,1.718472671508789062e+01,1.504945182800292969e+01,8.997540473937988281e+00,7.229722976684570312e+00,1.031932067871093750e+01,9.345280647277832031e+00,1.239972496032714844e+01,1.150427532196044922e+01,4.908516883850097656e+00,2.844740390777587891e+00,3.451149463653564453e+00,6.863859295845031738e-01,1.255867719650268555e+00,7.402976989746093750e+00,1.050435829162597656e+01,1.007091808319091797e+01,1.483407783508300781e+01,1.050946426391601562e+01,5.984901428222656250e+00,1.388140392303466797e+01,1.656154632568359375e+01,1.961288070678710938e+01,1.633490371704101562e+01,1.220233154296875000e+01,7.530151367187500000e+00,9.203646659851074219e+00,8.407299995422363281e+00,8.592250823974609375e+00,1.279652595520019531e+01,8.459392547607421875e+00,6.638589382171630859e+00,9.720541954040527344e+00,1.096968173980712891e+01,1.427370166778564453e+01,2.077942276000976562e+01,1.927269363403320312e+01,2.299748229980468750e+01,2.480651855468750000e+01,1.102181053161621094e+01,6.485690116882324219e+00,1.307729721069335938e+01,2.193884658813476562e+01,2.983480453491210938e+01,3.093131065368652344e+01,2.866893005371093750e+01,2.894894218444824219e+01,2.616707038879394531e+01,2.112149810791015625e+01,1.960840225219726562e+01,1.746822738647460938e+01,1.559411621093750000e+01,1.924680709838867188e+01,2.104629135131835938e+01,1.317818355560302734e+01,1.426445770263671875e+01,1.505163955688476562e+01,1.513580894470214844e+01,2.237379074096679688e+01,2.767655944824218750e+01,2.459454345703125000e+01,1.771708869934082031e+01,1.234932518005371094e+01,1.033650970458984375e+01,9.744811058044433594e+00,2.110610961914062500e+01,2.837817764282226562e+01,2.555213165283203125e+01,2.895145416259765625e+01,2.230193519592285156e+01,1.145751571655273438e+01,1.336705303192138672e+01,2.188371658325195312e+01,2.769919967651367188e+01,2.839527130126953125e+01,2.641748809814453125e+01,2.072685050964355469e+01,2.265333557128906250e+01,1.944530868530273438e+01,1.644046783447265625e+01,1.122164249420166016e+01,7.469792366027832031e+00,5.141892433166503906e+00,6.132385253906250000e+00,6.727924346923828125e+00,9.038015365600585938e+00,1.138309478759765625e+01,1.125903320312500000e+01,7.401732921600341797e+00,6.720973014831542969e+00,9.403612136840820312e+00,2.285480260848999023e+00,4.764595985412597656e+00,8.413792610168457031e+00,7.369568824768066406e+00,9.667821884155273438e+00,6.822037696838378906e+00,1.004599952697753906e+01,1.446852302551269531e+01,1.522104740142822266e+01,1.566104316711425781e+01,1.382701301574707031e+01,1.133142662048339844e+01,1.531410217285156250e+01,1.922914886474609375e+01,2.016280746459960938e+01,1.298510742187500000e+01,7.721242904663085938e+00,1.129738235473632812e+01,9.681452751159667969e+00,5.722386360168457031e+00,9.660543441772460938e+00,1.156566524505615234e+01,1.441967582702636719e+01,1.201082992553710938e+01,9.370196342468261719e+00,1.256227302551269531e+01,1.231493377685546875e+01,1.467194557189941406e+01,9.599628448486328125e+00,6.993724822998046875e+00,7.303403377532958984e+00,6.743977069854736328e+00,6.753671646118164062e+00,8.985019683837890625e+00,1.076029396057128906e+01,1.107710361480712891e+01,6.092379570007324219e+00,4.904566764831542969e+00,7.993511676788330078e+00,1.222058773040771484e+01,2.095802879333496094e+01,2.845002746582031250e+01,2.308396148681640625e+01,1.046918487548828125e+01,6.561400890350341797e+00,6.549149513244628906e+00,9.592351913452148438e+00,8.294286727905273438e+00,1.764434814453125000e+01,1.875194168090820312e+01,1.853065872192382812e+01,2.115944480895996094e+01,2.216399955749511719e+01,1.922554779052734375e+01,2.396166229248046875e+01,2.609138870239257812e+01,2.470917510986328125e+01,1.543034172058105469e+01,1.222075843811035156e+01,1.537025642395019531e+01,2.599162483215332031e+01,2.649162292480468750e+01,1.822067260742187500e+01,1.797411727905273438e+01,1.641093063354492188e+01,1.216199302673339844e+01,1.172067070007324219e+01,9.523732185363769531e+00,8.207319259643554688e+00,5.883405685424804688e+00,1.170623397827148438e+01,1.462229919433593750e+01,8.668390274047851562e+00,1.336366653442382812e+01,1.381320381164550781e+01,1.166726493835449219e+01,1.453535079956054688e+01,1.715166473388671875e+01,1.609267425537109375e+01,1.887111282348632812e+01,2.055481147766113281e+01,2.433493804931640625e+01,1.769056129455566406e+01,1.470466613769531250e+01,2.099549484252929688e+01,1.812427902221679688e+01,1.402371692657470703e+01,1.241127395629882812e+01,2.516714096069335938e+01,2.676885986328125000e+01,2.248986053466796875e+01,1.620328521728515625e+01,1.613008880615234375e+01,1.424291419982910156e+01,9.817552566528320312e+00,1.112204742431640625e+01,1.909642791748046875e+01,2.579944229125976562e+01,2.194305801391601562e+01,1.296757125854492188e+01,1.090493011474609375e+01,9.965701103210449219e+00,7.490797996520996094e+00,1.256631088256835938e+01,1.636600875854492188e+01,1.502701950073242188e+01,1.357275104522705078e+01,1.589984035491943359e+01,1.663748550415039062e+01,1.561199569702148438e+01,1.328378677368164062e+01,1.008269691467285156e+01,1.394672489166259766e+01,2.075902938842773438e+01,2.627886962890625000e+01,2.969400978088378906e+01,2.375360488891601562e+01,1.899043846130371094e+01,2.095839881896972656e+01,2.587601661682128906e+01,2.502504730224609375e+01,1.411480522155761719e+01,9.105082511901855469e+00,1.778302764892578125e+01,1.594589805603027344e+01,1.212397384643554688e+01,1.146350765228271484e+01,8.901472091674804688e+00,1.018454170227050781e+01,1.304721069335937500e+01,1.726765060424804688e+01,1.741505813598632812e+01,1.486343574523925781e+01,1.658757781982421875e+01,1.847088432312011719e+01,1.283563709259033203e+01,9.667434692382812500e+00,1.318443870544433594e+01,1.566415405273437500e+01,1.566985225677490234e+01,1.446987724304199219e+01,1.371623039245605469e+01,1.689981269836425781e+01,1.795858383178710938e+01,1.706546974182128906e+01,1.231110572814941406e+01,1.525706195831298828e+01,1.438120841979980469e+01,1.240296173095703125e+01,1.498011398315429688e+01,1.167491817474365234e+01,7.086337089538574219e+00,9.976828575134277344e+00,1.401257610321044922e+01,1.597897815704345703e+01,1.433260726928710938e+01,8.896848678588867188e+00,1.316115093231201172e+01,1.371140098571777344e+01,1.080343627929687500e+01,1.240884971618652344e+01,1.369555950164794922e+01,1.271486091613769531e+01,1.176337623596191406e+01,1.281377601623535156e+01,1.268539810180664062e+01,1.353293800354003906e+01,1.432029342651367188e+01,8.943341255187988281e+00,1.038549518585205078e+01,1.466376686096191406e+01,1.205898380279541016e+01,9.781202316284179688e+00,1.409842109680175781e+01,1.689877891540527344e+01,1.170981407165527344e+01,6.733585357666015625e+00,5.983744621276855469e+00,9.487863540649414062e+00,1.516559410095214844e+01,1.290037345886230469e+01,1.428547096252441406e+01,1.624625396728515625e+01,1.132827758789062500e+01,1.118450546264648438e+01,1.193146133422851562e+01,1.143812084197998047e+01,1.370128059387207031e+01,8.823990821838378906e+00,8.856535911560058594e+00,6.153199672698974609e+00,6.877427101135253906e+00,1.082862854003906250e+01,1.538095855712890625e+01,1.496535396575927734e+01,1.622388458251953125e+01,1.471764087677001953e+01,1.262645530700683594e+01,1.206998252868652344e+01,1.033951568603515625e+01,1.019991683959960938e+01,1.052166557312011719e+01,6.569398880004882812e+00,9.311620712280273438e+00,1.012105751037597656e+01,1.239891338348388672e+01,1.165720176696777344e+01,1.195110893249511719e+01,1.162199592590332031e+01,1.774938201904296875e+01,2.225626754760742188e+01,2.175026893615722656e+01,2.593711090087890625e+01,3.056005287170410156e+01,2.498410415649414062e+01,2.122914505004882812e+01,1.736441040039062500e+01,1.750486373901367188e+01,1.779915237426757812e+01,2.461483383178710938e+01,3.785691833496093750e+01,3.689900970458984375e+01,3.458747100830078125e+01,3.064834213256835938e+01,2.463942146301269531e+01,2.127511787414550781e+01,1.507649230957031250e+01,1.268410396575927734e+01,1.899190139770507812e+01,2.243420410156250000e+01,2.103772735595703125e+01,1.957035064697265625e+01,1.862101745605468750e+01,2.276758193969726562e+01,1.933426284790039062e+01,1.979895401000976562e+01,1.965043258666992188e+01,1.758515167236328125e+01,1.897399902343750000e+01,1.770543289184570312e+01,1.555346679687500000e+01,1.739987754821777344e+01,1.880840110778808594e+01,1.143702888488769531e+01,7.478938102722167969e+00,1.218357467651367188e+01,1.428225231170654297e+01,1.431562614440917969e+01,2.343906974792480469e+01,2.428978347778320312e+01,2.855216217041015625e+01,2.377766799926757812e+01,2.086658096313476562e+01,2.152164840698242188e+01,1.659968566894531250e+01,1.225069522857666016e+01,8.665386199951171875e+00,3.023859739303588867e+00,4.720713794231414795e-01,1.109893202781677246e+00,1.889167785644531250e+00,3.632802009582519531e+00,5.798299789428710938e+00,1.829545855522155762e+00,5.158879280090332031e+00,8.871892929077148438e+00,1.475176429748535156e+01,1.034882545471191406e+01,1.937341332435607910e+00,1.713294029235839844e+00,3.663815498352050781e+00,8.299539566040039062e+00,1.139259719848632812e+01,1.076922988891601562e+01,1.217926788330078125e+01,1.588095569610595703e+01,1.472831153869628906e+01,2.193152427673339844e+01,1.611865425109863281e+01,1.263107776641845703e+01,1.006223106384277344e+01,7.007831335067749023e-01,-5.123478889465332031e+00,-1.889059543609619141e+00,9.432679176330566406e+00,1.597087478637695312e+01,2.358969306945800781e+01,2.168657112121582031e+01,1.698666191101074219e+01,1.617526817321777344e+01,1.672409057617187500e+01,1.395131778717041016e+01,8.719146728515625000e+00,1.291173171997070312e+01,1.625454139709472656e+01,1.891840744018554688e+01,1.980419158935546875e+01,1.580131340026855469e+01,1.153160190582275391e+01,1.329554462432861328e+01,1.365021324157714844e+01,1.540376472473144531e+01,1.168179893493652344e+01,5.790533065795898438e+00,-5.487108230590820312e-01,7.518177032470703125e+00,8.758186340332031250e+00,1.548413467407226562e+01,1.821215057373046875e+01,2.233955955505371094e+01,2.211676025390625000e+01,2.186140441894531250e+01,1.301751136779785156e+01,1.316353416442871094e+01,1.029769706726074219e+01,3.339087486267089844e+00,3.240314722061157227e+00,-2.506531715393066406e+00,-2.102269649505615234e+00,3.995162010192871094e+00,3.830564975738525391e+00,6.151196479797363281e+00,9.174832344055175781e+00,1.663002204895019531e+01,1.621765327453613281e+01,1.512062263488769531e+01,1.235535621643066406e+01,1.017930984497070312e+01,1.352472114562988281e+01,1.259830284118652344e+01,1.719233703613281250e+01,1.712080764770507812e+01,1.560970878601074219e+01,1.376737022399902344e+01,1.235722541809082031e+01,1.368130302429199219e+01,1.493141174316406250e+01,1.702582168579101562e+01,1.623134613037109375e+01,1.331697845458984375e+01,1.688519287109375000e+01,1.762619972229003906e+01,1.694402694702148438e+01,1.561973667144775391e+01,1.173148918151855469e+01,1.488176155090332031e+01,1.517707347869873047e+01,1.412559509277343750e+01,1.955843353271484375e+01,1.731845474243164062e+01,1.988451766967773438e+01,1.724111938476562500e+01,2.021953582763671875e+01,2.526349639892578125e+01,2.416314697265625000e+01,1.823109245300292969e+01,1.084177780151367188e+01,1.689344215393066406e+01,2.385859298706054688e+01,1.897602844238281250e+01,1.736943817138671875e+01,1.756306457519531250e+01,2.146126174926757812e+01,1.504631519317626953e+01,1.040302085876464844e+01,1.519166851043701172e+01,1.755561828613281250e+01,1.715961074829101562e+01,2.040464401245117188e+01,3.048847961425781250e+01,3.758528137207031250e+01,3.436740875244140625e+01,1.732828521728515625e+01,1.104149341583251953e+00,-4.831980228424072266e+00,-7.586126804351806641e+00,-5.469298362731933594e+00,-2.421228170394897461e+00,3.220602035522460938e+00,4.253681182861328125e+00,-1.814331173896789551e+00,5.601419448852539062e+00,1.940562438964843750e+01,1.901404571533203125e+01,1.599830818176269531e+01,1.974275588989257812e+01,1.339028835296630859e+01,9.093456268310546875e+00,1.166206264495849609e+01,1.402568149566650391e+01,1.134280776977539062e+01,1.098641395568847656e+01,8.270569801330566406e+00,1.040595054626464844e+01,1.014546489715576172e+01,7.653959751129150391e+00,1.352989387512207031e+01,1.339237403869628906e+01,1.009449386596679688e+01,7.665183544158935547e+00,1.042082023620605469e+01,1.136099052429199219e+01,1.299514389038085938e+01,9.454296112060546875e+00,1.144832038879394531e+01,9.998574256896972656e+00,1.135287094116210938e+01,8.133226394653320312e+00,5.538581848144531250e+00,1.068512344360351562e+01,1.423195838928222656e+01,1.221890640258789062e+01,1.184269332885742188e+01,1.080183029174804688e+01,1.394586086273193359e+01,1.241494178771972656e+01,9.422492027282714844e+00,1.375874900817871094e+01,1.761896705627441406e+01,1.641420936584472656e+01,1.433655166625976562e+01,1.003368854522705078e+01,1.204362773895263672e+01,1.206369400024414062e+01,1.146392250061035156e+01,1.167048740386962891e+01,1.155700969696044922e+01,9.843096733093261719e+00,9.310548782348632812e+00,1.110688781738281250e+01,1.124481391906738281e+01,1.075470161437988281e+01,8.062635421752929688e+00,1.362887191772460938e+01,1.123163127899169922e+01,1.189933586120605469e+01,1.238946723937988281e+01,9.856986999511718750e+00,9.449953079223632812e+00,1.350148963928222656e+01,1.547303009033203125e+01,1.271876144409179688e+01,8.713416099548339844e+00,1.034850788116455078e+01,7.440834999084472656e+00,9.336818695068359375e+00,1.441945457458496094e+01,1.413722801208496094e+01,1.535614681243896484e+01,1.873150253295898438e+01,2.210467529296875000e+01,2.814206695556640625e+01,2.645156860351562500e+01,1.881821250915527344e+01,1.478080558776855469e+01,1.390602111816406250e+01,1.698844909667968750e+01,1.800871086120605469e+01,1.429249572753906250e+01,1.373461723327636719e+01,1.632745170593261719e+01,2.070735549926757812e+01,1.897754287719726562e+01,1.191868019104003906e+01,6.026348590850830078e+00,4.443640708923339844e+00,1.067021369934082031e+01,1.675878906250000000e+01,1.787939071655273438e+01,2.036038208007812500e+01,2.055920410156250000e+01,1.748830604553222656e+01,1.872952651977539062e+01,1.705960083007812500e+01,7.456682205200195312e+00,3.266611099243164062e+00,1.182436943054199219e+01,2.203659439086914062e+01,2.464767456054687500e+01,2.479208374023437500e+01,2.354250907897949219e+01,2.198400115966796875e+01,1.318343544006347656e+01,6.370811462402343750e+00,3.385478734970092773e+00,5.228555202484130859e+00,5.507848262786865234e+00,8.310528755187988281e+00,1.525616836547851562e+01,2.131802940368652344e+01,1.772508049011230469e+01,1.679336929321289062e+01,1.619379425048828125e+01,1.892562294006347656e+01,1.940040397644042969e+01,1.656018829345703125e+01,1.667149734497070312e+01,2.149468612670898438e+01,1.946858024597167969e+01,1.212272644042968750e+01,1.197013568878173828e+01,1.109581756591796875e+01,9.635149002075195312e+00,9.661199569702148438e+00,1.000563430786132812e+01,7.488927841186523438e+00,9.074318885803222656e+00,1.255203437805175781e+01,1.386638450622558594e+01,1.046926689147949219e+01,9.142116546630859375e+00,4.351129055023193359e+00,7.406151294708251953e+00,1.285725116729736328e+01,9.139219284057617188e+00,8.031991958618164062e+00,1.201593017578125000e+01,1.027465629577636719e+01,1.146195030212402344e+01,1.300151062011718750e+01,1.774423789978027344e+01,1.122730255126953125e+01,5.147021293640136719e+00,5.648634910583496094e+00,4.224348545074462891e+00,1.674153804779052734e+00,5.824518203735351562e+00,1.014235115051269531e+01,1.050884723663330078e+01,8.970024108886718750e+00,7.320008277893066406e+00,1.045124626159667969e+01,8.513198852539062500e+00,8.327028274536132812e+00,1.305969619750976562e+01,1.526777839660644531e+01,1.574574851989746094e+01,1.143112945556640625e+01,1.373006057739257812e+01,1.875494575500488281e+01,1.525034332275390625e+01,1.095341873168945312e+01,1.282330894470214844e+01,1.275176620483398438e+01,1.742763519287109375e+01,1.516079521179199219e+01,1.113800048828125000e+01,1.147027206420898438e+01,1.104807853698730469e+01,8.925182342529296875e+00,9.404721260070800781e+00,7.139168739318847656e+00,1.185639762878417969e+01,1.643595123291015625e+01,1.590636825561523438e+01,1.515074634552001953e+01,2.085894584655761719e+01,2.159265899658203125e+01,1.590896129608154297e+01,1.104361629486083984e+01,1.352329063415527344e+01,1.344425487518310547e+01,1.430144119262695312e+01,1.229221248626708984e+01,1.011885833740234375e+01,1.158954429626464844e+01,1.417000007629394531e+01,1.274421119689941406e+01,1.320281887054443359e+01,1.463933467864990234e+01,1.382003593444824219e+01,2.083183288574218750e+01,2.172093009948730469e+01,1.784049606323242188e+01,1.543596172332763672e+01,1.414797973632812500e+01,1.722040367126464844e+01,1.951585960388183594e+01,1.782830429077148438e+01,1.825975799560546875e+01,2.159276580810546875e+01,1.567010974884033203e+01,7.914981842041015625e+00,8.856896400451660156e+00,1.217518806457519531e+01,1.141239738464355469e+01,1.903938865661621094e+01,1.298851966857910156e+01,1.274248313903808594e+01,2.260236740112304688e+01,2.805885124206542969e+01,2.530693435668945312e+01,2.396239471435546875e+01,2.345613861083984375e+01,1.930681610107421875e+01,2.099130249023437500e+01,1.824962997436523438e+01,2.311447143554687500e+01,2.388566207885742188e+01,1.589435386657714844e+01,5.841899394989013672e+00,5.868324279785156250e+00,6.966817855834960938e+00,9.320612907409667969e+00,1.289761447906494141e+01,7.836239337921142578e+00,8.853443145751953125e+00,1.195633125305175781e+01,1.485368347167968750e+01,1.477504348754882812e+01,1.457235622406005859e+01,7.878309249877929688e+00,5.318379402160644531e+00,6.874958038330078125e+00,5.258036613464355469e+00,-3.788341045379638672e+00,-1.242947387695312500e+01,-1.633637237548828125e+01,-1.481393051147460938e+01,-1.280905151367187500e+01,-7.638720512390136719e+00,-5.288312911987304688e+00,-4.130553245544433594e+00,1.261946111917495728e-01,1.298651218414306641e+01,9.415089607238769531e+00,-1.713455021381378174e-01,3.918161153793334961e+00,9.836379051208496094e+00,1.108724117279052734e+01,9.754116058349609375e+00,1.537463188171386719e+01,2.091487503051757812e+01,2.089321708679199219e+01,1.681392288208007812e+01,1.033480072021484375e+01,1.261997032165527344e+01,1.468437385559082031e+01,1.509521484375000000e+01,1.710624694824218750e+01,1.626554679870605469e+01,1.370394515991210938e+01,9.677682876586914062e+00,1.085057640075683594e+01,1.078458404541015625e+01,1.283743381500244141e+01,1.040009307861328125e+01,9.463088989257812500e+00,1.365358543395996094e+01,1.370464038848876953e+01,1.560674285888671875e+01,1.811391639709472656e+01,2.054020309448242188e+01,2.031054306030273438e+01,2.379560661315917969e+01,2.521784973144531250e+01,2.902396965026855469e+01,2.440153121948242188e+01,1.680502891540527344e+01,1.250503921508789062e+01,1.590820503234863281e+01,1.837418556213378906e+01,2.045900344848632812e+01,1.744159698486328125e+01,2.086900901794433594e+01,2.260727119445800781e+01,1.804340744018554688e+01,2.263403320312500000e+01,2.313955497741699219e+01,1.664971542358398438e+01,1.870080947875976562e+01,1.898977851867675781e+01,1.530105781555175781e+01,1.478062248229980469e+01,1.535018348693847656e+01,1.405834674835205078e+01,1.948775482177734375e+01,1.870969009399414062e+01,1.722950172424316406e+01,1.382783126831054688e+01,1.131265258789062500e+01,1.296450424194335938e+01,1.337651443481445312e+01,1.603156280517578125e+01,1.784817695617675781e+01,1.877649497985839844e+01,2.052804946899414062e+01,1.694596672058105469e+01,1.256090831756591797e+01,1.482048130035400391e+01,1.209658622741699219e+01,1.363682842254638672e+01,1.811817932128906250e+01,1.284425354003906250e+01,1.303393173217773438e+01,1.342442703247070312e+01,1.049997711181640625e+01,1.440467548370361328e+01,1.544583988189697266e+01,1.603718757629394531e+01,1.276265335083007812e+01,1.375010871887207031e+01,1.558353328704833984e+01,1.121640872955322266e+01,9.238386154174804688e+00,9.743365287780761719e+00,9.373643875122070312e+00,7.224501132965087891e+00,1.085761737823486328e+01,1.061781120300292969e+01,7.570740699768066406e+00,7.484427452087402344e+00,9.274499893188476562e+00,1.759070014953613281e+01,1.339815139770507812e+01,1.265325355529785156e+01,1.527971935272216797e+01,9.826766014099121094e+00,8.626039505004882812e+00,9.106492042541503906e+00,1.144109725952148438e+01,1.856492042541503906e+01,1.433449554443359375e+01,9.799896240234375000e+00,9.858118057250976562e+00,1.150415611267089844e+01,1.058839035034179688e+01,1.319467449188232422e+01,1.399858665466308594e+01,9.509460449218750000e+00,1.081255531311035156e+01,9.923418045043945312e+00,8.303879737854003906e+00,1.342916870117187500e+01,1.151300144195556641e+01,6.172651290893554688e+00,1.062897872924804688e+01,1.958107185363769531e+01,1.897217941284179688e+01,1.509042358398437500e+01,1.454868316650390625e+01,1.448253822326660156e+01,1.031608009338378906e+01,1.173573589324951172e+01,1.196836280822753906e+01,1.018342494964599609e+01,7.233709335327148438e+00,1.251496505737304688e+01,1.572725868225097656e+01,1.915459060668945312e+01,1.946158218383789062e+01,1.848990249633789062e+01,2.243791580200195312e+01,2.293512916564941406e+01,1.679977035522460938e+01,1.007624149322509766e+01,1.625909423828125000e+01,1.793583488464355469e+01,2.111874008178710938e+01,1.807474517822265625e+01,2.054108810424804688e+01,2.071460151672363281e+01,1.689397811889648438e+01,1.861001205444335938e+01,2.211114692687988281e+01,2.112808418273925781e+01,1.771724319458007812e+01,1.633488464355468750e+01,1.230513477325439453e+01,1.312043762207031250e+01,1.660352516174316406e+01,2.315258407592773438e+01,2.613217926025390625e+01,2.687998199462890625e+01,2.123294067382812500e+01,1.434004402160644531e+01,1.174087333679199219e+01,1.429595565795898438e+01,1.940267181396484375e+01,2.103547286987304688e+01,1.555664062500000000e+01,1.449873924255371094e+01,1.913718986511230469e+01,2.109190559387207031e+01,2.510269927978515625e+01,2.465357780456542969e+01,1.875460052490234375e+01,2.054024124145507812e+01,2.731977653503417969e+01,2.907874298095703125e+01,2.768331909179687500e+01,2.796745300292968750e+01,2.756781768798828125e+01,2.561167907714843750e+01,1.360314178466796875e+01,6.277538299560546875e+00,5.117316722869873047e+00,6.613353729248046875e+00,7.345664024353027344e+00,6.082167625427246094e+00,7.563851356506347656e+00,1.204539680480957031e+01,1.133756256103515625e+01,6.653572559356689453e+00,6.340106487274169922e+00,8.106071472167968750e+00,9.103058815002441406e+00,1.106481361389160156e+01,7.612223148345947266e+00,8.685412406921386719e+00,1.147348976135253906e+01,1.844114303588867188e+01,1.686698913574218750e+01,1.631941223144531250e+01,1.584340953826904297e+01,1.557611274719238281e+01,1.774739074707031250e+01,1.599895381927490234e+01,2.269536972045898438e+01,2.626264572143554688e+01,2.528493118286132812e+01,2.103968238830566406e+01,1.685136222839355469e+01,1.375187492370605469e+01,1.155351638793945312e+01,1.203642463684082031e+01,1.168206691741943359e+01,1.000742816925048828e+01,1.418024921417236328e+01,1.408275604248046875e+01,1.093982315063476562e+01,9.903674125671386719e+00,9.415385246276855469e+00,1.207924652099609375e+01,6.997666835784912109e+00,4.357388496398925781e+00,7.907205581665039062e+00,9.396806716918945312e+00,1.373423767089843750e+01,1.707518959045410156e+01,1.901929092407226562e+01,2.171017837524414062e+01,2.212724876403808594e+01,1.943864440917968750e+01,1.734296226501464844e+01,1.581326675415039062e+01,1.659252548217773438e+01,1.535214900970458984e+01,1.300260543823242188e+01,1.688155746459960938e+01,1.545584869384765625e+01,1.113271903991699219e+01,1.077463722229003906e+01,1.526902008056640625e+01,1.615213584899902344e+01,1.718722915649414062e+01,2.433870697021484375e+01,1.930803108215332031e+01,1.413164901733398438e+01,1.617625999450683594e+01,1.262754154205322266e+01,1.321235942840576172e+01,1.368429946899414062e+01,1.623552703857421875e+01,1.636774444580078125e+01,1.923303222656250000e+01,1.616624259948730469e+01,1.138251972198486328e+01,1.526202487945556641e+01,2.147513961791992188e+01,1.528211784362792969e+01,1.183224105834960938e+01,1.592655277252197266e+01,2.175022888183593750e+01,1.869984817504882812e+01,1.758036041259765625e+01,1.703952407836914062e+01,1.516424942016601562e+01,1.685680961608886719e+01,1.872667121887207031e+01,1.982471275329589844e+01,2.049165153503417969e+01,2.235546112060546875e+01,2.329633331298828125e+01,2.009897613525390625e+01,2.004321289062500000e+01,1.790387535095214844e+01,1.704046058654785156e+01,2.272190475463867188e+01,2.561241912841796875e+01,2.444304466247558594e+01,2.061811828613281250e+01,1.804570007324218750e+01,1.630709838867187500e+01,1.832117080688476562e+01,1.396162414550781250e+01,1.305366516113281250e+01,1.165883541107177734e+01,1.112471389770507812e+01,1.048857307434082031e+01,9.078963279724121094e+00,1.181943225860595703e+01,1.491152572631835938e+01,1.487158489227294922e+01,1.353130912780761719e+01,1.539651775360107422e+01,1.393343639373779297e+01,7.921043395996093750e+00,1.230138015747070312e+01,1.285001754760742188e+01,1.777148437500000000e+01,2.204639053344726562e+01,2.072377014160156250e+01,2.227368354797363281e+01,2.156853866577148438e+01,2.059056091308593750e+01,1.845872306823730469e+01,1.900799179077148438e+01,1.903204154968261719e+01,2.262936019897460938e+01,1.917813110351562500e+01,1.796916580200195312e+01,1.430856418609619141e+01,1.564264583587646484e+01,2.084874725341796875e+01,2.043224906921386719e+01,1.863856887817382812e+01,1.641123199462890625e+01,1.401468372344970703e+01,1.481585693359375000e+01,1.660877227783203125e+01,1.878706169128417969e+01,1.695192337036132812e+01,1.069839668273925781e+01,1.050811290740966797e+01,1.192352104187011719e+01,8.582301139831542969e+00,5.800064086914062500e+00,1.014799213409423828e+01,7.890332698822021484e+00,5.562663078308105469e+00,7.243767738342285156e+00,1.012950134277343750e+01,1.035830402374267578e+01,1.272653770446777344e+01,6.805693626403808594e+00,5.844001293182373047e+00,3.548090696334838867e+00,2.657609939575195312e+00,6.445678234100341797e+00,5.948750972747802734e+00,7.787278175354003906e+00,1.441739463806152344e+01,2.204328346252441406e+01,2.679140853881835938e+01,2.794451332092285156e+01,2.724249649047851562e+01,2.802630424499511719e+01,2.596975708007812500e+01,1.756639862060546875e+01,5.905587673187255859e+00,3.044676542282104492e+00,7.755679130554199219e+00,8.949096679687500000e+00,1.679596900939941406e+01,1.886661720275878906e+01,1.353975868225097656e+01,1.069993400573730469e+01,7.099321842193603516e+00,5.737148761749267578e+00,1.645734786987304688e+01,2.551225662231445312e+01,2.336288642883300781e+01,2.175049018859863281e+01,2.099384689331054688e+01,2.114552307128906250e+01,2.256433296203613281e+01,2.523487854003906250e+01,2.311540222167968750e+01,2.520775413513183594e+01,2.698100471496582031e+01,2.523979187011718750e+01,2.437622070312500000e+01,2.033982467651367188e+01,1.392257499694824219e+01,1.749089431762695312e+01,2.156250000000000000e+01,2.085170745849609375e+01,2.355088806152343750e+01,2.487143707275390625e+01,2.290832138061523438e+01,2.154079818725585938e+01,1.412002372741699219e+01,1.104668807983398438e+01,1.488431739807128906e+01,1.969919586181640625e+01,2.227227020263671875e+01,2.013664817810058594e+01,1.743383979797363281e+01,2.183536148071289062e+01,2.061968994140625000e+01,1.687142372131347656e+01,1.307845687866210938e+01,1.171782207489013672e+01,2.022474288940429688e+01,1.780545043945312500e+01,1.233283042907714844e+01,9.780406951904296875e+00,8.764229774475097656e+00,8.296785354614257812e+00,9.702114105224609375e+00,1.882637214660644531e+01,2.145823669433593750e+01,1.971057128906250000e+01,1.635538864135742188e+01,1.446637916564941406e+01,1.957735061645507812e+01,2.447899246215820312e+01,2.360550880432128906e+01,2.058257293701171875e+01,9.005022048950195312e+00,7.321132659912109375e+00,6.152686119079589844e+00,8.449918746948242188e+00,3.704979658126831055e+00,2.402857542037963867e+00,1.085528755187988281e+01,1.037295055389404297e+01,1.151180648803710938e+01,1.148344039916992188e+01,8.759287834167480469e+00,5.879906177520751953e+00,1.020193576812744141e+01,1.149172592163085938e+01,1.050877571105957031e+01,1.425643157958984375e+01,1.670738983154296875e+01,1.589021396636962891e+01,1.056510066986083984e+01,1.265543746948242188e+01,1.281933975219726562e+01,1.240613555908203125e+01,1.472356986999511719e+01,1.483425140380859375e+01,1.791868400573730469e+01,1.675382232666015625e+01,1.321578216552734375e+01,1.236152839660644531e+01,8.382200241088867188e+00,8.619653701782226562e+00,8.620864868164062500e+00,6.173852443695068359e+00,1.794392108917236328e+00,3.376922130584716797e+00,5.696536064147949219e+00,5.828090667724609375e+00,9.071039199829101562e+00,1.075948143005371094e+01,9.241808891296386719e+00,3.334120988845825195e+00,3.473276615142822266e+00,2.684307575225830078e+00,6.537185668945312500e+00,4.576483726501464844e+00,5.052248954772949219e+00,7.880848407745361328e+00,9.500132560729980469e+00,1.623610687255859375e+01,1.614219665527343750e+01,1.878732681274414062e+01,1.880786705017089844e+01,1.915507125854492188e+01,1.779738044738769531e+01,1.486579227447509766e+01,8.515603065490722656e+00,8.328765869140625000e+00,3.415875911712646484e+00,2.728229045867919922e+00,8.423001289367675781e+00,6.453804492950439453e+00,8.336405754089355469e+00,9.934088706970214844e+00,1.011842918395996094e+01,1.191740131378173828e+01,1.138992118835449219e+01,1.163265609741210938e+01,1.062797164916992188e+01,8.087427139282226562e+00,7.234525680541992188e+00,7.134240150451660156e+00,9.975351333618164062e+00,1.203633689880371094e+01,1.282605648040771484e+01,8.657941818237304688e+00,7.782418251037597656e+00,5.045796871185302734e+00,7.957081794738769531e+00,7.394591331481933594e+00,9.903818130493164062e+00,9.791048049926757812e+00,9.665946960449218750e+00,9.533099174499511719e+00,1.123003196716308594e+01,1.331124305725097656e+01,1.191351890563964844e+01,8.834182739257812500e+00,7.689974784851074219e+00,1.185401916503906250e+01,8.168622016906738281e+00,3.883385181427001953e+00,7.311067581176757812e+00,6.177781105041503906e+00,8.881217002868652344e+00,9.666904449462890625e+00,3.953182220458984375e+00,3.084969997406005859e+00,5.847562313079833984e+00,6.761357784271240234e+00,8.048425674438476562e+00,8.647887229919433594e+00,7.498183250427246094e+00,1.199140071868896484e+01,1.584031867980957031e+01,1.047004222869873047e+01,1.166936874389648438e+01,1.347876548767089844e+01,1.180474472045898438e+01,9.956184387207031250e+00,1.036190605163574219e+01,1.268471527099609375e+01,6.890801429748535156e+00,8.082404136657714844e+00,8.308146476745605469e+00,8.906158447265625000e+00,1.174655246734619141e+01,1.096820449829101562e+01,1.160189247131347656e+01,1.752853965759277344e+01,1.850627899169921875e+01,1.694939804077148438e+01,1.329299354553222656e+01,7.261964797973632812e+00,3.850256919860839844e+00,4.530713081359863281e+00,4.191632747650146484e+00,6.894636154174804688e+00,6.175126075744628906e+00,7.098810195922851562e+00,8.030660629272460938e+00,6.665465354919433594e+00,6.331154823303222656e+00,4.731494426727294922e+00,6.498509407043457031e+00,7.293465614318847656e+00,1.020133209228515625e+01,7.744899749755859375e+00,1.919838666915893555e+00,-2.143740653991699219e-02,2.572939872741699219e+00,5.062878608703613281e+00,6.055166244506835938e+00,9.831928253173828125e+00,9.415428161621093750e+00,7.771284103393554688e+00,5.511117935180664062e+00,6.521432876586914062e+00,8.381887435913085938e+00,9.053205490112304688e+00,6.946707725524902344e+00,7.295011997222900391e+00,5.837786674499511719e+00,3.890644073486328125e+00,4.482521057128906250e+00,7.507869005203247070e-01,3.359138011932373047e+00,9.778553009033203125e+00,1.170740127563476562e+01,1.045176696777343750e+01,6.345734596252441406e+00,8.094119071960449219e+00,9.199306488037109375e+00,6.286958217620849609e+00,4.896409034729003906e+00,4.254205703735351562e+00,1.151305389404296875e+01,1.101551818847656250e+01,9.186643600463867188e+00,1.422722434997558594e+01,1.299252891540527344e+01,1.582958030700683594e+01,1.814221191406250000e+01,1.998104286193847656e+01,1.911725616455078125e+01,1.419136428833007812e+01,1.030394744873046875e+01,6.275293827056884766e+00,3.610174655914306641e+00,5.141356468200683594e+00,7.767884731292724609e+00,1.947929620742797852e+00,1.102071166038513184e+00,1.911943912506103516e+00,6.171168327331542969e+00,1.096808815002441406e+01,1.206494140625000000e+01,1.369710540771484375e+01,1.416334724426269531e+01,1.328346824645996094e+01,1.032471656799316406e+01,9.390291213989257812e+00,8.941849708557128906e+00,4.073522567749023438e+00,5.862780570983886719e+00,7.958868026733398438e+00,1.012596893310546875e+01,1.054958343505859375e+01,9.829750061035156250e+00,7.484072685241699219e+00,8.099737167358398438e+00,8.012535095214843750e+00,6.209520339965820312e+00,7.501020431518554688e+00,9.099477767944335938e+00,5.138466358184814453e+00,7.883247375488281250e+00,9.463079452514648438e+00,1.191123771667480469e+01,8.140277862548828125e+00,2.647649765014648438e+00,2.569253444671630859e+00,4.456952095031738281e+00,6.588385581970214844e+00,4.727313995361328125e+00,7.907978057861328125e+00,7.735648155212402344e+00,7.759996414184570312e+00,8.205038070678710938e+00,1.261457920074462891e+01,1.011094474792480469e+01,1.398146533966064453e+01,1.568795394897460938e+01,1.351344299316406250e+01,9.821105957031250000e+00,7.618062496185302734e+00,6.488641738891601562e+00,9.380785942077636719e+00,8.257183074951171875e+00,8.957452774047851562e+00,8.481211662292480469e+00,1.019122219085693359e+01,1.088462352752685547e+01,1.113645553588867188e+01,1.183206367492675781e+01,1.007920932769775391e+01,1.028955078125000000e+01,1.510957527160644531e+01,1.866009902954101562e+01,1.676427650451660156e+01,9.628476142883300781e+00,5.782849311828613281e+00,5.670825481414794922e+00,9.811973571777343750e+00,7.803095340728759766e+00,3.617308855056762695e+00,7.388969421386718750e+00,1.070070457458496094e+01,8.739888191223144531e+00,1.081487751007080078e+01,9.628234863281250000e+00,1.016069030761718750e+01,1.019220542907714844e+01,8.733380317687988281e+00,7.178471088409423828e+00,8.584196090698242188e+00,5.650635719299316406e+00,1.462564659118652344e+01,1.955887603759765625e+01,1.766982269287109375e+01,1.322188568115234375e+01,6.946139812469482422e+00,4.862494468688964844e+00,3.749139547348022461e+00,1.207235813140869141e+00,6.753340363502502441e-01,3.621859550476074219e+00,1.166109371185302734e+01,1.320245933532714844e+01,8.361574172973632812e+00,1.006457996368408203e+01,8.727415084838867188e+00,9.225168228149414062e+00,9.414196968078613281e+00,2.570033311843872070e+00,-1.264999389648437500e+00,3.316216468811035156e+00,6.644441127777099609e+00,4.238514423370361328e+00,9.934617042541503906e+00,1.125752639770507812e+01,6.730808258056640625e+00,8.818782806396484375e+00,1.400707530975341797e+01,1.610549354553222656e+01,1.264609813690185547e+01,1.154194545745849609e+01,1.113296127319335938e+01,7.488862037658691406e+00,4.981478214263916016e+00,7.184067726135253906e+00,1.346679687500000000e+01,1.689431190490722656e+01,1.259778976440429688e+01,5.583963394165039062e+00,7.877975463867187500e+00,1.372762680053710938e+01,1.803402519226074219e+01,1.321821308135986328e+01,1.838968658447265625e+01,1.558882713317871094e+01,1.073425865173339844e+01,6.885248184204101562e+00,3.700634956359863281e+00,5.478839874267578125e+00,5.138828277587890625e+00,9.942270278930664062e+00,2.218578720092773438e+01,2.802048873901367188e+01,2.726525878906250000e+01,2.578636550903320312e+01,1.830926132202148438e+01,1.491931533813476562e+01,1.766819381713867188e+01,2.082316589355468750e+01,1.397762680053710938e+01,7.628715991973876953e+00,6.907040596008300781e+00,6.651927947998046875e+00,7.327668190002441406e+00,4.693560123443603516e+00,5.660855293273925781e+00,9.959553718566894531e+00,7.798669338226318359e+00,6.027987480163574219e+00,4.591058731079101562e+00,8.312926292419433594e+00,1.455548667907714844e+01,1.028496360778808594e+01,3.990920305252075195e+00,2.453835010528564453e-01,1.653448462486267090e+00,1.577446937561035156e+00,4.150154590606689453e+00,5.607549667358398438e+00,9.633060455322265625e+00,9.573585510253906250e+00,4.005720615386962891e+00,6.609548568725585938e+00,5.356598377227783203e+00,3.514185905456542969e+00,3.239928722381591797e+00,2.494528293609619141e+00,-4.872572124004364014e-01,1.566082477569580078e+00,3.036498069763183594e+00,5.860208511352539062e+00,2.235402107238769531e+00,1.336855292320251465e+00,3.488160610198974609e+00,2.742544651031494141e+00,5.443284034729003906e+00,9.134214401245117188e+00,9.112781524658203125e+00,7.718715667724609375e+00,5.514109611511230469e+00,5.705481052398681641e+00,7.493826866149902344e+00,1.004019737243652344e+01,8.558063507080078125e+00,1.147446823120117188e+01,1.329942893981933594e+01,1.103112983703613281e+01,1.021982479095458984e+01,1.130363368988037109e+01,1.284028434753417969e+01,6.487257003784179688e+00,6.966777801513671875e+00,8.042364120483398438e+00,6.723281860351562500e+00,9.670640945434570312e+00,1.131579780578613281e+01,1.060119438171386719e+01,1.123679542541503906e+01,1.713448524475097656e+01,2.204384803771972656e+01,1.708397674560546875e+01,1.598657703399658203e+01,7.543546676635742188e+00,1.382093191146850586e+00,-4.620134830474853516e+00,-3.208693981170654297e+00,1.661645054817199707e+00,5.144697189331054688e+00,1.101159381866455078e+01,8.060905456542968750e+00,1.111311912536621094e+00,6.183661818504333496e-01,1.989576578140258789e+00,3.712220668792724609e+00,3.164062798023223877e-01,1.584851264953613281e+00,9.055464744567871094e+00,1.170472717285156250e+01,7.567083358764648438e+00,7.872130393981933594e+00,1.343768692016601562e+01,1.544306373596191406e+01,1.951772499084472656e+01,1.839083480834960938e+01,1.718695068359375000e+01,1.592631530761718750e+01,1.407815551757812500e+01,1.269179534912109375e+01,1.225642585754394531e+01,1.162726783752441406e+01,9.574862480163574219e+00,1.056360435485839844e+01,1.066698074340820312e+01,1.559530639648437500e+01,1.627441406250000000e+01,1.344298171997070312e+01,9.898483276367187500e+00,7.978512763977050781e+00,8.735902786254882812e+00,1.204885578155517578e+01,1.387622833251953125e+01,1.317123794555664062e+01,1.154681491851806641e+01,1.444970512390136719e+01,1.094305419921875000e+01,1.203284645080566406e+01,9.230058670043945312e+00,9.695405960083007812e+00,1.171255683898925781e+01,9.006638526916503906e+00,1.222309303283691406e+01,9.582999229431152344e+00,7.381274223327636719e+00,4.229875087738037109e+00,5.194835662841796875e+00,2.582446098327636719e+00,3.614369392395019531e+00,5.477535724639892578e+00,6.990905761718750000e+00,2.671634674072265625e+00,2.546122789382934570e+00,-1.962527513504028320e+00,3.980088829994201660e-01,9.311397552490234375e+00,1.157009696960449219e+01,9.190397262573242188e+00,9.988120079040527344e+00,8.743725776672363281e+00,1.216135406494140625e+01,1.458426094055175781e+01,1.361917114257812500e+01,1.229620742797851562e+01,1.337343978881835938e+01,1.529592895507812500e+01,1.748139953613281250e+01,2.079897689819335938e+01,2.140847778320312500e+01,1.772492790222167969e+01,1.511138153076171875e+01,1.805384635925292969e+01,1.530718326568603516e+01,1.025143432617187500e+01,1.163850498199462891e+01,1.015087127685546875e+01,1.117870140075683594e+01,1.124954223632812500e+01,1.386793708801269531e+01,1.911558723449707031e+01,2.068755912780761719e+01,1.519493579864501953e+01,1.430992317199707031e+01,1.398583030700683594e+01,1.298100280761718750e+01,1.480786705017089844e+01,1.021162605285644531e+01,3.495531558990478516e+00,8.755933761596679688e+00,1.038233184814453125e+01,2.027457809448242188e+01,2.961022758483886719e+01,2.785917091369628906e+01,1.662994956970214844e+01,9.820639610290527344e+00,4.886164665222167969e+00,6.131788253784179688e+00,1.043354320526123047e+01,9.158486366271972656e+00,1.029592895507812500e+01,7.703809738159179688e+00,5.269562721252441406e+00,-1.547534465789794922e+00,-2.563445329666137695e+00,3.904287338256835938e+00,2.719524860382080078e+00,2.137856483459472656e+00,4.355757713317871094e+00,8.990736961364746094e+00,1.409261322021484375e+01,2.053017425537109375e+01,1.913401031494140625e+01,1.474076461791992188e+01,1.715193939208984375e+01,1.692846870422363281e+01,1.638239479064941406e+01,1.292013168334960938e+01,1.048167228698730469e+01,9.180850028991699219e+00,1.017937278747558594e+01,6.592236995697021484e+00,6.241724014282226562e+00,8.973291397094726562e+00,1.102680397033691406e+01,7.371620655059814453e+00,1.293876552581787109e+01,1.247779655456542969e+01,1.661076927185058594e+01,1.698447418212890625e+01,1.311969566345214844e+01,1.165755271911621094e+01,1.342724990844726562e+01,1.195325565338134766e+01,1.083913230895996094e+01,1.599977397918701172e+01,1.639122390747070312e+01,1.179611682891845703e+01,5.718539237976074219e+00,4.894635200500488281e+00,6.796634674072265625e+00,1.404173278808593750e+01,1.955863761901855469e+01,1.736989402770996094e+01,1.691898918151855469e+01,1.230850028991699219e+01,1.158103084564208984e+01,1.970598411560058594e+01,2.873451423645019531e+01,3.705266571044921875e+01,3.252154541015625000e+01,2.600953674316406250e+01,3.258712005615234375e+01,3.195135879516601562e+01,3.304070281982421875e+01,3.557170867919921875e+01,2.861181449890136719e+01,2.523698806762695312e+01,2.169984054565429688e+01,1.643226814270019531e+01,1.846234893798828125e+01,1.463111686706542969e+01,7.066035747528076172e+00,-1.031434535980224609e+00,-1.875598192214965820e+00,3.566310405731201172e+00,1.771080398559570312e+01,1.902119445800781250e+01,1.623136901855468750e+01,1.616783905029296875e+01,1.803334045410156250e+01,1.326111888885498047e+01,6.935412406921386719e+00,3.225632190704345703e+00,2.964726448059082031e+00,5.295467376708984375e+00,7.256752014160156250e+00,1.012601089477539062e+01,1.136985015869140625e+01,9.778312683105468750e+00,6.559557914733886719e+00,9.960523605346679688e+00,1.284708690643310547e+01,1.347095489501953125e+01,1.088159751892089844e+01,1.106231307983398438e+01,3.538672924041748047e+00,-5.391483306884765625e+00,1.489665746688842773e+00,1.750012969970703125e+01,2.584904479980468750e+01,3.029767799377441406e+01,3.444643402099609375e+01,2.949958038330078125e+01,2.561756515502929688e+01,2.706330490112304688e+01,2.670990753173828125e+01,1.981242370605468750e+01,1.967329788208007812e+01,1.731088638305664062e+01,1.641985702514648438e+01,1.607349014282226562e+01,1.526919937133789062e+01,1.802807235717773438e+01,1.957098770141601562e+01,1.949696540832519531e+01,2.060028457641601562e+01,1.476928138732910156e+01,1.611392974853515625e+01,1.410571098327636719e+01,1.809027671813964844e+01,1.935460662841796875e+01,1.126513767242431641e+01,1.327005195617675781e+01,1.588893222808837891e+01,2.809568214416503906e+01,3.675128936767578125e+01,3.907811737060546875e+01,2.985528564453125000e+01,2.540972518920898438e+01,2.382070922851562500e+01,2.131273460388183594e+01,1.814521217346191406e+01,1.226689720153808594e+01,1.311561393737792969e+01,1.352655124664306641e+01,1.279551315307617188e+01,8.403043746948242188e+00,5.723841667175292969e+00,6.339444160461425781e+00,6.328318595886230469e+00,5.597465515136718750e+00,1.002548789978027344e+01,1.547487735748291016e+01,1.047423267364501953e+01,8.944004058837890625e+00,9.928709983825683594e+00,1.369522094726562500e+01,1.223436355590820312e+01,1.592337512969970703e+01,1.640921020507812500e+01,1.997745132446289062e+01,1.982651901245117188e+01,1.858693504333496094e+01,2.226316261291503906e+01,1.729178047180175781e+01,1.308416461944580078e+01,1.399311065673828125e+01,1.472163963317871094e+01,1.488706779479980469e+01,2.050259971618652344e+01,2.732447814941406250e+01,2.722418975830078125e+01,2.144824981689453125e+01,1.788382530212402344e+01,1.307034492492675781e+01,1.497640895843505859e+01,2.154346656799316406e+01,2.170158767700195312e+01,1.149625778198242188e+01,7.341099262237548828e+00,1.472045421600341797e+01,2.078055953979492188e+01,2.416107559204101562e+01,2.597546577453613281e+01,2.231539535522460938e+01,1.665622329711914062e+01,1.150129127502441406e+01,1.393804550170898438e+01,1.657202148437500000e+01,1.496335983276367188e+01,1.449540519714355469e+01,1.385972404479980469e+01,1.318633651733398438e+01,1.097501850128173828e+01,1.046310424804687500e+01,1.586087799072265625e+01,2.023550033569335938e+01,2.158945655822753906e+01,2.097040367126464844e+01,1.661684989929199219e+01,1.624489402770996094e+01,1.856805801391601562e+01,1.641703605651855469e+01,1.944000244140625000e+01,2.442996978759765625e+01,2.842728042602539062e+01,2.699541091918945312e+01,2.954426383972167969e+01,2.980357551574707031e+01,1.990181922912597656e+01,1.060767745971679688e+01,1.063340854644775391e+01,9.551832199096679688e+00,1.017280673980712891e+01,1.115963935852050781e+01,1.049452209472656250e+01,9.580137252807617188e+00,1.213099861145019531e+01,1.248288917541503906e+01,1.210617446899414062e+01,1.735360717773437500e+01,1.932890319824218750e+01,1.682782363891601562e+01,1.637405204772949219e+01,1.719082641601562500e+01,1.015648269653320312e+01,1.018540573120117188e+01,9.972734451293945312e+00,1.244644165039062500e+01,1.486581516265869141e+01,1.051319503784179688e+01,9.887586593627929688e+00,1.148782730102539062e+01,9.858390808105468750e+00,9.112808227539062500e+00,1.233561325073242188e+01,6.944588661193847656e+00,4.025115966796875000e+00,6.010251998901367188e+00,9.906064987182617188e+00,9.057523727416992188e+00,1.046229743957519531e+01,7.726801872253417969e+00,1.102495956420898438e+01,1.592273330688476562e+01,1.233141136169433594e+01,9.302949905395507812e+00,1.267711830139160156e+01,1.552930259704589844e+01,1.687229728698730469e+01,2.340317535400390625e+01,1.417008876800537109e+01,9.645587921142578125e+00,8.484787940979003906e+00,1.169348239898681641e+01,1.884235191345214844e+01,2.184947586059570312e+01,2.162853050231933594e+01,1.770581245422363281e+01,1.952366447448730469e+01,2.121952629089355469e+01,1.531185436248779297e+01,1.303620147705078125e+01,1.380266189575195312e+01,1.324467849731445312e+01,1.322889328002929688e+01,1.288133239746093750e+01,1.178190994262695312e+01,1.574592018127441406e+01,1.705121421813964844e+01,1.368637752532958984e+01,6.358530044555664062e+00,6.748775482177734375e+00,7.398029327392578125e+00,1.971310234069824219e+01,2.224301719665527344e+01,2.016815948486328125e+01,1.710901260375976562e+01,2.062321472167968750e+01,2.597752380371093750e+01,2.138077926635742188e+01,1.626434135437011719e+01,1.203518104553222656e+01,1.271461105346679688e+01,1.604258728027343750e+01,1.253165435791015625e+01,1.271323966979980469e+01,1.373451709747314453e+01,1.573920917510986328e+01,1.718577957153320312e+01,1.410083580017089844e+01,1.378681850433349609e+01,1.196590805053710938e+01,1.141883087158203125e+01,1.349255752563476562e+01,7.998188972473144531e+00,4.617358684539794922e+00,7.378974914550781250e+00,5.687475204467773438e+00,8.485690116882324219e+00,8.659235954284667969e+00,4.610156059265136719e+00,3.793074369430541992e+00,4.469370841979980469e+00,9.816583633422851562e+00,1.437647438049316406e+01,1.784995269775390625e+01,2.260710144042968750e+01,1.424985027313232422e+01,1.410413455963134766e+01,2.161093711853027344e+01,1.978882980346679688e+01,2.129204177856445312e+01,2.025476455688476562e+01,1.655712318420410156e+01,1.894352340698242188e+01,2.162462615966796875e+01,2.000113296508789062e+01,1.248399162292480469e+01,1.208284282684326172e+01,1.449574375152587891e+01,8.433384895324707031e+00,5.017189502716064453e+00,4.526972770690917969e+00,4.768082141876220703e+00,7.079003334045410156e+00,1.305023288726806641e+01,1.594811058044433594e+01,1.361144542694091797e+01,1.121600914001464844e+01,8.814078330993652344e+00,1.105285549163818359e+01,1.493606281280517578e+01,1.086527824401855469e+01,1.407720375061035156e+01,1.552228736877441406e+01,1.523579978942871094e+01,1.439052391052246094e+01,8.968977928161621094e+00,9.915208816528320312e+00,1.056036949157714844e+01,9.688341140747070312e+00,5.785068511962890625e+00,4.029132843017578125e+00,3.118963003158569336e+00,4.153534889221191406e+00,7.117163181304931641e+00,6.707503795623779297e+00,9.757859230041503906e+00,9.542787551879882812e+00,7.041778564453125000e+00,1.677182388305664062e+01,1.718087387084960938e+01,9.606184005737304688e+00,5.790675163269042969e+00,6.520112991333007812e+00,4.614530563354492188e+00,4.244622230529785156e+00,1.041304206848144531e+01,1.540569400787353516e+01,1.511128616333007812e+01,1.346227645874023438e+01,1.010938358306884766e+01,8.987327575683593750e+00,5.737504005432128906e+00,7.698083877563476562e+00,1.020946884155273438e+01,8.989780426025390625e+00,7.752834320068359375e+00,1.126954650878906250e+01,1.514723587036132812e+01,1.928483200073242188e+01,2.667406082153320312e+01,3.044568634033203125e+01,2.889763069152832031e+01,2.735563087463378906e+01,2.263846969604492188e+01,1.739218521118164062e+01,1.840557479858398438e+01,2.316815376281738281e+01,2.283493614196777344e+01,1.610386466979980469e+01,1.364936256408691406e+01,1.873077774047851562e+01,1.773394775390625000e+01,1.538537788391113281e+01,1.476220512390136719e+01,1.655055236816406250e+01,1.426271247863769531e+01,1.273214054107666016e+01,1.459590339660644531e+01,1.234111213684082031e+01,1.602152824401855469e+01,1.726592826843261719e+01,1.248045635223388672e+01,9.809997558593750000e+00,1.573681640625000000e+01,2.049309158325195312e+01,1.830830001831054688e+01,1.145225143432617188e+01,8.858093261718750000e+00,1.542889595031738281e+01,1.564685821533203125e+01,9.924152374267578125e+00,4.653924942016601562e+00,9.014845848083496094e+00,5.822920799255371094e+00,-1.555435180664062500e+00,6.152255535125732422e-01,1.328892993927001953e+01,1.324520111083984375e+01,7.769608497619628906e+00,8.655140876770019531e+00,4.338416576385498047e+00,7.689929008483886719e+00,1.121148490905761719e+01,1.436958312988281250e+01,1.331691360473632812e+01,1.032681560516357422e+01,9.865113258361816406e+00,1.232959079742431641e+01,1.391067123413085938e+01,1.546262454986572266e+01,1.518187236785888672e+01,2.390608596801757812e+01,3.170349121093750000e+01,3.358789825439453125e+01,3.763527679443359375e+01,3.977994918823242188e+01,4.012484741210937500e+01,3.467704391479492188e+01,3.288776397705078125e+01,2.160918807983398438e+01,8.963560104370117188e+00,1.239031028747558594e+01,1.600942230224609375e+01,1.919351196289062500e+01,1.589296722412109375e+01,1.441065979003906250e+01,1.041030120849609375e+01,5.954818248748779297e+00,5.563748836517333984e+00,7.432519912719726562e+00,9.171024322509765625e+00,1.019429206848144531e+01,9.412414550781250000e+00,1.097453212738037109e+01,1.055809020996093750e+01,9.710422515869140625e+00,1.050600051879882812e+01,4.918436527252197266e+00,1.006097793579101562e+00,2.952719211578369141e+00,9.711415290832519531e+00,9.528366088867187500e+00,7.438022613525390625e+00,6.268812179565429688e+00,9.244827270507812500e+00,1.080445098876953125e+01,7.207406520843505859e+00,4.969091415405273438e+00,9.514633178710937500e+00,1.267204380035400391e+01,1.168700408935546875e+01,1.539588928222656250e+01,1.801954269409179688e+01,1.803694152832031250e+01,1.265333461761474609e+01,9.340235710144042969e+00,1.355376148223876953e+01,1.168098068237304688e+01,1.204487609863281250e+01,1.376245689392089844e+01,1.048862648010253906e+01,7.259284973144531250e+00,1.467493057250976562e+01,1.403882598876953125e+01,9.804383277893066406e+00,1.273059272766113281e+01,1.014999198913574219e+01,1.318909454345703125e+01,1.430509185791015625e+01,1.367258167266845703e+01,1.481931591033935547e+01,1.536427116394042969e+01,1.889173889160156250e+01,2.478997421264648438e+01,2.213609695434570312e+01,2.038896751403808594e+01,1.500667190551757812e+01,2.077066993713378906e+01,2.004775619506835938e+01,2.313670730590820312e+01,2.523932647705078125e+01,1.611483383178710938e+01,1.513621425628662109e+01,1.367566204071044922e+01,1.133666133880615234e+01,1.419837760925292969e+01,2.235135078430175781e+01,2.532997512817382812e+01,2.369283485412597656e+01,1.939768218994140625e+01,1.059701538085937500e+01,7.778066635131835938e+00,6.740693092346191406e+00,7.134369373321533203e+00,3.208778858184814453e+00,4.570754528045654297e+00,7.206408977508544922e+00,1.267527580261230469e+01,1.648212051391601562e+01,2.017263031005859375e+01,2.146626281738281250e+01,1.688231468200683594e+01,1.452128410339355469e+01,1.591367053985595703e+01,1.515686416625976562e+01,1.350455570220947266e+01,2.262697601318359375e+01,3.219817733764648438e+01,2.623693847656250000e+01,1.965089797973632812e+01,2.255443572998046875e+01,2.391859626770019531e+01,2.098173141479492188e+01,2.195959854125976562e+01,1.966837310791015625e+01,2.635033226013183594e+01,2.356118011474609375e+01,1.886839103698730469e+01,2.146632003784179688e+01,2.145682907104492188e+01,1.989878082275390625e+01,1.780638504028320312e+01,1.661521720886230469e+01,1.512405395507812500e+01,1.982429122924804688e+01,2.348463821411132812e+01,1.668936538696289062e+01,1.052907562255859375e+01,1.582221603393554688e+01,1.594313716888427734e+01,1.798030090332031250e+01,1.505159187316894531e+01,1.570291137695312500e+01,1.352259445190429688e+01,1.082933902740478516e+01,1.347348594665527344e+01,1.167948436737060547e+01,9.614854812622070312e+00,9.939990997314453125e+00,1.087967967987060547e+01,9.164824485778808594e+00,1.741367721557617188e+01,1.851595115661621094e+01,1.906108283996582031e+01,1.262978553771972656e+01,1.311077117919921875e+01,1.749862670898437500e+01,1.957329940795898438e+01,1.718644714355468750e+01,1.520932769775390625e+01,2.350166130065917969e+01,2.114750289916992188e+01,1.391572570800781250e+01,9.590854644775390625e+00,5.754498481750488281e+00,8.453863143920898438e+00,1.753925132751464844e+01,2.116198730468750000e+01,1.877754592895507812e+01,1.880168914794921875e+01,2.371174430847167969e+01,3.124450683593750000e+01,2.884395408630371094e+01,2.554477310180664062e+01,2.438874435424804688e+01,2.992576599121093750e+01,3.575084686279296875e+01,3.164021301269531250e+01,2.615176200866699219e+01,2.758243560791015625e+01,2.899128913879394531e+01,2.091223907470703125e+01,2.049898147583007812e+01,2.112791061401367188e+01,1.793299102783203125e+01,1.577264976501464844e+01,1.280091381072998047e+01,1.110756492614746094e+01,1.376328563690185547e+01,1.875872039794921875e+01,1.918096351623535156e+01,1.814511108398437500e+01,1.869387817382812500e+01,1.937660217285156250e+01,1.827015876770019531e+01,1.151521873474121094e+01,9.142884254455566406e+00,7.161899566650390625e+00,8.551663398742675781e+00,1.636490821838378906e+01,1.686047554016113281e+01,2.170530319213867188e+01,2.008486557006835938e+01,1.486044883728027344e+01,1.153504943847656250e+01,1.320779418945312500e+01,9.469797134399414062e+00,1.114780712127685547e+01,1.181851005554199219e+01,9.535989761352539062e+00,1.392860221862792969e+01,1.595646381378173828e+01,1.857766532897949219e+01,9.743659973144531250e+00,4.536046981811523438e+00,1.632896614074707031e+01,2.710835456848144531e+01,3.357016754150390625e+01,3.632644271850585938e+01,3.840998458862304688e+01,3.426192474365234375e+01,2.889604949951171875e+01,2.570860099792480469e+01,2.565328407287597656e+01,2.951272773742675781e+01,2.929930114746093750e+01,2.944640350341796875e+01,2.146431732177734375e+01,1.842668533325195312e+01,2.412659072875976562e+01,3.177275466918945312e+01,3.182472610473632812e+01,3.586706542968750000e+01,2.692190933227539062e+01,2.299128150939941406e+01,2.269414901733398438e+01,1.405721759796142578e+01,8.272397041320800781e+00,1.641677284240722656e+01,2.383221817016601562e+01,2.531606483459472656e+01,2.416270256042480469e+01,1.974357795715332031e+01,1.759653472900390625e+01,1.910577392578125000e+01,2.000648880004882812e+01,1.766431045532226562e+01,1.556782913208007812e+01,9.801218032836914062e+00,9.918586730957031250e+00,1.144646263122558594e+01,9.669112205505371094e+00,7.304811477661132812e+00,9.842861175537109375e+00,1.010557746887207031e+01,1.215394592285156250e+01,9.775680541992187500e+00,9.654641151428222656e+00,9.723791122436523438e+00,1.107548904418945312e+01,1.313859176635742188e+01,7.812810897827148438e+00,8.114958763122558594e+00,9.393081665039062500e+00,1.222702026367187500e+01,1.267181968688964844e+01,1.513815116882324219e+01,1.579654312133789062e+01,1.407091712951660156e+01,1.437542915344238281e+01,1.216340732574462891e+01,1.134382247924804688e+01,9.019948959350585938e+00,9.738111495971679688e+00,1.644493865966796875e+01,2.219186782836914062e+01,2.064438056945800781e+01,1.938187408447265625e+01,1.836277008056640625e+01,2.330101776123046875e+01,1.674115943908691406e+01,1.307090187072753906e+01,1.992238616943359375e+01,2.243383407592773438e+01,1.621994972229003906e+01,1.158386611938476562e+01,8.060391426086425781e+00,1.163835525512695312e+01,1.409944820404052734e+01,9.622683525085449219e+00,1.030653858184814453e+01,1.135114479064941406e+01,1.276234245300292969e+01,7.598996162414550781e+00,8.027195930480957031e+00,1.011808395385742188e+01,1.130019760131835938e+01,1.391126441955566406e+01,1.107697677612304688e+01,1.346565055847167969e+01,1.677983856201171875e+01,1.721356964111328125e+01,1.754249191284179688e+01,1.863797569274902344e+01,2.296619033813476562e+01,1.010584735870361328e+01,7.500292301177978516e+00,9.166399002075195312e+00,1.070109939575195312e+01,1.288291740417480469e+01,1.493535327911376953e+01,1.164647674560546875e+01,1.507373046875000000e+01,1.475148963928222656e+01,1.014140319824218750e+01,1.276843166351318359e+01,1.196837043762207031e+01,1.384715843200683594e+01,1.615872573852539062e+01,2.003221130371093750e+01,1.822258758544921875e+01,1.867837142944335938e+01,1.745644760131835938e+01,1.062431907653808594e+01,5.182760715484619141e+00,8.533399581909179688e+00,1.392987155914306641e+01,9.852485656738281250e+00,8.609650611877441406e+00,1.650485801696777344e+01,1.803349685668945312e+01,1.893745040893554688e+01,1.365503120422363281e+01,9.395215034484863281e+00,1.067711830139160156e+01,2.218574523925781250e+01,1.871295356750488281e+01,1.423447418212890625e+01,1.617952346801757812e+01,1.166278362274169922e+01,7.109205245971679688e+00,6.086505413055419922e+00,1.305936908721923828e+01,2.466627502441406250e+01,2.503502845764160156e+01,1.839463996887207031e+01,1.335718727111816406e+01,1.527615737915039062e+01,1.289904785156250000e+01,1.539643764495849609e+01,1.329761314392089844e+01,7.648162841796875000e+00,4.507033348083496094e+00,-1.545678734779357910e+00,-5.324982643127441406e+00,-5.994225740432739258e-01,5.898488044738769531e+00,5.637438774108886719e+00,3.854455232620239258e+00,3.897627592086791992e+00,6.074030399322509766e+00,8.058969497680664062e+00,1.192476844787597656e+01,2.041312026977539062e+01,2.153694534301757812e+01,2.182316589355468750e+01,1.950092887878417969e+01,2.065764999389648438e+01,1.924842453002929688e+01,1.481014156341552734e+01,1.369852828979492188e+01,9.631263732910156250e+00,6.410138130187988281e+00,2.869486331939697266e+00,1.888674020767211914e+00,8.190469741821289062e+00,1.253396224975585938e+01,6.878187656402587891e+00,6.826085090637207031e+00,6.414356708526611328e+00,2.757534742355346680e+00,4.183551788330078125e+00,5.947827816009521484e+00,5.399837493896484375e+00,7.801009178161621094e+00,8.508790969848632812e+00,1.278488445281982422e+01,1.872636795043945312e+01,2.289089393615722656e+01,1.735262298583984375e+01,1.963557052612304688e+01,1.845487213134765625e+01,1.108928203582763672e+01,1.030551815032958984e+01,1.562321472167968750e+01,2.003600692749023438e+01,2.200216102600097656e+01,1.929579925537109375e+01,2.468520355224609375e+01,2.609326171875000000e+01,2.354616165161132812e+01,2.393206787109375000e+01,2.148773574829101562e+01,1.864689064025878906e+01,2.024581146240234375e+01,2.330040359497070312e+01,2.535511398315429688e+01,2.238579940795898438e+01,2.242867660522460938e+01,2.649774932861328125e+01,2.379184150695800781e+01,2.013505935668945312e+01,2.121626281738281250e+01,1.813911056518554688e+01,1.998282623291015625e+01,1.500163555145263672e+01,1.213247299194335938e+01,1.366277694702148438e+01,1.729059600830078125e+01,1.672452735900878906e+01,1.255452919006347656e+01,1.292400169372558594e+01,1.401034355163574219e+01,1.240448570251464844e+01,1.022576904296875000e+01,1.061330413818359375e+01,9.895456314086914062e+00,8.369125366210937500e+00,9.806670188903808594e+00,1.348609161376953125e+01,1.062446975708007812e+01,1.074172735214233398e+00,-6.726087570190429688e+00,-6.562983512878417969e+00,2.535739183425903320e+00,8.133634567260742188e+00,7.960580348968505859e+00,1.279407501220703125e+01,1.523769760131835938e+01,1.400724792480468750e+01,1.172231864929199219e+01,9.315309524536132812e+00,1.527403831481933594e+01,1.264371967315673828e+01,6.733592033386230469e+00,7.344342231750488281e+00,1.119747638702392578e+01,1.144351387023925781e+01,5.919494628906250000e+00,6.093802452087402344e+00,7.057042121887207031e+00,1.205673217773437500e+01,9.397613525390625000e+00,6.374859809875488281e+00,-3.965941667556762695e-01,-4.678676128387451172e+00,6.478761434555053711e-01,7.479374885559082031e+00,1.336153793334960938e+01,1.473029708862304688e+01,1.216860389709472656e+01,1.088076210021972656e+01,7.631597995758056641e+00,4.343761920928955078e+00,1.023965072631835938e+01,7.448002815246582031e+00,9.392940521240234375e+00,1.362713432312011719e+01,1.430369949340820312e+01,1.255060100555419922e+01,1.279348754882812500e+01,1.275404548645019531e+01,1.269122219085693359e+01,1.846401786804199219e+01,1.757666587829589844e+01,1.447932338714599609e+01,1.241784667968750000e+01,1.348584365844726562e+01,1.692613220214843750e+01,2.083689880371093750e+01,1.790503311157226562e+01,1.256996917724609375e+01,1.298612213134765625e+01,1.107289791107177734e+01,1.201962280273437500e+01,1.269351768493652344e+01,1.054775714874267578e+01,1.422940826416015625e+01,1.475515556335449219e+01,1.280403518676757812e+01,1.088205528259277344e+01,9.818614959716796875e+00,1.640690612792968750e+01,1.903733634948730469e+01,2.042308807373046875e+01,1.792805099487304688e+01,1.032274436950683594e+01,1.278024196624755859e+01,1.863021278381347656e+01,3.097308731079101562e+01,2.781150436401367188e+01,2.600448608398437500e+01,2.989435577392578125e+01,3.340923309326171875e+01,2.811176681518554688e+01,3.053273391723632812e+01,2.800725936889648438e+01,2.423700714111328125e+01,2.666167449951171875e+01,2.759793853759765625e+01,2.367604637145996094e+01,2.312666320800781250e+01,2.453731918334960938e+01,1.979804420471191406e+01,1.220195960998535156e+01,1.178036117553710938e+01,1.260613536834716797e+01,1.156952095031738281e+01,1.162526893615722656e+01,6.714247703552246094e+00,9.093099594116210938e+00,1.091651535034179688e+01,9.997083663940429688e+00,1.894114112854003906e+01,2.933813476562500000e+01,2.768074417114257812e+01,2.430788612365722656e+01,2.108514404296875000e+01,2.021545600891113281e+01,2.121537208557128906e+01,2.271018600463867188e+01,1.600071716308593750e+01,1.081718826293945312e+01,1.043836307525634766e+01,1.204861640930175781e+01,1.023344230651855469e+01,1.063523101806640625e+01,1.187181282043457031e+01,8.631473541259765625e+00,8.380593299865722656e+00,7.819362163543701172e+00,1.082847881317138672e+01,9.642675399780273438e+00,1.163598728179931641e+01,1.387283706665039062e+01,9.517135620117187500e+00,7.724474906921386719e+00,1.205543804168701172e+01,1.720389556884765625e+01,1.934834289550781250e+01,1.141231155395507812e+01,9.020431518554687500e+00,5.256031990051269531e+00,3.305206537246704102e+00,2.773572444915771484e+00,1.034424209594726562e+01,1.437613677978515625e+01,1.507940292358398438e+01,1.869146347045898438e+01,2.226867675781250000e+01,2.087687301635742188e+01,1.844674301147460938e+01,1.499436187744140625e+01,1.267411231994628906e+01,1.145196628570556641e+01,9.951348304748535156e+00,1.333003807067871094e+01,1.154417896270751953e+01,1.300961875915527344e+01,1.054094886779785156e+01,1.874031448364257812e+01,2.751325988769531250e+01,3.000101852416992188e+01,2.590788078308105469e+01,2.658569908142089844e+01,2.746027755737304688e+01,2.526901245117187500e+01,2.966466903686523438e+01,3.224164199829101562e+01,3.018890762329101562e+01,2.471568870544433594e+01,2.290655517578125000e+01,1.978800201416015625e+01,1.394726276397705078e+01,1.156946754455566406e+01,1.422858142852783203e+01,1.130907344818115234e+01,1.226222991943359375e+01,1.426529312133789062e+01,1.749029541015625000e+01,1.694891929626464844e+01,2.145401763916015625e+01,2.516981506347656250e+01,1.994675064086914062e+01,1.586896705627441406e+01,2.050395393371582031e+01,1.472131061553955078e+01,7.772313594818115234e+00,1.169974327087402344e+01,3.456658124923706055e+00,5.692806243896484375e+00,1.294761657714843750e+01,1.575403785705566406e+01,1.143992996215820312e+01,5.947280883789062500e+00,9.386678695678710938e+00,7.271784782409667969e+00,6.042300224304199219e+00,1.249841785430908203e+01,1.140775680541992188e+01,1.385132408142089844e+01,1.299493122100830078e+01,1.139116859436035156e+01,8.758908271789550781e+00,3.692154884338378906e+00,3.438193798065185547e+00,8.552630424499511719e+00,1.266986274719238281e+01,1.354411125183105469e+01,1.402276420593261719e+01,1.074455070495605469e+01,1.097417831420898438e+01,8.503982543945312500e+00,7.240934371948242188e+00,7.318991661071777344e+00,8.948593139648437500e+00,8.459988594055175781e+00,1.399128341674804688e+01,1.504956722259521484e+01,1.647439193725585938e+01,1.269775962829589844e+01,1.363350105285644531e+01,1.396748161315917969e+01,1.015837097167968750e+01,8.341551780700683594e+00,1.039815902709960938e+01,9.278356552124023438e+00,7.824432849884033203e+00,1.255736732482910156e+01,1.606372451782226562e+01,1.521316719055175781e+01,2.146962356567382812e+01,2.527541160583496094e+01,1.712669563293457031e+01,2.558887100219726562e+01,2.651632308959960938e+01,2.175936889648437500e+01,1.706815338134765625e+01,1.549018859863281250e+01,1.505293846130371094e+01,2.194634246826171875e+01,1.862409973144531250e+01,1.780023574829101562e+01,1.980632400512695312e+01,1.884853744506835938e+01,1.310243034362792969e+01,1.079269981384277344e+01,8.047237396240234375e+00,1.395636844635009766e+01,1.280404376983642578e+01,1.247733211517333984e+01,1.034418869018554688e+01,9.363517761230468750e+00,1.246939849853515625e+01,1.062685394287109375e+01,7.107583999633789062e+00,1.397043704986572266e+00,9.350389480590820312e+00,1.268951988220214844e+01,9.884691238403320312e+00,1.016103935241699219e+01,8.553603172302246094e+00,1.138973426818847656e+01,1.083829307556152344e+01,1.382165718078613281e+01,9.038228988647460938e+00,7.859856128692626953e+00,9.600800514221191406e+00,1.631379318237304688e+01,2.054352188110351562e+01,2.586521911621093750e+01,2.172640609741210938e+01,1.725450515747070312e+01,1.561856651306152344e+01,1.516140556335449219e+01,1.455245208740234375e+01,1.507886123657226562e+01,1.472438240051269531e+01,2.424765586853027344e+01,2.544417953491210938e+01,2.061260986328125000e+01,1.633610343933105469e+01,1.608181762695312500e+01,1.003189468383789062e+01,6.861648559570312500e+00,9.987091064453125000e+00,8.438514709472656250e+00,8.282952308654785156e+00,7.091590881347656250e+00,1.004504489898681641e+01,1.064212417602539062e+01,8.986593246459960938e+00,3.431369066238403320e+00,5.223557949066162109e+00,7.434481620788574219e+00,1.136378192901611328e+01,1.574706268310546875e+01,1.727637100219726562e+01,1.342810249328613281e+01,1.273169708251953125e+01,1.245238304138183594e+01,1.561218261718750000e+01,1.445506095886230469e+01,1.425896453857421875e+01,1.536137390136718750e+01,1.893153762817382812e+01,2.222550582885742188e+01,2.081043243408203125e+01,1.978558731079101562e+01,1.884605598449707031e+01,1.563508605957031250e+01,9.171545982360839844e+00,1.208915519714355469e+01,1.231902217864990234e+01,1.505644702911376953e+01,9.408153533935546875e+00,7.217724800109863281e+00,1.073718070983886719e+01,6.571958541870117188e+00,7.949850082397460938e+00,5.158499240875244141e+00,-1.456640481948852539e+00,-2.356384038925170898e+00,-1.406815052032470703e-01,1.092140436172485352e+00,-5.771048069000244141e-01,-4.094542026519775391e+00,-4.922389984130859375e+00,-5.752292871475219727e-01,2.804475784301757812e+00,9.989397048950195312e+00,8.106048583984375000e+00,1.272371482849121094e+01,1.249049186706542969e+01,1.276245880126953125e+01,8.250266075134277344e+00,5.381213188171386719e+00,1.292165374755859375e+01,1.794459152221679688e+01,2.036203765869140625e+01,1.909623718261718750e+01,1.726481246948242188e+01,2.438309097290039062e+01,2.859500885009765625e+01,2.823763656616210938e+01,2.077041244506835938e+01,2.755640983581542969e+01,2.994362258911132812e+01,2.625233459472656250e+01,1.921548080444335938e+01,1.303066253662109375e+01,1.597121429443359375e+01,1.008039379119873047e+01,1.394602108001708984e+01,8.867220878601074219e+00,8.774971008300781250e+00,7.789454460144042969e+00,8.094297409057617188e+00,1.200213241577148438e+01,1.143796348571777344e+01,1.557630634307861328e+01,1.117133140563964844e+01,1.085545539855957031e+01,1.642391586303710938e+01,1.357035541534423828e+01,9.694079399108886719e+00,1.692372894287109375e+01,2.024552536010742188e+01,9.597656250000000000e+00,1.352894210815429688e+01,1.606399917602539062e+01,1.506873130798339844e+01,1.376513385772705078e+01,1.332817840576171875e+01,1.540429401397705078e+01,1.956426811218261719e+01,1.993631172180175781e+01,1.652719688415527344e+01,1.481792736053466797e+01,1.139021778106689453e+01,1.482013702392578125e+01,1.560847854614257812e+01,1.490064239501953125e+01,1.585657119750976562e+01,1.329001998901367188e+01,1.644360733032226562e+01,1.175427818298339844e+01,9.256199836730957031e+00,1.243894958496093750e+01,7.130006790161132812e+00,1.414705085754394531e+01,1.349770545959472656e+01,1.277775955200195312e+01,1.528307151794433594e+01,1.594424629211425781e+01,1.844124221801757812e+01,1.797086906433105469e+01,1.512895393371582031e+01,1.277346801757812500e+01,1.293090629577636719e+01,1.238391304016113281e+01,7.915172576904296875e+00,7.204485416412353516e+00,1.121043777465820312e+01,5.878920555114746094e+00,7.054344654083251953e+00,1.516565418243408203e+01,1.407830238342285156e+01,8.562364578247070312e+00,1.127987670898437500e+01,1.166623687744140625e+01,8.411478996276855469e+00,5.084899902343750000e+00,2.809494733810424805e+00,3.292982101440429688e+00,4.805554389953613281e+00,5.016356468200683594e+00,5.808684349060058594e+00,8.869356155395507812e+00,5.638419151306152344e+00,6.654796600341796875e+00,5.578558921813964844e+00,6.610190868377685547e+00,4.551321983337402344e+00,5.808082580566406250e+00,6.676581859588623047e+00,5.246520996093750000e+00,5.580475807189941406e+00,5.672530174255371094e+00,8.692309379577636719e+00,6.178632736206054688e+00,9.234596252441406250e+00,1.153112792968750000e+01,9.328041076660156250e+00,9.319185256958007812e+00,7.762440681457519531e+00,1.150285911560058594e+01,1.257722282409667969e+01,8.509668350219726562e+00,6.148820400238037109e+00,1.066293811798095703e+01,1.246710968017578125e+01,1.217595005035400391e+01,1.126251983642578125e+01,7.833457946777343750e+00,9.583395957946777344e+00,9.590748786926269531e+00,8.542588233947753906e+00,1.134202194213867188e+01,1.151834011077880859e+01,1.567919158935546875e+01,1.876817321777343750e+01,1.654300117492675781e+01,1.468956947326660156e+01,7.882970333099365234e+00,7.466120719909667969e+00,8.097205162048339844e+00,1.444336986541748047e+01,1.676064682006835938e+01,1.602706909179687500e+01,1.106352806091308594e+01,7.636212348937988281e+00,1.407711029052734375e+01,1.769387817382812500e+01,1.668962478637695312e+01,1.705495071411132812e+01,1.825176429748535156e+01,1.595118045806884766e+01,1.371970462799072266e+01,1.721968269348144531e+01,1.584142303466796875e+01,1.346724605560302734e+01,1.344994354248046875e+01,1.721898651123046875e+01,1.586080932617187500e+01,2.148320198059082031e+01,2.474068450927734375e+01,1.977937316894531250e+01,1.625478363037109375e+01,1.819701576232910156e+01,1.704641723632812500e+01,1.342244720458984375e+01,1.725786209106445312e+01,1.990399932861328125e+01,1.472066688537597656e+01,1.174423599243164062e+01,1.697840881347656250e+01,1.628578186035156250e+01,5.207296848297119141e+00,-3.325860738754272461e+00,-3.149094820022583008e+00,3.466170072555541992e+00,7.339302062988281250e+00,1.210585594177246094e+01,8.841669082641601562e+00,7.938655853271484375e+00,1.121445655822753906e+01,1.507342624664306641e+01,1.601874923706054688e+01,1.530645751953125000e+01,1.325542354583740234e+01,1.784485244750976562e+01,1.671902847290039062e+01,1.369721031188964844e+01,1.351466941833496094e+01,1.154035091400146484e+01,1.682699203491210938e+01,9.452320098876953125e+00,1.579613924026489258e+00,4.922163963317871094e+00,9.388361930847167969e+00,6.880584239959716797e+00,5.352459907531738281e+00,7.470493316650390625e+00,1.153221130371093750e+01,1.231580734252929688e+01,1.111353302001953125e+01,1.121951866149902344e+01,1.349398612976074219e+01,1.849580001831054688e+01,1.591200256347656250e+01,1.979665756225585938e+01,1.790290641784667969e+01,1.424107742309570312e+01,1.443356323242187500e+01,1.507180976867675781e+01,1.834252166748046875e+01,2.066795921325683594e+01,1.893913650512695312e+01,1.561440658569335938e+01,1.538180232048034668e+00,2.037909507751464844e+00,2.825009346008300781e+00,-4.895530700683593750e+00,-6.393783092498779297e-01,8.009193420410156250e+00,6.515055656433105469e+00,4.270190238952636719e+00,6.760032653808593750e+00,9.515625000000000000e+00,8.185688018798828125e+00,8.555029869079589844e+00,8.699699401855468750e+00,5.618250846862792969e+00,9.403863906860351562e+00,1.152465438842773438e+01,1.282683181762695312e+01,1.378965568542480469e+01,1.219076442718505859e+01,1.714827346801757812e+01,1.260352993011474609e+01,8.514278411865234375e+00,7.453208923339843750e+00,6.811205863952636719e+00,7.704008579254150391e+00,1.001182079315185547e+01,1.084448432922363281e+01,8.164869308471679688e+00,4.087091445922851562e+00,4.258258342742919922e+00,9.407852172851562500e+00,6.388289928436279297e+00,7.254211425781250000e+00,9.858177185058593750e+00,3.724455356597900391e+00,3.422037124633789062e+00,5.555414199829101562e+00,2.905591964721679688e+00,-1.451650977134704590e+00,-3.044580459594726562e+00,1.922164320945739746e+00,4.622406959533691406e+00,6.372110366821289062e+00,4.420084476470947266e+00,2.971966743469238281e+00,5.709033966064453125e+00,5.820659637451171875e+00,7.941186428070068359e+00,6.365698814392089844e+00,1.004333877563476562e+01,7.310511589050292969e+00,1.311265373229980469e+01,1.335439109802246094e+01,1.070747089385986328e+01,9.764147758483886719e+00,8.852455139160156250e+00,1.048213577270507812e+01,1.154822731018066406e+01,1.677146530151367188e+01,1.572993469238281250e+01,1.490203666687011719e+01,1.696953773498535156e+01,2.026683807373046875e+01,1.674723815917968750e+01,1.134764099121093750e+01,1.335020256042480469e+01,1.401214599609375000e+01,1.200706291198730469e+01,1.144652938842773438e+01,9.136710166931152344e+00,9.947702407836914062e+00,1.765063285827636719e+01,1.901455307006835938e+01,1.475596618652343750e+01,1.883728790283203125e+01,1.491013717651367188e+01,1.371222114562988281e+01,1.888584899902343750e+01,2.545111465454101562e+01,3.675535964965820312e+01,3.833256530761718750e+01,3.319771575927734375e+01,2.829976654052734375e+01,2.237693214416503906e+01,2.268610382080078125e+01,2.135326576232910156e+01,2.426489257812500000e+01,2.644659423828125000e+01,1.709045791625976562e+01,1.294172668457031250e+01,1.604996871948242188e+01,1.146919059753417969e+01,1.235545921325683594e+01,1.362000083923339844e+01,9.150845527648925781e+00,5.982924938201904297e+00,1.214814758300781250e+01,1.173416519165039062e+01,9.885051727294921875e+00,1.070569038391113281e+01,-2.065290689468383789e+00,-5.280585289001464844e+00,-5.892282128334045410e-01,2.255314111709594727e+00,6.006402969360351562e+00,1.145297908782958984e+01,1.044484519958496094e+01,6.229765892028808594e+00,8.179104804992675781e+00,1.292307090759277344e+01,1.199685287475585938e+01,4.908374309539794922e+00,-1.673570632934570312e+00,-8.326988816261291504e-01,2.270249605178833008e+00,6.030923843383789062e+00,7.858598232269287109e+00,5.120932579040527344e+00,8.150974273681640625e+00,8.897350311279296875e+00,8.079379081726074219e+00,8.734573364257812500e+00,9.201750755310058594e+00,9.142961502075195312e+00,8.402338027954101562e+00,7.188688755035400391e+00,1.011731624603271484e+01,1.158242988586425781e+01,1.509250640869140625e+01,1.262345314025878906e+01,1.331666278839111328e+01,2.000064468383789062e+01,2.218274307250976562e+01,1.311300659179687500e+01,6.562508106231689453e+00,1.163079738616943359e+00,4.910411238670349121e-01,2.333208084106445312e+00,3.703860282897949219e+00,1.280312156677246094e+01,2.313743782043457031e+01,2.699176025390625000e+01,2.527610778808593750e+01,2.337639617919921875e+01,2.023089218139648438e+01,1.857873916625976562e+01,2.421916389465332031e+01,3.031927299499511719e+01,2.426680564880371094e+01,2.163844680786132812e+01,2.343968963623046875e+01,2.424608421325683594e+01,2.664955902099609375e+01,2.282067108154296875e+01,2.485560226440429688e+01,2.153790664672851562e+01,2.507145118713378906e+01,1.443798255920410156e+01,6.331376075744628906e+00,1.365878009796142578e+01,1.879885482788085938e+01,1.337276077270507812e+01,7.139098167419433594e+00,1.171080207824707031e+01,1.485253715515136719e+01,1.377991104125976562e+01,1.149378585815429688e+01,8.584139823913574219e+00,1.131545448303222656e+01,1.094096469879150391e+01,1.248430824279785156e+01,1.821099472045898438e+01,1.482898330688476562e+01,1.150160980224609375e+01,9.515270233154296875e+00,1.716527748107910156e+01,2.185742187500000000e+01,1.977100944519042969e+01,1.892625427246093750e+01,1.495941448211669922e+01,8.629109382629394531e+00,6.402047634124755859e+00,5.093347549438476562e+00,3.478916883468627930e+00,2.300952911376953125e+00,5.924486637115478516e+00,4.228647232055664062e+00,4.000584602355957031e+00,8.513898849487304688e+00,1.329717826843261719e+01,1.408570671081542969e+01,1.504359149932861328e+01,1.413416671752929688e+01,6.521428108215332031e+00,-1.107099056243896484e+00,-6.301949501037597656e+00,-4.495820045471191406e+00,1.211282253265380859e+00,-3.011062145233154297e+00,-2.277207374572753906e+00,-6.044783592224121094e+00,-2.316223621368408203e+00,-6.383960247039794922e-01,5.809399127960205078e+00,8.995368003845214844e+00,7.556057929992675781e+00,8.464661598205566406e+00,3.341395378112792969e+00,5.686933517456054688e+00,6.924665451049804688e+00,5.581130981445312500e+00,5.682737827301025391e+00,4.996674537658691406e+00,4.939558506011962891e+00,1.129759120941162109e+01,1.083831596374511719e+01,1.009999084472656250e+01,1.117280769348144531e+01,1.362598514556884766e+01,1.227470779418945312e+01,9.429422378540039062e+00,1.230999183654785156e+01,1.450970935821533203e+01,8.145717620849609375e+00,7.962878227233886719e+00,1.144371604919433594e+01,1.821393394470214844e+01,2.066702651977539062e+01,1.727802085876464844e+01,1.025854492187500000e+01,2.622887372970581055e+00,1.641975164413452148e+00,7.207998752593994141e+00,1.117634296417236328e+01,9.503723144531250000e+00,5.481612205505371094e+00,9.709188461303710938e+00,1.385264015197753906e+01,1.622323989868164062e+01,9.476387023925781250e+00,2.474029302597045898e+00,4.923069477081298828e+00,1.567087650299072266e+01,2.287898635864257812e+01,2.563861846923828125e+01,2.630719375610351562e+01,2.593729019165039062e+01,2.323361206054687500e+01,2.622792434692382812e+01,2.248691940307617188e+01,2.619499015808105469e+01,2.912766647338867188e+01,2.531187820434570312e+01,2.501381874084472656e+01,2.486590957641601562e+01,1.908214569091796875e+01,1.017863273620605469e+01,1.582576274871826172e+00,-6.000204086303710938e-01,5.700531005859375000e-01,1.659786224365234375e+00,2.218379735946655273e+00,9.953920364379882812e+00,1.237281799316406250e+01,8.210508346557617188e+00,1.085633850097656250e+01,1.340950584411621094e+01,1.363219833374023438e+01,1.682865142822265625e+01,2.209381866455078125e+01,1.866333389282226562e+01,1.307073593139648438e+01,1.319697380065917969e+01,1.239537048339843750e+01,1.211822319030761719e+01,1.414981269836425781e+01,1.541144561767578125e+01,1.148114013671875000e+01,1.204352188110351562e+01,1.111196899414062500e+01,1.115537643432617188e+01,1.648027801513671875e+01,1.462038993835449219e+01,1.100141143798828125e+01,9.334734916687011719e+00,9.908141136169433594e+00,1.243710136413574219e+01,1.616737365722656250e+01,2.444307708740234375e+01,2.995159149169921875e+01,3.004797554016113281e+01,2.488112258911132812e+01,1.151295185089111328e+01,4.292188167572021484e+00,8.964200973510742188e+00,1.710820198059082031e+01,1.689517593383789062e+01,1.930157089233398438e+01,1.050336837768554688e+01,5.800638198852539062e+00,6.743877410888671875e+00,8.976613044738769531e+00,1.373759269714355469e+01,1.708645820617675781e+01,1.297870063781738281e+01,1.217930412292480469e+01,1.708316802978515625e+01,2.103299713134765625e+01,2.182788085937500000e+01,2.384090423583984375e+01,2.605990028381347656e+01,2.394072341918945312e+01,2.113132476806640625e+01,2.495910072326660156e+01,2.307586669921875000e+01,1.829821014404296875e+01,1.547182941436767578e+01,1.991828536987304688e+01,1.386095619201660156e+01,6.982686996459960938e+00,9.955227851867675781e+00,1.133947753906250000e+01,1.573766899108886719e+01,1.585805416107177734e+01,1.730487251281738281e+01,1.764916610717773438e+01,1.437809944152832031e+01,1.157552528381347656e+01,4.720777511596679688e+00,4.875375747680664062e+00,7.669160366058349609e+00,5.417510986328125000e+00,7.710406303405761719e+00,1.490238571166992188e+01,1.895577430725097656e+01,2.107435798645019531e+01,1.761493301391601562e+01,1.268974590301513672e+01,1.423088645935058594e+01,2.025530815124511719e+01,2.014125061035156250e+01,1.464187240600585938e+01,1.993238258361816406e+01,2.250146865844726562e+01,2.172118759155273438e+01,2.228009605407714844e+01,1.679278373718261719e+01,1.828451538085937500e+01,1.631645965576171875e+01,1.093766975402832031e+01,1.016292476654052734e+01,1.828886413574218750e+01,1.186781120300292969e+01,8.275321960449218750e+00,1.204878807067871094e+01,1.176071548461914062e+01,1.167571830749511719e+01,1.298739242553710938e+01,1.375610542297363281e+01,1.726239013671875000e+01,2.095344161987304688e+01,2.517808914184570312e+01,2.100935363769531250e+01,1.334320259094238281e+01,7.590422630310058594e+00,7.733443260192871094e+00,1.155644798278808594e+01,1.639190292358398438e+01,1.375207710266113281e+01,9.873685836791992188e+00,9.378862380981445312e+00,1.168249702453613281e+01,1.071615219116210938e+01,1.151056289672851562e+01,1.463180541992187500e+01,1.729773521423339844e+01,1.387317466735839844e+01,1.732658004760742188e+01,1.546535110473632812e+01,9.989061355590820312e+00,9.561138153076171875e+00,1.388899135589599609e+01,1.362949848175048828e+01,8.784413337707519531e+00,7.527266502380371094e+00,7.239797115325927734e+00,1.417054939270019531e+01,1.822210311889648438e+01,2.191716766357421875e+01,2.458476829528808594e+01,1.882256126403808594e+01,2.135405349731445312e+01,3.556922149658203125e+01,3.045701599121093750e+01,2.950917053222656250e+01,2.523785018920898438e+01,2.705506134033203125e+01,3.579034423828125000e+01,3.643138122558593750e+01,2.552198410034179688e+01,2.456521034240722656e+01,2.716363143920898438e+01,2.453999710083007812e+01,2.284703445434570312e+01,2.267295837402343750e+01,2.399419212341308594e+01,2.908441162109375000e+01,2.830798912048339844e+01,1.712882804870605469e+01,6.219973564147949219e+00,4.845046043395996094e+00,6.012402534484863281e+00,6.624924659729003906e+00,7.847115516662597656e+00,1.098388481140136719e+01,1.091406631469726562e+01,1.112371063232421875e+01,1.064173698425292969e+01,1.363183975219726562e+01,1.573990249633789062e+01,9.565519332885742188e+00,8.168772697448730469e+00,7.034834384918212891e+00,5.928081512451171875e+00,5.548807144165039062e+00,8.777836799621582031e+00,1.120903301239013672e+01,4.353633403778076172e+00,1.463941097259521484e+00,5.158929824829101562e+00,1.000432586669921875e+01,1.132518386840820312e+01,1.105843448638916016e+01,9.908146858215332031e+00,9.324486732482910156e+00,8.476655006408691406e+00,9.656500816345214844e+00,1.629188919067382812e+01,1.543047809600830078e+01,1.681491088867187500e+01,1.439099121093750000e+01,1.741257476806640625e+01,2.118845367431640625e+01,2.724174880981445312e+01,2.770012664794921875e+01,2.416426277160644531e+01,2.285470199584960938e+01,2.076079940795898438e+01,1.561406612396240234e+01,7.387269973754882812e+00,4.502444267272949219e+00,2.982796430587768555e+00,4.760006904602050781e+00,1.035714721679687500e+01,1.188522529602050781e+01,7.421632766723632812e+00,2.594999551773071289e+00,6.824073314666748047e+00,1.466359138488769531e+01,1.174283218383789062e+01,8.436850547790527344e+00,4.845783233642578125e+00,-1.401456594467163086e-01,-1.906836986541748047e+00,-3.888570308685302734e+00,-2.021781206130981445e+00,3.416981697082519531e+00,2.136375904083251953e+00,2.907166957855224609e+00,2.851433753967285156e+00,2.002559661865234375e+00,5.650185585021972656e+00,6.956669807434082031e+00,4.359587192535400391e+00,7.210176467895507812e+00,7.632280826568603516e+00,1.033902359008789062e+01,9.843555450439453125e+00,9.816136360168457031e+00,9.524715423583984375e+00,1.141453170776367188e+01,1.071551799774169922e+01,1.623318481445312500e+01,1.919165611267089844e+01,1.829336547851562500e+01,1.676190567016601562e+01,1.852030372619628906e+01,1.500067710876464844e+01,8.583923339843750000e+00,8.064395904541015625e+00,8.233803749084472656e+00,6.971108436584472656e+00,9.292110443115234375e+00,6.357007026672363281e+00,6.911566257476806641e+00,6.101581573486328125e+00,8.617015838623046875e+00,9.177423477172851562e+00,1.075708770751953125e+01,9.597237586975097656e+00,8.637664794921875000e+00,1.097982025146484375e+01,8.451481819152832031e+00,9.129279136657714844e+00,1.132627677917480469e+01,1.210351371765136719e+01,1.330648899078369141e+01,1.372596454620361328e+01,1.379806518554687500e+01,1.242685317993164062e+01,1.546267890930175781e+01,1.660000801086425781e+01,1.549918174743652344e+01,1.389226913452148438e+01,1.183048248291015625e+01,1.151855754852294922e+01,1.243302154541015625e+01,1.539919185638427734e+01,1.717250442504882812e+01,1.621199607849121094e+01,1.870536613464355469e+01,2.255708312988281250e+01,1.512783622741699219e+01,1.472259044647216797e+01,1.543837738037109375e+01,1.353152465820312500e+01,1.670458602905273438e+01,2.281622695922851562e+01,2.718160247802734375e+01,2.770081710815429688e+01,2.778009605407714844e+01,2.962440109252929688e+01,2.789834213256835938e+01,1.775292015075683594e+01,1.365320205688476562e+01,8.814132690429687500e+00,6.173561573028564453e+00,-3.338232994079589844e+00,-3.934346914291381836e+00,4.486246585845947266e+00,8.942469596862792969e+00,1.257318019866943359e+01,5.848036766052246094e+00,2.563530445098876953e+00,6.030895233154296875e+00,8.576519012451171875e+00,1.323307609558105469e+01,1.869561767578125000e+01,1.743175506591796875e+01,1.309175682067871094e+01,1.583913516998291016e+01,1.751533889770507812e+01,2.282799911499023438e+01,2.024813079833984375e+01,1.613912773132324219e+01,1.792603874206542969e+01,1.331454372406005859e+01,1.628025054931640625e+01,1.722270393371582031e+01,8.468233108520507812e+00,3.369173049926757812e+00,1.668556451797485352e+00,3.051745891571044922e-02,-4.963679313659667969e+00,-3.622012138366699219e+00,3.725979566574096680e+00,5.930472373962402344e+00,7.835061073303222656e+00,6.892746925354003906e+00,8.517814636230468750e+00,1.166646194458007812e+01,1.521099853515625000e+01,1.233309936523437500e+01,4.307281017303466797e+00,-1.078999280929565430e+00,9.135096073150634766e-01,4.982824325561523438e+00,4.386663436889648438e+00,5.566010475158691406e+00,1.300503730773925781e+01,1.508414268493652344e+01,9.445737838745117188e+00,1.099551010131835938e+01,1.309137153625488281e+01,1.172554206848144531e+01,7.115449905395507812e-01,-3.679482936859130859e+00,-2.922281742095947266e+00,-2.921113491058349609e+00,6.578689098358154297e+00,1.420744037628173828e+01,1.636612319946289062e+01,1.445043945312500000e+01,8.532196044921875000e+00,6.385694980621337891e+00,8.441926956176757812e+00,1.163543701171875000e+01,1.544861602783203125e+01,2.069054222106933594e+01,2.146560287475585938e+01,2.267588233947753906e+01,2.418342208862304688e+01,1.999991607666015625e+01,2.160972595214843750e+01,2.752274894714355469e+01,2.556452941894531250e+01,2.440216827392578125e+01,2.507637023925781250e+01,1.963346099853515625e+01,1.858555412292480469e+01,2.152276992797851562e+01,1.856145095825195312e+01,1.276017856597900391e+01,5.345331192016601562e+00,6.618233680725097656e+00,9.096053123474121094e+00,1.406927299499511719e+01,1.170649051666259766e+01,1.243000793457031250e+01,1.189944744110107422e+01,6.765016555786132812e+00,9.469596862792968750e+00,1.306655693054199219e+01,1.212745666503906250e+01,1.242928314208984375e+01,1.368855285644531250e+01,1.275164794921875000e+01,1.099601650238037109e+01,1.031700515747070312e+01,1.379543876647949219e+01,1.062647056579589844e+01,1.277006340026855469e+01,8.643698692321777344e+00,3.341453790664672852e+00,9.808965325355529785e-01,3.419949054718017578e+00,7.934287548065185547e+00,1.052905082702636719e+01,1.354525279998779297e+01,1.772422599792480469e+01,9.478361129760742188e+00,1.077150726318359375e+01,1.277667236328125000e+01,1.310492134094238281e+01,1.606428337097167969e+01,2.175378417968750000e+01,1.630492401123046875e+01,1.044145584106445312e+01,1.172859382629394531e+01,1.920547103881835938e+01,1.864567565917968750e+01,1.184664630889892578e+01,1.248313713073730469e+01,2.311579322814941406e+01,2.105466651916503906e+01,1.975323867797851562e+01,2.132366561889648438e+01,2.270866012573242188e+01,2.846938133239746094e+01,2.773805618286132812e+01,2.563679504394531250e+01,2.483979415893554688e+01,2.958530044555664062e+01,2.984639358520507812e+01,2.994094467163085938e+01,3.571712493896484375e+01,3.992866134643554688e+01,3.111975479125976562e+01,2.254184722900390625e+01,2.403285980224609375e+01,2.210914993286132812e+01,1.777631187438964844e+01,1.376869773864746094e+01,1.010720443725585938e+01,1.469039344787597656e+01,2.065139007568359375e+01,2.149227905273437500e+01,1.182971477508544922e+01,2.377861440181732178e-01,-1.607326745986938477e+00,3.315400838851928711e+00,6.654671669006347656e+00,1.742087841033935547e+00,2.582845211029052734e+00,7.764819145202636719e+00,9.795616149902343750e+00,3.647509515285491943e-01,-5.046988725662231445e-01,-2.282061100006103516e+00,-4.292851686477661133e-01,2.108856678009033203e+00,-5.449155807495117188e+00,-5.617463588714599609e+00,-1.947770416736602783e-01,3.680952787399291992e+00,9.068472862243652344e+00,1.593785858154296875e+01,1.478845310211181641e+01,1.145550155639648438e+01,1.529686546325683594e+01,1.936040115356445312e+01,1.892963409423828125e+01,1.420569419860839844e+01,1.526980590820312500e+01,1.421893501281738281e+01,1.412907791137695312e+01,1.413120079040527344e+01,1.533770942687988281e+01,2.351517868041992188e+01,2.183166122436523438e+01,1.830955886840820312e+01,1.591911888122558594e+01,4.861681938171386719e+00,-1.133062481880187988e+00,3.145100593566894531e+00,8.972498893737792969e+00,1.342897415161132812e+01,9.355051040649414062e+00,5.492686748504638672e+00,6.694587707519531250e+00,2.345371246337890625e+00,6.720029711723327637e-01,5.753227233886718750e+00,8.034084320068359375e+00,1.568204307556152344e+01,1.598533630371093750e+01,1.442474842071533203e+01,1.587569332122802734e+01,2.232854080200195312e+01,2.507284927368164062e+01,2.262691879272460938e+01,1.688434982299804688e+01,8.387851715087890625e+00,4.959929466247558594e+00,5.955307483673095703e+00,3.058530807495117188e+00,1.725659608840942383e+00,3.362544536590576172e+00,3.671658039093017578e+00,1.321468353271484375e+01,2.108202743530273438e+01,2.259903717041015625e+01,2.670379447937011719e+01,2.867008399963378906e+01,2.632311439514160156e+01,2.466485023498535156e+01,2.406858825683593750e+01,2.735610580444335938e+01,2.476189422607421875e+01,2.198821640014648438e+01,2.585886001586914062e+01,2.691158485412597656e+01,2.475639533996582031e+01,2.608003997802734375e+01,2.867929077148437500e+01,2.379282188415527344e+01,2.607516288757324219e+01,2.689496612548828125e+01,1.849035263061523438e+01,1.751531600952148438e+01,1.781483459472656250e+01,1.940835189819335938e+01,1.778079605102539062e+01,1.448176288604736328e+01,1.042704963684082031e+01,1.749644470214843750e+01,1.820649719238281250e+01,1.723422241210937500e+01,1.734233474731445312e+01,1.592568206787109375e+01,1.705738830566406250e+01,1.839788055419921875e+01,1.620645713806152344e+01,1.999383354187011719e+01,8.593997955322265625e+00,1.131353950500488281e+01,1.447480773925781250e+01,1.455899810791015625e+01,1.051172256469726562e+01,8.758506774902343750e+00,5.867057800292968750e+00,8.245823860168457031e+00,5.741210460662841797e+00,6.908087730407714844e-01,3.506918907165527344e+00,5.041172981262207031e+00,5.800019264221191406e+00,8.795410156250000000e+00,1.134076786041259766e+01,2.100638961791992188e+01,2.926686096191406250e+01,2.821793174743652344e+01,3.168175125122070312e+01,3.417681884765625000e+01,3.647113037109375000e+01,3.989363098144531250e+01,4.224987030029296875e+01,4.175655364990234375e+01,3.591304779052734375e+01,3.576235961914062500e+01,3.008444595336914062e+01,2.292872238159179688e+01,3.219841384887695312e+01,3.385588836669921875e+01,2.627730560302734375e+01,1.680034828186035156e+01,1.564842033386230469e+01,1.764482498168945312e+01,2.977862167358398438e+01,3.537760162353515625e+01,3.107352447509765625e+01,1.781022262573242188e+01,7.395288467407226562e+00,7.894972801208496094e+00,1.032720756530761719e+01,5.669220924377441406e+00,1.971932649612426758e+00,-2.147744894027709961e+00,-5.086103916168212891e+00,-4.956610679626464844e+00,1.388250887393951416e-01,1.442112445831298828e+00,-9.545235037803649902e-01,-5.622229576110839844e+00,-8.692861557006835938e+00,-5.184768676757812500e+00,2.218135356903076172e+00,1.060224151611328125e+01,1.953152465820312500e+01,2.166392898559570312e+01,2.255402755737304688e+01,2.230002593994140625e+01,2.315451812744140625e+01,2.479854011535644531e+01,2.285956001281738281e+01,1.737592697143554688e+01,1.726075553894042969e+01,1.409597015380859375e+01,1.226479434967041016e+01,6.355562210083007812e+00,2.377280235290527344e+00,1.174373388290405273e+00,1.140226602554321289e+00,4.002737045288085938e+00,8.276914596557617188e+00,1.079081344604492188e+01,1.314413738250732422e+01,6.168405532836914062e+00,-2.281890392303466797e+00,-1.303579807281494141e+00,2.656971454620361328e+00,1.212807941436767578e+01,1.708235168457031250e+01,1.601205253601074219e+01,1.735171127319335938e+01,2.210221099853515625e+01,2.242423248291015625e+01,1.925753784179687500e+01,1.646144866943359375e+01,1.871157455444335938e+01,2.221681022644042969e+01,1.329571723937988281e+01,1.150274944305419922e+01,7.999874114990234375e+00,9.446185111999511719e+00,1.430029296875000000e+01,1.395311927795410156e+01,1.477733802795410156e+01,6.366312980651855469e+00,4.376590251922607422e+00,1.257238388061523438e-01,4.973892211914062500e+00,8.067396163940429688e+00,6.094323158264160156e+00,3.086074352264404297e+00,6.258704662322998047e+00,1.566506958007812500e+01,1.795569229125976562e+01,1.332295131683349609e+01,6.661927223205566406e+00,3.116449594497680664e+00,-3.503695726394653320e+00,4.336430132389068604e-01,2.843659877777099609e+00,5.132304668426513672e+00,1.212387275695800781e+01,1.320622348785400391e+01,1.412291145324707031e+01,1.530499267578125000e+01,1.136837100982666016e+01,9.328643798828125000e+00,6.935567378997802734e+00,1.279298019409179688e+01,1.509752559661865234e+01,1.202806472778320312e+01,1.362624931335449219e+01,1.400572967529296875e+01,1.114624881744384766e+01,1.405276489257812500e+01,1.811351013183593750e+01,1.884476470947265625e+01,2.191188049316406250e+01,1.703917503356933594e+01,1.072308444976806641e+01,8.099453926086425781e+00,6.562951087951660156e+00,9.803845286369323730e-01,-5.683059692382812500e+00,-4.831098556518554688e+00,-4.075141906738281250e+00,-7.751603126525878906e+00,-4.110476016998291016e+00,3.489452600479125977e-02,7.059150695800781250e+00,5.059081554412841797e+00,6.778866052627563477e-01,-5.730865001678466797e-01,5.714836120605468750e+00,2.482286643981933594e+01,2.580344390869140625e+01,2.530047416687011719e+01,3.105285263061523438e+01,2.404587745666503906e+01,1.795823669433593750e+01,1.930514526367187500e+01,1.697519493103027344e+01,2.218032264709472656e+01,2.463333892822265625e+01,2.753794479370117188e+01,3.434849929809570312e+01,2.770891189575195312e+01,2.660089111328125000e+01,1.478483963012695312e+01,1.392188739776611328e+01,2.136224746704101562e+01,2.444361877441406250e+01,2.234563827514648438e+01,1.832963180541992188e+01,1.602802276611328125e+01,1.818520736694335938e+01,1.702080154418945312e+01,1.456873989105224609e+01,1.437944126129150391e+01,1.120377349853515625e+01,1.087430572509765625e+01,1.764681434631347656e+01,2.084176254272460938e+01,1.917533111572265625e+01,1.387338256835937500e+01,1.121478462219238281e+01,6.856419086456298828e+00,1.145167946815490723e+00,2.418002843856811523e+00,1.509882926940917969e+00,3.476650953292846680e+00,5.831613063812255859e+00,6.630130767822265625e+00,3.989275455474853516e+00,1.783030867576599121e+00,7.369901180267333984e+00,8.228281021118164062e+00,8.502338409423828125e+00,3.355497837066650391e+00,-1.131186723709106445e+00,-7.822520732879638672e-01,1.763473272323608398e+00,4.912055492401123047e+00,5.542399883270263672e+00,2.739328861236572266e+00,1.659602642059326172e+00,-1.042395353317260742e+00,3.334885597229003906e+00,4.190837860107421875e+00,2.588515758514404297e+00,4.500851333141326904e-01,3.365982770919799805e+00,1.786423325538635254e-01,-3.253414154052734375e+00,4.052598476409912109e+00,8.758828163146972656e+00,1.721374320983886719e+01,2.431238555908203125e+01,2.562894439697265625e+01,2.455412673950195312e+01,2.585242843627929688e+01,2.505875778198242188e+01,2.745341110229492188e+01,2.722187042236328125e+01,2.278936386108398438e+01,2.295648193359375000e+01,2.376376724243164062e+01,2.229568481445312500e+01,1.960482788085937500e+01,2.112527084350585938e+01,2.444224929809570312e+01,2.309098052978515625e+01,1.885880279541015625e+01,3.145243072509765625e+01,2.544691467285156250e+01,1.670428466796875000e+01,1.276789569854736328e+01,7.942001342773437500e+00,2.999248504638671875e+00,6.606768608093261719e+00,1.124063491821289062e+01,2.413195133209228516e+00,5.462853312492370605e-01,9.748027801513671875e+00,1.370767879486083984e+01,1.146808433532714844e+01,8.815879821777343750e+00,8.496528625488281250e+00,1.003022098541259766e+01,7.717109680175781250e+00,8.092383384704589844e+00,9.681897163391113281e+00,1.217870521545410156e+01,9.205317497253417969e+00,5.573275566101074219e+00,3.861352920532226562e+00,7.220038414001464844e+00,9.213398933410644531e+00,1.688760566711425781e+01,1.898828125000000000e+01,2.289053344726562500e+01,1.651744270324707031e+01,1.086192512512207031e+01,9.315326690673828125e+00,9.276773452758789062e+00,9.338191032409667969e+00,1.448092460632324219e+01,1.324131584167480469e+01,1.849664115905761719e+01,2.273355102539062500e+01,1.679638862609863281e+01,1.527533054351806641e+01,1.132551002502441406e+01,8.046646118164062500e+00,1.208640003204345703e+01,1.511796760559082031e+01,1.498711776733398438e+01,1.683025169372558594e+01,1.418507194519042969e+01,1.304279422760009766e+01,1.859396362304687500e+01,1.553048419952392578e+01,1.408418846130371094e+01,1.130241203308105469e+01,1.127813148498535156e+01,1.574603271484375000e+01,1.647330665588378906e+01,7.654762268066406250e+00,1.233507156372070312e+01,1.263634872436523438e+01,1.810805511474609375e+01,2.770055580139160156e+01,2.898369598388671875e+01,2.917253875732421875e+01,2.529451370239257812e+01,2.398980331420898438e+01,2.203377532958984375e+01,1.791500663757324219e+01,1.741522407531738281e+01,1.611166954040527344e+01,1.594830703735351562e+01,1.790658569335937500e+01,2.108342361450195312e+01,2.296223831176757812e+01,2.313417625427246094e+01,1.401275730133056641e+01,3.671707153320312500e+00,1.823510408401489258e+00,4.652793407440185547e+00,4.687052726745605469e+00,5.659247398376464844e+00,1.631240081787109375e+01,1.825290298461914062e+01,1.600159645080566406e+01,1.309333515167236328e+01,1.152324962615966797e+01,1.536023902893066406e+01,2.089915084838867188e+01,2.017162895202636719e+01,2.005318832397460938e+01,1.772639465332031250e+01,1.457343959808349609e+01,1.291820907592773438e+01,7.858904838562011719e+00,1.030171108245849609e+01,1.730586624145507812e+01,1.977180480957031250e+01,2.158892822265625000e+01,1.834595870971679688e+01,1.416466331481933594e+01,1.485869979858398438e+01,1.703194427490234375e+01,2.122090339660644531e+01,2.226268768310546875e+01,2.062615203857421875e+01,1.929750061035156250e+01,1.978943443298339844e+01,1.537392044067382812e+01,9.073860168457031250e+00,1.151418876647949219e+01,1.294853401184082031e+01,1.010304641723632812e+01,1.112785243988037109e+01,7.750267982482910156e+00,4.248860359191894531e+00,3.665432453155517578e+00,8.136082291603088379e-01,-1.423076629638671875e+00,-2.463815212249755859e-01,-1.502127528190612793e+00,-4.289334774017333984e+00,-6.836510181427001953e+00,2.110419750213623047e+00,5.066762924194335938e+00,6.806002140045166016e+00,1.382323074340820312e+01,1.660072135925292969e+01,1.923597717285156250e+01,1.049608516693115234e+01,1.170213603973388672e+01,1.336213779449462891e+01,1.495035839080810547e+01,1.529015159606933594e+01,1.762024307250976562e+01,2.557086753845214844e+01,2.074783706665039062e+01,1.667371177673339844e+01,1.722185325622558594e+01,1.853352737426757812e+01,1.931982803344726562e+01,1.567914199829101562e+01,1.498619174957275391e+01,1.694048881530761719e+01,1.374794101715087891e+01,1.747177124023437500e+01,1.764900588989257812e+01,1.477563381195068359e+01,1.470502758026123047e+01,1.532331275939941406e+01,1.603774261474609375e+01,1.453321456909179688e+01,1.601086997985839844e+01,1.605144882202148438e+01,1.848335838317871094e+01,1.805970001220703125e+01,2.150602531433105469e+01,1.896319580078125000e+01,1.624581527709960938e+01,1.380953788757324219e+01,1.225361061096191406e+01,1.701888275146484375e+01,1.454699420928955078e+01,1.312087440490722656e+01,1.137379646301269531e+01,1.469140243530273438e+01,1.981363105773925781e+01,1.818587112426757812e+01,1.627079772949218750e+01,1.999841690063476562e+01,2.047246932983398438e+01,1.657273483276367188e+01,1.613191604614257812e+01,1.842545318603515625e+01,1.926472663879394531e+01,1.920636367797851562e+01,1.881295967102050781e+01,1.936759376525878906e+01,1.699151992797851562e+01,1.483031082153320312e+01,1.167603683471679688e+01,1.836516189575195312e+01,1.828831100463867188e+01,1.660359382629394531e+01,1.456740570068359375e+01,1.177232551574707031e+01,1.482068920135498047e+01,1.692445755004882812e+01,1.488125228881835938e+01,1.656903648376464844e+01,1.364793968200683594e+01,6.989233493804931641e+00,1.145359802246093750e+01,1.930936241149902344e+01,2.423331069946289062e+01,2.261233329772949219e+01,2.402616691589355469e+01,2.853330993652343750e+01,3.309358978271484375e+01,3.094464111328125000e+01,3.348029327392578125e+01,3.814064788818359375e+01,3.724707031250000000e+01,3.030035018920898438e+01,2.705376052856445312e+01,2.571492958068847656e+01,2.730097579956054688e+01,1.329112243652343750e+01,9.204589128494262695e-01,-3.695980548858642578e+00,1.633930683135986328e+00,1.078200149536132812e+01,1.409997558593750000e+01,2.069060897827148438e+01,2.687168121337890625e+01,2.746907806396484375e+01,2.779378890991210938e+01,2.123678207397460938e+01,2.061525344848632812e+00,-7.197960376739501953e+00,-7.012665748596191406e+00,-4.032645225524902344e+00,-4.690686225891113281e+00,-7.060097217559814453e+00,-3.561470985412597656e+00,-5.570858955383300781e+00,-3.011908531188964844e+00,1.555937051773071289e+00,5.826219558715820312e+00,-2.377952098846435547e+00,-7.489077568054199219e+00,-1.112997436523437500e+01,-8.022415161132812500e+00,-9.911875724792480469e+00,-3.189479351043701172e+00,8.221450805664062500e+00,1.599569892883300781e+01,2.045014190673828125e+01,1.918328094482421875e+01,2.047893905639648438e+01,1.599692916870117188e+01,1.361156272888183594e+01,1.647834205627441406e+01,1.442476844787597656e+01,1.121834278106689453e+01,1.092218780517578125e+01,9.802577972412109375e+00,8.678089141845703125e+00,8.885301589965820312e+00,1.049549293518066406e+01,8.173295974731445312e+00,1.042192649841308594e+01,7.487215518951416016e+00,7.557403564453125000e+00,1.424650955200195312e+01,1.321493339538574219e+01,8.053285598754882812e+00,9.202554702758789062e+00,1.627745246887207031e+01,2.524739837646484375e+01,2.660139083862304688e+01,2.527344894409179688e+01,2.867291259765625000e+01,2.471178054809570312e+01,1.659580802917480469e+01,7.942735671997070312e+00,5.745402336120605469e+00,2.219451904296875000e+00,4.082506895065307617e-01,2.414966821670532227e+00,5.773151874542236328e+00,7.469116210937500000e+00,1.014565467834472656e+01,5.698265075683593750e+00,6.734093189239501953e+00,8.320169448852539062e+00,1.294330501556396484e+01,1.742352294921875000e+01,2.143897438049316406e+01,2.007088470458984375e+01,2.436593627929687500e+01,2.412255096435546875e+01,1.700369453430175781e+01,2.223710250854492188e+01,2.315210533142089844e+01,2.111743545532226562e+01,2.052538681030273438e+01,2.524117279052734375e+01,1.983305358886718750e+01,1.457690811157226562e+01,1.576741790771484375e+01,2.088295745849609375e+01,1.793636703491210938e+01,1.666454505920410156e+01,1.962148094177246094e+01,1.319003486633300781e+01,3.208596229553222656e+00
-4.716467380523681641e+00,-5.641324043273925781e+00,1.125200986862182617e+00,2.250069618225097656e+00,-1.774590849876403809e+00,-4.208847522735595703e+00,-3.981523752212524414e+00,-3.838161706924438477e+00,-4.190405845642089844e+00,-3.185538768768310547e+00,-7.567813396453857422e-01,1.853458642959594727e+00,-7.101869583129882812e-02,-6.725211739540100098e-01,-6.785329818725585938e+00,-5.608541488647460938e+00,-4.452842473983764648e-01,-3.765332996845245361e-01,-4.658509731292724609e+00,-6.475996017456054688e+00,-6.975557327270507812e+00,-1.280100631713867188e+01,-1.290091133117675781e+01,-1.038219451904296875e+01,-1.306874561309814453e+01,-9.521467208862304688e+00,-9.003203392028808594e+00,-8.020839691162109375e+00,-6.299600601196289062e+00,-6.457295894622802734e+00,-9.820901870727539062e+00,-1.443381881713867188e+01,-1.271690559387207031e+01,-1.473700904846191406e+01,-1.304437065124511719e+01,-1.375897789001464844e+01,-2.033655166625976562e+01,-2.759088516235351562e+01,-2.938342666625976562e+01,-2.448331069946289062e+01,-1.981015396118164062e+01,-2.267608261108398438e+01,-2.426646041870117188e+01,-1.776609802246093750e+01,-1.069961738586425781e+01,-5.817042827606201172e+00,-5.109140396118164062e+00,-4.102793693542480469e+00,3.493492126464843750e+00,8.611300468444824219e+00,4.869480609893798828e+00,7.396388530731201172e+00,9.094540596008300781e+00,5.190732955932617188e+00,-5.171012878417968750e+00,-6.406707763671875000e+00,5.668051242828369141e-01,2.625096082687377930e+00,1.700511336326599121e+00,-1.246324419975280762e+00,1.001756191253662109e+00,-9.392154216766357422e-01,-1.943995714187622070e+00,-4.344476699829101562e+00,-8.874216079711914062e+00,-8.305959701538085938e+00,-4.227777004241943359e+00,-3.972797393798828125e+00,-4.170722007751464844e+00,-5.967280864715576172e+00,-6.510574340820312500e+00,-3.695445537567138672e+00,-5.804232597351074219e+00,-4.601962089538574219e+00,-4.669235229492187500e+00,-2.742735624313354492e+00,8.097310066223144531e-01,-2.135605573654174805e+00,-6.179054975509643555e-01,3.693642377853393555e+00,1.416180133819580078e+00,-2.811656951904296875e+00,-6.131716728210449219e+00,-1.381059885025024414e+00,3.071548938751220703e-01,-2.357898235321044922e+00,-4.080234050750732422e+00,-1.730031490325927734e+00,-2.748177528381347656e+00,-8.037452697753906250e+00,-1.775582313537597656e+01,-1.908627700805664062e+01,-2.110957717895507812e+01,-1.794545745849609375e+01,-1.922812271118164062e+01,-1.476474189758300781e+01,-1.077658271789550781e+01,-1.592351341247558594e+01,-2.273958206176757812e+01,-2.076867675781250000e+01,-2.128429794311523438e+01,-2.157207107543945312e+01,-1.927039337158203125e+01,-1.891709899902343750e+01,-2.155069541931152344e+01,-2.678193664550781250e+01,-2.314679527282714844e+01,-2.088367462158203125e+01,-1.583879280090332031e+01,-2.382159042358398438e+01,-2.937314224243164062e+01,-2.794195938110351562e+01,-2.374116516113281250e+01,-2.054702377319335938e+01,-2.049048805236816406e+01,-1.410335826873779297e+01,-1.324226379394531250e+01,-1.249663639068603516e+01,-1.448277282714843750e+01,-1.795749282836914062e+01,-2.078786468505859375e+01,-2.001741218566894531e+01,-2.019697952270507812e+01,-1.936150360107421875e+01,-1.772170257568359375e+01,-1.348869514465332031e+01,-1.445318222045898438e+01,-1.781835174560546875e+01,-1.392991065979003906e+01,-1.183215713500976562e+01,-1.496458244323730469e+01,-1.592390632629394531e+01,-1.633616828918457031e+01,-1.751882934570312500e+01,-1.857186889648437500e+01,-1.636665725708007812e+01,-1.488385009765625000e+01,-2.202765846252441406e+01,-2.390270996093750000e+01,-5.614379882812500000e+00,6.505414485931396484e+00,8.307034492492675781e+00,6.051730155944824219e+00,6.779598236083984375e+00,4.621092796325683594e+00,6.971886634826660156e+00,5.499644279479980469e+00,1.880120635032653809e+00,5.196927070617675781e+00,1.041243076324462891e+00,-1.455169200897216797e+00,1.165976405143737793e+00,-1.851578950881958008e+00,-8.224346160888671875e+00,-1.614892578125000000e+01,-1.601176071166992188e+01,-1.607061767578125000e+01,-1.731730461120605469e+01,-6.633111000061035156e+00,1.291931390762329102e+00,-6.518756866455078125e+00,-1.271546363830566406e+01,-2.256096458435058594e+01,-2.483721923828125000e+01,-2.179448890686035156e+01,-2.030827331542968750e+01,-1.468488979339599609e+01,-1.689870071411132812e+01,-1.565917396545410156e+01,-1.365417289733886719e+01,-1.324732780456542969e+01,-1.548251628875732422e+01,-1.622236251831054688e+01,-1.578060150146484375e+01,-2.025511932373046875e+01,-1.692857933044433594e+01,-1.403992748260498047e+01,-1.243473148345947266e+01,-1.150090980529785156e+01,-6.321744918823242188e-01,1.652966380119323730e+00,-3.056314468383789062e+00,-7.670990943908691406e+00,-1.012992668151855469e+01,-6.567939758300781250e+00,-3.685220718383789062e+00,-3.694609403610229492e-01,-9.801240563392639160e-01,-9.905290603637695312e+00,-1.588113975524902344e+01,-1.411256027221679688e+01,-1.816675758361816406e+01,-2.532118988037109375e+01,-2.672387695312500000e+01,-2.005109786987304688e+01,-1.951063537597656250e+01,-2.228352737426757812e+01,-2.219704818725585938e+01,-2.009266281127929688e+01,-1.974262237548828125e+01,-1.487050437927246094e+01,-7.167814254760742188e+00,-1.169751548767089844e+01,-1.117631530761718750e+01,-1.107809638977050781e+01,-1.207506752014160156e+01,-1.049683952331542969e+01,-1.120021247863769531e+01,-1.341167736053466797e+01,-1.075477027893066406e+01,-1.365848731994628906e+01,-1.092525291442871094e+01,-1.125176620483398438e+01,-8.689565658569335938e+00,-1.030124187469482422e+01,-9.829530715942382812e+00,-7.621927261352539062e+00,-3.287554979324340820e+00,-4.781725406646728516e+00,-5.538581371307373047e+00,-4.689143180847167969e+00,-7.319921493530273438e+00,-5.103721618652343750e+00,-2.174846172332763672e+00,-4.075712203979492188e+00,-5.316546916961669922e+00,-4.839363098144531250e+00,-3.824806213378906250e+00,-6.397753715515136719e+00,-7.619029998779296875e+00,-5.682338714599609375e+00,-3.829333782196044922e+00,-4.295003414154052734e+00,-6.890065193176269531e+00,-6.254562377929687500e+00,-5.196138381958007812e+00,-4.717035293579101562e+00,-6.245683670043945312e+00,-5.998944282531738281e+00,-7.738456249237060547e+00,-8.824410438537597656e+00,-1.393133163452148438e+01,-2.480363845825195312e+01,-2.319440460205078125e+01,-1.823253822326660156e+01,-1.779645156860351562e+01,-1.881299781799316406e+01,-1.600206375122070312e+01,-5.670820236206054688e+00,4.469187855720520020e-01,-7.067051887512207031e+00,-6.062088012695312500e+00,4.305100440979003906e+00,-7.587724685668945312e+00,-1.973933410644531250e+01,-1.894887161254882812e+01,-1.317809772491455078e+01,-1.033094978332519531e+01,-9.284177780151367188e+00,-1.673458862304687500e+01,-1.954906463623046875e+01,-1.998721694946289062e+01,-2.243602752685546875e+01,-2.190634536743164062e+01,-2.778493499755859375e+01,-3.375118637084960938e+01,-2.222162246704101562e+01,-1.771453475952148438e+01,-1.654594039916992188e+01,-1.413754272460937500e+01,-1.611669158935546875e+01,-1.621737861633300781e+01,9.063781499862670898e-01,-8.685797691345214844e+00,-1.343215370178222656e+01,-1.706361961364746094e+01,-2.090493392944335938e+01,-2.348892211914062500e+01,-1.807011795043945312e+01,-1.607202529907226562e+01,-2.123100471496582031e+01,-2.141157341003417969e+01,-1.477295303344726562e+01,-1.152709293365478516e+01,-1.579658031463623047e+01,-1.441696071624755859e+01,-8.357626914978027344e+00,-7.307833671569824219e+00,-1.127639198303222656e+01,-9.329665184020996094e+00,-1.057057952880859375e+01,-6.103203773498535156e+00,-6.913299083709716797e+00,-3.992014646530151367e+00,-2.407177209854125977e+00,-4.248411178588867188e+00,-1.013665390014648438e+01,-7.726786136627197266e+00,-4.021581649780273438e+00,-3.412382125854492188e+00,-2.387679576873779297e+00,-6.479018211364746094e+00,-7.705023765563964844e+00,-2.553382873535156250e+00,-1.500745534896850586e+00,-4.327278137207031250e-01,-2.204598188400268555e+00,-7.237403869628906250e+00,1.093576788902282715e+00,3.916945934295654297e+00,-2.017420768737792969e+00,-1.223282217979431152e-01,-3.360759735107421875e+00,-5.229711532592773438e+00,-5.186363697052001953e+00,-7.075052261352539062e+00,-6.148906707763671875e+00,-9.495058059692382812e+00,-8.087471008300781250e+00,-6.535311698913574219e+00,-8.182845115661621094e+00,-8.453919410705566406e+00,-9.203465461730957031e+00,-1.304086494445800781e+01,-1.060633850097656250e+01,-8.730388641357421875e+00,-1.540584564208984375e+01,-1.076488304138183594e+01,-1.186108779907226562e+01,-7.658309936523437500e+00,-6.864418983459472656e+00,-1.019523811340332031e+01,-1.099453353881835938e+01,-1.330207157135009766e+01,-1.201735210418701172e+01,-2.289041519165039062e+01,-2.819926261901855469e+01,-2.015198516845703125e+01,-5.316783905029296875e+00,8.419332504272460938e-01,3.717701435089111328e+00,-1.954836130142211914e+00,-8.515508651733398438e+00,-1.743843793869018555e+00,5.347003936767578125e+00,1.176976585388183594e+01,1.121831703186035156e+01,4.914665222167968750e+00,1.737407803535461426e+00,-5.522210597991943359e+00,-5.712473392486572266e+00,-8.956893920898437500e+00,-9.608260154724121094e+00,-1.212414169311523438e+01,-3.269419908523559570e+00,1.753452301025390625e+00,-4.909514427185058594e+00,-4.740744590759277344e+00,-4.590130805969238281e+00,-6.072784423828125000e+00,-9.031330108642578125e+00,-1.001423454284667969e+01,-8.306837081909179688e+00,-1.394900321960449219e+01,-1.692918586730957031e+01,-1.487897491455078125e+01,-1.146025371551513672e+01,-9.298498153686523438e+00,-5.213331222534179688e+00,-1.253645896911621094e+01,-9.233955383300781250e+00,-5.135009765625000000e+00,-8.503397941589355469e+00,-1.377643203735351562e+01,-1.512699890136718750e+01,-1.437960243225097656e+01,-1.267031764984130859e+01,-1.384324359893798828e+01,-9.959272384643554688e+00,-1.179093933105468750e+01,-1.141278743743896484e+01,-1.027645683288574219e+01,-1.144507980346679688e+01,-1.843082809448242188e+01,-1.872333145141601562e+01,-1.311488151550292969e+01,-1.295524978637695312e+01,-1.947210884094238281e+01,-2.116252899169921875e+01,-2.341729927062988281e+01,-1.715191078186035156e+01,-2.122362136840820312e+01,-2.551287460327148438e+01,-2.105249786376953125e+01,-2.029143142700195312e+01,-1.708674240112304688e+01,-1.010630989074707031e+01,-5.862391471862792969e+00,-3.740032672882080078e+00,-1.263935089111328125e+00,1.458490729331970215e+00,-7.921395897865295410e-01,-3.236925840377807617e+00,-1.096795654296875000e+01,-1.561601638793945312e+01,-1.263695907592773438e+01,-1.201324844360351562e+01,-7.402661323547363281e+00,-3.060284376144409180e+00,-4.737830162048339844e+00,-2.289502382278442383e+00,-2.410453796386718750e+00,-1.072272968292236328e+01,-1.837541580200195312e+01,-2.474721527099609375e+01,-1.759870147705078125e+01,-1.777297401428222656e+01,-1.804004287719726562e+01,-2.427558898925781250e+01,-2.354763412475585938e+01,-1.764665031433105469e+01,-1.704956436157226562e+01,-1.363729476928710938e+01,-1.119593620300292969e+01,-8.248481750488281250e+00,-1.262463760375976562e+01,-2.053968238830566406e+01,-2.278829574584960938e+01,-2.218128585815429688e+01,-1.943290328979492188e+01,-1.289227294921875000e+01,-1.514633178710937500e+01,-1.627193832397460938e+01,-1.009271907806396484e+01,-1.551804351806640625e+01,-1.224822044372558594e+01,-8.677025794982910156e+00,-9.771955490112304688e+00,-7.007909774780273438e+00,-8.999956130981445312e+00,-1.287116813659667969e+01,-1.935895919799804688e+01,-2.445080566406250000e+01,-1.953045654296875000e+01,-1.425185585021972656e+01,-1.429215717315673828e+01,-1.412754249572753906e+01,-7.927082538604736328e+00,-5.387085914611816406e+00,-7.988277435302734375e+00,-5.656821250915527344e+00,-3.932333707809448242e+00,-5.722064018249511719e+00,-7.768097877502441406e+00,-6.376099586486816406e+00,-4.216542243957519531e+00,-6.203526973724365234e+00,-5.048810482025146484e+00,-6.877803325653076172e+00,-7.644638538360595703e+00,-7.645975589752197266e+00,-2.095317077636718750e+01,-3.221758270263671875e+01,-3.412388610839843750e+01,-2.507189941406250000e+01,-1.714087867736816406e+01,-2.273330688476562500e+01,-2.624199295043945312e+01,-2.856320571899414062e+01,-3.873653411865234375e+01,-3.727861022949218750e+01,-3.777846527099609375e+01,-3.214781188964843750e+01,-2.891020965576171875e+01,-2.837463760375976562e+01,-2.811760711669921875e+01,-2.672028350830078125e+01,-2.174814224243164062e+01,-1.814918899536132812e+01,-1.729370498657226562e+01,-1.742695236206054688e+01,-1.702007293701171875e+01,-2.029084396362304688e+01,-1.893069267272949219e+01,-1.942057800292968750e+01,-1.967518806457519531e+01,-2.129138755798339844e+01,-1.907896423339843750e+01,-1.925513458251953125e+01,-2.318160629272460938e+01,-2.394247436523437500e+01,-1.488045120239257812e+01,-9.781579017639160156e+00,-8.155287742614746094e+00,-9.639226913452148438e+00,-9.208586692810058594e+00,-7.028473854064941406e+00,-8.637914657592773438e+00,-1.039329147338867188e+01,-1.041939163208007812e+01,-8.966945648193359375e+00,-4.645944595336914062e+00,-6.634975433349609375e+00,-9.439008712768554688e+00,-7.924465179443359375e+00,-4.978229045867919922e+00,-1.046162414550781250e+01,-1.065108299255371094e+01,-8.796223640441894531e+00,-1.099166679382324219e+01,-1.421273803710937500e+01,-1.013338279724121094e+01,-6.811101913452148438e+00,-9.331680297851562500e+00,-1.080896568298339844e+01,-5.322999000549316406e+00,-7.346010684967041016e+00,-4.156865119934082031e+00,-2.807501316070556641e+00,-2.840153217315673828e+00,-7.724835872650146484e-01,2.579499244689941406e+00,-2.476443052291870117e+00,-1.158607244491577148e+00,-7.444969177246093750e+00,-1.258296108245849609e+01,-1.590621948242187500e+01,-1.767785263061523438e+01,-1.876567840576171875e+01,-2.306986236572265625e+01,-1.926620483398437500e+01,-2.493847465515136719e+01,-3.468379211425781250e+01,-2.961861419677734375e+01,-2.509406661987304688e+01,-2.764009666442871094e+01,-2.994466400146484375e+01,-2.732021331787109375e+01,-2.529931640625000000e+01,-2.177015686035156250e+01,-2.017166519165039062e+01,-2.092680740356445312e+01,-2.152113723754882812e+01,-1.761730766296386719e+01,-1.497118186950683594e+01,-1.552900028228759766e+01,-1.510102176666259766e+01,-1.500603199005126953e+01,-1.543364048004150391e+01,-1.379692840576171875e+01,-9.008010864257812500e+00,-8.902609825134277344e+00,-7.174059867858886719e+00,-9.639876365661621094e+00,-1.098755264282226562e+01,-7.355472087860107422e+00,-5.919578075408935547e+00,-9.824605941772460938e+00,-1.749907112121582031e+01,-1.240414810180664062e+01,-5.109186649322509766e+00,-5.702841758728027344e+00,-1.011516380310058594e+01,-5.353406906127929688e+00,-8.388120651245117188e+00,-8.729974746704101562e+00,-7.897768974304199219e+00,-8.913560867309570312e+00,-1.015114784240722656e+01,-1.001849937438964844e+01,-9.573579788208007812e+00,-1.173435401916503906e+01,-1.779759216308593750e+01,-2.253146553039550781e+01,-1.960789489746093750e+01,-1.959399604797363281e+01,-2.459186172485351562e+01,-2.539379501342773438e+01,-2.420930099487304688e+01,-2.357938003540039062e+01,-2.304844093322753906e+01,-1.728432846069335938e+01,-1.833000946044921875e+01,-2.000700569152832031e+01,-2.644941329956054688e+01,-3.300020980834960938e+01,-3.453907012939453125e+01,-3.359296035766601562e+01,-2.991005325317382812e+01,-2.447234344482421875e+01,-2.307825279235839844e+01,-2.462312698364257812e+01,-1.945307540893554688e+01,-1.708409690856933594e+01,-1.148700904846191406e+01,-7.350497722625732422e+00,-1.433187866210937500e+01,-1.595772552490234375e+01,-1.389878845214843750e+01,-1.164879226684570312e+01,-3.108606100082397461e+00,-3.668424606323242188e+00,-1.250427913665771484e+01,-2.358074569702148438e+01,-2.917229270935058594e+01,-2.677948951721191406e+01,-2.410087585449218750e+01,-2.904025650024414062e+01,-2.446223449707031250e+01,-2.079228591918945312e+01,-2.555580711364746094e+01,-2.136196136474609375e+01,-1.820648765563964844e+01,-1.752603149414062500e+01,-1.803657913208007812e+01,-2.084658432006835938e+01,-2.278140640258789062e+01,-1.327296447753906250e+01,-2.185673475265502930e+00,-4.171588718891143799e-01,-5.139347076416015625e+00,-6.835094928741455078e+00,1.207943916320800781e+00,4.509760856628417969e+00,3.786700963973999023e-02,-2.201800346374511719e-01,-2.754915714263916016e+00,-1.483370661735534668e-01,-1.567841339111328125e+01,-2.558515548706054688e+01,-2.618306159973144531e+01,-1.942295455932617188e+01,-2.086180496215820312e+01,-2.464685821533203125e+01,-2.456366348266601562e+01,-2.523942375183105469e+01,-1.890726089477539062e+01,-2.119892883300781250e+01,-2.440273857116699219e+01,-2.238304519653320312e+01,-1.766189956665039062e+01,-8.723484039306640625e+00,-5.654438018798828125e+00,-3.820050001144409180e+00,-6.175016880035400391e+00,-3.602229833602905273e+00,-2.985494136810302734e+00,-8.920735359191894531e+00,-1.183547878265380859e+01,-9.993803024291992188e+00,-5.878577709197998047e+00,-3.686941623687744141e+00,-8.049758672714233398e-01,-3.721615791320800781e+00,-1.381781387329101562e+01,-2.116960334777832031e+01,-2.266202163696289062e+01,-1.781032180786132812e+01,-1.266888999938964844e+01,-1.195522212982177734e+01,-1.559634017944335938e+01,-1.763008499145507812e+01,-1.382699775695800781e+01,-2.862935543060302734e+00,-2.007200956344604492e+00,-2.138901233673095703e+00,-2.980886936187744141e+00,-7.284346580505371094e+00,-1.487656307220458984e+01,-1.568903732299804688e+01,-1.489964103698730469e+01,-1.113809394836425781e+01,-3.962969303131103516e+00,-1.400615930557250977e+00,-6.187052726745605469e+00,-1.335963630676269531e+01,-1.336792755126953125e+01,-9.434764862060546875e+00,-9.868844032287597656e+00,-1.280190181732177734e+01,-1.125786685943603516e+01,-8.484590530395507812e+00,-1.146404838562011719e+01,-1.006538963317871094e+01,-7.606927394866943359e+00,-2.584417343139648438e+00,-5.144380092620849609e+00,-5.508951663970947266e+00,-7.791192054748535156e+00,-5.389906883239746094e+00,-3.028593063354492188e+00,-1.242534065246582031e+01,-1.247434997558593750e+01,-7.026538372039794922e+00,-7.004730224609375000e+00,-6.308160781860351562e+00,-3.640884876251220703e+00,-5.399932861328125000e+00,-6.111164093017578125e+00,-5.100650787353515625e+00,-6.341626167297363281e+00,-7.872161865234375000e+00,-1.172561264038085938e+01,-1.314738082885742188e+01,-1.420095157623291016e+01,-9.979477882385253906e+00,-1.509828853607177734e+01,-1.629714965820312500e+01,-1.435591697692871094e+01,-2.520195007324218750e+00,3.463412761688232422e+00,2.349465489387512207e-01,-1.271293997764587402e+00,-6.420030593872070312e+00,-9.537054061889648438e+00,-1.145698738098144531e+01,-1.930066299438476562e+01,-2.267507553100585938e+01,-1.782553482055664062e+01,-1.297527885437011719e+01,-1.771881866455078125e+01,-2.298348617553710938e+01,-2.143025398254394531e+01,-1.919021034240722656e+01,-1.325202178955078125e+01,-1.458517456054687500e+01,-1.499772262573242188e+01,-9.756789207458496094e+00,-1.230648803710937500e+01,-1.631909561157226562e+01,-1.139449596405029297e+01,-1.357924842834472656e+01,-1.357597923278808594e+01,-1.450601768493652344e+01,-1.465179634094238281e+01,-1.367188262939453125e+01,-1.366947746276855469e+01,-5.681831359863281250e+00,-3.636769771575927734e+00,-6.956940174102783203e+00,-3.434963226318359375e+00,-4.896595001220703125e+00,-1.000529479980468750e+01,-1.186704444885253906e+01,-8.639280319213867188e+00,-8.597425460815429688e+00,-3.832807302474975586e+00,-2.789393663406372070e+00,-5.402977943420410156e+00,-1.180655717849731445e+00,-2.404125213623046875e+00,-3.866026878356933594e+00,-9.688363671302795410e-01,-3.602543115615844727e+00,-4.997521340847015381e-01,1.965402841567993164e+00,2.105772018432617188e+00,-6.877896308898925781e+00,-8.395556449890136719e+00,-5.471103668212890625e+00,-2.967354297637939453e+00,-4.468295097351074219e+00,-7.026618957519531250e+00,-9.686021804809570312e+00,-5.680495738983154297e+00,-9.942945480346679688e+00,-9.676187515258789062e+00,-4.631944179534912109e+00,-5.206933021545410156e+00,-6.811525344848632812e+00,-1.089416122436523438e+01,-1.346109008789062500e+01,-2.094874954223632812e+01,-2.118556594848632812e+01,-2.122366333007812500e+01,-1.875423431396484375e+01,-1.743311309814453125e+01,-8.768905639648437500e+00,-1.387432670593261719e+01,-2.850069808959960938e+01,-3.797376632690429688e+01,-4.328465270996093750e+01,-3.440600967407226562e+01,-2.975005722045898438e+01,-2.547802734375000000e+01,-2.584242630004882812e+01,-2.429526901245117188e+01,-2.672955703735351562e+01,-2.614866256713867188e+01,-2.743823623657226562e+01,-2.685420417785644531e+01,-2.586573791503906250e+01,-2.040060234069824219e+01,-1.735518264770507812e+01,-1.005727577209472656e+01,-1.202419757843017578e+01,-1.750392913818359375e+01,-2.012426948547363281e+01,-2.230719375610351562e+01,-2.381827545166015625e+01,-2.502648735046386719e+01,-2.641305160522460938e+01,-2.530182456970214844e+01,-2.335780143737792969e+01,-2.769535446166992188e+01,-2.810478973388671875e+01,-2.740157699584960938e+01,-3.212046432495117188e+01,-2.365732192993164062e+01,-8.882682800292968750e+00,-3.301992118358612061e-01,-3.930829286575317383e+00,-8.121103286743164062e+00,-8.175800323486328125e+00,-1.648114013671875000e+01,-1.382918548583984375e+01,-1.073546791076660156e+01,-5.562097549438476562e+00,-1.274151992797851562e+01,-1.947942733764648438e+01,-1.475457000732421875e+01,-1.124246597290039062e+01,-9.523168563842773438e+00,-1.019351577758789062e+01,-1.778897285461425781e+01,-2.227430343627929688e+01,-1.990063858032226562e+01,-1.718955993652343750e+01,-2.099745178222656250e+01,-2.076061248779296875e+01,-2.703704071044921875e+01,-3.535944366455078125e+01,-3.924311828613281250e+01,-3.577811431884765625e+01,-3.587695312500000000e+01,-3.101515960693359375e+01,-2.305922126770019531e+01,-1.916344833374023438e+01,-1.586077594757080078e+01,-1.198573112487792969e+01,-2.289309692382812500e+01,-3.630542373657226562e+01,-3.973991394042968750e+01,-3.716423797607421875e+01,-2.868715667724609375e+01,-2.602614974975585938e+01,-3.033233261108398438e+01,-2.936993408203125000e+01,-2.666865539550781250e+01,-2.643831634521484375e+01,-2.311864662170410156e+01,-2.546434020996093750e+01,-2.109770584106445312e+01,-1.555399894714355469e+01,-1.494101905822753906e+01,-1.355714988708496094e+01,-7.400556564331054688e+00,-1.154595136642456055e+00,-2.093422889709472656e+00,-5.488877296447753906e+00,-5.733138084411621094e+00,-8.484649658203125000e+00,-6.594782829284667969e+00,-4.964542388916015625e+00,-7.090044975280761719e+00,-5.126126289367675781e+00,-1.304483175277709961e+00,3.283508777618408203e+00,-1.792784214019775391e+00,-5.994445800781250000e+00,-3.370277404785156250e+00,-2.867321968078613281e-01,1.605727910995483398e+00,-2.074266672134399414e+00,-2.701408386230468750e+00,-1.455110013484954834e-01,3.616618156433105469e+00,1.178330063819885254e+00,1.354393005371093750e+00,-4.185577392578125000e+00,-4.078198432922363281e+00,-8.566836357116699219e+00,-1.737697219848632812e+01,-2.089306259155273438e+01,-2.160558891296386719e+01,-2.091028594970703125e+01,-2.304734611511230469e+01,-2.964805984497070312e+01,-3.986126708984375000e+01,-4.038274765014648438e+01,-2.681619262695312500e+01,-2.073510360717773438e+01,-1.716782569885253906e+01,-1.583900642395019531e+01,-1.870321846008300781e+01,-2.551790809631347656e+01,-2.709942817687988281e+01,-2.504172134399414062e+01,-2.638605499267578125e+01,-2.864735794067382812e+01,-2.874143218994140625e+01,-2.791520309448242188e+01,-2.435178375244140625e+01,-2.422903442382812500e+01,-2.776952362060546875e+01,-3.491979980468750000e+01,-3.209278106689453125e+01,-2.740234375000000000e+01,-2.499975585937500000e+01,-2.609718322753906250e+01,-2.057878112792968750e+01,-2.338251876831054688e+01,-2.368233489990234375e+01,-1.876091384887695312e+01,-1.510077095031738281e+01,-1.244414997100830078e+01,-1.055642700195312500e+01,-1.108485412597656250e+01,-1.149604988098144531e+01,-9.355607986450195312e+00,-6.245918750762939453e+00,-7.386975288391113281e+00,-6.660650253295898438e+00,-1.604998016357421875e+01,-2.373310089111328125e+01,-2.457402801513671875e+01,-1.989773559570312500e+01,-1.660833740234375000e+01,-1.209132575988769531e+01,-1.506011104583740234e+01,-1.435871791839599609e+01,-1.398539829254150391e+01,-1.595582008361816406e+01,-1.061906719207763672e+01,-7.004137039184570312e+00,-8.226496696472167969e+00,-1.315144157409667969e+01,-1.365334987640380859e+01,-1.278031158447265625e+01,-1.168850421905517578e+01,-9.333931922912597656e+00,-4.430296897888183594e+00,-3.633143901824951172e+00,-6.543538093566894531e+00,-6.154585838317871094e+00,-8.670235633850097656e+00,-1.014077758789062500e+01,-5.645016670227050781e+00,-6.787410736083984375e+00,-1.049590110778808594e+01,-1.547072410583496094e+01,-2.011333847045898438e+01,-2.300296974182128906e+01,-2.231963920593261719e+01,-2.301169776916503906e+01,-2.119534111022949219e+01,-2.099047470092773438e+01,-2.012641143798828125e+01,-1.624176025390625000e+01,-2.224897003173828125e+01,-2.923930549621582031e+01,-2.458059310913085938e+01,-1.549380683898925781e+01,-1.173926448822021484e+01,-1.192678451538085938e+01,-1.583215141296386719e+01,-1.985863494873046875e+01,-1.701538848876953125e+01,-1.383593177795410156e+01,-1.410372638702392578e+01,-1.834470367431640625e+01,-1.723214340209960938e+01,-1.342451095581054688e+01,-1.464676380157470703e+01,-1.810226058959960938e+01,-1.800674057006835938e+01,-1.960153198242187500e+01,-2.178386306762695312e+01,-1.990349388122558594e+01,-1.693614959716796875e+01,-2.011778640747070312e+01,-1.651449584960937500e+01,-1.430653190612792969e+01,-2.073767662048339844e+01,-2.249255180358886719e+01,-1.988770294189453125e+01,-2.020910644531250000e+01,-2.458232498168945312e+01,-2.239608001708984375e+01,-1.651406478881835938e+01,-1.416399574279785156e+01,-1.121901130676269531e+01,-1.309653472900390625e+01,-1.767961883544921875e+01,-8.839849472045898438e+00,-7.734934806823730469e+00,-9.085636138916015625e+00,-8.121108055114746094e+00,-1.005629444122314453e+01,-1.048826980590820312e+01,-1.578379249572753906e+01,-1.586819648742675781e+01,-1.214321041107177734e+01,-6.601447582244873047e+00,-5.714850902557373047e+00,-7.363325119018554688e+00,-8.943333625793457031e+00,-1.090657138824462891e+01,-1.312570762634277344e+01,-7.422055721282958984e+00,-8.198529243469238281e+00,-5.910524845123291016e+00,-7.400643348693847656e+00,-7.247039794921875000e+00,-2.951364517211914062e+00,-5.634830474853515625e+00,-4.362022876739501953e+00,-3.962814807891845703e-01,2.521659135818481445e-01,-3.983195781707763672e+00,-7.548456192016601562e+00,-5.357186317443847656e+00,-2.166796684265136719e+01,-3.074641036987304688e+01,-2.669933128356933594e+01,-2.188143539428710938e+01,-2.096516036987304688e+01,-1.848352813720703125e+01,-1.566968250274658203e+01,-1.384077453613281250e+01,-1.140287971496582031e+01,-1.518703079223632812e+01,-1.805427742004394531e+01,-1.248257064819335938e+01,-1.468826866149902344e+01,-1.461616706848144531e+01,-2.234431076049804688e+01,-2.079866409301757812e+01,-2.078377914428710938e+01,-2.220562553405761719e+01,-2.406536865234375000e+01,-2.385680580139160156e+01,-2.416715621948242188e+01,-2.912682342529296875e+01,-3.333012008666992188e+01,-3.690200805664062500e+01,-3.233022689819335938e+01,-2.654557418823242188e+01,-2.399644088745117188e+01,-1.493300914764404297e+01,-5.959753036499023438e+00,-4.733484268188476562e+00,-9.777263641357421875e+00,-1.130570697784423828e+01,-1.124083328247070312e+01,-4.494542121887207031e+00,-1.308948993682861328e+00,-5.737016677856445312e+00,-8.907055854797363281e+00,-1.121659660339355469e+01,-1.169735908508300781e+01,-1.639913749694824219e+01,-1.747761344909667969e+01,-2.145310211181640625e+01,-2.206312561035156250e+01,-2.791837310791015625e+01,-2.045678520202636719e+01,-1.918087768554687500e+01,-2.735528182983398438e+01,-2.184061241149902344e+01,-1.610165405273437500e+01,-1.305971908569335938e+01,-1.492608261108398438e+01,-1.975885009765625000e+01,-1.378762435913085938e+01,-1.167096805572509766e+01,-1.041068649291992188e+01,-6.960749626159667969e+00,-1.226112174987792969e+01,-2.399343109130859375e+01,-2.527293777465820312e+01,-2.466142082214355469e+01,-2.131639099121093750e+01,-1.996368789672851562e+01,-2.210111618041992188e+01,-2.781915283203125000e+01,-2.863125610351562500e+01,-2.365655899047851562e+01,-1.676848983764648438e+01,-7.546575546264648438e+00,-9.302677154541015625e+00,-1.111575222015380859e+01,-1.410908985137939453e+01,-2.021933174133300781e+01,-2.574257278442382812e+01,-2.292347717285156250e+01,-1.813302612304687500e+01,-1.064806461334228516e+01,-1.038685035705566406e+01,-1.388503170013427734e+01,-1.394029617309570312e+01,-9.694684982299804688e+00,-9.228641510009765625e+00,-8.031945228576660156e+00,-7.011450767517089844e+00,-9.025405883789062500e+00,-1.204110050201416016e+01,-9.597421646118164062e+00,-9.980852127075195312e+00,-1.131238746643066406e+01,-9.143684387207031250e+00,-1.258281421661376953e+01,-1.406685733795166016e+01,-9.055047988891601562e+00,-1.492901039123535156e+01,-1.546150588989257812e+01,-1.194607353210449219e+01,-1.469896316528320312e+01,-1.957224655151367188e+01,-1.506374931335449219e+01,-1.175238704681396484e+01,-1.760084533691406250e+01,-2.219955825805664062e+01,-1.135711669921875000e+01,-8.046880722045898438e+00,-1.266234493255615234e+01,-1.696552658081054688e+01,-1.731063842773437500e+01,-1.734647750854492188e+01,-2.110762214660644531e+01,-2.613984680175781250e+01,-2.495568466186523438e+01,-2.066660690307617188e+01,-2.155572128295898438e+01,-2.751649093627929688e+01,-3.090785026550292969e+01,-3.395297241210937500e+01,-3.024333572387695312e+01,-1.805916976928710938e+01,-1.091314315795898438e+01,-1.427908897399902344e+01,-1.478045558929443359e+01,-1.721225357055664062e+01,-2.156434440612792969e+01,-1.907859992980957031e+01,-2.286917877197265625e+01,-3.330384063720703125e+01,-3.744652175903320312e+01,-3.931533813476562500e+01,-3.829805755615234375e+01,-3.583859252929687500e+01,-3.058565139770507812e+01,-2.078773498535156250e+01,-1.151979637145996094e+01,-9.897956848144531250e+00,-9.099525451660156250e+00,-3.860967636108398438e+00,-1.203262805938720703e+00,-1.981220126152038574e+00,-6.836059570312500000e+00,-7.135236740112304688e+00,-5.996976852416992188e+00,-7.908212661743164062e+00,-3.266955852508544922e+00,-4.438379764556884766e+00,-8.800676345825195312e+00,-7.660690307617187500e+00,-5.623159408569335938e+00,-3.476295471191406250e+00,-4.911259174346923828e+00,-5.255846500396728516e+00,-2.888257980346679688e+00,-9.434283256530761719e+00,-9.498601913452148438e+00,-3.182166516780853271e-01,-5.376567840576171875e+00,-9.135312080383300781e+00,-1.329404067993164062e+01,-1.942079925537109375e+01,-2.060166168212890625e+01,-2.309797286987304688e+01,-2.230739974975585938e+01,-2.140345382690429688e+01,-2.697371292114257812e+01,-2.676777648925781250e+01,-2.007617950439453125e+01,-1.882144546508789062e+01,-2.346837234497070312e+01,-3.073847007751464844e+01,-3.517176437377929688e+01,-4.091787719726562500e+01,-3.811659240722656250e+01,-3.216432571411132812e+01,-2.490571594238281250e+01,-2.782980728149414062e+01,-3.048132324218750000e+01,-2.928421783447265625e+01,-2.630137252807617188e+01,-2.093063735961914062e+01,-2.151218795776367188e+01,-2.493123245239257812e+01,-1.885171508789062500e+01,-1.909608078002929688e+01,-1.123668861389160156e+01,-6.125760078430175781e+00,2.656375467777252197e-01,-1.467875123023986816e+00,-1.903415441513061523e+00,6.065141201019287109e+00,6.769042015075683594e+00,-3.801947593688964844e+00,-1.293299961090087891e+01,-1.853117370605468750e+01,-1.738067245483398438e+01,-1.162951374053955078e+01,-1.085576057434082031e+01,-1.073722934722900391e+01,-1.086543846130371094e+01,-1.342611598968505859e+01,-1.976291465759277344e+01,-2.704351425170898438e+01,-2.235212707519531250e+01,-2.484246444702148438e+01,-1.560136604309082031e+01,-1.334990310668945312e+01,-1.431405448913574219e+01,-1.530128860473632812e+01,-1.463775825500488281e+01,-1.801442337036132812e+01,-1.345699405670166016e+01,-1.558405399322509766e+01,-2.129823303222656250e+01,-2.081543159484863281e+01,-1.906703567504882812e+01,-2.313954925537109375e+01,-2.311244964599609375e+01,-2.142444801330566406e+01,-2.180416870117187500e+01,-2.323425865173339844e+01,-1.706395530700683594e+01,-1.808803176879882812e+01,-1.739673805236816406e+01,-1.693242073059082031e+01,-2.303847503662109375e+01,-2.311469841003417969e+01,-1.951362609863281250e+01,-1.714577293395996094e+01,-2.347676086425781250e+01,-2.528597068786621094e+01,-2.048665618896484375e+01,-2.069852066040039062e+01,-2.029383087158203125e+01,-1.966705894470214844e+01,-1.848021697998046875e+01,-1.769366264343261719e+01,-1.811242294311523438e+01,-2.073211669921875000e+01,-1.818039321899414062e+01,-1.929847717285156250e+01,-6.198201179504394531e+00,-5.556870698928833008e-01,2.822724819183349609e+00,5.867557525634765625e+00,6.791170120239257812e+00,5.307131767272949219e+00,-3.213999748229980469e+00,-8.153438568115234375e+00,-2.910795688629150391e+00,5.221213102340698242e-01,1.888225078582763672e+00,-2.896002292633056641e+00,-1.083628463745117188e+01,-8.216548919677734375e+00,-9.234098434448242188e+00,-9.290954589843750000e+00,-1.589755821228027344e+01,-2.428219223022460938e+01,-3.341232299804687500e+01,-2.862565612792968750e+01,-2.183243560791015625e+01,-2.565509796142578125e+01,-2.800991821289062500e+01,-2.547174072265625000e+01,-2.590703582763671875e+01,-2.546308135986328125e+01,-1.924363899230957031e+01,-2.198513603210449219e+01,-1.611208343505859375e+01,-1.195762443542480469e+01,-1.503721809387207031e+01,-1.997896575927734375e+01,-1.484145450592041016e+01,-8.053353309631347656e+00,-1.290811157226562500e+01,-1.701537322998046875e+01,-1.400295925140380859e+01,-1.837657546997070312e+01,-1.717480850219726562e+01,-1.442324256896972656e+01,-1.341542911529541016e+01,-1.374146175384521484e+01,-1.865148162841796875e+01,-2.227994346618652344e+01,-2.145718002319335938e+01,-1.954452514648437500e+01,-2.481003570556640625e+01,-3.276759338378906250e+01,-2.808967781066894531e+01,-2.644685363769531250e+01,-2.111144638061523438e+01,-1.950714492797851562e+01,-2.112581443786621094e+01,-1.666162681579589844e+01,-1.453151702880859375e+01,-1.533845520019531250e+01,-1.444269180297851562e+01,-7.448937416076660156e+00,-4.651999473571777344e+00,-8.343648910522460938e+00,-2.324937343597412109e+00,-2.694566249847412109e+00,-4.726283073425292969e+00,-6.081995010375976562e+00,-1.346494078636169434e+00,-2.512599706649780273e+00,-1.011224842071533203e+01,-9.127449035644531250e+00,-9.072598457336425781e+00,-7.291342735290527344e+00,-8.077218055725097656e+00,-4.349327564239501953e+00,-6.223574638366699219e+00,-2.752181053161621094e+00,-4.406340599060058594e+00,-1.116013145446777344e+01,-6.256742477416992188e+00,-5.007416725158691406e+00,-9.786424636840820312e+00,-8.819145202636718750e+00,-1.073684883117675781e+01,-1.186071777343750000e+01,-4.974762916564941406e+00,-4.695064544677734375e+00,-5.002085685729980469e+00,-4.106826782226562500e+00,-6.946612834930419922e+00,-7.482060432434082031e+00,-7.870184421539306641e+00,-4.819280624389648438e+00,-8.237998008728027344e+00,-1.050535774230957031e+01,-8.430491447448730469e+00,-1.214098739624023438e+01,-1.878391456604003906e+01,-2.390400695800781250e+01,-2.383165359497070312e+01,-2.147376251220703125e+01,-9.236846923828125000e+00,-5.086503982543945312e+00,-1.221526145935058594e+01,-1.800530242919921875e+01,-1.163362407684326172e+01,-7.047401428222656250e+00,-7.498592376708984375e+00,-1.009197711944580078e+01,-1.774857521057128906e+01,-1.484778881072998047e+01,-2.264842605590820312e+01,-3.190558242797851562e+01,-2.981931114196777344e+01,-2.837136077880859375e+01,-3.099389648437500000e+01,-2.885364532470703125e+01,-2.121875190734863281e+01,-2.283522224426269531e+01,-1.775722503662109375e+01,-1.566216850280761719e+01,-2.210632896423339844e+01,-2.348836898803710938e+01,-2.123807525634765625e+01,-2.384254074096679688e+01,-2.569936752319335938e+01,-2.606140136718750000e+01,-2.386984634399414062e+01,-2.443694496154785156e+01,-1.828912734985351562e+01,-2.301474952697753906e+01,-2.559159088134765625e+01,-1.963288116455078125e+01,-1.729030799865722656e+01,-1.281948471069335938e+01,-1.105876922607421875e+01,-1.315998840332031250e+01,-1.034972381591796875e+01,-3.875093698501586914e+00,-4.987490177154541016e+00,-8.866042137145996094e+00,-7.901753425598144531e+00,-7.988695144653320312e+00,-1.583156394958496094e+01,-1.564208030700683594e+01,-1.243933010101318359e+01,-2.280202102661132812e+01,-2.122072982788085938e+01,-1.149107551574707031e+01,-7.815696239471435547e+00,-1.014922904968261719e+01,-1.656005859375000000e+01,-2.425972747802734375e+01,-2.584709548950195312e+01,-2.708840942382812500e+01,-1.860145187377929688e+01,-8.094148635864257812e+00,-1.075150108337402344e+01,-1.864691352844238281e+01,-1.919478988647460938e+01,-2.586809158325195312e+01,-3.119750595092773438e+01,-1.753322601318359375e+01,-1.265521621704101562e+01,-1.564983177185058594e+01,-1.831874084472656250e+01,-1.871257019042968750e+01,-1.665164947509765625e+01,-1.289311408996582031e+01,-1.372747516632080078e+01,-1.744747924804687500e+01,-1.533225631713867188e+01,-1.235494613647460938e+01,-1.213537693023681641e+01,-1.006341171264648438e+01,-5.275640487670898438e+00,-2.594009876251220703e+00,-1.618421554565429688e+01,-2.567566299438476562e+01,-3.381538009643554688e+01,-2.574224853515625000e+01,-1.119750499725341797e+01,-7.546236515045166016e+00,-1.998633146286010742e-01,7.593756675720214844e+00,5.762917518615722656e+00,1.137431740760803223e+00,2.289774656295776367e+00,6.714884757995605469e+00,5.672029018402099609e+00,-5.626426219940185547e+00,-1.030582427978515625e+01,-1.457158470153808594e+01,-1.270482063293457031e+01,-9.756352424621582031e+00,-1.590787220001220703e+01,-2.275703430175781250e+01,-1.967632102966308594e+01,-1.293002319335937500e+01,-9.619826316833496094e+00,-1.163946628570556641e+01,-6.568646430969238281e+00,-6.659446716308593750e+00,-7.760979652404785156e+00,-9.424411773681640625e+00,-7.405025959014892578e+00,-5.127917528152465820e-01,-2.089434146881103516e+00,-1.240246963500976562e+01,-8.288875579833984375e+00,-3.928428173065185547e+00,-7.875654697418212891e-01,3.943732976913452148e-01,-4.257891178131103516e+00,-2.684594631195068359e+00,-6.860781669616699219e+00,-9.440411567687988281e+00,-1.016067695617675781e+01,-1.399424552917480469e+01,-1.242737007141113281e+01,-1.494154548645019531e+01,-9.859286308288574219e+00,-3.432148933410644531e+00,-6.716077804565429688e+00,-8.251752853393554688e+00,-1.196513557434082031e+01,-1.206782341003417969e+01,-9.580684661865234375e+00,-1.175841140747070312e+01,-6.599894523620605469e+00,-7.425376415252685547e+00,-6.708027839660644531e+00,-2.643621444702148438e+00,-2.942553758621215820e+00,-1.030236625671386719e+01,-1.938754272460937500e+01,-2.305766677856445312e+01,-1.824564743041992188e+01,-1.824609756469726562e+01,-2.162108230590820312e+01,-2.646499061584472656e+01,-1.570916175842285156e+01,-8.880275726318359375e+00,-9.439173698425292969e+00,-1.224017715454101562e+01,-1.049065589904785156e+01,-1.234233856201171875e+01,-1.808708572387695312e+01,-1.692768859863281250e+01,-1.844150543212890625e+01,-1.604747390747070312e+01,-1.607929611206054688e+01,-1.520445060729980469e+01,-1.466628837585449219e+01,-1.495317459106445312e+01,-2.537971878051757812e+01,-2.972959899902343750e+01,-1.295657539367675781e+01,-1.623164892196655273e+00,2.528633832931518555e+00,1.741857528686523438e+00,-4.094212532043457031e+00,-3.156768798828125000e+00,-2.288481235504150391e+00,3.297309160232543945e+00,5.269439220428466797e+00,-2.212729454040527344e+00,-1.057876586914062500e+00,7.198421955108642578e-01,-1.789976119995117188e+00,-4.047848224639892578e+00,-5.067012310028076172e+00,-9.175456047058105469e+00,-1.497240829467773438e+01,-1.882855987548828125e+01,-1.671114730834960938e+01,-1.058521652221679688e+01,-8.490302085876464844e+00,-1.641316986083984375e+01,-2.013286972045898438e+01,-2.145217895507812500e+01,-2.056705665588378906e+01,-1.609645843505859375e+01,-1.259585952758789062e+01,-1.223692703247070312e+01,-1.391766262054443359e+01,-1.287732315063476562e+01,-1.137347793579101562e+01,-1.202195930480957031e+01,-8.300061225891113281e+00,-7.431852340698242188e+00,-1.186343097686767578e+01,-1.831569862365722656e+01,-1.604589080810546875e+01,-7.407206535339355469e+00,-1.025366401672363281e+01,-1.683440017700195312e+01,-1.613363456726074219e+01,-1.899898147583007812e+01,-1.734269523620605469e+01,-1.144782447814941406e+01,-8.598818778991699219e+00,-1.092607116699218750e+01,-4.937086582183837891e+00,1.407948851585388184e+00,-1.691844820976257324e+00,-9.524181365966796875e+00,-9.475452423095703125e+00,-8.996109008789062500e+00,-1.040723419189453125e+01,-1.243047142028808594e+01,-9.304687500000000000e+00,-1.309041976928710938e+01,-1.054178047180175781e+01,-9.934993743896484375e+00,-1.353599548339843750e+01,-1.650010299682617188e+01,-1.654067230224609375e+01,-1.558996295928955078e+01,-1.509833240509033203e+01,-1.364574623107910156e+01,-1.313541412353515625e+01,-1.648638916015625000e+01,-1.184916877746582031e+01,-8.648120880126953125e+00,-6.682894706726074219e+00,-9.230685234069824219e+00,-1.091813755035400391e+01,-1.145533943176269531e+01,-9.104803085327148438e+00,-1.078456020355224609e+01,-6.794916152954101562e+00,-1.337880897521972656e+01,-1.167033004760742188e+01,-3.358465433120727539e+00,-4.526914119720458984e+00,-4.584485054016113281e+00,-9.030616760253906250e+00,-1.725394630432128906e+01,-2.015592956542968750e+01,-1.261650276184082031e+01,-6.898626327514648438e+00,-1.039693641662597656e+01,-1.711592483520507812e+01,-2.046343421936035156e+01,-2.672011947631835938e+01,-2.462016296386718750e+01,-2.077105331420898438e+01,-3.044521713256835938e+01,-3.602476501464843750e+01,-3.388766479492187500e+01,-2.717168235778808594e+01,-2.192932128906250000e+01,-2.187544631958007812e+01,-2.522768402099609375e+01,-2.563004493713378906e+01,-1.793406677246093750e+01,-1.882253074645996094e+01,-2.108984375000000000e+01,-2.183940315246582031e+01,-1.353528213500976562e+01,-8.819618225097656250e+00,-1.195572090148925781e+01,-1.003315067291259766e+01,-9.823669433593750000e+00,-1.247115516662597656e+01,-1.948763656616210938e+01,-2.290082550048828125e+01,-2.266392517089843750e+01,-2.520620346069335938e+01,-2.852637481689453125e+01,-2.694135856628417969e+01,-2.188553428649902344e+01,-1.687367248535156250e+01,-1.275573158264160156e+01,-1.044322395324707031e+01,-1.151365566253662109e+01,-9.367683410644531250e+00,-1.903772354125976562e-03,7.895163536071777344e+00,2.904893159866333008e+00,-3.032569169998168945e+00,-7.240363121032714844e+00,-8.583179473876953125e+00,-1.231584548950195312e+01,-1.179172134399414062e+01,-8.560976028442382812e+00,-1.026361274719238281e+01,-1.040350055694580078e+01,-1.141915321350097656e+01,-8.609607696533203125e+00,-7.361476898193359375e+00,-4.384520053863525391e+00,-2.265429496765136719e+00,-1.769521713256835938e+00,1.110214471817016602e+00,-4.643313288688659668e-01,-7.823649406433105469e+00,-6.729402065277099609e+00,-3.380407810211181641e+00,-7.309320449829101562e+00,-6.053269386291503906e+00,-4.515128135681152344e+00,-3.881593942642211914e+00,-4.609182834625244141e+00,-5.050015449523925781e+00,-4.457334041595458984e+00,-6.746419906616210938e+00,-6.216728687286376953e+00,-5.335594177246093750e+00,-4.215268135070800781e+00,-7.044773578643798828e+00,-5.898493766784667969e+00,-5.628957271575927734e+00,-8.523701667785644531e+00,-1.014442825317382812e+01,-8.254053115844726562e+00,-1.070799446105957031e+01,-5.993141174316406250e+00,-5.488520622253417969e+00,-4.923974037170410156e+00,-8.041961669921875000e+00,-1.139495849609375000e+01,-1.422365665435791016e+01,-1.572108650207519531e+01,-1.606469345092773438e+01,-1.700473213195800781e+01,-1.678114700317382812e+01,-1.612527847290039062e+01,-2.175840759277343750e+01,-3.169312286376953125e+01,-3.641890716552734375e+01,-3.242486953735351562e+01,-3.048373222351074219e+01,-2.604343986511230469e+01,-2.151133155822753906e+01,-1.664208221435546875e+01,-7.273604393005371094e+00,-1.091407012939453125e+01,-1.440634155273437500e+01,-1.280208206176757812e+01,-1.969732666015625000e+01,-2.474840164184570312e+01,-2.559714508056640625e+01,-2.527083587646484375e+01,-2.155539321899414062e+01,-2.009199523925781250e+01,-2.330525398254394531e+01,-2.383080673217773438e+01,-2.373953247070312500e+01,-2.621731185913085938e+01,-1.696028900146484375e+01,-1.255303764343261719e+01,-1.624316978454589844e+01,-2.170600891113281250e+01,-2.592021560668945312e+01,-2.715318679809570312e+01,-2.227244567871093750e+01,-1.647787857055664062e+01,-1.488576889038085938e+01,-1.739541625976562500e+01,-1.426728820800781250e+01,-1.112456417083740234e+01,-8.448097229003906250e+00,-7.543241500854492188e+00,-4.717011451721191406e+00,-5.310286879539489746e-01,1.357343316078186035e+00,8.800637125968933105e-01,-2.551521539688110352e+00,-2.743797540664672852e+00,-3.918722867965698242e+00,-5.865994453430175781e+00,-5.332879066467285156e+00,-4.894606113433837891e+00,4.088615775108337402e-01,-3.018846273422241211e+00,-2.977143764495849609e+00,-2.595764160156250000e+00,-4.798161506652832031e+00,-3.843425750732421875e+00,-3.112551212310791016e+00,-1.594146728515625000e+00,-4.435443878173828125e+00,-5.200877189636230469e+00,-3.737058639526367188e+00,-2.751078128814697266e+00,-2.694057464599609375e+00,2.644679546356201172e+00,-4.922746658325195312e+00,-5.256929397583007812e+00,6.046063899993896484e-01,3.116853952407836914e+00,8.304919004440307617e-01,-8.851449489593505859e-01,1.476185083389282227e+00,-5.475805997848510742e-01,2.631077170372009277e-01,2.598861694335937500e+00,4.547828137874603271e-01,-6.536995768547058105e-01,-1.785164713859558105e+00,2.632359981536865234e+00,5.172539710998535156e+00,-6.380885839462280273e-01,-3.357982158660888672e+00,-4.356421470642089844e+00,-1.315022230148315430e+00,-1.657338380813598633e+00,-2.416308164596557617e+00,-4.891377449035644531e+00,-4.055968761444091797e+00,-3.548665285110473633e+00,-2.950545310974121094e+00,2.886885166168212891e+00,5.614473819732666016e+00,-1.476139307022094727e+00,-4.980524063110351562e+00,-4.355496168136596680e-01,-4.827747344970703125e+00,-7.845133781433105469e+00,-8.873525619506835938e+00,-4.329135894775390625e+00,-1.615039587020874023e+00,-2.634278297424316406e+00,-3.140997409820556641e+00,-4.781452178955078125e+00,-1.789429664611816406e+00,-8.134984970092773438e-01,-2.787900447845458984e+00,-7.251119136810302734e+00,-3.449600219726562500e+00,-1.498246192932128906e+00,-8.479175567626953125e+00,-1.076725959777832031e+01,-1.282676887512207031e+01,-1.459359931945800781e+01,-7.465456962585449219e+00,-4.834104537963867188e+00,-1.639973402023315430e+00,-4.763916492462158203e+00,-4.146747589111328125e+00,-4.882325172424316406e+00,-1.160288906097412109e+01,-1.287826538085937500e+01,-1.297686290740966797e+01,-1.166620445251464844e+01,-1.518754196166992188e+01,-1.468489742279052734e+01,-1.372497558593750000e+01,-1.382676410675048828e+01,-9.663702011108398438e+00,-1.056950855255126953e+01,-1.097948837280273438e+01,-1.222448730468750000e+01,-1.519684410095214844e+01,-9.680360794067382812e+00,-6.618199825286865234e+00,-4.948391914367675781e+00,-3.873993873596191406e+00,-9.503766059875488281e+00,-1.094477272033691406e+01,-8.916326522827148438e+00,-1.432679772377014160e+00,-2.140382051467895508e+00,-7.447107315063476562e+00,-6.580309867858886719e+00,-3.500413417816162109e+00,-3.080784797668457031e+00,-2.719148397445678711e+00,-5.389166831970214844e+00,-6.576431274414062500e+00,-7.047965526580810547e+00,-7.504370689392089844e+00,-8.185646057128906250e+00,-5.935359477996826172e+00,-6.960312366485595703e+00,-4.476589202880859375e+00,-1.675003290176391602e+00,-7.038856983184814453e+00,-8.657649993896484375e+00,-6.868103981018066406e+00,-1.373479557037353516e+01,-1.822478294372558594e+01,-2.064825820922851562e+01,-1.725875091552734375e+01,-1.474672412872314453e+01,-1.680102539062500000e+01,-2.015019989013671875e+01,-2.222687149047851562e+01,-1.489493656158447266e+01,-9.753736495971679688e+00,-6.701695442199707031e+00,-5.796284675598144531e+00,-8.930593490600585938e+00,-1.255201911926269531e+01,-1.009679603576660156e+01,-7.896566867828369141e+00,-8.550370216369628906e+00,-1.158749961853027344e+01,-7.378132343292236328e+00,3.936763405799865723e-01,-4.050514698028564453e+00,-6.160150051116943359e+00,-9.984515190124511719e+00,-5.762158393859863281e+00,-9.850358963012695312e+00,-7.049726486206054688e+00,-2.293851137161254883e+00,-4.536757469177246094e+00,-9.867018699645996094e+00,-7.174746513366699219e+00,-4.852164387702941895e-01,-2.939388036727905273e+00,-8.632354736328125000e+00,-6.553647518157958984e+00,-4.614581108093261719e+00,-8.601556777954101562e+00,-9.064793586730957031e+00,-1.213659763336181641e+01,-1.106620216369628906e+01,-3.676932334899902344e+00,1.809585839509963989e-02,2.302020549774169922e+00,2.008901536464691162e-01,-4.556724548339843750e+00,-9.011237144470214844e+00,-7.618873596191406250e+00,-4.564442634582519531e+00,-4.879940032958984375e+00,-3.059840202331542969e+00,-9.084038734436035156e+00,-7.818581581115722656e+00,-5.396682262420654297e+00,-2.096402883529663086e+00,-1.406616806983947754e+00,-2.943111658096313477e+00,-3.879400253295898438e+00,-6.536416053771972656e+00,-7.473473072052001953e+00,-8.775059700012207031e+00,-8.763017654418945312e+00,-8.249395370483398438e+00,-7.834196567535400391e+00,-6.348550796508789062e+00,-1.303392410278320312e+00,-5.490285396575927734e+00,-7.268959522247314453e+00,-5.349730491638183594e+00,-5.894720077514648438e+00,-3.913431406021118164e+00,-3.961827278137207031e+00,-7.072951793670654297e+00,-6.690524101257324219e+00,-2.187563896179199219e+00,-2.876361370086669922e+00,-4.274600028991699219e+00,-2.963341236114501953e+00,-7.006221771240234375e+00,-1.039926147460937500e+01,-6.895435333251953125e+00,-1.164322757720947266e+01,-5.633074283599853516e+00,-1.797672986984252930e+00,1.191227793693542480e+00,3.036570310592651367e+00,-4.998991012573242188e+00,-4.867408752441406250e+00,-8.091287612915039062e+00,-8.913454055786132812e+00,-2.966422080993652344e+00,-1.217930793762207031e+01,-2.611968231201171875e+01,-2.845485687255859375e+01,-3.009460639953613281e+01,-3.350134277343750000e+01,-4.014698028564453125e+01,-3.771768188476562500e+01,-3.410076904296875000e+01,-3.328148269653320312e+01,-3.693561935424804688e+01,-3.354271697998046875e+01,-2.972666168212890625e+01,-3.217750549316406250e+01,-2.988347244262695312e+01,-2.230642700195312500e+01,-2.259881591796875000e+01,-1.568721103668212891e+01,-1.518755722045898438e+01,-2.109037780761718750e+01,-2.125122451782226562e+01,-2.066137886047363281e+01,-2.260317230224609375e+01,-2.800225448608398438e+01,-2.440597152709960938e+01,-3.226933288574218750e+01,-2.541444396972656250e+01,-2.414532470703125000e+01,-1.902868270874023438e+01,-1.469148635864257812e+01,-1.933375930786132812e+01,-2.086748123168945312e+01,-2.151728057861328125e+01,-2.114616584777832031e+01,-2.020932006835937500e+01,-2.255294609069824219e+01,-2.301123237609863281e+01,-2.524061584472656250e+01,-2.547006988525390625e+01,-2.315971755981445312e+01,-1.982195281982421875e+01,-2.173443412780761719e+01,-1.658289718627929688e+01,-1.719928550720214844e+01,-1.955478858947753906e+01,-1.161262702941894531e+01,-1.437453651428222656e+01,-1.471137809753417969e+01,-1.127367877960205078e+01,-1.229114913940429688e+01,-1.278258609771728516e+01,-1.719433403015136719e+01,-2.235235214233398438e+01,-1.251920890808105469e+01,4.826798439025878906e+00,3.231771230697631836e+00,-4.945064067840576172e+00,-9.626324653625488281e+00,-1.414356803894042969e+01,-1.793584823608398438e+01,-1.337820816040039062e+01,-1.173031425476074219e+01,-1.062467575073242188e+01,-1.070927810668945312e+01,-1.270613098144531250e+01,-1.019433212280273438e+01,-1.428999805450439453e+01,-1.934789276123046875e+01,-9.620349884033203125e+00,-5.809571266174316406e+00,-8.999179840087890625e+00,-1.665498352050781250e+01,-1.451242828369140625e+01,-1.657750320434570312e+01,-1.690968513488769531e+01,-1.529628562927246094e+01,-1.690455818176269531e+01,-1.298263740539550781e+01,-1.490014457702636719e+01,-8.691807746887207031e+00,-1.502006912231445312e+01,-2.338157272338867188e+01,-2.607034873962402344e+01,-2.726431846618652344e+01,-1.851610374450683594e+01,-4.821039199829101562e+00,-6.351144790649414062e+00,-4.004495620727539062e+00,2.541789531707763672e+00,2.044557571411132812e+00,-3.194203853607177734e+00,-1.027311325073242188e+01,-1.086889648437500000e+01,-9.667361259460449219e+00,-1.058161735534667969e+01,-1.464532947540283203e+01,-1.249308109283447266e+01,-1.866023635864257812e+01,-2.360889053344726562e+01,-2.513544464111328125e+01,-2.430568695068359375e+01,-2.059141921997070312e+01,-1.666511154174804688e+01,-1.593026924133300781e+01,-2.074258422851562500e+01,-2.307726860046386719e+01,-2.217311668395996094e+01,-2.336331939697265625e+01,-2.213282394409179688e+01,-1.829663085937500000e+01,-2.143453598022460938e+01,-1.788365554809570312e+01,-1.329500007629394531e+01,-2.074253845214843750e+01,-2.709621047973632812e+01,-2.596221923828125000e+01,-2.100767517089843750e+01,-1.967261123657226562e+01,-1.295133686065673828e+01,-1.192644405364990234e+01,-1.280235385894775391e+01,-5.810514926910400391e+00,-9.051009178161621094e+00,-8.859773635864257812e+00,-8.702606201171875000e+00,-6.220101356506347656e+00,-3.801837921142578125e+00,-5.368535518646240234e+00,-9.320203781127929688e+00,-6.754257678985595703e+00,-1.496293902397155762e+00,-9.089604020118713379e-01,-2.880815505981445312e+00,-5.054699897766113281e+00,-5.086403369903564453e+00,-5.086857795715332031e+00,-1.087086963653564453e+01,-7.661606311798095703e+00,-8.634449958801269531e+00,-9.073110580444335938e+00,-5.607398986816406250e+00,-5.153249740600585938e+00,-5.786666870117187500e+00,-2.352426528930664062e+00,-8.783459663391113281e+00,-1.124860191345214844e+01,-8.216449737548828125e+00,-5.238782882690429688e+00,-7.148767471313476562e+00,-7.045050621032714844e+00,-8.623470306396484375e+00,-1.050090026855468750e+01,-9.480011940002441406e+00,-9.949825286865234375e+00,-7.650631904602050781e+00,-3.151412487030029297e+00,-5.498612403869628906e+00,-7.447958946228027344e+00,-5.483187675476074219e+00,-8.159852981567382812e+00,-1.576086044311523438e+01,-1.079300212860107422e+01,-7.548127174377441406e+00,-1.294174575805664062e+01,-2.097323226928710938e+01,-3.189037132263183594e+01,-3.268589019775390625e+01,-3.266052627563476562e+01,-3.321056365966796875e+01,-3.239584350585937500e+01,-3.393866729736328125e+01,-3.425574493408203125e+01,-2.889569091796875000e+01,-2.857485961914062500e+01,-3.331160736083984375e+01,-3.505133056640625000e+01,-3.094952964782714844e+01,-2.383558273315429688e+01,-1.658988571166992188e+01,-1.315498924255371094e+01,-1.424481964111328125e+01,-2.109048461914062500e+01,-2.462580490112304688e+01,-2.800768089294433594e+01,-3.081237792968750000e+01,-3.251464462280273438e+01,-3.440941238403320312e+01,-3.340153503417968750e+01,-2.961462974548339844e+01,-2.696983146667480469e+01,-2.139990234375000000e+01,-2.386878585815429688e+01,-2.351456642150878906e+01,-2.433114624023437500e+01,-2.066383171081542969e+01,-1.814027023315429688e+01,-1.643416213989257812e+01,-1.701090812683105469e+01,-1.241041183471679688e+01,-6.009172439575195312e+00,-3.622627973556518555e+00,-7.785320281982421875e+00,-8.626853942871093750e+00,-4.559374332427978516e+00,-3.167786359786987305e+00,-5.963264942169189453e+00,-7.276794433593750000e+00,-8.181275129318237305e-01,1.476417779922485352e+00,-6.856380701065063477e-01,-7.567508697509765625e+00,-4.004931449890136719e+00,-4.265512466430664062e+00,-6.428007125854492188e+00,-5.808167457580566406e+00,-6.573682308197021484e+00,-2.625863313674926758e+00,-2.488919496536254883e+00,-8.881821632385253906e+00,-1.053511714935302734e+01,-1.317963790893554688e+01,-2.751968383789062500e+01,-2.842893981933593750e+01,-2.572593307495117188e+01,-2.401776504516601562e+01,-2.671563720703125000e+01,-2.708012771606445312e+01,-2.193352317810058594e+01,-1.794600105285644531e+01,-1.527074146270751953e+01,-1.944388198852539062e+01,-2.042910766601562500e+01,-1.865903091430664062e+01,-1.928087806701660156e+01,-1.207050418853759766e+01,-1.282141685485839844e+01,-1.602240943908691406e+01,-2.518588829040527344e+01,-2.196186065673828125e+01,-2.066434097290039062e+01,-2.138946914672851562e+01,-2.109531211853027344e+01,-2.120842361450195312e+01,-2.440664291381835938e+01,-2.834833908081054688e+01,-2.451475906372070312e+01,-1.822641754150390625e+01,-2.103831481933593750e+01,-2.153112602233886719e+01,-1.779100990295410156e+01,-1.679733467102050781e+01,-1.749879455566406250e+01,-2.164630126953125000e+01,-2.402474594116210938e+01,-1.333914947509765625e+01,-4.874479293823242188e+00,-6.303679466247558594e+00,-8.230487823486328125e+00,-1.358554649353027344e+01,-1.186414813995361328e+01,-1.522658729553222656e+01,-1.729859542846679688e+01,-1.633503532409667969e+01,-1.779885864257812500e+01,-1.937720108032226562e+01,-1.766546630859375000e+01,-2.540401077270507812e+01,-3.419664001464843750e+01,-2.055666542053222656e+01,-2.193088054656982422e+00,2.870337009429931641e+00,5.182353973388671875e+00,6.963027000427246094e+00,8.273307800292968750e+00,1.068720436096191406e+01,1.286723136901855469e+01,9.159172058105468750e+00,9.344907999038696289e-01,2.085739374160766602e-02,-1.567770957946777344e+00,-3.804489135742187500e+00,-1.303357124328613281e+01,-2.330896759033203125e+01,-2.837721633911132812e+01,-3.190701484680175781e+01,-2.678964996337890625e+01,-2.208512878417968750e+01,-1.786252975463867188e+01,-1.356917762756347656e+01,-1.517481613159179688e+01,-1.394989585876464844e+01,-9.722867965698242188e+00,-1.747535705566406250e+01,-2.550099182128906250e+01,-2.458340454101562500e+01,-1.824975395202636719e+01,-1.442686462402343750e+01,-1.745256423950195312e+01,-1.505534553527832031e+01,-9.039136886596679688e+00,-4.586725234985351562e+00,-3.307769536972045898e+00,-1.496040105819702148e+00,-6.329735755920410156e+00,-1.114075565338134766e+01,-1.217998409271240234e+01,-1.414122486114501953e+01,-2.457578277587890625e+01,-2.311613082885742188e+01,-1.841447067260742188e+01,-1.563939285278320312e+01,-1.436185455322265625e+01,-1.269967746734619141e+01,-9.547863960266113281e+00,-6.337872505187988281e+00,-2.914858341217041016e+00,-3.426652848720550537e-01,-6.250089645385742188e+00,-7.705495834350585938e+00,-6.822028636932373047e+00,-7.948694229125976562e+00,-4.151157379150390625e+00,3.987061679363250732e-01,-1.055461168289184570e+00,6.262462735176086426e-01,-3.897913217544555664e+00,-9.752434730529785156e+00,-9.396741867065429688e+00,-2.870288372039794922e+00,2.267493903636932373e-01,-8.628496170043945312e+00,-1.082961463928222656e+01,-9.111303329467773438e+00,-6.076821327209472656e+00,-2.805656433105468750e+00,-5.801063776016235352e-01,-5.272286534309387207e-01,-2.208456277847290039e+00,-4.816452503204345703e+00,-4.458751201629638672e+00,-1.106873512268066406e+00,-8.597931861877441406e+00,-6.227019309997558594e+00,-1.464393854141235352e+00,-3.103450298309326172e+00,-2.708292007446289062e+00,-5.750541210174560547e+00,-5.759009361267089844e+00,-3.850320339202880859e+00,-5.819986343383789062e+00,-4.248804092407226562e+00,-2.186925172805786133e+00,1.893946528434753418e-01,-1.559662103652954102e+00,-7.335214138031005859e+00,-9.274277687072753906e+00,-1.217762184143066406e+01,-1.262561798095703125e+01,-1.444125080108642578e+01,-2.204979515075683594e+01,-2.228282165527343750e+01,-1.950057983398437500e+01,-1.622946739196777344e+01,-2.480479812622070312e+01,-2.581751632690429688e+01,-2.415947341918945312e+01,-2.560685920715332031e+01,-2.089518737792968750e+01,-2.346920776367187500e+01,-2.704747200012207031e+01,-3.137443542480468750e+01,-2.922560882568359375e+01,-3.044081878662109375e+01,-2.847215270996093750e+01,-3.289784622192382812e+01,-3.196402359008789062e+01,-2.826486968994140625e+01,-2.652754783630371094e+01,-2.203311920166015625e+01,-1.257478523254394531e+01,-2.615121841430664062e+00,-6.049554347991943359e+00,-8.974790573120117188e+00,-3.981400966644287109e+00,1.949335575103759766e+00,-8.912459015846252441e-01,-1.528185725212097168e+00,-1.508242189884185791e-01,-2.034691572189331055e+00,-2.730072259902954102e+00,-3.310095965862274170e-01,-8.179155349731445312e+00,-2.429797172546386719e+01,-3.420301055908203125e+01,-3.053678703308105469e+01,-2.409074020385742188e+01,-2.316266632080078125e+01,-2.759202575683593750e+01,-3.016100883483886719e+01,-3.160196685791015625e+01,-3.078561019897460938e+01,-2.278392410278320312e+01,-2.016023826599121094e+01,-2.530145645141601562e+01,-3.378357315063476562e+01,-3.314469528198242188e+01,-3.009869003295898438e+01,-2.737506675720214844e+01,-2.668864059448242188e+01,-3.387072753906250000e+01,-3.220803451538085938e+01,-2.630298233032226562e+01,-2.260214233398437500e+01,-2.243140411376953125e+01,-2.754080200195312500e+01,-2.343746757507324219e+01,-1.380885887145996094e+01,-1.415536594390869141e+01,-1.639899826049804688e+01,-2.380601119995117188e+01,-2.385580635070800781e+01,-2.414136886596679688e+01,-2.206799316406250000e+01,-2.060133743286132812e+01,-2.236401367187500000e+01,-2.611022949218750000e+01,-2.269487571716308594e+01,-1.790010261535644531e+01,-2.004206848144531250e+01,-2.896231842041015625e+01,-2.598310852050781250e+01,-8.598278999328613281e+00,4.381833076477050781e+00,9.926536560058593750e+00,1.182563400268554688e+01,1.142946243286132812e+01,9.817416191101074219e+00,8.236612319946289062e+00,-4.994705021381378174e-01,4.762321472167968750e+00,9.258906364440917969e+00,8.405332565307617188e+00,-3.332404375076293945e+00,-1.352029609680175781e+01,-1.476435565948486328e+01,-7.917876720428466797e+00,-7.571779251098632812e+00,-7.104267597198486328e+00,-3.978789806365966797e+00,-1.264649581909179688e+01,-1.849818801879882812e+01,-1.905535507202148438e+01,-1.950048828125000000e+01,-1.803888320922851562e+01,-1.172086143493652344e+01,-6.115098953247070312e+00,-1.976028442382812500e+00,-3.300174713134765625e+00,-7.238004684448242188e+00,-6.340195178985595703e+00,-6.121425628662109375e+00,-2.376754283905029297e+00,-4.690081596374511719e+00,-1.129019737243652344e+01,-1.262320423126220703e+01,-1.344119167327880859e+01,-1.334293842315673828e+01,-1.499680900573730469e+01,-1.739997100830078125e+01,-2.000966835021972656e+01,-2.631508255004882812e+01,-2.073178482055664062e+01,-1.324901962280273438e+01,-1.284592628479003906e+01,-1.818935775756835938e+01,-1.255234813690185547e+01,-1.166556835174560547e+01,-9.980238914489746094e+00,-3.051969528198242188e+00,-3.873367786407470703e+00,3.888217210769653320e-01,-2.776469230651855469e+00,-3.384017705917358398e+00,-3.946651697158813477e+00,-6.279024124145507812e+00,-6.613098621368408203e+00,-8.549257278442382812e+00,-9.309484481811523438e+00,-1.086531829833984375e+01,-1.045885753631591797e+01,-1.085767650604248047e+01,-5.063531875610351562e+00,-2.197445869445800781e+00,-4.329779624938964844e+00,-4.674961090087890625e+00,-6.534800529479980469e+00,-1.805599975585937500e+01,-1.292859458923339844e+01,-7.418620109558105469e+00,-6.717117309570312500e+00,-9.561416625976562500e+00,-1.122949600219726562e+01,-1.486200428009033203e+01,-1.327316856384277344e+01,-1.260266304016113281e+01,-1.103467750549316406e+01,-9.043996810913085938e+00,-8.145237922668457031e+00,-6.875817298889160156e+00,-7.906822681427001953e+00,-1.106967639923095703e+01,-1.510269355773925781e+01,-1.610317420959472656e+01,-1.435784149169921875e+01,-1.323373031616210938e+01,-1.122223186492919922e+01,-1.627560806274414062e+01,-1.675617599487304688e+01,-3.000588226318359375e+01,-3.969250488281250000e+01,-3.767014312744140625e+01,-3.042307281494140625e+01,-2.744604110717773438e+01,-2.031833839416503906e+01,-1.518031501770019531e+01,-2.420435523986816406e+01,-2.894126510620117188e+01,-3.166432189941406250e+01,-2.519433593750000000e+01,-2.368112564086914062e+01,-2.133274459838867188e+01,-1.963278961181640625e+01,-1.643046760559082031e+01,-1.859040451049804688e+01,-1.852966499328613281e+01,-1.658823776245117188e+01,-2.806597137451171875e+01,-3.419976806640625000e+01,-3.233769226074218750e+01,-2.434779548645019531e+01,-2.214720916748046875e+01,-2.181648635864257812e+01,-1.780677413940429688e+01,-1.463425254821777344e+01,-1.541735458374023438e+01,-1.853405380249023438e+01,-1.413374900817871094e+01,-9.654459953308105469e+00,-9.918458938598632812e+00,-1.025938034057617188e+01,-1.491292572021484375e+01,-1.787600708007812500e+01,-1.456697845458984375e+01,-6.847654342651367188e+00,-1.114877796173095703e+01,-6.769708633422851562e+00,-2.462610006332397461e+00,-8.752721786499023438e+00,-1.763040161132812500e+01,-1.756863021850585938e+01,-1.670968246459960938e+01,-2.113073348999023438e+01,-2.637383079528808594e+01,-2.537902069091796875e+01,-2.215252113342285156e+01,-2.493205642700195312e+01,-2.692914581298828125e+01,-2.538676261901855469e+01,-2.418884658813476562e+01,-2.018225288391113281e+01,-2.093850326538085938e+01,-2.851543807983398438e+01,-3.764790725708007812e+01,-4.120774078369140625e+01,-3.860128021240234375e+01,-3.742362976074218750e+01,-2.927087402343750000e+01,-1.049956321716308594e+01,-7.628340721130371094e+00,-1.145496559143066406e+01,-1.548325157165527344e+01,-2.304730796813964844e+01,-2.343410491943359375e+01,-2.233135223388671875e+01,-1.880861663818359375e+01,-1.461383819580078125e+01,-7.965580940246582031e+00,-3.050858020782470703e+00,-3.187203645706176758e+00,-6.442091941833496094e+00,-5.963405609130859375e+00,-1.576204490661621094e+01,-1.873855590820312500e+01,-1.580033302307128906e+01,-1.321005439758300781e+01,-1.374419021606445312e+01,-2.338048934936523438e+01,-2.722753715515136719e+01,-2.092481994628906250e+01,-1.516546630859375000e+01,-1.485454559326171875e+01,-1.626946258544921875e+01,-1.534575939178466797e+01,-7.880665779113769531e+00,-3.332866668701171875e+00,-6.361660957336425781e+00,-4.882868289947509766e+00,-3.383074998855590820e+00,-2.992206096649169922e+00,-2.582956075668334961e+00,-3.339412212371826172e+00,-6.214994430541992188e+00,-9.376960754394531250e+00,-7.596945285797119141e+00,-9.221302032470703125e+00,-1.113630104064941406e+01,-1.415330886840820312e+01,-7.626835346221923828e+00,-5.998401641845703125e+00,-8.476108551025390625e+00,-1.081152725219726562e+01,-2.050464248657226562e+01,-1.456762123107910156e+01,-3.038179016113281250e+01,-3.454440307617187500e+01,-2.981341934204101562e+01,-2.646417617797851562e+01,-2.578271102905273438e+01,-2.012802124023437500e+01,-1.562359523773193359e+01,-2.161628532409667969e+01,-2.208056259155273438e+01,-2.155342864990234375e+01,-2.160237693786621094e+01,-2.631720352172851562e+01,-2.725529289245605469e+01,-2.444483947753906250e+01,-2.863937759399414062e+01,-3.903059768676757812e+01,-4.362127685546875000e+01,-4.447869110107421875e+01,-3.530321502685546875e+01,-2.513435745239257812e+01,-2.431420516967773438e+01,-2.787812423706054688e+01,-2.629151535034179688e+01,-2.310190963745117188e+01,-1.537564086914062500e+01,-1.735642242431640625e+01,-2.537681961059570312e+01,-2.524920654296875000e+01,-2.227455520629882812e+01,-1.679683876037597656e+01,-1.621860504150390625e+01,-1.721892547607421875e+01,-1.416765689849853516e+01,-1.492300605773925781e+01,-2.308414077758789062e+01,-2.321827888488769531e+01,-1.759496307373046875e+01,-1.175199699401855469e+01,-1.166892623901367188e+01,-1.877988052368164062e+01,-2.225712203979492188e+01,-2.660670471191406250e+01,-2.637718582153320312e+01,-2.252278518676757812e+01,-2.134677505493164062e+01,-1.582092094421386719e+01,-1.123999214172363281e+01,-1.213526344299316406e+01,-7.807227134704589844e+00,-1.231891059875488281e+01,-1.298866081237792969e+01,-1.372450160980224609e+01,-1.932845878601074219e+01,-1.552110862731933594e+01,-1.796490287780761719e+01,-2.309243011474609375e+01,-1.869354629516601562e+01,-1.354897212982177734e+01,-9.631347656250000000e+00,-1.556400775909423828e+01,-2.024864196777343750e+01,-2.572276687622070312e+01,-2.519149780273437500e+01,-1.767560958862304688e+01,-1.524141883850097656e+01,-1.173378372192382812e+01,-4.383515834808349609e+00,-7.570125102996826172e+00,-8.862167358398437500e+00,-1.150180912017822266e+01,-1.783090782165527344e+01,-1.345749759674072266e+01,-1.615884399414062500e+01,-2.205413818359375000e+01,-2.769291687011718750e+01,-2.709703254699707031e+01,-2.961428070068359375e+01,-2.770982933044433594e+01,-2.111789703369140625e+01,-1.409441375732421875e+01,-1.497489833831787109e+01,-2.060834312438964844e+01,-3.532285308837890625e+01,-2.609475708007812500e+01,-1.207752990722656250e+01,-2.875331878662109375e+00,-4.166716098785400391e+00,-7.083000183105468750e+00,-1.068833065032958984e+01,-1.193747425079345703e+01,-8.305735588073730469e+00,-9.306076049804687500e+00,-1.025664710998535156e+01,-1.809198188781738281e+01,-2.367869377136230469e+01,-2.284861755371093750e+01,-2.041922187805175781e+01,-1.905314445495605469e+01,-2.306291198730468750e+01,-2.524911117553710938e+01,-2.864606094360351562e+01,-3.205887603759765625e+01,-1.823764801025390625e+01,-1.991801261901855469e+01,-2.282278823852539062e+01,-2.391647529602050781e+01,-2.036951065063476562e+01,-1.925356483459472656e+01,-1.771088027954101562e+01,-1.641164207458496094e+01,-2.275513076782226562e+01,-2.632548141479492188e+01,-2.662345123291015625e+01,-2.441239738464355469e+01,-2.015968322753906250e+01,-2.130646133422851562e+01,-2.733223724365234375e+01,-2.936394119262695312e+01,-2.874139785766601562e+01,-2.944677925109863281e+01,-3.032259368896484375e+01,-3.214739990234375000e+01,-3.559320068359375000e+01,-2.966540145874023438e+01,-2.083779525756835938e+01,-1.951235580444335938e+01,-2.202339363098144531e+01,-2.390456771850585938e+01,-2.189794349670410156e+01,-1.582289695739746094e+01,-1.754068756103515625e+01,-1.541319847106933594e+01,-1.595332527160644531e+01,-1.382731628417968750e+01,-1.799545288085937500e+01,-2.223767471313476562e+01,-2.271193695068359375e+01,-2.061966705322265625e+01,-1.491179847717285156e+01,-1.530853748321533203e+01,-1.541073226928710938e+01,-2.514809036254882812e+01,-2.975590705871582031e+01,-3.002845954895019531e+01,-2.372593307495117188e+01,-2.343955230712890625e+01,-2.491674041748046875e+01,-2.395724487304687500e+01,-2.138420867919921875e+01,-1.556134891510009766e+01,-6.532721519470214844e+00,-5.122899055480957031e+00,-1.040782642364501953e+01,-1.432983970642089844e+01,-1.110670471191406250e+01,-1.399604225158691406e+01,-9.315786361694335938e+00,-1.933919668197631836e+00,-1.189485549926757812e+01,-1.608463859558105469e+01,-9.801288604736328125e+00,-6.580682277679443359e+00,-8.195152282714843750e+00,-7.615390300750732422e+00,-7.633728027343750000e+00,-6.930530548095703125e+00,-6.167451858520507812e+00,-5.444030761718750000e+00,-9.716369628906250000e+00,-6.115530014038085938e+00,-4.178940773010253906e+00,-8.422105789184570312e+00,-8.755668640136718750e+00,-1.245989894866943359e+01,-7.611042976379394531e+00,-3.097828626632690430e+00,-4.517787456512451172e+00,-3.125136196613311768e-01,1.591418266296386719e+00,-1.070462822914123535e+00,-1.580198764801025391e+00,8.804206252098083496e-01,1.098725914955139160e+00,4.707426726818084717e-01,6.659252047538757324e-01,-5.320906639099121094e+00,-3.981060028076171875e+00,-5.225889205932617188e+00,-9.007546424865722656e+00,-7.504099845886230469e+00,-3.259961366653442383e+00,-5.729841232299804688e+00,-1.808811950683593750e+01,-3.135004425048828125e+01,-3.111210441589355469e+01,-2.517297744750976562e+01,-2.670160675048828125e+01,-2.470547866821289062e+01,-1.905677032470703125e+01,-1.639498519897460938e+01,-1.702113342285156250e+01,-1.760281181335449219e+01,-1.371604156494140625e+01,-1.639799118041992188e+01,-1.873203086853027344e+01,-1.984471130371093750e+01,-1.497276020050048828e+01,-1.547261428833007812e+01,-1.711402893066406250e+01,-1.656310081481933594e+01,-1.498623752593994141e+01,-1.250122261047363281e+01,-8.348943710327148438e+00,-9.604570388793945312e+00,-1.050221443176269531e+01,-7.689477920532226562e+00,-5.697578430175781250e+00,-1.039938354492187500e+01,-1.643214797973632812e+01,-2.181367111206054688e+01,-2.196503829956054688e+01,-2.273295974731445312e+01,-2.767781066894531250e+01,-3.393345642089843750e+01,-2.143630981445312500e+01,-8.316331863403320312e+00,4.145780205726623535e-01,3.530238628387451172e+00,1.393596887588500977e+00,1.297390580177307129e+00,6.155789375305175781e+00,4.787549972534179688e+00,8.105832338333129883e-01,4.698737144470214844e+00,3.829870700836181641e+00,-1.408507525920867920e-01,3.291168689727783203e+00,3.239139556884765625e+00,-4.896686553955078125e+00,-1.087174415588378906e+01,-1.379698181152343750e+01,-8.672993659973144531e+00,-7.555644989013671875e+00,-3.277996540069580078e+00,-2.422777414321899414e+00,-8.344580531120300293e-01,7.511909008026123047e-01,-6.294715881347656250e+00,-8.401380538940429688e+00,-8.559570312500000000e+00,-1.073446273803710938e+01,-1.775234031677246094e+01,-1.801188468933105469e+01,-1.521227264404296875e+01,-1.395729827880859375e+01,-1.861096954345703125e+01,-1.793445587158203125e+01,-1.117509269714355469e+01,-7.311320304870605469e+00,-5.538066387176513672e+00,-6.809495449066162109e+00,-1.312270736694335938e+01,-1.500795555114746094e+01,-1.058493995666503906e+01,-7.266005516052246094e+00,-1.042090892791748047e+01,-1.677878570556640625e+01,-1.696249389648437500e+01,-2.472799301147460938e+01,-3.885224914550781250e+01,-3.728503036499023438e+01,-2.889804840087890625e+01,-2.717861747741699219e+01,-3.133954238891601562e+01,-2.988826751708984375e+01,-3.063195800781250000e+01,-2.459432601928710938e+01,-1.741397094726562500e+01,-1.813313674926757812e+01,-2.282565307617187500e+01,-2.327222442626953125e+01,-1.781074905395507812e+01,-1.761568450927734375e+01,-1.587204551696777344e+01,-1.521047019958496094e+01,-2.189407348632812500e+01,-1.642303085327148438e+01,-1.498613548278808594e+01,-1.449808788299560547e+01,-1.827031898498535156e+01,-1.298618507385253906e+01,-1.297825241088867188e+01,-1.466222381591796875e+01,-1.707690048217773438e+01,-1.912046813964843750e+01,-1.567008399963378906e+01,-1.451287555694580078e+01,-1.627921295166015625e+01,-1.564786911010742188e+01,-1.788732528686523438e+01,-1.457098484039306641e+01,-1.440199470520019531e+01,-9.774553298950195312e+00,-6.458053112030029297e+00,5.777066946029663086e-01,1.843364238739013672e-01,-1.244761466979980469e+00,-2.460372447967529297e+00,-1.240944957733154297e+01,-1.472537899017333984e+01,-1.038162803649902344e+01,-1.119932937622070312e+01,-1.154224109649658203e+01,-8.794401168823242188e+00,-1.221783161163330078e+00,-1.724036693572998047e+00,-4.685062885284423828e+00,-1.111846065521240234e+01,-1.268241691589355469e+01,-1.261019325256347656e+01,-1.068365097045898438e+01,-2.526788234710693359e+00,-6.303603172302246094e+00,-4.695980072021484375e+00,-3.330684423446655273e+00,-2.033217430114746094e+00,2.354321479797363281e-01,-3.015468835830688477e+00,-2.456368923187255859e+00,-3.877804279327392578e+00,-4.070016860961914062e+00,-3.073191165924072266e+00,-5.906951427459716797e+00,-3.670530796051025391e+00,5.465908348560333252e-02,-3.589374780654907227e+00,-2.097474634647369385e-01,-1.415442466735839844e+00,-9.551125526428222656e+00,-9.871255874633789062e+00,-4.533327102661132812e+00,-6.393858909606933594e+00,-8.110031127929687500e+00,-6.337728500366210938e+00,-2.808827161788940430e+00,-3.331484079360961914e+00,-2.444334602355957031e+01,-2.354179382324218750e+01,-2.300640678405761719e+01,-2.380853652954101562e+01,-2.053535461425781250e+01,-1.511740875244140625e+01,-1.501669979095458984e+01,-3.020682334899902344e+01,-3.867623901367187500e+01,-4.067334747314453125e+01,-3.241821670532226562e+01,-2.822381591796875000e+01,-2.775564193725585938e+01,-2.501551055908203125e+01,-2.437078475952148438e+01,-2.371915245056152344e+01,-2.297183799743652344e+01,-2.208681488037109375e+01,-2.039284133911132812e+01,-2.589801788330078125e+01,-2.181341171264648438e+01,-2.095183181762695312e+01,-2.156942749023437500e+01,-1.629390907287597656e+01,-1.172111511230468750e+01,-1.714207077026367188e+01,-1.854170608520507812e+01,-1.608855819702148438e+01,-8.196312904357910156e+00,-2.228564739227294922e+00,-3.923882961273193359e+00,-2.439067363739013672e+00,-1.038136124610900879e+00,-6.552650928497314453e+00,-8.697509765625000000e+00,-6.546576499938964844e+00,-3.646959066390991211e+00,-7.099919319152832031e+00,-1.367047500610351562e+01,-9.954051017761230469e+00,-7.965525627136230469e+00,-8.811479568481445312e+00,-6.681762695312500000e+00,-4.380029678344726562e+00,-4.351833343505859375e+00,-3.757911205291748047e+00,7.020789384841918945e-02,-2.007302999496459961e+00,-6.117877960205078125e+00,-1.031724548339843750e+01,-3.471417665481567383e+00,-7.954285144805908203e+00,-1.622332000732421875e+01,-1.103340530395507812e+01,-1.304729652404785156e+01,-1.561239910125732422e+01,-1.161381721496582031e+01,-1.314291954040527344e+01,-5.715247631072998047e+00,-3.228445947170257568e-01,-5.134100437164306641e+00,-9.775548934936523438e+00,-1.244517040252685547e+01,-4.960348129272460938e+00,-3.995448827743530273e+00,-3.518502473831176758e+00,-4.860608100891113281e+00,-1.196841430664062500e+01,-1.203444099426269531e+01,-1.394472312927246094e+01,-1.363447380065917969e+01,-1.008244705200195312e+01,-1.233710861206054688e+01,-1.850011444091796875e+01,-1.755432701110839844e+01,-1.634197616577148438e+01,-1.493342018127441406e+01,-1.747260856628417969e+01,-1.918932914733886719e+01,-2.053210449218750000e+01,-9.878963470458984375e+00,-7.689510345458984375e+00,-2.816044807434082031e+00,8.232713937759399414e-01,5.534706115722656250e+00,5.925579547882080078e+00,-2.609963178634643555e+00,-9.683314323425292969e+00,-1.038843536376953125e+01,-9.675851821899414062e+00,-1.397658348083496094e+01,-1.549349880218505859e+01,-1.675478172302246094e+01,-1.989842224121093750e+01,-2.748051834106445312e+01,-2.599544334411621094e+01,-2.605089569091796875e+01,-2.868384742736816406e+01,-2.949005508422851562e+01,-3.031305503845214844e+01,-2.573265075683593750e+01,-2.521158981323242188e+01,-2.875205612182617188e+01,-2.586238098144531250e+01,-2.195219802856445312e+01,-1.263525772094726562e+01,-8.717803001403808594e+00,-1.077756500244140625e+01,-1.281627845764160156e+01,-2.042310523986816406e+01,-3.034960174560546875e+01,-3.236110687255859375e+01,-3.873278427124023438e+01,-3.943631362915039062e+01,-3.072877883911132812e+01,-2.910369110107421875e+01,-2.691385269165039062e+01,-1.895930099487304688e+01,-1.818975830078125000e+01,-2.161405944824218750e+01,-1.497286796569824219e+01,-8.539257049560546875e+00,-5.283173561096191406e+00,-1.836741566658020020e+00,-3.641442298889160156e+00,-8.327577590942382812e+00,-1.469515895843505859e+01,-8.650209426879882812e+00,8.561156988143920898e-01,-1.067555904388427734e+01,-1.669194984436035156e+01,-1.470713424682617188e+01,-1.219306945800781250e+01,-8.965509414672851562e+00,-1.224069881439208984e+01,-1.017442798614501953e+01,-8.161047935485839844e+00,-7.329930305480957031e+00,-9.148806571960449219e+00,-1.103136634826660156e+01,-4.800541877746582031e+00,-5.024114608764648438e+00,-7.192410469055175781e+00,-1.217609691619873047e+01,-1.011196136474609375e+01,-1.026108646392822266e+01,-2.726445674896240234e+00,-2.683887004852294922e+00,-3.970538377761840820e+00,-3.284494638442993164e+00,-6.739992141723632812e+00,-1.003716945648193359e+01,-1.050055885314941406e+01,-9.570048332214355469e+00,-6.926167011260986328e+00,-3.836557865142822266e+00,-4.113192558288574219e+00,-3.861608743667602539e+00,-6.717090129852294922e+00,-1.458908367156982422e+01,-2.695598983764648438e+01,-2.927170944213867188e+01,-2.648870086669921875e+01,-2.467109870910644531e+01,-2.506167411804199219e+01,-2.614131546020507812e+01,-3.347251129150390625e+01,-3.466210937500000000e+01,-3.771497344970703125e+01,-3.472199249267578125e+01,-2.820239257812500000e+01,-2.503077507019042969e+01,-2.181108665466308594e+01,-2.328947448730468750e+01,-2.280867767333984375e+01,-2.266672897338867188e+01,-2.467415618896484375e+01,-2.602296066284179688e+01,-2.917791366577148438e+01,-2.813714027404785156e+01,-2.265364265441894531e+01,-2.110984992980957031e+01,-2.143180084228515625e+01,-1.918982315063476562e+01,-1.512908554077148438e+01,-1.349308586120605469e+01,-1.121850776672363281e+01,-1.045075511932373047e+01,-4.558947086334228516e+00,-4.343970298767089844e+00,-5.255901813507080078e+00,-6.948754310607910156e+00,-4.318640708923339844e+00,-3.093065023422241211e+00,-8.368606567382812500e+00,-4.296822071075439453e+00,-3.875298261642456055e+00,-2.803656578063964844e+00,-8.845645904541015625e+00,-1.057165145874023438e+01,-1.382405281066894531e+01,-1.793782424926757812e+01,-1.607745361328125000e+01,-8.535153388977050781e+00,-4.198121070861816406e+00,-5.226798057556152344e+00,-2.490155220031738281e+00,-3.922089099884033203e+00,-7.463200569152832031e+00,-5.206892967224121094e+00,-3.128381967544555664e+00,-1.475130653381347656e+01,-2.908562660217285156e+01,-2.709296417236328125e+01,-2.382504272460937500e+01,-2.055380249023437500e+01,-1.944824790954589844e+01,-1.845170021057128906e+01,-2.177215576171875000e+01,-1.920984458923339844e+01,-1.691384506225585938e+01,-2.380814552307128906e+01,-2.195081710815429688e+01,-1.856268310546875000e+01,-1.873685836791992188e+01,-1.890781021118164062e+01,-2.533561134338378906e+01,-1.881421279907226562e+01,-6.377626419067382812e+00,-2.164156436920166016e+00,-2.841207027435302734e+00,-3.788563489913940430e+00,-8.694837570190429688e+00,-1.284462642669677734e+01,-1.763852691650390625e+01,-2.117503738403320312e+01,-1.792880630493164062e+01,-1.513607692718505859e+01,-2.206076812744140625e+01,-2.342203521728515625e+01,-2.461860275268554688e+01,-2.201255035400390625e+01,-1.480203151702880859e+01,-1.355740737915039062e+01,-1.265432548522949219e+01,-9.918990135192871094e+00,-1.148511123657226562e+01,-7.949826240539550781e+00,-1.018535423278808594e+01,-1.133299636840820312e+01,-1.358027267456054688e+01,-1.144636154174804688e+01,-8.178498268127441406e+00,-6.522403717041015625e+00,-5.908137321472167969e+00,-9.772636413574218750e+00,-8.150724411010742188e+00,-8.348665237426757812e+00,-5.875494480133056641e+00,-1.143058013916015625e+01,-2.674165344238281250e+01,-2.659471130371093750e+01,-2.377132415771484375e+01,-2.338651275634765625e+01,-2.413149642944335938e+01,-2.168914794921875000e+01,-2.317983245849609375e+01,-2.745732307434082031e+01,-2.835760498046875000e+01,-2.928803634643554688e+01,-3.123784637451171875e+01,-3.036891937255859375e+01,-2.329413986206054688e+01,-2.393483352661132812e+01,-2.452603912353515625e+01,-2.129612922668457031e+01,-1.925863647460937500e+01,-2.169628524780273438e+01,-2.285653495788574219e+01,-2.065272521972656250e+01,-2.069625091552734375e+01,-2.013921546936035156e+01,-2.424383926391601562e+01,-2.594038772583007812e+01,-2.652309417724609375e+01,-3.307452774047851562e+01,-2.990571594238281250e+01,-2.322128105163574219e+01,-2.440214538574218750e+01,-1.920817947387695312e+01,-1.396225547790527344e+01,-2.045501136779785156e+01,-2.160372734069824219e+01,-2.156952667236328125e+01,-2.936413574218750000e+01,-1.871084976196289062e+01,-9.751366615295410156e+00,-5.316362380981445312e+00,-1.816842317581176758e+00,-1.069368362426757812e+00,3.206398189067840576e-01,2.984879016876220703e-01,1.535376310348510742e-01,-9.347238540649414062e-01,6.767190098762512207e-01,1.709610223770141602e+00,4.546773910522460938e+00,2.319336891174316406e+00,-2.119871377944946289e-01,2.057641029357910156e+00,-6.163827419281005859e+00,-1.986159515380859375e+01,-2.410485076904296875e+01,-2.355501747131347656e+01,-2.026878356933593750e+01,-1.767838478088378906e+01,-2.094739913940429688e+01,-1.958445358276367188e+01,-1.879195404052734375e+01,-2.221861267089843750e+01,-1.713180541992187500e+01,-1.597504997253417969e+01,-2.026397132873535156e+01,-2.423143577575683594e+01,-2.629447937011718750e+01,-2.989992523193359375e+01,-2.975249862670898438e+01,-3.278691101074218750e+01,-2.584841918945312500e+01,-1.702503204345703125e+01,-1.095525360107421875e+01,-1.422145080566406250e+01,-2.160497283935546875e+01,-2.407268714904785156e+01,-2.383023834228515625e+01,-2.636007690429687500e+01,-2.686510086059570312e+01,-2.882036209106445312e+01,-3.076309967041015625e+01,-2.782940673828125000e+01,-2.115400505065917969e+01,-2.056774139404296875e+01,-2.172584342956542969e+01,-1.987993431091308594e+01,-1.977928543090820312e+01,-1.722531127929687500e+01,-1.705107879638671875e+01,-2.663399887084960938e+01,-2.399902915954589844e+01,-2.049335670471191406e+01,-1.849280548095703125e+01,-1.756583213806152344e+01,-1.733174324035644531e+01,-1.592617225646972656e+01,-1.794352722167968750e+01,-1.171131324768066406e+01,-8.749920845031738281e+00,-5.451121330261230469e+00,-2.399737834930419922e+00,-9.293577194213867188e+00,-9.428859710693359375e+00,-9.234445571899414062e+00,-8.978713989257812500e+00,-1.678492736816406250e+01,-1.884468078613281250e+01,-1.554674625396728516e+01,-1.339893245697021484e+01,-1.027002716064453125e+01,-1.105411911010742188e+01,-1.163238239288330078e+01,-1.361218833923339844e+01,-7.980918884277343750e+00,-2.337743282318115234e+00,-4.232910156250000000e+00,-5.401724815368652344e+00,-3.948146104812622070e+00,-1.990841031074523926e+00,-5.591070175170898438e+00,-3.025177478790283203e+00,-3.224110841751098633e+00,-6.142543792724609375e+00,-5.830975055694580078e+00,-6.781422615051269531e+00,-7.589117527008056641e+00,-4.585384368896484375e+00,-5.380263328552246094e+00,-1.425763511657714844e+01,-2.729726982116699219e+01,-2.975880050659179688e+01,-2.532095146179199219e+01,-2.198208618164062500e+01,-2.573621177673339844e+01,-2.450695037841796875e+01,-2.603812408447265625e+01,-2.910441589355468750e+01,-2.527307510375976562e+01,-2.522712326049804688e+01,-2.230674743652343750e+01,-1.672912025451660156e+01,-2.199478912353515625e+01,-2.463591957092285156e+01,-1.833495330810546875e+01,-1.450379943847656250e+01,-8.728760719299316406e+00,-1.565850639343261719e+01,-1.610151481628417969e+01,-1.465778923034667969e+01,-1.914397811889648438e+01,-1.244487571716308594e+01,-6.036273956298828125e+00,-1.290412521362304688e+01,-1.707126617431640625e+01,-1.513205718994140625e+01,-1.942505645751953125e+01,-1.867978477478027344e+01,-1.560214042663574219e+01,-1.341120719909667969e+01,-1.017655944824218750e+01,-2.323593902587890625e+01,-3.421858978271484375e+01,-3.351689529418945312e+01,-3.182818222045898438e+01,-2.631704902648925781e+01,-2.538733291625976562e+01,-2.950192260742187500e+01,-2.413016891479492188e+01,-1.970810699462890625e+01,-1.784663009643554688e+01,-7.379423618316650391e+00,-5.140287876129150391e+00,-7.277600288391113281e+00,-4.853101730346679688e+00,-4.993358135223388672e+00,-4.719286441802978516e+00,-5.146823406219482422e+00,-3.044355392456054688e+00,-2.147121667861938477e+00,-5.969225883483886719e+00,-1.018299388885498047e+01,-1.269807910919189453e+01,-1.381533145904541016e+01,-1.327386760711669922e+01,-1.578923988342285156e+01,-1.290476799011230469e+01,-5.725160598754882812e+00,-5.905671596527099609e+00,-7.955885887145996094e+00,-1.090436553955078125e+01,-1.024312019348144531e+01,-1.286149692535400391e+01,-1.385090827941894531e+01,-9.982221603393554688e+00,-1.281007385253906250e+01,-1.605919837951660156e+01,-2.734331893920898438e+01,-2.439215850830078125e+01,-1.872049522399902344e+01,-2.102994918823242188e+01,-1.951549911499023438e+01,-2.129568481445312500e+01,-2.655112075805664062e+01,-2.461849212646484375e+01,-2.172721862792968750e+01,-1.137397003173828125e+01,-7.119987487792968750e+00,-8.822518348693847656e+00,-1.360211181640625000e+01,-1.356062698364257812e+01,-1.343199729919433594e+01,-1.610766601562500000e+01,-2.926897048950195312e+01,-2.883783340454101562e+01,-1.704896926879882812e+01,-1.298503303527832031e+01,-1.562994766235351562e+01,-1.397212314605712891e+01,-1.118629360198974609e+01,-1.350947284698486328e+01,-1.116936016082763672e+01,-6.596886634826660156e+00,-5.304569244384765625e+00,-3.626490831375122070e+00,-8.268836975097656250e+00,-9.423391342163085938e+00,-5.416023254394531250e+00,-1.039865136146545410e+00,-3.881188392639160156e+00,-7.018712997436523438e+00,-9.125301361083984375e+00,-1.105949020385742188e+01,-7.143725395202636719e+00,-1.032352638244628906e+01,-1.075926399230957031e+01,-9.393156051635742188e+00,-8.905480384826660156e+00,-8.563309669494628906e+00,-9.217012405395507812e+00,-7.488952636718750000e+00,-1.109754753112792969e+01,-1.273130607604980469e+01,-7.614000320434570312e+00,-5.990463256835937500e+00,-4.165711402893066406e+00,-5.840305328369140625e+00,-9.409652709960937500e+00,-1.219548988342285156e+01,-9.148784637451171875e+00,-1.983961343765258789e+00,-6.776794433593750000e+00,-1.228615188598632812e+01,-7.648312091827392578e+00,-4.779148101806640625e+00,-5.232584953308105469e+00,-4.130062580108642578e+00,-5.755711555480957031e+00,-7.195792198181152344e+00,-4.132271766662597656e+00,-4.370295047760009766e+00,-8.578263282775878906e+00,-7.046057701110839844e+00,-6.137740135192871094e+00,-3.738609075546264648e+00,-9.626175165176391602e-01,-5.503686904907226562e+00,-8.959200859069824219e+00,-5.792109489440917969e+00,-3.527000188827514648e+00,-3.985704183578491211e+00,-7.381319999694824219e+00,-1.805891036987304688e+01,-1.766307067871093750e+01,-1.404459476470947266e+01,-1.088071060180664062e+01,-8.395704269409179688e+00,-1.411326408386230469e+01,-1.633073997497558594e+01,-1.360673332214355469e+01,-1.121941566467285156e+01,-1.240682697296142578e+01,-1.278643226623535156e+01,-7.060081481933593750e+00,-1.776736450195312500e+01,-3.157867240905761719e+01,-3.863218307495117188e+01,-3.004035568237304688e+01,-2.324651718139648438e+01,-1.294835567474365234e+01,-1.596891403198242188e+00,3.282430171966552734e+00,1.956350207328796387e+00,-2.282196521759033203e+00,-6.301422119140625000e-01,1.957190036773681641e+00,-4.722482681274414062e+00,-1.038883399963378906e+01,-7.716088294982910156e+00,-1.200583648681640625e+01,-1.230594825744628906e+01,-1.344975852966308594e+01,-1.536121559143066406e+01,-1.268469238281250000e+01,-6.517096996307373047e+00,-7.467111110687255859e+00,-1.768153762817382812e+01,-2.411156082153320312e+01,-2.082040786743164062e+01,-1.380153274536132812e+01,-1.040790748596191406e+01,-6.393923282623291016e+00,-8.493048667907714844e+00,-1.213156890869140625e+01,-7.151058197021484375e+00,-1.457601070404052734e+01,-1.397484207153320312e+01,-8.753704071044921875e+00,-7.308556079864501953e+00,-1.302541923522949219e+01,-9.693261146545410156e+00,-1.108101654052734375e+01,-1.873308563232421875e+01,-3.420579910278320312e+01,-3.941035461425781250e+01,-3.160618972778320312e+01,-2.777730560302734375e+01,-2.560683441162109375e+01,-1.963315582275390625e+01,-1.768210411071777344e+01,-1.500659656524658203e+01,-1.343626499176025391e+01,-1.289181518554687500e+01,-1.931820106506347656e+01,-1.879037857055664062e+01,-1.695849990844726562e+01,-1.748226928710937500e+01,-1.615317916870117188e+01,-2.036615753173828125e+01,-2.230899238586425781e+01,-1.496288871765136719e+01,-1.730139732360839844e+01,-2.385668945312500000e+01,-2.511744689941406250e+01,-2.060564804077148438e+01,-1.608726692199707031e+01,-1.383112430572509766e+01,-1.531743240356445312e+01,-2.157413673400878906e+01,-2.802552795410156250e+01,-3.414423370361328125e+01,-2.893601417541503906e+01,-1.704892730712890625e+01,-1.687697219848632812e+01,-1.723559951782226562e+01,-2.226995468139648438e+01,-2.577832031250000000e+01,-3.334449005126953125e+01,-2.764089584350585938e+01,-2.041459465026855469e+01,-2.385228919982910156e+01,-2.283758544921875000e+01,-1.663934707641601562e+01,-1.579361629486083984e+01,-1.805472946166992188e+01,-2.127851486206054688e+01,-2.039212989807128906e+01,-1.185428428649902344e+01,-1.033033943176269531e+01,-8.324040412902832031e+00,-5.554093837738037109e+00,-4.979879379272460938e+00,-8.600400924682617188e+00,-1.846627426147460938e+01,-2.756945037841796875e+01,-2.649536514282226562e+01,-2.258268356323242188e+01,-2.390497970581054688e+01,-2.453346633911132812e+01,-2.592491912841796875e+01,-2.712117004394531250e+01,-2.689722442626953125e+01,-2.469653701782226562e+01,-2.706908798217773438e+01,-3.460390472412109375e+01,-2.722780418395996094e+01,-2.356500816345214844e+01,-2.045151519775390625e+01,-1.616415977478027344e+01,-1.528631401062011719e+01,-1.254991149902343750e+01,-2.038881301879882812e+01,-3.278632354736328125e+01,-2.996496772766113281e+01,-2.366371345520019531e+01,-2.155789375305175781e+01,-1.532805061340332031e+01,-1.282047462463378906e+01,-1.356599617004394531e+01,-1.427260684967041016e+01,-1.867939758300781250e+01,-2.377939224243164062e+01,-2.802002334594726562e+01,-2.763699340820312500e+01,-2.755570793151855469e+01,-2.779763603210449219e+01,-2.296496200561523438e+01,-2.102103805541992188e+01,-1.695372962951660156e+01,-1.161503791809082031e+01,-2.047167301177978516e+00,-5.178383827209472656e+00,-1.144053459167480469e+01,-1.793709182739257812e+01,-1.513378524780273438e+01,-9.606125831604003906e+00,-5.557264328002929688e+00,-2.759252548217773438e+00,-2.066637754440307617e+00,-9.534789085388183594e+00,-6.388153553009033203e+00,-1.984901428222656250e+01,-2.657249832153320312e+01,-2.468293571472167969e+01,-1.951332855224609375e+01,-1.744350051879882812e+01,-1.691757965087890625e+01,-2.336231994628906250e+01,-3.563762664794921875e+01,-3.115917968750000000e+01,-2.562960243225097656e+01,-2.110047721862792969e+01,-2.455192565917968750e+01,-2.554769515991210938e+01,-2.488191223144531250e+01,-2.627127456665039062e+01,-2.369959259033203125e+01,-1.783417510986328125e+01,-1.914997482299804688e+01,-2.328758621215820312e+01,-2.855347442626953125e+01,-2.601389694213867188e+01,-2.497113990783691406e+01,-3.019724273681640625e+01,-2.794823074340820312e+01,-1.656845283508300781e+01,-1.501948738098144531e+01,-1.328370475769042969e+01,-8.158997535705566406e+00,-6.389236450195312500e+00,2.406464099884033203e+00,1.328351259231567383e+00,-2.022900581359863281e+00,-2.599423646926879883e+00,-1.025893926620483398e+00,-7.040413856506347656e+00,-1.506333732604980469e+01,-2.067876052856445312e+01,-2.675931358337402344e+01,-2.710275840759277344e+01,-2.471271324157714844e+01,-2.265597534179687500e+01,-1.871685409545898438e+01,-1.469451332092285156e+01,-1.234474754333496094e+01,-1.350675964355468750e+01,-1.710494995117187500e+01,-2.299863433837890625e+01,-2.226859664916992188e+01,-2.276653861999511719e+01,-2.178251647949218750e+01,-1.598377799987792969e+01,-1.509073829650878906e+01,-1.576147651672363281e+01,-1.714508056640625000e+01,-1.093254661560058594e+01,-1.099333953857421875e+01,-1.743268585205078125e+01,-2.893139648437500000e+01,-3.594533538818359375e+01,-3.142276763916015625e+01,-2.676058197021484375e+01,-2.025744438171386719e+01,-1.844114303588867188e+01,-1.031567382812500000e+01,-1.151598834991455078e+01,-1.599111557006835938e+01,-1.780919456481933594e+01,-2.050287246704101562e+01,-1.613478279113769531e+01,-8.207651138305664062e+00,-8.909830093383789062e+00,-1.039103031158447266e+01,-1.098683738708496094e+01,-1.558935260772705078e+01,-2.201140785217285156e+01,-1.938563156127929688e+01,-1.540741825103759766e+01,-1.288274574279785156e+01,-1.735095214843750000e+01,-2.202833175659179688e+01,-1.809848785400390625e+01,-2.390127563476562500e+01,-2.600325584411621094e+01,-2.033735275268554688e+01,-1.665081024169921875e+01,-1.719309234619140625e+01,-1.358358860015869141e+01,-1.060224342346191406e+01,-1.323776054382324219e+01,-1.562356662750244141e+01,-1.050773048400878906e+01,-1.130226898193359375e+01,-1.733757781982421875e+01,-1.583390998840332031e+01,-1.292980098724365234e+01,-1.573343658447265625e+01,-1.833741760253906250e+01,-2.185250091552734375e+01,-2.794584655761718750e+01,-2.786850547790527344e+01,-2.607074737548828125e+01,-2.156406402587890625e+01,-1.253377437591552734e+01,-8.450832366943359375e+00,-7.269037246704101562e+00,-4.679739952087402344e+00,-2.599342346191406250e+00,-4.258976459503173828e+00,-4.360872268676757812e+00,-5.390806198120117188e+00,-5.276042938232421875e+00,-8.473010063171386719e+00,-1.005167388916015625e+01,-5.845753669738769531e+00,-5.980900764465332031e+00,-6.611870288848876953e+00,-5.029525756835937500e+00,-5.995385169982910156e+00,-7.590151309967041016e+00,-7.154093742370605469e+00,-2.007194757461547852e+00,7.039263248443603516e-01,-7.133655548095703125e+00,-9.293834686279296875e+00,1.233813464641571045e-01,-4.894082546234130859e+00,-8.144156455993652344e+00,-1.074693870544433594e+01,-6.024580955505371094e+00,-5.308766365051269531e+00,-5.102122306823730469e+00,-2.728959560394287109e+00,-6.340903282165527344e+00,-2.494310760498046875e+01,-3.088351440429687500e+01,-2.850330734252929688e+01,-2.216957283020019531e+01,-1.914445114135742188e+01,-1.919006729125976562e+01,-2.021355438232421875e+01,-2.569987297058105469e+01,-2.851368141174316406e+01,-2.423667144775390625e+01,-1.854162979125976562e+01,-1.930471420288085938e+01,-2.124127578735351562e+01,-2.453342819213867188e+01,-2.760467720031738281e+01,-2.375085830688476562e+01,-2.154573059082031250e+01,-2.344994926452636719e+01,-2.397675895690917969e+01,-1.734970855712890625e+01,-1.611756706237792969e+01,-2.628448486328125000e+01,-2.789585304260253906e+01,-2.341260910034179688e+01,-1.839254379272460938e+01,-1.377983474731445312e+01,-1.591905307769775391e+01,-1.542670154571533203e+01,-1.023184585571289062e+01,-1.067372512817382812e+01,-1.814730453491210938e+01,-2.405549240112304688e+01,-2.589071273803710938e+01,-2.733992767333984375e+01,-3.089091491699218750e+01,-2.735645294189453125e+01,-2.275090217590332031e+01,-2.221157264709472656e+01,-2.141212844848632812e+01,-1.533233070373535156e+01,-1.530862140655517578e+01,-1.751514053344726562e+01,-1.550257492065429688e+01,-8.942670822143554688e+00,-8.564966201782226562e+00,-9.112819671630859375e+00,-4.490507125854492188e+00,-3.792126655578613281e+00,-2.637375354766845703e+00,-4.922395706176757812e+00,-3.247080326080322266e+00,-1.015153527259826660e+00,-1.179426908493041992e+00,-4.943630218505859375e+00,-4.932987689971923828e+00,-3.987431526184082031e-02,4.685018539428710938e+00,1.107174515724182129e+00,-2.487753391265869141e+00,-5.441209673881530762e-01,-3.344306468963623047e+00,-1.316454887390136719e+00,2.720053434371948242e+00,1.984868884086608887e+00,-3.067398786544799805e+00,-4.933076858520507812e+00,-2.440074682235717773e+00,-9.256359100341796875e+00,-2.173280715942382812e+00,5.805706024169921875e+00,3.029167413711547852e+00,-2.259777307510375977e+00,-2.387339591979980469e+00,-7.968333244323730469e+00,-1.997193908691406250e+01,-1.338766193389892578e+01,-1.152358341217041016e+01,-1.065484809875488281e+01,-9.459920883178710938e+00,-1.702058029174804688e+01,-2.839874267578125000e+01,-3.352074432373046875e+01,-3.042700576782226562e+01,-2.507795333862304688e+01,-2.699841308593750000e+01,-2.627212333679199219e+01,-2.218300247192382812e+01,-1.939505577087402344e+01,-1.725076103210449219e+01,-2.353210067749023438e+01,-2.866724777221679688e+01,-2.747335815429687500e+01,-1.962062835693359375e+01,-1.764012908935546875e+01,-1.586993408203125000e+01,-1.787083435058593750e+01,-2.623095703125000000e+01,-2.457756042480468750e+01,-1.981495285034179688e+01,-2.071168136596679688e+01,-2.061586952209472656e+01,-2.504722213745117188e+01,-2.645853424072265625e+01,-1.436536884307861328e+01,-6.130573272705078125e+00,-1.575306892395019531e+00,3.121344089508056641e+00,7.710196018218994141e+00,2.778978586196899414e+00,2.082504749298095703e+00,4.098888397216796875e+00,4.649532437324523926e-01,-4.985279083251953125e+00,-1.470946502685546875e+01,-1.800432205200195312e+01,-1.729105758666992188e+01,-2.278649520874023438e+01,-2.076325988769531250e+01,-1.580414295196533203e+01,-1.376308441162109375e+01,-1.549896907806396484e+01,-1.902704048156738281e+01,-2.261180114746093750e+01,-2.814186477661132812e+01,-2.955159187316894531e+01,-2.580039215087890625e+01,-2.129534149169921875e+01,-1.894176483154296875e+01,-1.759543418884277344e+01,-2.580469512939453125e+01,-2.524792861938476562e+01,-2.089867973327636719e+01,-2.095124435424804688e+01,-2.224980926513671875e+01,-1.892214012145996094e+01,-1.707341194152832031e+01,-2.416315650939941406e+01,-2.839307212829589844e+01,-2.353604125976562500e+01,-2.338974189758300781e+01,-2.609677124023437500e+01,-2.542293548583984375e+01,-2.389927673339843750e+01,-2.242368316650390625e+01,-2.330138397216796875e+01,-2.456054687500000000e+01,-2.169964981079101562e+01,-1.758150863647460938e+01,-1.619701766967773438e+01,-1.312117195129394531e+01,-1.163826370239257812e+01,-1.518122863769531250e+01,-1.425872325897216797e+01,-1.194754600524902344e+01,-1.628908538818359375e+01,-2.416426849365234375e+01,-2.992567062377929688e+01,-3.070451354980468750e+01,-2.482050704956054688e+01,-1.657463836669921875e+01,-9.953587532043457031e+00,-1.088024711608886719e+01,-1.374791526794433594e+01,-1.767192459106445312e+01,-2.100164413452148438e+01,-1.849662780761718750e+01,-1.451716995239257812e+01,-9.975688934326171875e+00,-7.688272476196289062e+00,-6.818275451660156250e+00,-1.643606758117675781e+01,-2.101428604125976562e+01,-2.499445915222167969e+01,-2.850170898437500000e+01,-2.699830245971679688e+01,-2.563337898254394531e+01,-2.355784225463867188e+01,-1.896086883544921875e+01,-2.022034645080566406e+01,-1.961953353881835938e+01,-1.665654563903808594e+01,-1.442045974731445312e+01,-1.120461845397949219e+01,-1.393178749084472656e+01,-2.477196502685546875e+01,-2.883447837829589844e+01,-2.815772247314453125e+01,-2.328069114685058594e+01,-2.311966514587402344e+01,-3.033492660522460938e+01,-3.016165351867675781e+01,-2.055464553833007812e+01,-9.184091567993164062e+00,-7.214234769344329834e-02,-1.504772663116455078e+00,-7.477525711059570312e+00,-1.706611824035644531e+01,-2.176981353759765625e+01,-1.731374359130859375e+01,-1.746123123168945312e+01,-1.537766265869140625e+01,-1.448776817321777344e+01,-1.224382781982421875e+01,-7.746862411499023438e+00,-6.693870544433593750e+00,-9.500349044799804688e+00,-9.477180480957031250e+00,-1.345289993286132812e+01,-1.931147003173828125e+01,-1.926129150390625000e+01,-1.520778846740722656e+01,-1.719382858276367188e+01,-2.040805816650390625e+01,-1.717259979248046875e+01,-1.929904556274414062e+01,-1.741832160949707031e+01,-1.025125312805175781e+01,-1.587829780578613281e+01,-1.569401931762695312e+01,-1.417307472229003906e+01,-1.625276756286621094e+01,-1.297202777862548828e+01,-1.590915203094482422e+01,-1.332467460632324219e+01,-6.977879524230957031e+00,-3.272927284240722656e+00,-2.295790195465087891e+00,-1.743886828422546387e+00,5.903635025024414062e-01,-1.040048122406005859e+00,-6.669525623321533203e+00,-6.219454765319824219e+00,-7.775975465774536133e-01,-3.758913993835449219e+00,-4.181658744812011719e+00,-6.301620960235595703e+00,-4.793916702270507812e+00,1.221600055694580078e+00,-2.892927885055541992e+00,-6.885439395904541016e+00,-7.214397907257080078e+00,-5.065411567687988281e+00,-2.982956409454345703e+00,-6.589317321777343750e+00,-9.389434814453125000e+00,-8.424877166748046875e+00,-9.819890022277832031e+00,-9.279729843139648438e+00,-6.724189758300781250e+00,-6.918477058410644531e+00,-6.355587959289550781e+00,-5.029615402221679688e+00,-5.717223644256591797e+00,-1.521003007888793945e+00,-3.043168544769287109e+00,-8.311451911926269531e+00,-3.955845832824707031e+00,-2.912551641464233398e+00,-8.869789123535156250e+00,-4.334254264831542969e+00,3.295029401779174805e-01,-2.036381959915161133e+00,-6.445624351501464844e+00,-3.619611740112304688e+00,-4.806572198867797852e-01,-2.784157276153564453e+00,-7.878868103027343750e+00,-9.631406784057617188e+00,-8.474248886108398438e+00,-1.522921562194824219e+01,-2.064845657348632812e+01,-1.939788436889648438e+01,-1.381291770935058594e+01,-1.477579307556152344e+01,-1.991502761840820312e+01,-2.118384933471679688e+01,-2.175125885009765625e+01,-2.293696403503417969e+01,-1.566590309143066406e+01,-9.181425094604492188e+00,-1.963321876525878906e+01,-2.354198265075683594e+01,-1.837292671203613281e+01,-1.936043548583984375e+01,-1.760526084899902344e+01,-1.774282646179199219e+01,-1.606211471557617188e+01,-1.667824935913085938e+01,-1.331536197662353516e+01,-7.614400863647460938e+00,-2.461803197860717773e+00,-4.106028556823730469e+00,-3.369632482528686523e+00,-5.789241790771484375e+00,-2.133763313293457031e+01,-2.408114433288574219e+01,-2.373831939697265625e+01,-2.633104705810546875e+01,-2.550239562988281250e+01,-2.314788436889648438e+01,-2.647952651977539062e+01,-2.682466506958007812e+01,-1.524174976348876953e+01,-8.775581359863281250e+00,-1.563876914978027344e+01,-1.806014633178710938e+01,-2.519665908813476562e+01,-3.158960151672363281e+01,-3.186527633666992188e+01,-2.462173461914062500e+01,-2.296862602233886719e+01,-2.142036437988281250e+01,-2.237894821166992188e+01,-1.903969192504882812e+01,-2.474980735778808594e+01,-2.565695571899414062e+01,-2.035662078857421875e+01,-1.926259040832519531e+01,-2.103074264526367188e+01,-2.397781753540039062e+01,-2.835244750976562500e+01,-2.408348464965820312e+01,-2.023430633544921875e+01,-2.059431838989257812e+01,-1.995125770568847656e+01,-2.639957427978515625e+01,-2.846316719055175781e+01,-2.969187545776367188e+01,-3.139330673217773438e+01,-3.525032806396484375e+01,-3.259457397460937500e+01,-3.718705749511718750e+01,-3.102107238769531250e+01,-1.811350631713867188e+01,-1.299836826324462891e+01,-1.055065727233886719e+01,-9.352224349975585938e+00,-8.992197036743164062e+00,-7.109021186828613281e+00,-7.268012046813964844e+00,-5.213139533996582031e+00,-4.863931655883789062e+00,-6.192997932434082031e+00,-6.252915859222412109e+00,-5.410074234008789062e+00,-2.784040451049804688e+00,-5.746898651123046875e+00,-7.224925041198730469e+00,-8.492412567138671875e+00,-7.772203445434570312e+00,-7.289900779724121094e+00,-2.192664623260498047e+00,-3.779737710952758789e+00,-5.763607501983642578e+00,-4.991231918334960938e+00,-5.835558414459228516e+00,-5.494865894317626953e+00,-7.253242015838623047e+00,-6.831250667572021484e+00,-1.408070182800292969e+01,-2.402029228210449219e+01,-2.612655639648437500e+01,-2.666583633422851562e+01,-2.852118301391601562e+01,-3.024782943725585938e+01,-2.856014251708984375e+01,-2.692366600036621094e+01,-2.318228721618652344e+01,-2.224351501464843750e+01,-2.325426864624023438e+01,-2.094094848632812500e+01,-1.848937797546386719e+01,-1.473254776000976562e+01,-2.205366897583007812e+01,-2.012155342102050781e+01,-1.256441497802734375e+01,-1.488413810729980469e+01,-2.215211868286132812e+01,-2.484998512268066406e+01,-3.222692489624023438e+01,-3.355383682250976562e+01,-3.015386390686035156e+01,-2.722574424743652344e+01,-2.649387359619140625e+01,-2.710767364501953125e+01,-2.303306961059570312e+01,-2.071542930603027344e+01,-2.453404235839843750e+01,-2.631236267089843750e+01,-2.537534904479980469e+01,-2.964161491394042969e+01,-3.075397491455078125e+01,-2.754242324829101562e+01,-2.828639030456542969e+01,-2.538694000244140625e+01,-2.259611511230468750e+01,-1.602948188781738281e+01,-1.212144565582275391e+01,-1.097488975524902344e+01,-1.275749397277832031e+01,-1.863519096374511719e+01,-2.013224411010742188e+01,-2.517546463012695312e+01,-2.276157379150390625e+01,-1.009736442565917969e+01,-4.823651313781738281e+00,-3.888365507125854492e+00,-5.994879245758056641e+00,-1.153372955322265625e+01,-1.634954452514648438e+01,-1.974147796630859375e+01,-2.060511016845703125e+01,-2.236196136474609375e+01,-2.310824203491210938e+01,-2.239615249633789062e+01,-1.705468177795410156e+01,-1.873969268798828125e+01,-1.700768470764160156e+01,-1.549558067321777344e+01,-1.463944625854492188e+01,-1.385654163360595703e+01,-1.156229782104492188e+01,-1.136819076538085938e+01,-7.502059936523437500e+00,-2.589630603790283203e+00,-1.628278732299804688e+00,-1.873666644096374512e+00,-2.674862384796142578e+00,-8.669953346252441406e+00,-7.681437492370605469e+00,-1.243815898895263672e+01,-9.218644142150878906e+00,-3.951255798339843750e+00,-1.064362525939941406e+00,-4.044667243957519531e+00,-5.615820884704589844e+00,-8.735970497131347656e+00,-1.281390380859375000e+01,-1.196205806732177734e+01,-8.992998123168945312e+00,-7.454011917114257812e+00,-3.592023372650146484e+00,-4.178990840911865234e+00,-6.019647121429443359e+00,-1.355512428283691406e+01,-1.301651382446289062e+01,-1.714991188049316406e+01,-1.629342651367187500e+01,-1.707396507263183594e+01,-2.008256530761718750e+01,-2.784537124633789062e+01,-3.855274200439453125e+01,-4.380789947509765625e+01,-4.708869171142578125e+01,-3.889754486083984375e+01,-2.908665275573730469e+01,-1.969200706481933594e+01,-1.668089866638183594e+01,-2.069300460815429688e+01,-2.205485534667968750e+01,-2.109443473815917969e+01,-1.969757843017578125e+01,-2.382742309570312500e+01,-2.929587554931640625e+01,-2.969567489624023438e+01,-2.233691787719726562e+01,-1.774776077270507812e+01,-6.620654106140136719e+00,-1.375787258148193359e+00,-3.963686466217041016e+00,-6.868275642395019531e+00,-3.908896207809448242e+00,-7.451128959655761719e-02,3.723082304000854492e+00,7.065783739089965820e-01,-3.475310325622558594e+00,-3.234170436859130859e+00,-2.034525156021118164e+00,-3.781718969345092773e+00,-4.579546928405761719e+00,-3.905804157257080078e+00,-8.161504745483398438e+00,-9.113842010498046875e+00,-1.954450225830078125e+01,-1.671988296508789062e+01,-1.315027809143066406e+01,-1.277260684967041016e+01,-1.725130462646484375e+01,-1.407355308532714844e+01,-1.350357627868652344e+01,-1.252210235595703125e+01,-7.621459960937500000e+00,-4.290856838226318359e+00,9.565845131874084473e-01,-2.154257297515869141e+00,-1.682708263397216797e+00,-5.661447525024414062e+00,-1.419933605194091797e+01,-1.799229431152343750e+01,-1.891524314880371094e+01,-2.677116966247558594e+01,-2.532187080383300781e+01,-1.789059448242187500e+01,-1.467796897888183594e+01,-1.479057502746582031e+01,-1.945740509033203125e+01,-1.159769535064697266e+01,-4.062635421752929688e+00,-3.945026636123657227e+00,-8.742569923400878906e+00,-2.018240165710449219e+01,-2.112077903747558594e+01,-1.947797584533691406e+01,-1.639974975585937500e+01,-1.333598327636718750e+01,-1.643681335449218750e+01,-1.402289199829101562e+01,-8.207385063171386719e+00,-4.895238876342773438e+00,-1.643350601196289062e+01,-2.206744575500488281e+01,-1.691901206970214844e+01,-8.968111038208007812e+00,-1.256255388259887695e+00,2.237819433212280273e+00,-2.220496416091918945e+00,6.506553888320922852e-01,-3.445447444915771484e+00,-1.864474296569824219e+01,-2.401030731201171875e+01,-2.379310607910156250e+01,-1.754899978637695312e+01,-1.360514450073242188e+01,-1.158678150177001953e+01,-1.623698043823242188e+01,-2.822384262084960938e+01,-3.778633499145507812e+01,-3.431372070312500000e+01,-3.013317871093750000e+01,-2.647997665405273438e+01,-1.891762161254882812e+01,-1.632536888122558594e+01,-2.104100418090820312e+01,-2.066569328308105469e+01,-1.929103279113769531e+01,-1.386258316040039062e+01,-1.901878738403320312e+01,-3.034791946411132812e+01,-2.964369964599609375e+01,-2.661202621459960938e+01,-2.063109207153320312e+01,-1.622887420654296875e+01,-1.646775054931640625e+01,-1.290124130249023438e+01,-1.396678924560546875e+01,-1.623892593383789062e+01,-1.105239868164062500e+01,-1.295577621459960938e+01,-2.290835571289062500e+01,-2.076395797729492188e+01,-1.812156677246093750e+01,-1.918549728393554688e+01,-1.530270099639892578e+01,-1.130810546875000000e+01,-7.454080581665039062e+00,-1.016565132141113281e+01,-9.040349006652832031e+00,-9.905677795410156250e+00,-7.658220291137695312e+00,-3.693414449691772461e+00,5.003638267517089844e+00,4.095548629760742188e+00,-5.075860500335693359e+00,-5.395036697387695312e+00,-1.183227777481079102e+00,2.515383362770080566e-01,-6.812557578086853027e-01,-1.259664058685302734e+00,-3.588119029998779297e+00,-1.532486200332641602e+00,-2.163403749465942383e+00,4.420634508132934570e-01,-2.457132935523986816e-01,-1.959043979644775391e+00,-5.045809149742126465e-01,-2.176429510116577148e+00,-4.467911720275878906e+00,-3.508372783660888672e+00,-6.801163673400878906e+00,-4.484306335449218750e+00,-5.134126186370849609e+00,-8.028347015380859375e+00,-4.411254882812500000e+00,-7.667287826538085938e+00,-5.937377452850341797e+00,-2.793030261993408203e+00,-1.824513077735900879e-01,-2.255905628204345703e+00,-3.688167333602905273e+00,-2.473266601562500000e+00,-4.879956245422363281e+00,-5.273715972900390625e+00,-1.181196022033691406e+01,-1.161459636688232422e+01,-8.897078514099121094e+00,-5.967239856719970703e+00,-5.922436714172363281e+00,-7.944921493530273438e+00,-1.116183757781982422e+01,-9.426767349243164062e+00,-1.439523506164550781e+01,-3.219024276733398438e+01,-2.971400833129882812e+01,-2.344949722290039062e+01,-1.982693672180175781e+01,-1.756549835205078125e+01,-1.193725395202636719e+01,-7.586466312408447266e+00,-1.376186370849609375e+01,-1.755644798278808594e+01,-1.201822566986083984e+01,-9.149352073669433594e+00,-1.102682209014892578e+01,-4.064011573791503906e+00,1.774353981018066406e+00,-3.965087652206420898e+00,-1.187953853607177734e+01,-1.299085426330566406e+01,-1.049490833282470703e+01,-5.517548084259033203e+00,-2.958076477050781250e+00,-5.716580867767333984e+00,-1.142343997955322266e+01,-1.340277290344238281e+01,-1.225459480285644531e+01,-1.037915897369384766e+01,-1.054420185089111328e+01,-1.382040500640869141e+01,-1.604245758056640625e+01,-2.327172088623046875e+01,-2.390005111694335938e+01,-2.030294418334960938e+01,-1.926928901672363281e+01,-1.911325073242187500e+01,-2.425796890258789062e+01,-2.190885734558105469e+01,-1.784575653076171875e+01,-1.598010826110839844e+01,-1.519837379455566406e+01,-1.498142242431640625e+01,-1.134020709991455078e+01,-9.355779647827148438e+00,-1.113760471343994141e+01,-1.676753997802734375e+01,-1.997419738769531250e+01,-2.255373764038085938e+01,-1.532753658294677734e+01,-1.501108932495117188e+01,-1.194464492797851562e+01,-1.155738258361816406e+01,-1.277453804016113281e+01,-1.380291938781738281e+01,-2.324231529235839844e+01,-2.545756530761718750e+01,-2.401771545410156250e+01,-2.537009429931640625e+01,-2.582009315490722656e+01,-2.356056976318359375e+01,-2.185721206665039062e+01,-2.275500679016113281e+01,-2.299318695068359375e+01,-1.950531005859375000e+01,-1.511539649963378906e+01,-1.490048599243164062e+01,-9.623262405395507812e+00,-1.857928872108459473e+00,7.779560089111328125e-01,6.039840698242187500e+00,5.478249073028564453e+00,1.834373831748962402e+00,2.836653470993041992e+00,7.352096557617187500e+00,1.308628082275390625e+01,1.174056053161621094e+01,9.364680290222167969e+00,-4.497348785400390625e+00,-1.431711769104003906e+01,-1.429215431213378906e+01,-1.484848785400390625e+01,-1.712863349914550781e+01,-2.284310722351074219e+01,-2.289516448974609375e+01,-2.145943641662597656e+01,-1.882822227478027344e+01,-2.474119567871093750e+01,-2.933083915710449219e+01,-2.904409980773925781e+01,-2.048843002319335938e+01,-1.175500869750976562e+01,-9.072506904602050781e+00,-1.150932407379150391e+01,-8.857753753662109375e+00,-4.047504425048828125e+00,-7.094721317291259766e+00,-1.395099258422851562e+01,-1.525330352783203125e+01,-1.241912460327148438e+01,-1.496320533752441406e+01,-1.720627784729003906e+01,-1.899531936645507812e+01,-1.991300964355468750e+01,-1.111904144287109375e+01,-7.601156711578369141e+00,-1.192568874359130859e+01,-1.171955680847167969e+01,-1.109253311157226562e+01,-5.391702651977539062e+00,-8.339565277099609375e+00,-9.367648124694824219e+00,-1.055627632141113281e+01,-4.337150752544403076e-01,-4.011891365051269531e+00,-8.165557861328125000e+00,-1.301405811309814453e+01,-1.801312255859375000e+01,-1.500564098358154297e+01,-1.347939682006835938e+01,-1.738943672180175781e+01,-2.247809982299804688e+01,-2.244448852539062500e+01,-2.237270736694335938e+01,-2.273140907287597656e+01,-2.489502716064453125e+01,-2.538218307495117188e+01,-2.180610656738281250e+01,-2.816845703125000000e+01,-3.409067153930664062e+01,-3.011407279968261719e+01,-2.586533164978027344e+01,-2.446882629394531250e+01,-2.269315147399902344e+01,-1.702814865112304688e+01,-2.199500656127929688e+01,-2.256177902221679688e+01,-2.013476943969726562e+01,-1.605558013916015625e+01,-1.979226684570312500e+01,-2.353386306762695312e+01,-1.516351890563964844e+01,-8.516859054565429688e+00,-8.857167243957519531e+00,-9.162398338317871094e+00,-6.680186271667480469e+00,-1.500675964355468750e+01,-2.311572647094726562e+01,-1.902211380004882812e+01,-1.461849308013916016e+01,-7.483830451965332031e+00,-9.218643188476562500e+00,-1.147708511352539062e+01,-1.081338500976562500e+01,-1.389122581481933594e+01,-1.377153778076171875e+01,-1.084084987640380859e+01,-1.373476886749267578e+01,-2.060028839111328125e+01,-1.916726875305175781e+01,-1.639329147338867188e+01,-9.869361877441406250e+00,4.612699449062347412e-01,-4.601394653320312500e+00,-2.681491851806640625e+00,-7.267973899841308594e+00,-1.888685226440429688e+01,-2.427939605712890625e+01,-2.801021957397460938e+01,-2.407169342041015625e+01,-2.011281204223632812e+01,-1.944289779663085938e+01,-1.743161201477050781e+01,-2.534606552124023438e+01,-2.655927658081054688e+01,-2.371653175354003906e+01,-1.740262985229492188e+01,-8.354125976562500000e+00,-4.724454879760742188e+00,-1.325595092773437500e+01,-1.908638000488281250e+01,-2.154944229125976562e+01,-1.783946228027343750e+01,-1.674752044677734375e+01,-1.504973793029785156e+01,-1.425390052795410156e+01,-1.712452125549316406e+01,-1.716883087158203125e+01,-1.580935096740722656e+01,-1.427893924713134766e+01,-6.074369430541992188e+00,-2.829755067825317383e+00,-2.368371009826660156e+00,-5.140316486358642578e+00,-7.315302371978759766e+00,-9.396057128906250000e+00,-1.499946880340576172e+01,-1.118479728698730469e+01,-9.015228271484375000e+00,-6.506195545196533203e+00,-7.567772388458251953e+00,-4.296896457672119141e+00,-5.126680850982666016e+00,-2.187612533569335938e+00,-8.110277056694030762e-01,-5.066344261169433594e+00,-2.396960735321044922e+00,-6.230156898498535156e+00,-8.261919021606445312e+00,-5.731632232666015625e+00,-8.905416488647460938e+00,-1.358174705505371094e+01,-8.970630645751953125e+00,-5.727015495300292969e+00,-7.186789512634277344e+00,-1.102936744689941406e+01,-8.439571380615234375e+00,-4.753846645355224609e+00,-4.408830642700195312e+00,-1.153166294097900391e+01,-1.676990509033203125e+01,-2.501402282714843750e+01,-3.783279418945312500e+01,-3.670681762695312500e+01,-2.237356948852539062e+01,-1.338468456268310547e+01,-1.570500755310058594e+01,-1.742839050292968750e+01,-1.017893409729003906e+01,-1.283344268798828125e+01,-1.353304004669189453e+01,-1.826025009155273438e+01,-1.512777519226074219e+01,-8.759571075439453125e+00,-1.001064491271972656e+01,-6.619845390319824219e+00,-3.190010070800781250e+00,-5.697871208190917969e+00,-7.397994041442871094e+00,-8.468650817871093750e+00,-1.538484859466552734e+01,-2.243695831298828125e+01,-2.816759490966796875e+01,-3.317468261718750000e+01,-2.507560729980468750e+01,-1.877585220336914062e+01,-2.010606384277343750e+01,-1.842280960083007812e+01,-1.516189765930175781e+01,-1.343346405029296875e+01,-1.028494071960449219e+01,-8.242586135864257812e+00,-6.868644714355468750e+00,-9.556979179382324219e+00,-9.787130355834960938e+00,-8.708250045776367188e+00,-7.598886489868164062e+00,-9.456109046936035156e+00,-9.725701332092285156e+00,-6.627760887145996094e+00,-3.127376556396484375e+00,-3.675185918807983398e+00,-5.072072029113769531e+00,-1.619716882705688477e+00,1.128571152687072754e+00,2.395141839981079102e+00,-1.506019115447998047e+00,-3.683393955230712891e+00,-2.619254827499389648e+00,-3.555967092514038086e+00,-4.030788898468017578e+00,-4.486422538757324219e+00,-5.854171752929687500e+00,-7.810393333435058594e+00,-1.164700603485107422e+01,-9.130996704101562500e+00,-8.767919540405273438e+00,-3.095761775970458984e+00,-2.265986442565917969e+00,-3.648970603942871094e+00,-2.632559537887573242e+00,3.174771368503570557e-01,-2.158550739288330078e+00,-5.743550300598144531e+00,-2.158479213714599609e+00,-5.026632308959960938e+00,-7.709635257720947266e+00,-9.950227737426757812e+00,-6.719387054443359375e+00,-7.959642410278320312e-01,-4.853572845458984375e+00,-6.239233016967773438e+00,-3.350000858306884766e+00,-2.632052898406982422e+00,-2.304434299468994141e+00,-3.786469697952270508e-01,-1.064658761024475098e+00,-4.020701885223388672e+00,-2.815056800842285156e+00,4.265083074569702148e-01,-2.496987104415893555e+00,-3.598937034606933594e+00,-4.808584213256835938e+00,-7.658380031585693359e+00,-6.445277214050292969e+00,-9.305481910705566406e+00,-2.077532196044921875e+01,-3.337446212768554688e+01,-3.895196914672851562e+01,-2.754825592041015625e+01,-2.013339996337890625e+01,-1.963721466064453125e+01,-1.738665962219238281e+01,-2.216592788696289062e+01,-2.135859680175781250e+01,-2.126667022705078125e+01,-2.586615562438964844e+01,-2.258826828002929688e+01,-2.082339477539062500e+01,-2.450238037109375000e+01,-2.144207572937011719e+01,-1.749923706054687500e+01,-1.522559261322021484e+01,-1.071192359924316406e+01,-1.037199306488037109e+01,-9.170370101928710938e-01,-6.166936397552490234e+00,-1.123185825347900391e+01,-1.476829528808593750e+01,-2.186925125122070312e+01,-2.704212188720703125e+01,-2.465816879272460938e+01,-2.314542388916015625e+01,-2.363880920410156250e+01,-2.478601837158203125e+01,-2.283778381347656250e+01,-2.800721168518066406e+01,-3.365112304687500000e+01,-2.351037216186523438e+01,-2.010956192016601562e+01,-1.668819808959960938e+01,-1.753589248657226562e+01,-2.587221527099609375e+01,-2.651091575622558594e+01,-2.875037956237792969e+01,-2.806212043762207031e+01,-2.163033485412597656e+01,-1.763505172729492188e+01,-1.999487113952636719e+01,-1.571616744995117188e+01,-1.887803268432617188e+01,-1.767415809631347656e+01,-1.757156372070312500e+01,-1.952072143554687500e+01,-2.652884674072265625e+01,-3.082327079772949219e+01,-3.193326759338378906e+01,-3.096138763427734375e+01,-2.706251525878906250e+01,-2.615361022949218750e+01,-2.057375335693359375e+01,-1.714379119873046875e+01,-1.425855064392089844e+01,-1.370038604736328125e+01,-1.574969577789306641e+01,-1.976978302001953125e+01,-1.928862762451171875e+01,-1.222099876403808594e+01,-1.235966873168945312e+01,-1.319674587249755859e+01,-2.753330993652343750e+01,-3.415026855468750000e+01,-3.357247924804687500e+01,-2.642459869384765625e+01,-1.730076599121093750e+01,-1.308843040466308594e+01,-1.975618362426757812e+01,-2.584950256347656250e+01,-2.103984069824218750e+01,-1.921602439880371094e+01,-1.441630172729492188e+01,-2.238364410400390625e+01,-2.357278823852539062e+01,-2.282476806640625000e+01,-2.169028282165527344e+01,-2.273814010620117188e+01,-2.283113670349121094e+01,-2.891101455688476562e+01,-3.155788803100585938e+01,-3.254176330566406250e+01,-2.605944824218750000e+01,-1.865278816223144531e+01,-1.794719696044921875e+01,-1.693441772460937500e+01,-1.244554615020751953e+01,-1.149364280700683594e+01,-9.642120361328125000e+00,-1.025546646118164062e+01,-5.892634391784667969e+00,-7.976216793060302734e+00,-8.015243530273437500e+00,-4.710475921630859375e+00,-8.014566421508789062e+00,-5.042839050292968750e+00,-4.959345340728759766e+00,-1.023357582092285156e+01,-6.672311782836914062e+00,-9.359458923339843750e+00,-1.470804405212402344e+01,-1.415874290466308594e+01,-1.117290878295898438e+01,-3.548341751098632812e+00,6.458050012588500977e-02,8.633403778076171875e-01,1.242184638977050781e+00,-5.599454402923583984e+00,-3.480198383331298828e-01,-1.259181976318359375e+00,-4.289593696594238281e+00,-5.581079483032226562e+00,-3.368299722671508789e+00,-4.073083400726318359e+00,-4.078922271728515625e+00,-4.471713066101074219e+00,-6.098651885986328125e+00,-4.977854490280151367e-01,-3.438232421875000000e+00,-1.161669254302978516e+00,-4.628295898437500000e+00,-6.564751625061035156e+00,-8.920635223388671875e+00,-6.732168674468994141e+00,5.104910135269165039e-01,1.791575551033020020e-01,1.830235242843627930e+00,1.769368529319763184e+00,-5.521539688110351562e+00,-7.706845283508300781e+00,-9.475881576538085938e+00,-6.171634197235107422e+00,-5.329949855804443359e+00,-8.525775909423828125e+00,-9.653836250305175781e+00,-8.616491317749023438e+00,-1.141978263854980469e+01,-1.653218460083007812e+01,-1.331358623504638672e+01,-7.959722518920898438e+00,-1.000810337066650391e+01,-1.024236774444580078e+01,-5.212187290191650391e+00,-8.459798812866210938e+00,-1.135729503631591797e+01,-1.509928035736083984e+01,-2.140221786499023438e+01,-2.889366722106933594e+01,-2.760125732421875000e+01,-1.713735580444335938e+01,-1.724054718017578125e+01,-2.020347595214843750e+01,-2.003353881835937500e+01,-1.861505317687988281e+01,-2.254540634155273438e+01,-2.084392929077148438e+01,-1.927347183227539062e+01,-1.953324127197265625e+01,-1.901183700561523438e+01,-1.771414756774902344e+01,-1.562057113647460938e+01,-1.599324417114257812e+01,-2.037344360351562500e+01,-2.299018096923828125e+01,-2.056887435913085938e+01,-1.764682388305664062e+01,-2.296307754516601562e+01,-2.538921546936035156e+01,-2.294695091247558594e+01,-1.709991455078125000e+01,-2.050299835205078125e+01,-2.207843017578125000e+01,-2.094260406494140625e+01,-2.459056282043457031e+01,-2.267934036254882812e+01,-2.481763458251953125e+01,-2.631180191040039062e+01,-2.120458221435546875e+01,-1.682926559448242188e+01,-1.055531692504882812e+01,-7.470720291137695312e+00,-1.302605819702148438e+01,-2.680195617675781250e+01,-3.037250328063964844e+01,-3.102952194213867188e+01,-2.960548782348632812e+01,-2.927492141723632812e+01,-2.618609619140625000e+01,-2.592127990722656250e+01,-2.439370727539062500e+01,-2.276945686340332031e+01,-1.948856925964355469e+01,-1.912901878356933594e+01,-2.486718750000000000e+01,-2.420194625854492188e+01,-2.569966888427734375e+01,-2.466491889953613281e+01,-2.253849601745605469e+01,-2.082577514648437500e+01,-2.105726242065429688e+01,-2.144858169555664062e+01,-1.943975830078125000e+01,-2.152355957031250000e+01,-2.894972038269042969e+01,-3.737681579589843750e+01,-3.955088043212890625e+01,-3.656032562255859375e+01,-3.249660110473632812e+01,-2.623899078369140625e+01,-2.412855911254882812e+01,-2.522066879272460938e+01,-2.685830688476562500e+01,-2.452626037597656250e+01,-1.850035858154296875e+01,-1.420987224578857422e+01,-1.439976501464843750e+01,-9.010520935058593750e+00,-7.774449825286865234e+00,-9.746915817260742188e+00,-4.675836563110351562e+00,-1.975631833076477051e+00,-6.787295341491699219e+00,-1.191166973114013672e+01,-1.219507694244384766e+01,-1.518798828125000000e+01,-2.481659317016601562e+01,-3.205567169189453125e+01,-2.937921524047851562e+01,-2.885503387451171875e+01,-3.153106880187988281e+01,-2.592474937438964844e+01,-1.931009483337402344e+01,-1.460823249816894531e+01,-1.198702621459960938e+01,-9.201980590820312500e+00,-8.346287727355957031e+00,-1.046160030364990234e+01,-1.113749122619628906e+01,-1.434906768798828125e+01,-1.439077758789062500e+01,-1.637187576293945312e+01,-1.939762496948242188e+01,-2.597306060791015625e+01,-3.415092468261718750e+01,-2.977611541748046875e+01,-2.480472946166992188e+01,-1.747085189819335938e+01,-1.658295822143554688e+01,-1.889705276489257812e+01,-1.624594116210937500e+01,-1.439768600463867188e+01,-1.386424064636230469e+01,-1.172035789489746094e+01,-8.151460647583007812e+00,-8.392610549926757812e+00,-1.384410667419433594e+01,-1.258314132690429688e+01,-1.115120887756347656e+01,-1.050661849975585938e+01,-7.714668273925781250e+00,-1.080270290374755859e+01,-1.384288787841796875e+01,-1.317108726501464844e+01,-1.181620407104492188e+01,-6.092385649681091309e-01,4.653150081634521484e+00,-6.723656654357910156e-01,-5.126334190368652344e+00,-3.483279228210449219e+00,-1.467503547668457031e+00,1.807822346687316895e+00,-2.015888214111328125e+00,-3.077013015747070312e+00,-3.496480703353881836e+00,-4.149475097656250000e+00,-5.002462387084960938e+00,-4.607443809509277344e+00,-5.608867168426513672e+00,-3.880726575851440430e+00,2.568659067153930664e+00,7.872059345245361328e-01,-7.702336311340332031e+00,-9.944896697998046875e+00,-5.649021625518798828e+00,-4.406694412231445312e+00,-1.049600601196289062e+01,-2.194912719726562500e+01,-2.711401748657226562e+01,-2.690796661376953125e+01,-2.454919815063476562e+01,-2.732618713378906250e+01,-3.039022827148437500e+01,-2.974302101135253906e+01,-1.150329780578613281e+01,6.131386756896972656e-02,3.181729078292846680e+00,2.606701374053955078e+00,1.778034925460815430e+00,1.387775778770446777e+00,6.573910713195800781e-01,2.895844936370849609e+00,8.325944900512695312e+00,8.054851531982421875e+00,1.772486686706542969e+00,-1.756112217903137207e+00,-5.402974486351013184e-01,2.436922788619995117e+00,-7.305039405822753906e+00,-9.066448211669921875e+00,-1.206888103485107422e+01,-1.213495445251464844e+01,-1.391316127777099609e+01,-1.153824043273925781e+01,-7.629048347473144531e+00,-2.231947326660156250e+01,-2.366798400878906250e+01,-1.451866340637207031e+01,-1.443703842163085938e+01,-1.614421272277832031e+01,-2.273961257934570312e+01,-2.601026535034179688e+01,-2.097507476806640625e+01,-1.977466392517089844e+01,-2.213062286376953125e+01,-2.120822906494140625e+01,-2.148067474365234375e+01,-2.196527671813964844e+01,-2.049096870422363281e+01,-2.185673904418945312e+01,-1.914755249023437500e+01,-7.484075546264648438e+00,-8.183610916137695312e+00,-9.476881027221679688e+00,-1.161848449707031250e+01,-1.617300415039062500e+01,-1.567986583709716797e+01,-1.450653457641601562e+01,-2.203063964843750000e+01,-2.624690246582031250e+01,-2.665377044677734375e+01,-2.886889076232910156e+01,-2.779534149169921875e+01,-2.009236907958984375e+01,-1.316009521484375000e+01,-1.405093765258789062e+01,-1.627015876770019531e+01,-1.531696701049804688e+01,-9.319522857666015625e+00,-2.948948860168457031e+00,-8.080435752868652344e+00,-1.165020942687988281e+01,-9.364922523498535156e+00,-6.140052318572998047e+00,-6.779291629791259766e+00,-3.380283355712890625e+00,-5.848247408866882324e-01,-5.282093048095703125e+00,-1.152110195159912109e+01,-1.648953437805175781e+01,-1.728649139404296875e+01,-2.007815551757812500e+01,-1.833095169067382812e+01,-2.100644683837890625e+01,-2.228623962402343750e+01,-1.736636734008789062e+01,-1.098907470703125000e+01,-9.093626976013183594e+00,-1.001659584045410156e+01,-8.020782470703125000e+00,-3.465656280517578125e+00,-4.906812667846679688e+00,-5.406636238098144531e+00,-6.624668121337890625e+00,-1.259038162231445312e+01,-1.070026206970214844e+01,-1.038165855407714844e+01,-1.280347728729248047e+01,-1.127025985717773438e+01,-1.055186462402343750e+01,-5.132236003875732422e+00,-2.571934700012207031e+00,-5.776126861572265625e+00,-9.271106719970703125e+00,-8.706382751464843750e+00,-2.836218357086181641e+00,-1.251198053359985352e+00,-7.260148048400878906e+00,-7.662664413452148438e+00,-6.646833896636962891e+00,-4.104005813598632812e+00,-4.193194866180419922e+00,-3.801653861999511719e+00,-2.308870553970336914e+00,-3.868573188781738281e+00,-2.963305473327636719e+00,-2.192463874816894531e+00,-7.361541748046875000e+00,-1.003176116943359375e+01,-1.090182876586914062e+01,-9.200107574462890625e+00,-8.565088272094726562e+00,-2.331336975097656250e+00,1.242964625358581543e+00,-6.184062480926513672e+00,-1.598456382751464844e+01,-1.867271804809570312e+01,-1.692296218872070312e+01,-1.619454002380371094e+01,-1.635305976867675781e+01,-2.198614311218261719e+01,-2.095182800292968750e+01,-1.375652885437011719e+01,-1.008270072937011719e+01,-6.350924015045166016e+00,-4.404699325561523438e+00,-3.746078491210937500e+00,-1.929268455505371094e+01,-2.604341888427734375e+01,-2.825937652587890625e+01,-2.776542663574218750e+01,-3.137828063964843750e+01,-3.366088867187500000e+01,-2.853901290893554688e+01,-2.662644958496093750e+01,-2.367774581909179688e+01,-1.802690124511718750e+01,-1.500340557098388672e+01,-1.545569801330566406e+01,-9.996921539306640625e+00,-1.293754959106445312e+01,-2.435152053833007812e+01,-3.013039779663085938e+01,-3.648344421386718750e+01,-3.436719131469726562e+01,-3.015891265869140625e+01,-3.016266441345214844e+01,-3.040979003906250000e+01,-2.591115760803222656e+01,-1.904186630249023438e+01,-2.375219345092773438e+01,-1.382422637939453125e+01,-7.110831260681152344e+00,-3.950601100921630859e+00,-2.717720508575439453e+00,-3.023540377616882324e-01,-8.753021240234375000e+00,-1.791899108886718750e+01,-1.830760574340820312e+01,-1.682393264770507812e+01,-2.022434997558593750e+01,-2.519648170471191406e+01,-3.100104141235351562e+01,-3.192290496826171875e+01,-3.418102645874023438e+01,-3.068277168273925781e+01,-1.738311386108398438e+01,-1.129724502563476562e+01,-1.350053215026855469e+01,-1.456515026092529297e+01,-1.446209335327148438e+01,-1.841225624084472656e+01,-2.136366653442382812e+01,-2.188898277282714844e+01,-2.258668518066406250e+01,-2.117095947265625000e+01,-2.267333221435546875e+01,-2.469984817504882812e+01,-2.405381393432617188e+01,-2.504163742065429688e+01,-2.921389198303222656e+01,-3.484467315673828125e+01,-4.106688690185546875e+01,-3.893355560302734375e+01,-3.206848144531250000e+01,-2.602552413940429688e+01,-2.284259605407714844e+01,-2.297361183166503906e+01,-2.280449676513671875e+01,-2.699142837524414062e+01,-2.549216461181640625e+01,-1.977550697326660156e+01,-1.381662654876708984e+01,-1.634888076782226562e+01,-2.040572357177734375e+01,-2.309095764160156250e+01,-2.833241653442382812e+01,-3.083525466918945312e+01,-2.639839553833007812e+01,-2.622183799743652344e+01,-2.153099441528320312e+01,-1.679720306396484375e+01,-1.654063034057617188e+01,-1.568141078948974609e+01,-6.373411655426025391e+00,-1.105144023895263672e+01,-1.296908855438232422e+01,-1.139329910278320312e+01,-1.658821868896484375e+01,-1.531531524658203125e+01,-1.818186759948730469e+01,-1.755393218994140625e+01,-1.473066520690917969e+01,-1.329871273040771484e+01,-7.506766319274902344e+00,-4.409069061279296875e+00,-1.017800521850585938e+01,-8.720089912414550781e+00,-8.849103927612304688e+00,-6.914865970611572266e+00,-7.145288944244384766e+00,-1.287233924865722656e+01,-1.313440322875976562e+01,-9.154146194458007812e+00,-8.763803482055664062e+00,-1.012569808959960938e+01,-7.234719276428222656e+00,-3.403200149536132812e+00,-7.448661804199218750e+00,-1.242706489562988281e+01,-1.489604187011718750e+01,-1.767231369018554688e+01,-1.794625091552734375e+01,-1.387476539611816406e+01,-7.510051727294921875e+00,-6.963569641113281250e+00,-8.591323852539062500e+00,-9.561853408813476562e+00,-7.719005107879638672e+00,-1.084598445892333984e+01,-3.565840244293212891e+00,-3.509764432907104492e+00,1.727549791336059570e+00,4.922583580017089844e+00,8.929920196533203125e-01,-7.915410995483398438e+00,-1.000431442260742188e+01,-8.218356132507324219e+00,-5.121467590332031250e+00,-3.971782684326171875e+00,-8.138628005981445312e+00,-1.306876659393310547e+01,-1.276202297210693359e+01,-1.664276695251464844e+01,-1.639565277099609375e+01,-1.142724990844726562e+01,-1.162873649597167969e+01,-1.613509368896484375e+01,-1.288126945495605469e+01,-6.042687416076660156e+00,-1.048680210113525391e+01,-1.068168640136718750e+01,-6.952874183654785156e+00,-7.686433792114257812e+00,-7.891605377197265625e+00,-1.061090087890625000e+01,-8.150897979736328125e+00,-6.710414886474609375e+00,-8.172644615173339844e+00,-1.022079277038574219e+01,-9.900539398193359375e+00,-8.201297760009765625e+00,-7.989171981811523438e+00,-8.812565803527832031e+00,-1.245520210266113281e+01,-1.152136993408203125e+01,-9.446067810058593750e+00,-9.611588478088378906e+00,-8.433845520019531250e+00,-1.002275276184082031e+01,-8.909622192382812500e+00,-8.320487976074218750e+00,-1.076345539093017578e+01,-1.120654678344726562e+01,-6.953858375549316406e+00,-5.823064804077148438e+00,-7.625108718872070312e+00,-7.700109958648681641e+00,-7.871503829956054688e+00,-4.995291709899902344e+00,-2.694711685180664062e+00,-8.199089050292968750e+00,-8.546680450439453125e+00,-5.436337471008300781e+00,-1.541876602172851562e+01,-2.684791183471679688e+01,-3.105108261108398438e+01,-3.332532501220703125e+01,-3.555844879150390625e+01,-2.188909912109375000e+01,-9.947143554687500000e+00,-5.905355930328369141e+00,-5.010530471801757812e+00,-7.175070285797119141e+00,-9.639773368835449219e+00,-8.412792205810546875e+00,-1.198432445526123047e+01,-9.274665832519531250e+00,-1.105425643920898438e+01,-1.003395080566406250e+01,-4.931089878082275391e+00,-6.391013145446777344e+00,-8.927541732788085938e+00,-1.033579444885253906e+01,-1.006016540527343750e+01,-1.329874420166015625e+01,-1.220350742340087891e+01,-6.290543556213378906e+00,-5.456394195556640625e+00,-4.610342502593994141e+00,-5.058032512664794922e+00,-8.804843902587890625e+00,-6.033349990844726562e+00,-4.043440341949462891e+00,-1.304918289184570312e+01,-2.006943321228027344e+01,-1.835354423522949219e+01,-2.034641265869140625e+01,-2.562486648559570312e+01,-2.772129058837890625e+01,-3.073709869384765625e+01,-3.193194580078125000e+01,-3.589916229248046875e+01,-3.791410827636718750e+01,-3.756600952148437500e+01,-3.333267211914062500e+01,-2.647280120849609375e+01,-2.036325454711914062e+01,-2.121304512023925781e+01,-2.035219573974609375e+01,-1.794018173217773438e+01,-1.316910839080810547e+01,-1.806137084960937500e+01,-1.973124504089355469e+01,-2.210859680175781250e+01,-1.932128906250000000e+01,-2.234677124023437500e+01,-2.370722579956054688e+01,-2.079859924316406250e+01,-1.832387161254882812e+01,-1.068749427795410156e+01,-3.472094058990478516e+00,2.145922422409057617e+00,1.765098333358764648e+00,-2.434541702270507812e+00,-5.784470081329345703e+00,-2.646749496459960938e+00,9.243692159652709961e-01,1.990979433059692383e+00,-1.077608942985534668e+00,-7.005419731140136719e-01,1.955460667610168457e+00,2.417551040649414062e+00,-5.408104896545410156e+00,-1.271660423278808594e+01,-1.393601131439208984e+01,-1.418947219848632812e+01,-1.076360130310058594e+01,-1.172953414916992188e+01,-9.953533172607421875e+00,-6.566153049468994141e+00,-8.324965476989746094e+00,-7.894497871398925781e+00,-3.659221649169921875e+00,-9.401769638061523438e+00,-1.255624485015869141e+01,-1.376822280883789062e+01,-1.268201446533203125e+01,-1.298886585235595703e+01,-1.976030731201171875e+01,-2.402636909484863281e+01,-2.912189674377441406e+01,-3.075202178955078125e+01,-2.156412506103515625e+01,-1.155335044860839844e+01,-2.005112886428833008e+00,3.016976594924926758e+00,2.971149444580078125e+00,1.931167364120483398e+00,-2.330730915069580078e+00,-8.745954513549804688e+00,-9.530926704406738281e+00,-7.594056129455566406e+00,-7.271865844726562500e+00,-1.087559509277343750e+01,-7.649003028869628906e+00,-5.391449928283691406e+00,-5.429059982299804688e+00,-1.379178810119628906e+01,-1.976229476928710938e+01,-1.927833557128906250e+01,-2.018032455444335938e+01,-1.926434326171875000e+01,-1.474631690979003906e+01,-2.367254638671875000e+01,-2.946093368530273438e+01,-1.860405158996582031e+01,-7.808677673339843750e+00,-1.061558818817138672e+01,-1.814315414428710938e+01,-2.070864486694335938e+01,-1.877699851989746094e+01,-1.959493637084960938e+01,-2.019509696960449219e+01,-2.059719276428222656e+01,-1.455724811553955078e+01,-5.439022064208984375e+00,1.335195064544677734e+00,-1.082777976989746094e-01,-3.105306386947631836e+00,3.687614202499389648e-01,-1.269514918327331543e+00,-2.568762302398681641e+00,-2.093072414398193359e+00,-7.895111083984375000e+00,-9.279334068298339844e+00,-9.938908576965332031e+00,-1.479173851013183594e+01,-1.071150493621826172e+01,-1.032706832885742188e+01,-1.286365318298339844e+01,-1.204907035827636719e+01,-1.043112277984619141e+01,-1.010550975799560547e+01,-8.850200653076171875e+00,-6.420230865478515625e+00,-5.089554786682128906e+00,-9.333662986755371094e+00,-6.991088867187500000e+00,-6.735114097595214844e+00,-5.945962905883789062e+00,-5.020254135131835938e+00,-4.591302871704101562e+00,-5.141842842102050781e+00,-7.721920013427734375e+00,-8.543632507324218750e+00,-1.009016990661621094e+01,-1.265130424499511719e+01,-1.438505077362060547e+01,-1.088487815856933594e+01,-8.776001930236816406e+00,-9.364247322082519531e+00,-9.201814651489257812e+00,-9.273708343505859375e+00,-9.817118644714355469e+00,-3.161129713058471680e+00,-4.897548198699951172e+00,-1.082245445251464844e+01,-8.881290435791015625e+00,-1.018834686279296875e+01,-1.357532310485839844e+01,-1.176499938964843750e+01,-7.215594291687011719e+00,-1.209772682189941406e+01,-1.000837516784667969e+01,-8.525677680969238281e+00,-4.590322971343994141e+00,-9.471650123596191406e-01,-4.673931598663330078e-01,-1.314718961715698242e+00,-4.418596923351287842e-01,-1.981290340423583984e+00,-5.814659118652343750e+00,-1.166453552246093750e+01,-1.659435272216796875e+01,-3.033452224731445312e+01,-3.645074462890625000e+01,-3.704853820800781250e+01,-3.960665893554687500e+01,-3.389623641967773438e+01,-2.762810707092285156e+01,-2.711302757263183594e+01,-1.848905754089355469e+01,-1.412874603271484375e+01,-1.540326690673828125e+01,-1.916411781311035156e+01,-1.768050384521484375e+01,-1.438356781005859375e+01,-1.959809303283691406e+01,-2.351642227172851562e+01,-2.534612655639648438e+01,-2.839297103881835938e+01,-2.260620498657226562e+01,-2.063891220092773438e+01,-2.405555725097656250e+01,-2.373096084594726562e+01,-2.605257797241210938e+01,-3.087273788452148438e+01,-2.681898117065429688e+01,-2.470158576965332031e+01,-2.502639770507812500e+01,-2.434399795532226562e+01,-2.484109115600585938e+01,-2.102721023559570312e+01,-2.502007293701171875e+01,-2.562807273864746094e+01,-3.218450164794921875e+01,-3.464177703857421875e+01,-3.368440628051757812e+01,-3.050483322143554688e+01,-2.566252326965332031e+01,-2.159414482116699219e+01,-1.548182678222656250e+01,-9.795158386230468750e+00,-5.131288528442382812e+00,-2.400443553924560547e+00,5.550411939620971680e-01,8.501219749450683594e-01,1.208534717559814453e+00,9.681275486946105957e-01,2.036504268646240234e+00,1.642854690551757812e+00,4.007105827331542969e+00,-1.036188960075378418e+00,-6.568097591400146484e+00,-1.127492332458496094e+01,-1.244448089599609375e+01,-1.382525062561035156e+01,-1.066647434234619141e+01,-7.688688278198242188e+00,-7.719220161437988281e+00,-7.957397937774658203e+00,-1.223194885253906250e+01,-7.209458351135253906e+00,-5.079854965209960938e+00,-4.890580654144287109e+00,-4.345103263854980469e+00,-1.181136512756347656e+01,-1.484159851074218750e+01,-8.696842193603515625e+00,-5.121858596801757812e+00,-4.104530334472656250e+00,-5.389018535614013672e+00,-5.232159614562988281e+00,-3.715984106063842773e+00,-4.404730796813964844e+00,-3.589107036590576172e+00,-4.875019550323486328e+00,-4.669209480285644531e+00,-7.906681060791015625e+00,-1.137689590454101562e+01,-1.116145706176757812e+01,-4.205172538757324219e+00,-5.345108032226562500e+00,-8.844110488891601562e+00,-4.608604431152343750e+00,-4.789308547973632812e+00,-7.277230262756347656e+00,-6.467580795288085938e+00,-3.939525842666625977e+00,-4.077272891998291016e+00,-6.835079669952392578e+00,-1.031760501861572266e+01,-1.092243671417236328e+01,-1.062793922424316406e+01,-9.664068222045898438e+00,-1.007002639770507812e+01,-1.215150642395019531e+01,-2.189067840576171875e+01,-2.849324798583984375e+01,-2.076487541198730469e+01,-2.059309387207031250e+01,-1.789973068237304688e+01,-1.708790969848632812e+01,-2.399363517761230469e+01,-3.042385292053222656e+01,-3.051594161987304688e+01,-2.713348388671875000e+01,-2.665378189086914062e+01,-2.136126708984375000e+01,-1.887925529479980469e+01,-9.389613151550292969e+00,-2.167418289184570312e+01,-2.632685470581054688e+01,-1.974644470214843750e+01,-2.014104843139648438e+01,-2.220475196838378906e+01,-1.905237197875976562e+01,-6.454812526702880859e+00,-6.367450714111328125e+00,-3.888200759887695312e+00,-5.348162651062011719e+00,-4.170537948608398438e+00,-1.907458496093750000e+01,-4.022078704833984375e+01,-3.483991241455078125e+01,-1.882655143737792969e+01,-1.029281234741210938e+01,-6.773627281188964844e+00,-6.284528732299804688e+00,-1.552011871337890625e+01,-2.304068946838378906e+01,-1.838922119140625000e+01,-2.281011581420898438e+01,-2.693830108642578125e+01,-2.534978485107421875e+01,-2.461824417114257812e+01,-2.182265663146972656e+01,-1.999803161621093750e+01,-2.589117240905761719e+01,-2.905983924865722656e+01,-2.909360504150390625e+01,-3.176064109802246094e+01,-2.809294891357421875e+01,-2.097002601623535156e+01,-1.823572540283203125e+01,-1.869407272338867188e+01,-1.757256889343261719e+01,-1.369094657897949219e+01,-4.349415779113769531e+00,-2.121203899383544922e+00,-3.039286851882934570e+00,-8.508731842041015625e+00,-9.442165374755859375e+00,-1.298126983642578125e+01,-1.681922149658203125e+01,-1.620919418334960938e+01,-1.657286643981933594e+01,-1.132061100006103516e+01,-1.077366352081298828e+01,-9.757345199584960938e+00,-6.295341968536376953e+00,-1.287606048583984375e+01,-1.257816791534423828e+01,-7.603324890136718750e+00,-7.574819564819335938e+00,-1.131716537475585938e+01,-1.467361640930175781e+01,-1.490920639038085938e+01,-1.633625411987304688e+01,-2.318641853332519531e+01,-2.045357894897460938e+01,-1.510446357727050781e+01,-1.594257736206054688e+01,-1.944474029541015625e+01,-2.148016738891601562e+01,-1.873657798767089844e+01,-1.444856834411621094e+01,-1.671948242187500000e+01,-1.461308574676513672e+01,-1.578773498535156250e+01,-1.708038711547851562e+01,-2.401675033569335938e+01,-2.163470268249511719e+01,-1.539590263366699219e+01,-1.211784172058105469e+01,-1.325209808349609375e+01,-1.502999305725097656e+01,-1.330965995788574219e+01,-8.845707893371582031e+00,-5.475484848022460938e+00,-6.909523487091064453e+00,-6.014508247375488281e+00,-1.415253257751464844e+01,-2.431529617309570312e+01,-2.389292716979980469e+01,-1.700891876220703125e+01,-1.390420150756835938e+01,-1.891223335266113281e+01,-1.852259063720703125e+01,-2.050047874450683594e+01,-1.828678512573242188e+01,-1.908482170104980469e+01,-2.273135757446289062e+01,-1.743147277832031250e+01,-6.024504661560058594e+00,-1.581701636314392090e+00,2.571416139602661133e+00,7.598173618316650391e+00,8.099570274353027344e+00,1.275062179565429688e+01,1.900555419921875000e+01,1.491134548187255859e+01,9.463079452514648438e+00,5.602596282958984375e+00,-5.629524230957031250e+00,-1.187704086303710938e+01,-1.239005374908447266e+01,-2.005732727050781250e+01,-1.604067993164062500e+01,-4.705269813537597656e+00,-3.659200668334960938e-02,1.492047548294067383e+00,7.707814574241638184e-01,-9.313650131225585938e+00,-1.577063941955566406e+01,-1.424063777923583984e+01,-5.889920711517333984e+00,-3.684510707855224609e+00,-5.770824432373046875e+00,-2.250314950942993164e+00,-7.087889194488525391e+00,-8.116023063659667969e+00,-1.332268714904785156e+01,-1.732496643066406250e+01,-1.680530166625976562e+01,-1.134364318847656250e+01,-4.070393562316894531e+00,-6.989195823669433594e+00,-8.564206123352050781e+00,-5.836038589477539062e+00,4.773361682891845703e-01,-5.733250617980957031e+00,-6.731934547424316406e+00,-1.356822395324707031e+01,-1.932313156127929688e+01,-1.880871200561523438e+01,-1.578543472290039062e+01,-1.232346534729003906e+01,-1.780565643310546875e+01,-1.324575614929199219e+01,-1.477725028991699219e+01,-2.446115493774414062e+01,-2.208985519409179688e+01,-1.304137611389160156e+01,-1.910826873779296875e+01,-1.810703277587890625e+01,-9.222064018249511719e+00,-8.473777770996093750e+00,-8.295797348022460938e+00,-6.839766502380371094e+00,-6.495807647705078125e+00,-6.728775978088378906e+00,-5.008015632629394531e+00,-8.083097457885742188e+00,-8.032842636108398438e+00,-8.690753936767578125e+00,-9.011315345764160156e+00,-6.453762531280517578e+00,-1.184175205230712891e+01,-1.155839920043945312e+01,-1.094378471374511719e+01,-9.182179450988769531e+00,-4.361334323883056641e+00,-8.827816963195800781e+00,-9.275743484497070312e+00,-7.549983978271484375e+00,-8.875411987304687500e+00,-1.175128364562988281e+01,-1.496709632873535156e+01,-1.771265411376953125e+01,-1.392547225952148438e+01,-1.279347896575927734e+01,-1.355248737335205078e+01,-8.753652572631835938e+00,-9.703093528747558594e+00,-1.341063690185546875e+01,-1.159761238098144531e+01,-2.109453201293945312e+01,-2.721557235717773438e+01,-2.601396942138671875e+01,-2.109753799438476562e+01,-1.801607894897460938e+01,-1.914720916748046875e+01,-2.540529632568359375e+01,-3.451729202270507812e+01,-3.005324554443359375e+01,-2.023287391662597656e+01,-1.451637649536132812e+01,-9.801506042480468750e+00,-5.717514038085937500e+00,-8.081007003784179688e+00,-1.338806533813476562e+01,-1.479849624633789062e+01,-1.553525161743164062e+01,-1.098997211456298828e+01,-1.510154438018798828e+01,-1.299347114562988281e+01,-1.409389305114746094e+01,-9.488363265991210938e+00,-4.967980384826660156e+00,-6.131821632385253906e+00,-1.068868350982666016e+01,-8.880273818969726562e+00,-6.257933616638183594e+00,-1.766726684570312500e+01,-2.372310447692871094e+01,-1.872375106811523438e+01,-1.479862689971923828e+01,-1.525111389160156250e+01,-1.275871849060058594e+01,-8.685372352600097656e+00,-5.688731193542480469e+00,-4.997598648071289062e+00,-6.808042049407958984e+00,-7.996465206146240234e+00,-6.672147274017333984e+00,-1.078687477111816406e+01,-1.173294067382812500e+01,-9.006629943847656250e+00,-6.720662117004394531e+00,-1.247355937957763672e+00,-5.221149444580078125e+00,-8.944355964660644531e+00,-1.609490776062011719e+01,-2.624227333068847656e+01,-2.903753280639648438e+01,-2.733735275268554688e+01,-2.830444335937500000e+01,-1.873728179931640625e+01,-1.973393058776855469e+01,-2.551723861694335938e+01,-1.506579399108886719e+01,-2.240714836120605469e+01,-2.966143226623535156e+01,-2.144103622436523438e+01,-1.416862678527832031e+01,-1.211412620544433594e+01,-1.024564838409423828e+01,-1.014344787597656250e+01,-1.213576889038085938e+01,-1.463549995422363281e+01,-1.962065124511718750e+01,-2.798713302612304688e+01,-2.455565452575683594e+01,-1.969316291809082031e+01,-1.462496376037597656e+01,-1.103437519073486328e+01,-1.779336547851562500e+01,-1.933496093750000000e+01,-2.736492729187011719e+01,-2.686535453796386719e+01,-2.224152565002441406e+01,-1.755752182006835938e+01,-1.874451446533203125e+01,-8.615034103393554688e+00,-8.502589225769042969e+00,-8.902929306030273438e+00,-7.199211120605468750e+00,-4.869196891784667969e+00,-3.678821802139282227e+00,-5.485753059387207031e+00,-7.638525009155273438e+00,-1.946006298065185547e+00,5.451269149780273438e+00,2.953768730163574219e+00,-4.793196201324462891e+00,-9.862438201904296875e+00,-7.018706321716308594e+00,-7.559196949005126953e+00,-1.034890174865722656e+01,-9.655043601989746094e+00,-8.311044692993164062e+00,-6.376544952392578125e+00,-6.455018520355224609e-01,-1.367685437202453613e+00,-1.088118076324462891e+00,-3.720783710479736328e+00,-7.484308242797851562e+00,-4.595319747924804688e+00,-4.690251350402832031e+00,-7.932744979858398438e+00,-4.045680046081542969e+00,-1.723844051361083984e+00,-4.612248420715332031e+00,-1.351008796691894531e+01,-9.546242713928222656e+00,-8.910260200500488281e+00,-3.700019359588623047e+00,-2.451532363891601562e+00,-1.548353075981140137e+00,1.345997154712677002e-01,-4.570845603942871094e+00,-1.025501441955566406e+01,-6.683716773986816406e+00,-8.558850288391113281e+00,-1.556527137756347656e+01,-9.415493011474609375e+00,-6.332800865173339844e+00,-3.490295886993408203e+00,-6.246274948120117188e+00,-9.137048721313476562e+00,-6.243123531341552734e+00,-2.623303890228271484e+00,-4.920164585113525391e+00,-8.261903762817382812e+00,-8.728776931762695312e+00,-9.193701744079589844e+00,-3.509733200073242188e+00,-3.908342838287353516e+00,-3.838784694671630859e+00,-4.333298683166503906e+00,-8.651319503784179688e+00,-1.433064079284667969e+01,-1.049314308166503906e+01,-6.118910312652587891e+00,-4.832703590393066406e+00,-8.949113845825195312e+00,-1.088138389587402344e+01,-8.259763717651367188e+00,-7.966372966766357422e+00,-1.446670532226562500e+01,-1.557959270477294922e+01,-1.179463386535644531e+01,-9.188291549682617188e+00,-1.108189201354980469e+01,-1.087045574188232422e+01,-1.589687061309814453e+01,-1.863239288330078125e+01,-9.056491851806640625e+00,-6.183859825134277344e+00,-1.259404373168945312e+01,-9.645195007324218750e+00,-8.922826766967773438e+00,-8.352354049682617188e+00,-8.202796936035156250e+00,-1.160086059570312500e+01,-1.348927688598632812e+01,-1.255735969543457031e+01,-8.930776596069335938e+00,-8.133256912231445312e+00,-1.050155544281005859e+01,-8.587697029113769531e+00,-6.321315765380859375e+00,-1.117975711822509766e+01,-1.314527797698974609e+01,-1.104898071289062500e+01,-1.090297889709472656e+01,-1.309686660766601562e+01,-1.299510955810546875e+01,-1.200620269775390625e+01,-2.798919296264648438e+01,-3.818180084228515625e+01,-3.338279724121093750e+01,-1.605033302307128906e+01,-6.838132858276367188e+00,-6.253647804260253906e+00,-8.611666679382324219e+00,-4.478291034698486328e+00,-3.939064502716064453e+00,-4.705286026000976562e+00,-1.269195175170898438e+01,-1.884947204589843750e+01,-1.246208190917968750e+01,-1.338575458526611328e+01,-1.414445495605468750e+01,-1.723225402832031250e+01,-1.997420883178710938e+01,-2.070948600769042969e+01,-2.006762695312500000e+01,-2.577415466308593750e+01,-2.502248764038085938e+01,-1.856035232543945312e+01,-1.686650085449218750e+01,-1.710797500610351562e+01,-1.650788307189941406e+01,-2.202089881896972656e+01,-2.546679306030273438e+01,-2.227795410156250000e+01,-1.853687477111816406e+01,-1.322848892211914062e+01,-1.295546531677246094e+01,-7.142858028411865234e+00,-8.289381027221679688e+00,-2.179775619506835938e+01,-2.749095153808593750e+01,-2.607284355163574219e+01,-3.054518318176269531e+01,-3.271107482910156250e+01,-3.242678070068359375e+01,-2.456864929199218750e+01,-2.118651962280273438e+01,-1.798628044128417969e+01,-2.356442642211914062e+01,-2.579227066040039062e+01,-1.706828308105468750e+01,-1.630430030822753906e+01,-1.827760314941406250e+01,-1.733433151245117188e+01,-2.119825744628906250e+01,-1.897509002685546875e+01,-1.610141372680664062e+01,-1.841835594177246094e+01,-1.716078186035156250e+01,-1.869982528686523438e+01,-1.637178802490234375e+01,-1.418652915954589844e+01,-1.895015716552734375e+01,-2.137758064270019531e+01,-2.557284164428710938e+01,-2.800829315185546875e+01,-2.377799606323242188e+01,-2.584757232666015625e+01,-2.822940444946289062e+01,-2.945731353759765625e+01,-3.160319900512695312e+01,-3.202141952514648438e+01,-2.888020324707031250e+01,-2.858119392395019531e+01,-2.506607818603515625e+01,-1.652979278564453125e+01,-1.718703460693359375e+01,-2.205557250976562500e+01,-2.622983932495117188e+01,-2.060540962219238281e+01,-1.758043479919433594e+01,-2.579380226135253906e+01,-2.297707557678222656e+01,-1.359552001953125000e+01,-8.208131790161132812e+00,-7.971601486206054688e+00,-2.118919938802719116e-01,5.256021022796630859e-01,-1.647105693817138672e+00,-4.459621429443359375e+00,-1.385195255279541016e+00,-2.579022884368896484e+00,-4.700692176818847656e+00,-3.107716083526611328e+00,-5.942166328430175781e+00,-1.089454460144042969e+01,-1.202823257446289062e+01,-9.154760360717773438e+00,-1.445593547821044922e+01,-1.722790336608886719e+01,-1.775403594970703125e+01,-2.133517456054687500e+01,-2.219988441467285156e+01,-2.514200973510742188e+01,-2.554589843750000000e+01,-2.542892646789550781e+01,-2.262534713745117188e+01,-1.885993003845214844e+01,-1.819169998168945312e+01,-1.390415382385253906e+01,-9.466321945190429688e+00,-1.379497146606445312e+01,-1.996713066101074219e+01,-2.063201141357421875e+01,-2.290985488891601562e+01,-2.994651412963867188e+01,-2.589229965209960938e+01,-2.166431808471679688e+01,-2.156255722045898438e+01,-2.228247833251953125e+01,-2.173104476928710938e+01,-1.605001068115234375e+01,-1.146202850341796875e+01,-8.950900077819824219e+00,-6.459576606750488281e+00,-5.363359451293945312e+00,-1.136946296691894531e+01,-9.498615264892578125e+00,-8.673086166381835938e+00,-6.517682075500488281e+00,-9.632110595703125000e-01,-3.997194290161132812e+00,-6.004789829254150391e+00,-3.948796272277832031e+00,-4.961352348327636719e+00,-6.006265640258789062e+00,-6.257847309112548828e+00,-6.961112022399902344e+00,-5.833424568176269531e+00,-2.525467872619628906e+00,-3.109958648681640625e+00,-5.120409011840820312e+00,-2.920201063156127930e+00,-8.447076797485351562e+00,-6.037178039550781250e+00,-5.553899765014648438e+00,-4.823176860809326172e+00,-9.091225624084472656e+00,-1.211607646942138672e+01,-7.258743286132812500e+00,-1.585865116119384766e+01,-2.635910797119140625e+01,-2.834813499450683594e+01,-2.238808059692382812e+01,-1.753122520446777344e+01,-2.133564758300781250e+01,-1.254947662353515625e+01,-5.275225639343261719e+00,-9.234487533569335938e+00,-1.375542640686035156e+01,-2.041419029235839844e+01,-2.735967254638671875e+01,-2.492693328857421875e+01,-2.595592117309570312e+01,-2.521708297729492188e+01,-2.326071929931640625e+01,-2.405246353149414062e+01,-2.773941421508789062e+01,-2.048873138427734375e+01,-1.926615524291992188e+01,-1.953538513183593750e+01,-1.994303894042968750e+01,-2.487804412841796875e+01,-2.360839462280273438e+01,-2.284876251220703125e+01,-2.097722625732421875e+01,-1.732583427429199219e+01,-1.718659973144531250e+01,-1.367085456848144531e+01,-1.355931663513183594e+01,-1.303306961059570312e+01,-6.469940185546875000e+00,-3.657130241394042969e+00,-1.322522449493408203e+01,-2.355241394042968750e+01,-2.448864555358886719e+01,-2.757265853881835938e+01,-2.670793914794921875e+01,-2.068681335449218750e+01,-1.701314544677734375e+01,-1.362723541259765625e+01,-1.099361801147460938e+01,-1.206678390502929688e+01,-1.477257537841796875e+01,-1.700926780700683594e+01,-1.645148468017578125e+01,-1.176501655578613281e+01,-8.652381896972656250e+00,-1.481076812744140625e+01,-1.703529357910156250e+01,-1.529243469238281250e+01,-1.169990730285644531e+01,-1.007485771179199219e+01,-1.364429759979248047e+01,-1.246841526031494141e+01,-1.324888801574707031e+01,-1.412980651855468750e+01,-1.240559291839599609e+01,-1.074379158020019531e+01,-1.002426338195800781e+01,-1.133489990234375000e+01,-1.428353214263916016e+01,-1.039848136901855469e+01,-1.074915885925292969e+01,-1.177538394927978516e+01,-1.420775032043457031e+01,-1.203254508972167969e+01,-8.253946304321289062e+00,-9.783218383789062500e+00,-9.818083763122558594e+00,-1.068893814086914062e+01,-1.032490825653076172e+01,-8.543153762817382812e+00,-1.289910411834716797e+01,-1.447426795959472656e+01,-1.510466194152832031e+01,-1.462838935852050781e+01,-1.620083618164062500e+01,-1.861719131469726562e+01,-1.296062278747558594e+01,-1.402145957946777344e+01,-1.566026306152343750e+01,-1.698630142211914062e+01,-1.182377433776855469e+01,-1.071668434143066406e+01,-1.254116344451904297e+01,-1.290002441406250000e+01,-1.420549678802490234e+01,-1.249591445922851562e+01,-1.044984149932861328e+01,-9.006387710571289062e+00,-1.108080482482910156e+01,-1.149183654785156250e+01,-1.433765029907226562e+01,-1.473902511596679688e+01,-1.774398422241210938e+01,-1.641498947143554688e+01,-1.165754032135009766e+01,-9.777274131774902344e+00,-1.455214691162109375e+01,-1.639043807983398438e+01,-1.425926399230957031e+01,-9.450893402099609375e+00,-8.558284759521484375e+00,-5.445269584655761719e+00,-7.024436950683593750e+00,-1.299959468841552734e+01,-1.680655097961425781e+01,-2.026205444335937500e+01,-1.594495582580566406e+01,-1.860585403442382812e+01,-2.241438674926757812e+01,-2.187540817260742188e+01,-2.170804214477539062e+01,-3.109732055664062500e+01,-3.117699241638183594e+01,-2.912353706359863281e+01,-3.102923965454101562e+01,-2.929861640930175781e+01,-3.027604675292968750e+01,-2.946861076354980469e+01,-2.672832489013671875e+01,-2.530180740356445312e+01,-2.684546279907226562e+01,-2.104302597045898438e+01,-1.625598526000976562e+01,-9.969894409179687500e+00,-1.096387386322021484e+01,-1.294511604309082031e+01,-1.591683197021484375e+01,-2.057821846008300781e+01,-1.407719039916992188e+01,-1.062535190582275391e+01,-1.203260135650634766e+01,-1.402560234069824219e+01,-1.325931930541992188e+01,-1.016269493103027344e+01,-8.408304214477539062e+00,-7.300026416778564453e+00,-5.988662242889404297e+00,-5.414232730865478516e+00,-6.117269515991210938e+00,-3.567067146301269531e+00,-1.474910974502563477e-02,-3.312102794647216797e+00,-7.090970039367675781e+00,-9.972946166992187500e+00,-1.285650539398193359e+01,-8.760761260986328125e+00,-1.067063713073730469e+01,-9.031043052673339844e+00,-9.919057846069335938e+00,-6.368122577667236328e+00,-4.291971206665039062e+00,-9.050957679748535156e+00,-1.073602199554443359e+01,-7.494672775268554688e+00,-8.664373397827148438e+00,-7.882390022277832031e+00,-1.001615715026855469e+01,-1.065699195861816406e+01,-1.505129718780517578e+01,-1.206612777709960938e+01,-1.100312328338623047e+01,-1.905976486206054688e+01,-2.081360626220703125e+01,-1.649262619018554688e+01,-1.405767440795898438e+01,-1.483588123321533203e+01,-1.363994789123535156e+01,-9.685218811035156250e+00,-1.448852920532226562e+01,-1.729623985290527344e+01,-1.885257339477539062e+01,-1.669449234008789062e+01,-1.766396331787109375e+01,-1.614610862731933594e+01,-1.664513587951660156e+01,-2.041002845764160156e+01,-1.256503295898437500e+01,-8.629425048828125000e+00,-1.222805881500244141e+01,-1.462198734283447266e+01,-1.372411537170410156e+01,-1.065571975708007812e+01,-8.816925048828125000e+00,-8.796576499938964844e+00,-1.212497901916503906e+01,-1.226686668395996094e+01,-1.156906223297119141e+01,-1.273349189758300781e+01,-9.690473556518554688e+00,-7.847657203674316406e+00,-8.068851470947265625e+00,-9.598064422607421875e+00,-1.329632377624511719e+01,-1.299328422546386719e+01,-1.085895729064941406e+01,-1.462435626983642578e+01,-1.345153045654296875e+01,-1.029349899291992188e+01,-7.650120258331298828e+00,-7.806099891662597656e+00,-6.861810207366943359e+00,-5.864982604980468750e+00,-2.714815139770507812e+00,1.079457759857177734e+00,-3.111187517642974854e-01,-5.929967880249023438e+00,-2.214577436447143555e+00,-5.003364086151123047e-01,-2.715411901473999023e+00,-5.336341261863708496e-01,-8.098361968994140625e+00,-6.439719676971435547e+00,-2.958602905273437500e+00,-2.985163688659667969e+00,-9.370287895202636719e+00,-1.314115047454833984e+01,-6.872566223144531250e+00,-8.876985549926757812e+00,-4.213824272155761719e+00,-2.783932685852050781e+00,-5.113042354583740234e+00,-6.294582366943359375e+00,-4.211362838745117188e+00,-9.851293563842773438e-01,-2.689584255218505859e+00,-5.681090354919433594e+00,-1.008543872833251953e+01,-2.547728347778320312e+01,-3.269041442871093750e+01,-3.406803131103515625e+01,-3.117865753173828125e+01,-2.465498924255371094e+01,-2.407218170166015625e+01,-2.233903503417968750e+01,-1.836494064331054688e+01,-1.215962219238281250e+01,-1.928764104843139648e+00,-3.417141675949096680e+00,-7.949623107910156250e+00,-1.065471458435058594e+01,-1.013905334472656250e+01,-1.289738559722900391e+01,-9.447721481323242188e+00,-5.205792427062988281e+00,-3.317895412445068359e+00,-6.234230995178222656e-01,-4.263110637664794922e+00,-1.248039436340332031e+01,-1.411056709289550781e+01,-1.377166080474853516e+01,-9.548090934753417969e+00,-8.640659332275390625e+00,-1.250581455230712891e+01,-1.223986244201660156e+01,-1.422789764404296875e+01,-1.629220199584960938e+01,-1.874745368957519531e+01,-2.238042449951171875e+01,-2.455526924133300781e+01,-2.405294036865234375e+01,-2.183432006835937500e+01,-2.504441070556640625e+01,-3.547669219970703125e+01,-4.154338073730468750e+01,-4.213454437255859375e+01,-3.508132934570312500e+01,-2.838311767578125000e+01,-2.395623779296875000e+01,-2.078598022460937500e+01,-1.456307792663574219e+01,-1.367195415496826172e+01,-1.283012962341308594e+01,-1.467770767211914062e+01,-1.830455970764160156e+01,-1.134730243682861328e+01,-6.563967704772949219e+00,-2.697292327880859375e+00,-6.944599628448486328e+00,-1.132207679748535156e+01,-1.268856430053710938e+01,-9.106466293334960938e+00,-9.220603942871093750e+00,-1.131288051605224609e+01,-1.098966407775878906e+01,-8.472600936889648438e+00,-6.357556343078613281e+00,-4.555188179016113281e+00,-6.223679065704345703e+00,-7.367807865142822266e+00,-1.060553359985351562e+01,-9.147235870361328125e+00,-9.227888107299804688e+00,-1.086664199829101562e+01,-1.174361991882324219e+01,-1.166420841217041016e+01,-9.139449119567871094e+00,-1.161404418945312500e+01,-8.282215118408203125e+00,-5.147546291351318359e+00,-4.347834587097167969e+00,-3.653177738189697266e+00,1.202908515930175781e+00,-2.555580735206604004e-01,-2.706496000289916992e+00,-7.300171852111816406e+00,-7.169234275817871094e+00,-4.956373214721679688e+00,-1.456882953643798828e-01,4.409636259078979492e-01,6.587862968444824219e-01,2.095426619052886963e-01,1.894869089126586914e+00,-2.362205982208251953e+00,-2.492310047149658203e+00,1.380356550216674805e+00,6.296628952026367188e+00,8.100973367691040039e-01,-5.774375915527343750e+00,-3.099174737930297852e+00,-1.698178291320800781e+00,-3.201982378959655762e-01,2.331478595733642578e+00,-3.470529079437255859e+00,-4.539062023162841797e+00,-7.729763507843017578e+00,-8.033050537109375000e+00,-5.503989219665527344e+00,-7.917524337768554688e+00,-6.792560100555419922e+00,-4.120746612548828125e+00,-4.732820987701416016e+00,-3.457236289978027344e+00,-4.668407440185546875e+00,-7.471436500549316406e+00,-6.035206317901611328e+00,-5.169560909271240234e+00,-4.495472609996795654e-01,-1.831068277359008789e+00,-1.014392852783203125e+01,-1.206535339355468750e+01,-9.181010246276855469e+00,-1.252103233337402344e+01,-1.056423664093017578e+01,-8.501832962036132812e+00,-7.819591522216796875e+00,-8.614801406860351562e+00,-8.283395767211914062e+00,-7.966888904571533203e+00,-9.141380310058593750e+00,-8.999671936035156250e+00,-1.203963470458984375e+01,-1.215158271789550781e+01,-8.268163681030273438e+00,-8.902034759521484375e+00,-9.079731941223144531e+00,-1.029707336425781250e+01,-9.200595855712890625e+00,-9.488519668579101562e+00,-9.539759635925292969e+00,-6.955757141113281250e+00,-3.997153282165527344e+00,-5.099444389343261719e+00,-2.788687944412231445e+00,-1.039574980735778809e+00,-3.304677963256835938e+00,-4.359481811523437500e+00,-7.211438179016113281e+00,-5.046934127807617188e+00,-3.531414508819580078e+00,-5.649597167968750000e+00,-5.841096878051757812e+00,-6.764408111572265625e+00,-9.724018096923828125e+00,-6.317333221435546875e+00,-3.140368223190307617e+00,-3.286985158920288086e+00,-9.769906997680664062e+00,-1.269405269622802734e+01,-1.178314018249511719e+01,-8.084699630737304688e+00,-7.460668563842773438e+00,-7.371092796325683594e+00,-1.129133987426757812e+01,-1.164108371734619141e+01,-1.041060066223144531e+01,-9.566728591918945312e+00,-8.539735794067382812e+00,-8.044281005859375000e+00,-9.436832427978515625e+00,-1.083872032165527344e+01,-9.850638389587402344e+00,-1.099808692932128906e+01,-1.110484313964843750e+01,-9.963644027709960938e+00,-5.108476638793945312e+00,-7.181212425231933594e+00,-6.455071449279785156e+00,-5.254210948944091797e+00,-4.824839115142822266e+00,-9.983927607536315918e-01,-1.721552312374114990e-01,-2.899870634078979492e+00,-4.126605510711669922e+00,-2.089692831039428711e+00,-1.284968137741088867e+00,1.717004776000976562e+00,-2.274000167846679688e+00,-4.460012912750244141e+00,-4.278267860412597656e+00,-5.647775650024414062e+00,-3.562933444976806641e+00,-2.765074253082275391e+00,2.675198018550872803e-01,-1.133155584335327148e+00,-4.313472747802734375e+00,-2.760561466217041016e+00,-2.919291496276855469e+00,-4.166119575500488281e+00,-4.589397430419921875e+00,-1.520002937316894531e+01,-1.728219985961914062e+01,-2.007012939453125000e+01,-2.326835250854492188e+01,-1.910384178161621094e+01,-1.079175567626953125e+01,-7.862689018249511719e+00,-1.201826286315917969e+01,-1.844935035705566406e+01,-2.304067993164062500e+01,-2.156848526000976562e+01,-2.390714645385742188e+01,-1.857718276977539062e+01,-1.289318656921386719e+01,-1.986077880859375000e+01,-2.499384307861328125e+01,-1.737289810180664062e+01,-1.439067649841308594e+01,-1.408867073059082031e+01,-1.627225303649902344e+01,-1.590749454498291016e+01,-9.763326644897460938e+00,1.020716309547424316e+00,-2.758899450302124023e+00,-6.259394645690917969e+00,-6.862087249755859375e+00,-7.471816539764404297e+00,-1.525054359436035156e+01,-1.989024925231933594e+01,-1.592359924316406250e+01,-1.655034828186035156e+01,-1.757999420166015625e+01,-2.169318008422851562e+01,-1.984996795654296875e+01,-2.088012886047363281e+01,-1.811038017272949219e+01,-1.617912483215332031e+01,-1.012813758850097656e+01,-1.033216762542724609e+01,-3.175483703613281250e+00,2.003918170928955078e+00,-3.701714038848876953e+00,-1.051346015930175781e+01,-4.878296852111816406e+00,3.110334157943725586e+00,-1.733727812767028809e+00,-1.550507926940917969e+01,-1.672393035888671875e+01,-1.294373989105224609e+01,-1.013811302185058594e+01,-1.059820747375488281e+01,-8.557416915893554688e+00,-8.232191085815429688e+00,-2.981846332550048828e+00,-3.386991500854492188e+00,-5.404217720031738281e+00,-5.186376094818115234e+00,-7.353778362274169922e+00,-3.834296941757202148e+00,-3.586221218109130859e+00,-6.532407760620117188e+00,-7.990477561950683594e+00,-7.874865055084228516e+00,-9.886337280273437500e+00,-9.937454223632812500e+00,-7.439983367919921875e+00,-2.656718015670776367e+00,-1.687440156936645508e+00,-2.760915279388427734e+00,-2.674130499362945557e-01,1.636626839637756348e+00,3.238641500473022461e+00,6.432989120483398438e+00,3.334719657897949219e+00,4.739159047603607178e-01,-2.468662261962890625e+00,-5.514064788818359375e+00,-1.757762432098388672e+00,-2.881448268890380859e+00,-3.859820842742919922e+00,-8.232257843017578125e+00,-5.866600036621093750e+00,-3.675056934356689453e+00,-1.763729095458984375e+00,1.834314107894897461e+00,-1.407704591751098633e+00,-4.144279479980468750e+00,1.156416416168212891e+00,-3.050909638404846191e-01,-4.819100379943847656e+00,-4.562108516693115234e+00,-2.993116855621337891e+00,-4.447503566741943359e+00,-2.534019470214843750e+00,-1.855947971343994141e-01,-2.999615907669067383e+00,-3.271760940551757812e+00,-4.625443458557128906e+00,-7.647502422332763672e+00,-7.356749534606933594e+00,-1.402928113937377930e+00,1.555189013481140137e+00,-3.186408877372741699e-01,-3.023387908935546875e+00,4.646141052246093750e+00,6.331891059875488281e+00,5.968057632446289062e+00,9.671269655227661133e-01,-2.627573490142822266e+00,-2.973967075347900391e+00,-1.663613080978393555e+00,-9.184716641902923584e-02,-5.136309862136840820e-01,-4.659639358520507812e+00,-3.057397603988647461e+00,1.142884492874145508e+00,1.061784267425537109e+00,-2.466295957565307617e-01,3.612293004989624023e-01,-1.734431743621826172e+00,2.548306465148925781e+00,5.197741508483886719e+00,4.818356513977050781e+00,-2.281486988067626953e+00,-2.871348619461059570e+00,-5.670525550842285156e+00,-4.102533817291259766e+00,-5.409022331237792969e+00,3.582303524017333984e-01,-9.154531955718994141e-01,-5.089343786239624023e-01,2.331719875335693359e+00,-4.291699528694152832e-01,-3.109636545181274414e+00,-1.561883449554443359e+00,-5.277791976928710938e+00,-6.959694862365722656e+00,-3.943585634231567383e+00,-1.448913216590881348e-01,5.308920145034790039e-01,-3.115141391754150391e+00,-1.802984833717346191e+00,1.547006726264953613e+00,-2.116882085800170898e+00,-4.107276916503906250e+00,3.836709022521972656e+00,5.059962272644042969e+00,1.464034914970397949e-01,6.385178565979003906e-01,8.693149089813232422e-01,-1.101675510406494141e+00,-2.863379955291748047e+00,-3.733433246612548828e+00,-3.364405155181884766e+00,1.931541562080383301e-01,-8.465409278869628906e-01,5.240051746368408203e-01,2.227677345275878906e+00,4.738902449607849121e-01,9.782623648643493652e-01,-8.842724561691284180e-01,-4.332622051239013672e+00,-8.147361755371093750e+00,-1.033660984039306641e+01,-8.268230438232421875e+00,-7.816015720367431641e+00,-7.661785602569580078e+00,-1.007432365417480469e+01,-9.377050399780273438e+00,-9.813566207885742188e+00,-8.157009124755859375e+00,-9.216254234313964844e+00,-9.968757629394531250e+00,-9.483964920043945312e+00,-8.535834312438964844e+00,-1.118831253051757812e+01,-9.418598175048828125e+00,-8.173343658447265625e+00,-8.903171539306640625e+00,-4.756051540374755859e+00,1.370927095413208008e-01,-1.178958702087402344e+01,-3.347819519042968750e+01,-3.794441223144531250e+01,-2.920416259765625000e+01,-2.272315025329589844e+01,-7.773129463195800781e+00,-7.582965850830078125e+00,-1.825020980834960938e+01,-2.491652297973632812e+01,-2.207609558105468750e+01,-1.408766651153564453e+01,-7.561346054077148438e+00,4.699727892875671387e-02,-4.688364028930664062e+00,-1.671335983276367188e+01,-2.658580589294433594e+01,-3.210400390625000000e+01,-3.205460357666015625e+01,-2.688256645202636719e+01,-2.782374954223632812e+01,-2.772726821899414062e+01,-2.896043014526367188e+01,-2.402757644653320312e+01,-1.630968856811523438e+01,-1.196589660644531250e+01,-1.653051757812500000e+01,-2.210278511047363281e+01,-1.803738784790039062e+01,-1.527302837371826172e+01,-1.324858665466308594e+01,-1.884301376342773438e+01,-2.169429397583007812e+01,-1.997127342224121094e+01,-1.753467750549316406e+01,-1.476164436340332031e+01,-1.028477287292480469e+01,-1.130462837219238281e+01,-1.161772155761718750e+01,-7.647553443908691406e+00,-1.331579971313476562e+01,-2.380732345581054688e+01,-2.495527267456054688e+01,-2.474069595336914062e+01,-2.374766731262207031e+01,-2.508749008178710938e+01,-2.717858886718750000e+01,-1.946777343750000000e+01,-2.163905715942382812e+01,-2.530607795715332031e+01,-2.123509979248046875e+01,-1.514861965179443359e+01,-1.313172531127929688e+01,-1.778620529174804688e+01,-1.864824104309082031e+01,-1.792770957946777344e+01,-2.197669219970703125e+01,-2.315942001342773438e+01,-2.290020942687988281e+01,-2.062168693542480469e+01,-2.266648101806640625e+01,-2.407878494262695312e+01,-2.015687561035156250e+01,-1.798643684387207031e+01,-1.266008567810058594e+01,-2.427580642700195312e+01,-2.569423294067382812e+01,-2.075245475769042969e+01,-2.336351394653320312e+01,-2.453663253784179688e+01,-2.638625526428222656e+01,-3.001419639587402344e+01,-3.046888732910156250e+01,-2.503945541381835938e+01,-1.942180442810058594e+01,-1.997687149047851562e+01,-2.011119079589843750e+01,-1.494206905364990234e+01,-1.831133079528808594e+01,-2.725940895080566406e+01,-2.954194641113281250e+01,-2.533018875122070312e+01,-2.157091140747070312e+01,-1.797180557250976562e+01,-1.468446540832519531e+01,-1.455590629577636719e+01,-1.662033462524414062e+01,-1.531713390350341797e+01,-1.152124404907226562e+01,-9.150414466857910156e+00,-7.893168449401855469e+00,-7.903207778930664062e+00,-7.278944969177246094e+00,-8.704320907592773438e+00,-7.374777793884277344e+00,-5.246607780456542969e+00,-9.805292129516601562e+00,-1.152138996124267578e+01,-1.410681056976318359e+01,-1.726504135131835938e+01,-1.428910732269287109e+01,-1.302692413330078125e+01,-1.086123943328857422e+01,-9.662029266357421875e+00,-5.249964237213134766e+00,-2.698760986328125000e+00,-3.711835622787475586e+00,-1.132417297363281250e+01,-1.263270664215087891e+01,-9.303716659545898438e+00,-5.624953269958496094e+00,-7.736618041992187500e+00,-6.204936981201171875e+00,-6.764948368072509766e+00,-1.142115402221679688e+01,-7.919896125793457031e+00,-1.774363398551940918e+00,4.737745285034179688e+00,1.893687605857849121e+00,-4.169002532958984375e+00,-3.304570913314819336e+00,-4.963579177856445312e+00,-6.409569263458251953e+00,-6.244195938110351562e+00,-8.349505424499511719e+00,-5.133019924163818359e+00,-4.352162837982177734e+00,-6.994129180908203125e+00,-6.428775787353515625e+00,-3.552450180053710938e+00,-7.091427803039550781e+00,-9.124624252319335938e+00,-9.649394989013671875e+00,-9.036336898803710938e+00,-6.491902351379394531e+00,-3.434830904006958008e+00,-2.482215881347656250e+00,-4.690687179565429688e+00,-4.097448825836181641e+00,-1.309688925743103027e+00,-8.420912027359008789e-01,-5.106680870056152344e+00,-8.798218727111816406e+00,-8.382508277893066406e+00,-5.560953140258789062e+00,-9.368270874023437500e+00,-9.293943405151367188e+00,-8.359373092651367188e+00,-6.175760269165039062e+00,-8.028776168823242188e+00,-6.723169326782226562e+00,-6.772150993347167969e+00,-9.030437469482421875e+00,-6.832220077514648438e+00,-9.181984901428222656e+00,-1.410360717773437500e+01,-1.873649978637695312e+01,-1.240324592590332031e+01,-8.970924377441406250e+00,-1.370818710327148438e+01,-9.473379135131835938e+00,-1.176814842224121094e+01,-1.334909439086914062e+01,-1.210889434814453125e+01,-1.230354499816894531e+01,-1.256068134307861328e+01,-9.412395477294921875e+00,-9.535089492797851562e+00,-1.230819892883300781e+01,-8.078483581542968750e+00,-3.729460716247558594e+00,-3.432273387908935547e+00,-6.749758243560791016e+00,-8.036643028259277344e+00,-5.675716400146484375e+00,-1.080219364166259766e+01,-1.237403488159179688e+01,-1.031042289733886719e+01,-1.173199462890625000e+01,-7.506495475769042969e+00,-8.048542022705078125e+00,-7.638231277465820312e+00,-7.673506736755371094e+00,-4.963387489318847656e+00,-5.041076660156250000e+00,-2.186474800109863281e+00,-1.748444318771362305e+00,-2.587449073791503906e+00,-1.059803390502929688e+01,-1.352007389068603516e+01,-1.125639057159423828e+01,-6.757680892944335938e+00,-7.744693756103515625e+00,-8.257115364074707031e+00,-7.687482357025146484e+00,-9.372996330261230469e+00,-8.887327194213867188e+00,-1.178148651123046875e+01,-1.359319114685058594e+01,-1.602908134460449219e+01,-1.256173133850097656e+01,-1.382767486572265625e+01,-1.106836223602294922e+01,-1.443488502502441406e+01,-2.031843185424804688e+01,-1.822148132324218750e+01,-1.534745407104492188e+01,-1.386184310913085938e+01,-1.393743896484375000e+01,-1.032260131835937500e+01,-1.395564270019531250e+01,-1.349333000183105469e+01,-1.493565940856933594e+01,-1.546446704864501953e+01,-9.185618400573730469e+00,-6.936867713928222656e+00,-8.338472366333007812e+00,-8.476103782653808594e+00,-1.148436641693115234e+01,-1.461385250091552734e+01,-1.492755126953125000e+01,-1.086355495452880859e+01,-9.284698486328125000e+00,-6.840552806854248047e+00,-4.935623168945312500e+00,-6.218320846557617188e+00,-8.855499267578125000e+00,-1.043507957458496094e+01,-1.050401878356933594e+01,-1.049814224243164062e+01,-9.572252273559570312e+00,-4.409684181213378906e+00,-4.224652767181396484e+00,-3.117482185363769531e+00,-2.145327329635620117e+00,-6.840959787368774414e-01,-1.864231467247009277e+00,-1.376088142395019531e+00,-1.014372944831848145e+00,5.454759597778320312e-01,-4.520254611968994141e+00,-7.777061462402343750e+00,-1.331424903869628906e+01,-1.794010162353515625e+01,-2.001138305664062500e+01,-1.748043060302734375e+01,-1.731886291503906250e+01,-2.065090560913085938e+01,-2.503079605102539062e+01,-2.518390846252441406e+01,-1.957044219970703125e+01,-1.658950042724609375e+01,-1.494522094726562500e+01,-1.135812473297119141e+01,-1.211899948120117188e+01,-1.157708549499511719e+01,-1.102654933929443359e+01,-1.155461502075195312e+01,-1.193707084655761719e+01,-1.477874374389648438e+01,-9.306670188903808594e+00,-7.306017875671386719e+00,-8.396746635437011719e+00,-8.093027114868164062e+00,-1.070298576354980469e+01,-1.106737709045410156e+01,-1.215666007995605469e+01,-9.259734153747558594e+00,-1.277900218963623047e+01,-1.087630844116210938e+01,-5.359404087066650391e+00,-9.240642547607421875e+00,-7.945233345031738281e+00,-4.378901004791259766e+00,-7.771065831184387207e-01,-2.507326364517211914e+00,-4.018788814544677734e+00,-6.619608402252197266e+00,-8.940615653991699219e+00,-1.242001724243164062e+01,-1.180520248413085938e+01,-8.895648956298828125e+00,-6.193166732788085938e+00,-4.187879562377929688e+00,-3.942977428436279297e+00,-4.310833930969238281e+00,-6.222252845764160156e+00,-4.253602504730224609e+00,-6.722086429595947266e+00,-6.655535697937011719e+00,-1.006349754333496094e+01,-1.365994453430175781e+01,-1.419621658325195312e+01,-1.183795928955078125e+01,-1.305984783172607422e+01,-1.136820697784423828e+01,-8.429780960083007812e+00,-1.328971958160400391e+01,-1.430520343780517578e+01,-6.577468872070312500e+00,7.195733189582824707e-01,-2.388574600219726562e+00,-3.841187953948974609e+00,-3.450256347656250000e+00,-1.760708808898925781e+00,-7.861642837524414062e+00,-1.101383590698242188e+01,-9.166646957397460938e+00,-1.067373847961425781e+01,-1.505834674835205078e+01,-1.407846069335937500e+01,-1.529162025451660156e+01,-1.121500587463378906e+01,-7.938956737518310547e+00,-8.013853073120117188e+00,-8.275077819824218750e+00,-1.085528945922851562e+01,-8.193662643432617188e+00,-7.349351882934570312e+00,-1.136949157714843750e+01,-1.543550395965576172e+01,-1.371537876129150391e+01,-1.243527126312255859e+01,-1.275696754455566406e+01,-1.783269691467285156e+01,-2.295012664794921875e+01,-2.241879653930664062e+01,-2.091012191772460938e+01,-2.380785369873046875e+01,-2.067391586303710938e+01,-1.728621292114257812e+01,-1.512108039855957031e+01,-1.651724624633789062e+01,-1.945971298217773438e+01,-1.977045059204101562e+01,-2.182427597045898438e+01,-2.076775360107421875e+01,-2.387340164184570312e+01,-2.705424499511718750e+01,-2.639376640319824219e+01,-2.176642227172851562e+01,-2.157988548278808594e+01,-2.208914184570312500e+01,-1.756796646118164062e+01,-1.450502586364746094e+01,-1.851808166503906250e+01,-1.415478229522705078e+01,-1.435708999633789062e+01,-1.774898910522460938e+01,-1.260641479492187500e+01,-7.406957626342773438e+00,-8.840436935424804688e+00,-8.103374481201171875e+00,-5.264505863189697266e+00,-6.211724758148193359e+00,-8.151193618774414062e+00,-5.724867343902587891e+00,-7.868601799011230469e+00,-1.182980442047119141e+01,-1.132961845397949219e+01,-1.288740730285644531e+01,-2.432517051696777344e+01,-2.974840545654296875e+01,-2.352347755432128906e+01,-2.169772338867187500e+01,-1.921272277832031250e+01,-2.063954925537109375e+01,-1.380959892272949219e+01,-1.146140480041503906e+01,-1.231065750122070312e+01,-1.368372154235839844e+01,-1.124675559997558594e+01,-7.414055824279785156e+00,-4.553888320922851562e+00,1.248333692550659180e+00,-3.847706794738769531e+00,-9.335000038146972656e+00,-7.957332611083984375e+00,-1.154363536834716797e+01,-1.071725654602050781e+01,-6.621045112609863281e+00,-8.466332435607910156e+00,-1.193801689147949219e+01,-1.439398384094238281e+01,-1.096892356872558594e+01,-1.252625942230224609e+01,-1.791319656372070312e+01,-1.858833312988281250e+01,-1.159516906738281250e+01,-7.581098556518554688e+00,-7.700195312500000000e+00,-1.065625762939453125e+01,-1.279513168334960938e+01,-1.288126277923583984e+01,-1.566437053680419922e+01,-1.275473213195800781e+01,-1.745817947387695312e+01,-1.978366851806640625e+01,-2.516784667968750000e+01,-2.606662750244140625e+01,-2.620637893676757812e+01,-2.685264778137207031e+01,-2.862926101684570312e+01,-2.502959442138671875e+01,-1.587524223327636719e+01,-1.362752342224121094e+01,-1.556540107727050781e+01,-2.172886657714843750e+01,-1.673649024963378906e+01,-1.546098327636718750e+01,-1.578919029235839844e+01,-1.858346176147460938e+01,-1.708546447753906250e+01,-2.010163116455078125e+01,-1.867273712158203125e+01,-1.956207275390625000e+01,-1.898642921447753906e+01,-1.880870437622070312e+01,-2.024626350402832031e+01,-1.735318946838378906e+01,-1.448882865905761719e+01,-9.895486831665039062e+00,-1.106469249725341797e+01,-1.224103355407714844e+01,-8.401081085205078125e+00,-7.598589897155761719e+00,-1.387147331237792969e+01,-1.621047401428222656e+01,-1.234625053405761719e+01,-1.321973705291748047e+01,-8.941495895385742188e+00,-9.813268661499023438e+00,-1.102713394165039062e+01,-8.917169570922851562e+00,-9.809337615966796875e+00,-1.423578643798828125e+01,-1.143012428283691406e+01,-8.968711853027343750e+00,-1.318612480163574219e+01,-1.327876281738281250e+01,-1.065665626525878906e+01,-6.469902992248535156e+00,-5.745971202850341797e+00,-6.169062614440917969e+00,-1.589563369750976562e+01,-2.062938690185546875e+01,-2.797753906250000000e+01,-2.963097572326660156e+01,-2.688390731811523438e+01,-2.578369140625000000e+01,-2.439985847473144531e+01,-2.896904182434082031e+01,-3.719159698486328125e+01,-3.897080612182617188e+01,-3.279981231689453125e+01,-2.746480560302734375e+01,-2.982092857360839844e+01,-3.441307067871093750e+01,-3.601179504394531250e+01,-3.422157287597656250e+01,-3.097222137451171875e+01,-2.787240600585937500e+01,-2.491764068603515625e+01,-2.062843894958496094e+01,-1.663512802124023438e+01,-2.188698387145996094e+01,-2.086344909667968750e+01,-1.497018146514892578e+01,-7.644951343536376953e+00,-7.592463493347167969e+00,-9.092238426208496094e+00,-1.417223072052001953e+01,-1.307037162780761719e+01,-1.387176132202148438e+01,-1.725891685485839844e+01,-1.551934242248535156e+01,-1.962393188476562500e+01,-2.506742095947265625e+01,-2.553179550170898438e+01,-2.785253143310546875e+01,-2.434409713745117188e+01,-1.760265159606933594e+01,-1.669436073303222656e+01,-2.024844551086425781e+01,-1.349088478088378906e+01,-1.122162628173828125e+01,-1.563145828247070312e+01,-1.395471668243408203e+01,-1.542054176330566406e+01,-1.703678131103515625e+01,-1.077884674072265625e+01,-1.236190223693847656e+01,-1.427395153045654297e+01,-1.599130439758300781e+01,-1.801931381225585938e+01,-2.035865592956542969e+01,-1.632961463928222656e+01,-1.649099731445312500e+01,-1.306522178649902344e+01,-1.259693527221679688e+01,-1.222799491882324219e+01,-1.745873260498046875e+01,-1.522084045410156250e+01,-1.493269729614257812e+01,-1.403622627258300781e+01,-1.265172290802001953e+01,-1.154838180541992188e+01,-1.278808212280273438e+01,-1.255522537231445312e+01,-1.294035911560058594e+01,-1.443863677978515625e+01,-1.730784225463867188e+01,-2.117701339721679688e+01,-1.855324363708496094e+01,-1.318476295471191406e+01,-1.691451835632324219e+01,-2.191334533691406250e+01,-1.763252067565917969e+01,-6.729661464691162109e+00,-3.935848474502563477e+00,-5.022563934326171875e-01,2.938201665878295898e+00,-1.082817792892456055e+00,-2.707612991333007812e+00,-3.286179542541503906e+00,-4.810789108276367188e+00,-5.567512989044189453e+00,-9.570985794067382812e+00,-8.026116371154785156e+00,-4.926875591278076172e+00,-8.763611793518066406e+00,-1.688708496093750000e+01,-2.060261344909667969e+01,-1.537658119201660156e+01,-1.248109817504882812e+01,-1.525394821166992188e+01,-1.643979263305664062e+01,-1.555679702758789062e+01,-1.153719520568847656e+01,-6.502607822418212891e+00,-5.061750888824462891e+00,-4.273008346557617188e+00,-5.250205039978027344e+00,-1.200324630737304688e+01,-1.357668113708496094e+01,-1.821035766601562500e+01,-2.411312866210937500e+01,-2.411194229125976562e+01,-2.376785278320312500e+01,-2.451281356811523438e+01,-2.618409347534179688e+01,-2.553437423706054688e+01,-3.099341583251953125e+01,-3.122414398193359375e+01,-3.174452018737792969e+01,-2.767537307739257812e+01,-2.335015869140625000e+01,-2.159975051879882812e+01,-1.275476074218750000e+01,-3.170848846435546875e+00,1.309680223464965820e+00,-1.535741567611694336e+00,-2.611669063568115234e+00,2.710220336914062500e+00,-1.356914401054382324e+00,-5.961481094360351562e+00,-5.615868568420410156e+00,-7.294590950012207031e+00,-1.186871814727783203e+01,-6.783266067504882812e+00,-1.036225891113281250e+01,-9.999990463256835938e+00,-6.753903865814208984e+00,-1.055740547180175781e+01,-1.103825759887695312e+01,-7.986364364624023438e+00,-1.196838569641113281e+01,-1.288441371917724609e+01,-1.162765789031982422e+01,-9.378969192504882812e+00,-8.579779624938964844e+00,-8.152986526489257812e+00,-8.933585166931152344e+00,-4.806200504302978516e+00,-2.863613605499267578e+00,-2.929772615432739258e+00,-3.613480091094970703e+00,-6.556179046630859375e+00,-7.166764736175537109e+00,-1.015506649017333984e+01,-9.706699371337890625e+00,-6.578992366790771484e+00,-6.173989295959472656e+00,-8.929822921752929688e+00,-2.141632080078125000e+01,-2.953066062927246094e+01,-2.897598457336425781e+01,-2.439492416381835938e+01,-2.262515830993652344e+01,-2.478144836425781250e+01,-3.177100181579589844e+01,-3.406865310668945312e+01,-3.114113998413085938e+01,-2.501053619384765625e+01,-2.009094238281250000e+01,-2.119556617736816406e+01,-2.303906631469726562e+01,-2.699659729003906250e+01,-1.751914596557617188e+01,-1.279745674133300781e+01,-1.375559234619140625e+01,-1.400696754455566406e+01,-1.634367370605468750e+01,-1.656916618347167969e+01,-1.897623825073242188e+01,-2.087909317016601562e+01,-2.407294845581054688e+01,-2.333575248718261719e+01,-2.496346282958984375e+01,-2.380974960327148438e+01,-2.225966262817382812e+01,-2.499969482421875000e+01,-3.137817001342773438e+01,-3.333489990234375000e+01,-3.337069320678710938e+01,-3.091902542114257812e+01,-2.470036697387695312e+01,-2.291753387451171875e+01,-2.218533325195312500e+01,-1.897769165039062500e+01,-2.206129264831542969e+01,-2.239805221557617188e+01,-1.727386665344238281e+01,-1.241098785400390625e+01,-1.652982330322265625e+01,-2.371081542968750000e+01,-1.660849189758300781e+01,-6.477764129638671875e+00,2.939517736434936523e+00,2.624590873718261719e+00,-1.534715414047241211e+00,-9.057950973510742188e-02,2.411533892154693604e-01,2.997249603271484375e+00,3.591495037078857422e+00,2.010916948318481445e+00,5.279255867004394531e+00,4.496566653251647949e-01,1.904194355010986328e+00,4.873582839965820312e+00,6.635277867317199707e-01,-2.425208091735839844e+00,-1.038838386535644531e+00,-1.591434955596923828e+00,-6.915536880493164062e+00,-6.459640026092529297e+00,-5.710483074188232422e+00,-4.946947097778320312e+00,-1.223758506774902344e+01,-1.980666732788085938e+01,-2.141149711608886719e+01,-2.196065330505371094e+01,-1.981941604614257812e+01,-1.117163085937500000e+01,-1.646595382690429688e+01,-2.079554367065429688e+01,-1.571354103088378906e+01,-1.345538520812988281e+01,-1.364300155639648438e+01,-1.170757484436035156e+01,-9.620977401733398438e+00,-1.193218040466308594e+01,-1.535648059844970703e+01,-1.290743446350097656e+01,-1.072761154174804688e+01,-6.254455566406250000e+00,-8.788431167602539062e+00,-1.128048133850097656e+01,-1.248774051666259766e+01,-1.337324333190917969e+01,-1.239554405212402344e+01,-7.926108837127685547e+00,-1.756760025024414062e+01,-2.973449897766113281e+01,-2.928731536865234375e+01,-2.357619667053222656e+01,-2.220477104187011719e+01,-2.256380462646484375e+01,-2.129777145385742188e+01,-2.005619812011718750e+01,-2.018887329101562500e+01,-2.042903518676757812e+01,-1.824397659301757812e+01,-1.671022987365722656e+01,-1.606380844116210938e+01,-1.786536407470703125e+01,-2.126457977294921875e+01,-2.108428955078125000e+01,-1.986411857604980469e+01,-1.961047744750976562e+01,-1.758506011962890625e+01,-1.150675392150878906e+01,-1.502106475830078125e+01,-1.689767074584960938e+01,-1.747793960571289062e+01,-1.286945915222167969e+01,-1.822559547424316406e+01,-1.905762481689453125e+01,-2.052399635314941406e+01,-2.066806793212890625e+01,-1.723234367370605469e+01,-2.240774536132812500e+01,-2.813885879516601562e+01,-2.369251632690429688e+01,-1.956600570678710938e+01,-1.426185035705566406e+01,-1.708712768554687500e+01,-1.897990036010742188e+01,-1.962840652465820312e+01,-2.433732604980468750e+01,-2.361174392700195312e+01,-1.599049186706542969e+01,-8.173439025878906250e+00,-6.210444450378417969e+00,-2.930459737777709961e+00,-5.623388767242431641e+00,-6.701189994812011719e+00,-7.500031471252441406e+00,-7.362205505371093750e+00,-9.232902526855468750e+00,-1.291806221008300781e+01,-1.768839263916015625e+01,-1.907988357543945312e+01,-1.997188568115234375e+01,-1.836413383483886719e+01,-1.511616134643554688e+01,-1.427604484558105469e+01,-1.093206596374511719e+01,-8.886300086975097656e+00,-8.433087348937988281e+00,-6.661721229553222656e+00,-1.907718181610107422e+00,-5.399072647094726562e+00,-7.242341041564941406e+00,-7.763991832733154297e+00,-1.054447746276855469e+01,-8.383248329162597656e+00,-9.348976135253906250e+00,-9.701418876647949219e+00,-8.115812301635742188e+00,-4.110179901123046875e+00,-6.382539749145507812e+00,-6.025871276855468750e+00,-8.817181587219238281e-01,-1.441769361495971680e+00,-1.006721878051757812e+01,-1.149586868286132812e+01,-1.761680984497070312e+01,-1.953032302856445312e+01,-1.496059894561767578e+01,-1.145815372467041016e+01,-1.375049781799316406e+01,-1.678817367553710938e+01,-1.409984970092773438e+01,-1.396950244903564453e+01,-1.667226219177246094e+01,-1.742027282714843750e+01,-1.493903255462646484e+01,-1.246781730651855469e+01,-1.046186637878417969e+01,-1.752848434448242188e+01,-1.461005306243896484e+01,-1.243221855163574219e+01,-1.133362674713134766e+01,-1.164282703399658203e+01,-1.529640769958496094e+01,-1.684409332275390625e+01,-1.157486915588378906e+01,-8.309920310974121094e+00,-7.949159145355224609e+00,-1.852110671997070312e+01,-2.415778160095214844e+01,-1.732829666137695312e+01,-1.148036766052246094e+01,-6.693444252014160156e+00,7.218959331512451172e-01,2.012124061584472656e+00,4.396648705005645752e-01,-3.834457159042358398e+00,-2.353077173233032227e+00,2.191084623336791992e+00,2.030981540679931641e+00,4.162987709045410156e+00,-1.763681769371032715e+00,-6.695312023162841797e+00,-6.294253349304199219e+00,-7.148859024047851562e+00,-1.271048927307128906e+01,-1.396146392822265625e+01,-1.314737033843994141e+01,-1.532572078704833984e+01,-1.883551788330078125e+01,-1.509786605834960938e+01,-1.490963745117187500e+01,-2.042734718322753906e+01,-2.191667556762695312e+01,-2.544404220581054688e+01,-2.805770874023437500e+01,-2.313325881958007812e+01,-2.150652694702148438e+01,-2.795713424682617188e+01,-3.309864044189453125e+01,-3.509149932861328125e+01,-3.278184509277343750e+01,-2.845691299438476562e+01,-2.552088546752929688e+01,-2.162293434143066406e+01,-2.190331649780273438e+01,-1.944435310363769531e+01,-1.563902950286865234e+01,-1.617371559143066406e+01,-1.803440666198730469e+01,-1.602334213256835938e+01,-1.353728294372558594e+01,-1.405334758758544922e+01,-1.534210777282714844e+01,-1.632938003540039062e+01,-1.324073982238769531e+01,-9.511652946472167969e+00,-6.006440162658691406e+00,-1.224558925628662109e+01,-2.245804023742675781e+01,-2.126175689697265625e+01,-1.892432022094726562e+01,-1.762655639648437500e+01,-2.067231750488281250e+01,-2.362918472290039062e+01,-2.062356567382812500e+01,-2.160322570800781250e+01,-2.497406768798828125e+01,-2.216423797607421875e+01,-2.191589927673339844e+01,-1.798230743408203125e+01,-1.345361900329589844e+01,-1.291944217681884766e+01,-1.098218727111816406e+01,-1.517661476135253906e+01,-1.299814319610595703e+01,-1.138082313537597656e+01,-1.004776382446289062e+01,-1.259249496459960938e+01,-1.679588127136230469e+01,-1.635033607482910156e+01,-1.765362358093261719e+01,-2.043917083740234375e+01,-1.345410537719726562e+01,-1.552731704711914062e+01,-1.646548843383789062e+01,-1.795227050781250000e+01,-1.948436737060546875e+01,-1.743979263305664062e+01,-1.835856437683105469e+01,-1.879747962951660156e+01,-1.820287704467773438e+01,-1.637494277954101562e+01,-1.260441780090332031e+01,-8.727397918701171875e+00,-7.954466819763183594e+00,-8.317004203796386719e+00,-8.126220703125000000e+00,-8.289733886718750000e+00,-1.124580192565917969e+01,-1.710786819458007812e+01,-1.645026779174804688e+01,-1.914752769470214844e+01,-2.189565658569335938e+01,-1.763134384155273438e+01,-2.079949188232421875e+01,-1.705615615844726562e+01,-2.043266677856445312e+01,-2.447699356079101562e+01,-1.980076599121093750e+01,-2.421484375000000000e+01,-3.110288619995117188e+01,-3.381037902832031250e+01,-2.643123626708984375e+01,-2.792785072326660156e+01,-3.156070899963378906e+01,-2.563919067382812500e+01,-1.891014289855957031e+01,-1.211460208892822266e+01,-6.170139312744140625e+00,-1.120282936096191406e+01,-1.576588249206542969e+01,-1.416952514648437500e+01,-1.320813179016113281e+01,-9.804817199707031250e+00,-1.212127494812011719e+01,-1.567547607421875000e+01,-1.646610641479492188e+01,-2.538901519775390625e+01,-2.919047546386718750e+01,-2.405856323242187500e+01,-1.922495269775390625e+01,-1.620533752441406250e+01,-1.407021331787109375e+01,-1.499716949462890625e+01,-1.402368545532226562e+01,-6.783276081085205078e+00,-2.210405826568603516e+00,-6.108126640319824219e+00,-7.024938583374023438e+00,-6.389127731323242188e+00,-4.581633567810058594e+00,-5.831933498382568359e+00,-1.039652156829833984e+01,-9.914056777954101562e+00,-8.312775611877441406e+00,-9.044754028320312500e+00,-1.064269065856933594e+01,-5.347832679748535156e+00,-4.074810981750488281e+00,-5.242578506469726562e+00,-2.045256614685058594e+00,-5.342287063598632812e+00,-8.179791450500488281e+00,-9.783827781677246094e+00,-7.054541587829589844e+00,-6.841220378875732422e+00,-1.131193351745605469e+01,-1.390789985656738281e+01,-1.462430000305175781e+01,-2.013536071777343750e+01,-2.254129409790039062e+01,-1.794845581054687500e+01,-1.412442111968994141e+01,-1.396765136718750000e+01,-1.250692939758300781e+01,-1.676805114746093750e+01,-1.315845680236816406e+01,-1.111816310882568359e+01,-1.325562000274658203e+01,-1.364681434631347656e+01,-1.984947776794433594e+01,-2.751448631286621094e+01,-2.229228591918945312e+01,-2.179217720031738281e+01,-2.531391143798828125e+01,-2.278155136108398438e+01,-1.761147308349609375e+01,-2.660517120361328125e+01,-3.231762695312500000e+01,-3.113853836059570312e+01,-3.683428192138671875e+01,-3.671752166748046875e+01,-3.631431961059570312e+01,-3.363172149658203125e+01,-3.141983795166015625e+01,-3.315366744995117188e+01,-3.482431411743164062e+01,-3.158812713623046875e+01,-2.697712898254394531e+01,-3.077412033081054688e+01,-3.128550910949707031e+01,-2.676137542724609375e+01,-2.631000900268554688e+01,-2.876811218261718750e+01,-2.626338958740234375e+01,-1.917952728271484375e+01,-1.853998184204101562e+01,-2.366827392578125000e+01,-1.933197402954101562e+01,-1.440588188171386719e+01,-1.944494819641113281e+01,-2.540845680236816406e+01,-2.698137855529785156e+01,-2.543784713745117188e+01,-2.219575691223144531e+01,-2.211905860900878906e+01,-2.298658561706542969e+01,-2.489540481567382812e+01,-1.988592720031738281e+01,-1.528810501098632812e+01,-1.169654941558837891e+01,-1.298407554626464844e+01,-1.223367404937744141e+01,-1.158089828491210938e+01,-6.392556190490722656e+00,-9.003794670104980469e+00,-1.546361732482910156e+01,-1.504570102691650391e+01,-1.085503482818603516e+01,-9.977916717529296875e+00,-1.191329097747802734e+01,-1.067303180694580078e+01,-9.352906227111816406e+00,-9.238597869873046875e+00,-1.148559379577636719e+01,-1.104847908020019531e+01,-7.313669681549072266e+00,-8.144828796386718750e+00,-7.331304550170898438e+00,-7.073002815246582031e+00,-5.916315078735351562e+00,-1.184656810760498047e+01,-7.615998744964599609e+00,-4.653926849365234375e+00,-7.608780860900878906e+00,-6.116256237030029297e+00,-8.802050590515136719e+00,-9.928487777709960938e+00,-1.815877151489257812e+01,-2.255409240722656250e+01,-2.039859390258789062e+01,-1.385036849975585938e+01,-1.239400482177734375e+01,-1.270006561279296875e+01,-8.826199531555175781e+00,-8.727888107299804688e+00,-7.124433517456054688e+00,-8.995386123657226562e+00,-1.479530620574951172e+01,-1.655335617065429688e+01,-1.439793491363525391e+01,-1.735750198364257812e+01,-1.717834091186523438e+01,-2.273998451232910156e+01,-2.363611221313476562e+01,-1.411934375762939453e+01,1.541352868080139160e-01,-2.674394130706787109e+00,-5.820309638977050781e+00,-1.219903659820556641e+01,-1.990991973876953125e+01,-2.624546051025390625e+01,-2.708856201171875000e+01,-2.618235969543457031e+01,-2.845796203613281250e+01,-2.436283874511718750e+01,-2.097643280029296875e+01,-2.058875656127929688e+01,-2.129179573059082031e+01,-2.173322677612304688e+01,-1.701451873779296875e+01,-1.404892921447753906e+01,-1.583672809600830078e+01,-1.342377471923828125e+01,-9.072593688964843750e+00,-2.000736236572265625e+01,-2.965739440917968750e+01,-3.221348953247070312e+01,-3.702207946777343750e+01,-3.448166275024414062e+01,-2.844824600219726562e+01,-2.787648010253906250e+01,-2.700029945373535156e+01,-2.269419097900390625e+01,-2.192502212524414062e+01,-1.690893554687500000e+01,-1.858992004394531250e+01,-1.656711006164550781e+01,-9.105976104736328125e+00,-1.227176952362060547e+01,-1.184545707702636719e+01,-1.444632530212402344e+01,-1.444828987121582031e+01,-1.979029464721679688e+01,-2.943503952026367188e+01,-2.799974822998046875e+01,-2.600904273986816406e+01,-2.888709068298339844e+01,-3.007785224914550781e+01,-2.979860305786132812e+01,-2.693617248535156250e+01,-2.417266845703125000e+01,-2.079548835754394531e+01,-1.969921493530273438e+01,-2.120876884460449219e+01,-1.429641437530517578e+01,-8.912796020507812500e+00,-1.151577949523925781e+01,-1.572579002380371094e+01,-2.368499565124511719e+01,-2.236835479736328125e+01,-2.126087951660156250e+01,-2.674285888671875000e+01,-2.783662796020507812e+01,-2.113951873779296875e+01,-2.189492797851562500e+01,-1.814404296875000000e+01,-1.870733070373535156e+01,-1.759418869018554688e+01,-2.169004631042480469e+01,-2.436283111572265625e+01,-2.132386207580566406e+01,-1.934157562255859375e+01,-1.749010276794433594e+01,-1.909312057495117188e+01,-2.148606109619140625e+01,-2.039241218566894531e+01,-1.522515296936035156e+01,-1.515002155303955078e+01,-1.760183143615722656e+01,-2.101565551757812500e+01,-2.035498428344726562e+01,-1.292080688476562500e+01,-1.096980094909667969e+01,-2.119081497192382812e+01,-2.388016128540039062e+01,-2.129481124877929688e+01,-1.204011917114257812e+01,-1.085775184631347656e+01,-1.170426654815673828e+01,-8.115976333618164062e+00,-1.291426277160644531e+01,-8.007757186889648438e+00,-8.906446456909179688e+00,-1.092133331298828125e+01,-1.199403572082519531e+01,-1.353810214996337891e+01,-1.093401718139648438e+01,-8.202196121215820312e+00,-8.827704429626464844e+00,-5.203299045562744141e+00,-5.686008930206298828e+00,-7.893633842468261719e+00,-1.101609039306640625e+01,-1.772452545166015625e+01,-1.428068161010742188e+01,-9.820125579833984375e+00,-1.068070697784423828e+01,-1.065895080566406250e+01,-1.037537384033203125e+01,-9.118547439575195312e+00,-4.296547412872314453e+00,-4.869687080383300781e+00,-1.179736900329589844e+01,-1.493037033081054688e+01,-7.911740303039550781e+00,-6.818869590759277344e+00,-1.041024303436279297e+01,-1.010706329345703125e+01,-5.580473899841308594e+00,-6.756820678710937500e+00,-7.426797866821289062e+00,-1.236293220520019531e+01,-2.679290580749511719e+01,-2.327041625976562500e+01,-1.016869258880615234e+01,-5.033062458038330078e+00,-4.043102264404296875e+00,-1.329737186431884766e+00,4.283815383911132812e+00,2.401462078094482422e+00,4.529726505279541016e-01,6.764317512512207031e+00,1.265583610534667969e+01,1.070286941528320312e+01,6.704951286315917969e+00,6.585443496704101562e+00,-8.488833904266357422e-02,-1.040499496459960938e+01,-1.349325561523437500e+01,-2.422535514831542969e+01,-3.153998565673828125e+01,-2.272374725341796875e+01,-1.226509094238281250e+01,-4.738455772399902344e+00,-3.681716918945312500e+00,-6.313503980636596680e-01,-3.099887132644653320e+00,-7.905375480651855469e+00,-9.721790313720703125e+00,-1.634137153625488281e+01,-1.659919738769531250e+01,-1.565806770324707031e+01,-1.879461479187011719e+01,-1.884257507324218750e+01,-8.058438301086425781e+00,-3.940742969512939453e+00,-5.491824626922607422e+00,-1.380314159393310547e+01,-1.508984947204589844e+01,-1.796573257446289062e+01,-2.075441741943359375e+01,-1.486614227294921875e+01,-1.256262207031250000e+01,-1.211616992950439453e+01,-1.210278892517089844e+01,-1.124740314483642578e+01,-8.531258583068847656e+00,-1.002091407775878906e+01,-1.061496067047119141e+01,-1.150646686553955078e+01,-1.235986232757568359e+01,-8.363809585571289062e+00,-1.115510940551757812e+01,-1.345734024047851562e+01,-1.155873107910156250e+01,-8.299624443054199219e+00,-1.040293025970458984e+01,-1.372547912597656250e+01,-1.048796463012695312e+01,-7.055087089538574219e+00,-6.050761699676513672e+00,-5.708119392395019531e+00,-1.046725273132324219e+01,-1.505595588684082031e+01,-1.069669532775878906e+01,-6.962667942047119141e+00,-5.203248977661132812e+00,-9.390901565551757812e+00,-8.754032135009765625e+00,-3.942068576812744141e+00,-4.122593879699707031e+00,-3.862587451934814453e+00,-5.011775970458984375e+00,-4.725674629211425781e+00,-5.945444107055664062e+00,-8.056610107421875000e+00,-8.603863716125488281e+00,-8.843510627746582031e+00,-1.014485931396484375e+01,-8.599201202392578125e+00,-1.436764335632324219e+01,-1.285832023620605469e+01,-1.520512294769287109e+01,-1.126100826263427734e+01,-6.995358467102050781e+00,-9.080495834350585938e+00,-7.495899677276611328e+00,-8.777717590332031250e+00,-1.008471298217773438e+01,-8.464745521545410156e+00,-1.100516700744628906e+01,-1.140849781036376953e+01,-3.615644931793212891e+00,4.336452007293701172e+00,-6.838406085968017578e+00,-1.741417503356933594e+01,-2.098125839233398438e+01,-1.589602947235107422e+01,-1.242554473876953125e+01,-1.230994606018066406e+01,-1.456507301330566406e+01,-1.895079994201660156e+01,-2.154370689392089844e+01,-2.276069068908691406e+01,-1.912040710449218750e+01,-2.359808158874511719e+01,-1.543875408172607422e+01,-1.409821605682373047e+01,-1.644510459899902344e+01,-2.207955551147460938e+01,-2.429951858520507812e+01,-2.787468338012695312e+01,-2.876450729370117188e+01,-2.505476760864257812e+01,-2.126680564880371094e+01,-1.590704727172851562e+01,-1.898988342285156250e+01,-2.610388565063476562e+01,-2.892863082885742188e+01,-2.999314498901367188e+01,-2.911431884765625000e+01,-3.038149642944335938e+01,-2.786997604370117188e+01,-2.098033142089843750e+01,-3.052095413208007812e+01,-2.690245056152343750e+01,-2.349778175354003906e+01,-1.926316642761230469e+01,-1.583770561218261719e+01,-2.395353507995605469e+01,-2.716878890991210938e+01,-2.141714286804199219e+01,-2.234157943725585938e+01,-2.642201232910156250e+01,-2.764750099182128906e+01,-2.972420692443847656e+01,-2.859400177001953125e+01,-2.657542800903320312e+01,-2.169278526306152344e+01,-2.225586700439453125e+01,-2.607981491088867188e+01,-3.280387878417968750e+01,-3.262762451171875000e+01,-2.418583488464355469e+01,-2.473362731933593750e+01,-2.054463577270507812e+01,-1.764498710632324219e+01,-2.271151542663574219e+01,-2.586277008056640625e+01,-2.501617813110351562e+01,-2.195063781738281250e+01,-2.519044494628906250e+01,-1.998331451416015625e+01,-1.747763442993164062e+01,-1.652729034423828125e+01,-1.529980087280273438e+01,-1.603577041625976562e+01,-2.118446731567382812e+01,-2.249169158935546875e+01,-1.816436004638671875e+01,-1.753802108764648438e+01,-1.770112609863281250e+01,-1.894295310974121094e+01,-1.776795196533203125e+01,-1.627124977111816406e+01,-1.600518798828125000e+01,-2.215281295776367188e+01,-2.386463928222656250e+01,-2.361313629150390625e+01,-2.253666687011718750e+01,-1.807258987426757812e+01,-1.572829437255859375e+01,-1.432454872131347656e+01,-1.471609401702880859e+01,-2.089891815185546875e+01,-2.711697387695312500e+01,-2.497704696655273438e+01,-1.995123291015625000e+01,-2.244806861877441406e+01,-2.033729934692382812e+01,-2.200682067871093750e+01,-1.973547554016113281e+01,-1.228140258789062500e+01,-1.053824806213378906e+01,-1.524294090270996094e+01,-1.438005638122558594e+01,-1.225724029541015625e+01,-1.227640914916992188e+01,-1.196476364135742188e+01,-1.829102706909179688e+01,-1.765034103393554688e+01,-9.720466613769531250e+00,-9.116487503051757812e+00,-1.911891818046569824e+00,4.101527333259582520e-01,1.549621701240539551e+00,-1.101317405700683594e+00,3.864433765411376953e-01,-3.508972167968750000e+00,-5.552592277526855469e+00,-5.898625373840332031e+00,-1.512102365493774414e+00,-7.335302829742431641e-01,-2.891014814376831055e-01,4.000467061996459961e-01,-4.266988754272460938e+00,-6.567735671997070312e+00,-6.443518638610839844e+00,-5.079891681671142578e+00,-8.310361862182617188e+00,-1.319048786163330078e+01,-9.369726181030273438e+00,-7.527206420898437500e+00,-6.129858970642089844e+00,-9.363291740417480469e+00,-9.750428199768066406e+00,-4.387036323547363281e+00,-4.754702568054199219e+00,-7.697205543518066406e+00,-8.291095733642578125e+00,-1.325236892700195312e+01,-1.753186416625976562e+01,-1.710853576660156250e+01,-1.130493545532226562e+01,-8.128461837768554688e+00,-9.149400711059570312e+00,-9.933924674987792969e+00,-1.370340538024902344e+01,-1.460761070251464844e+01,-2.104225921630859375e+01,-2.469861984252929688e+01,-1.850312805175781250e+01,-1.034084320068359375e+01,-3.290541648864746094e+00,-2.317341566085815430e+00,-1.023515129089355469e+01,-2.069703674316406250e+01,-2.542575073242187500e+01,-2.490089035034179688e+01,-2.194854545593261719e+01,-2.300567245483398438e+01,-2.821958923339843750e+01,-2.749727630615234375e+01,-2.567894554138183594e+01,-2.474306488037109375e+01,-2.893891525268554688e+01,-2.901929855346679688e+01,-2.298160362243652344e+01,-2.004190635681152344e+01,-1.871844482421875000e+01,-1.894148254394531250e+01,-2.061171340942382812e+01,-1.434947967529296875e+01,-7.793246269226074219e+00,-6.801733016967773438e+00,-4.909542083740234375e+00,-3.441433429718017578e+00,-9.475100517272949219e+00,-7.891001701354980469e+00,-3.846242189407348633e+00,-7.436161518096923828e+00,-3.976089239120483398e+00,-3.012670278549194336e-01,-4.520135879516601562e+00,-6.970811843872070312e+00,-4.596796989440917969e+00,-4.300243854522705078e+00,-5.457292079925537109e+00,1.607283949851989746e-01,-2.977554798126220703e+00,-8.186708450317382812e+00,-8.144437789916992188e+00,-1.055590057373046875e+01,-5.997932434082031250e+00,-2.258030414581298828e+00,-4.731996059417724609e+00,-5.926997184753417969e+00,-3.214807271957397461e+00,-1.789692401885986328e+00,-8.264545440673828125e+00,-1.033747482299804688e+01,-7.222778320312500000e+00,-2.637404441833496094e+00,-8.418768644332885742e-01,-2.702334880828857422e+00,-9.695823669433593750e+00,-7.071890830993652344e+00,-2.818732857704162598e-01,1.216292142868041992e+00,-2.698384284973144531e+00,-3.585849404335021973e-01,-1.799589544534683228e-01,-2.741611003875732422e+00,-6.935179233551025391e+00,-4.534104347229003906e+00,-5.676445960998535156e+00,-8.280992507934570312e+00,-9.409061431884765625e+00,-1.641034889221191406e+01,-2.168887519836425781e+01,-1.990209579467773438e+01,-1.334947681427001953e+01,-1.359514427185058594e+01,-1.467998313903808594e+01,-1.600664520263671875e+01,-2.088926696777343750e+01,-2.853108978271484375e+01,-2.653288269042968750e+01,-2.567530822753906250e+01,-2.643241882324218750e+01,-2.844824981689453125e+01,-2.967799377441406250e+01,-2.703948211669921875e+01,-1.882312774658203125e+01,-2.493262863159179688e+01,-3.166059112548828125e+01,-3.570379257202148438e+01,-3.378273010253906250e+01,-2.697702407836914062e+01,-1.827826309204101562e+01,-1.821213912963867188e+01,-2.179339408874511719e+01,-2.038246917724609375e+01,-1.746600341796875000e+01,-1.708026885986328125e+01,-1.407279396057128906e+01,-1.107569503784179688e+01,-9.190297126770019531e+00,-7.812151908874511719e+00,-9.552918434143066406e+00,-5.237318992614746094e+00,-4.735870361328125000e+00,-7.007604598999023438e+00,-7.727756500244140625e+00,-6.976611137390136719e+00,-8.370185852050781250e+00,-1.035992050170898438e+01,-4.142077445983886719e+00,1.986584544181823730e+00,-9.622047424316406250e+00,-2.056966018676757812e+01,-2.532238960266113281e+01,-2.464899444580078125e+01,-2.254978752136230469e+01,-1.953985595703125000e+01,-2.031196975708007812e+01,-2.407712745666503906e+01,-2.017277908325195312e+01,-1.822702026367187500e+01,-2.182599067687988281e+01,-2.526882743835449219e+01,-2.668337631225585938e+01,-3.125338745117187500e+01,-3.383833312988281250e+01,-3.173003005981445312e+01,-3.021636962890625000e+01,-2.636334228515625000e+01,-1.856906127929687500e+01,-1.467229843139648438e+01,-3.302028179168701172e+00,-1.099708676338195801e+00,-4.859394073486328125e+00,-5.724740982055664062e+00,-3.886240959167480469e+00,-5.301821708679199219e+00,-9.515794754028320312e+00,-1.486399841308593750e+01,-1.266829967498779297e+01,-1.397319221496582031e+01,-1.213638496398925781e+01,-1.572868919372558594e+01,-1.682806205749511719e+01,-1.610738372802734375e+01,-1.873860740661621094e+01,-1.800417327880859375e+01,-1.587713718414306641e+01,-1.623574256896972656e+01,-1.842949867248535156e+01,-1.648245429992675781e+01,-1.365146541595458984e+01,-1.035545158386230469e+01,-7.533783912658691406e+00,-9.842574119567871094e+00,-1.710865974426269531e+01,-1.566019248962402344e+01,-1.843445777893066406e+01,-1.934228134155273438e+01,-1.627923583984375000e+01,-1.434113025665283203e+01,-1.145921516418457031e+01,-7.636698246002197266e+00,-9.760237693786621094e+00,-1.033334922790527344e+01,-1.114011573791503906e+01,-8.974394798278808594e+00,-9.958602905273437500e+00,-7.909098148345947266e+00,-9.269363403320312500e+00,-1.230899810791015625e+01,-1.355492496490478516e+01,-9.002520561218261719e+00,-1.023558902740478516e+01,-1.453500938415527344e+01,-2.141692543029785156e+01,-2.156803512573242188e+01,-1.847325897216796875e+01,-1.982135772705078125e+01,-2.339521217346191406e+01,-1.650353240966796875e+01,-9.462192535400390625e+00,-5.652323722839355469e+00,-5.235775947570800781e+00,-8.614963531494140625e+00,-9.700294494628906250e+00,-9.768939971923828125e+00,-1.073763084411621094e+01,-7.213348388671875000e+00,-6.242854118347167969e+00,-6.491176605224609375e+00,-5.289577484130859375e+00,-8.604938507080078125e+00,-1.060795211791992188e+01,-1.339636993408203125e+01,-1.172750759124755859e+01,-6.783191680908203125e+00,-6.276001930236816406e+00,-9.137029647827148438e+00,-5.805648326873779297e+00,-2.307087898254394531e+00,-4.452631473541259766e+00,-8.051255226135253906e+00,-7.182103157043457031e+00,-1.003570747375488281e+01,1.666420221328735352e+00,3.805695772171020508e+00,1.175194025039672852e+00,-1.742999553680419922e+00,-6.400280952453613281e+00,-1.096102905273437500e+01,-7.621622085571289062e+00,-1.137207984924316406e+01,-1.895055770874023438e+01,-2.126663970947265625e+01,-2.504021835327148438e+01,-2.666397094726562500e+01,-2.422857666015625000e+01,-2.129643249511718750e+01,-1.388091564178466797e+01,-1.645097923278808594e+01,-2.253027343750000000e+01,-2.740153121948242188e+01,-2.852039337158203125e+01,-2.681059265136718750e+01,-2.770884895324707031e+01,-2.633240318298339844e+01,-2.066444778442382812e+01,-1.648757553100585938e+01,-2.124406433105468750e+01,-2.793516540527343750e+01,-2.954979705810546875e+01,-3.064542770385742188e+01,-2.734907150268554688e+01,-1.851419067382812500e+01,-1.590061664581298828e+01,-1.509468650817871094e+01,-9.320817947387695312e+00,-1.632787704467773438e+01,-1.490491104125976562e+01,-7.571990013122558594e+00,-2.738310337066650391e+00,-1.190783023834228516e+00,-1.913002729415893555e+00,1.753908276557922363e+00,3.017252922058105469e+00,2.062890052795410156e+00,7.406836748123168945e-02,9.290443658828735352e-01,-5.135404586791992188e+00,-1.940519714355468750e+01,-2.373197937011718750e+01,-1.988459587097167969e+01,-2.044342041015625000e+01,-2.409031867980957031e+01,-1.732457733154296875e+01,-1.785233688354492188e+01,-2.076852798461914062e+01,-1.876497268676757812e+01,-1.545343017578125000e+01,-1.122334289550781250e+01,-1.194043350219726562e+01,-9.909622192382812500e+00,-1.321869659423828125e+01,-1.695029258728027344e+01,-1.455424690246582031e+01,-1.594408988952636719e+01,-2.230483436584472656e+01,-2.541744613647460938e+01,-2.676179122924804688e+01,-2.786687469482421875e+01,-2.787778472900390625e+01,-2.705415344238281250e+01,-2.654529953002929688e+01,-2.634088134765625000e+01,-2.375111770629882812e+01,-2.570900535583496094e+01,-2.573834609985351562e+01,-2.007327842712402344e+01,-1.425760746002197266e+01,-1.267358779907226562e+01,-1.036584091186523438e+01,-9.780874252319335938e+00,-1.090497779846191406e+01,-1.306178951263427734e+01,-1.285144901275634766e+01,-1.608868598937988281e+01,-1.582739353179931641e+01,-1.538741779327392578e+01,-1.742427825927734375e+01,-1.885038948059082031e+01,-2.442984199523925781e+01,-2.444404792785644531e+01,-1.922583198547363281e+01,-2.106900024414062500e+01,-1.922482299804687500e+01,-1.766842460632324219e+01,-1.839577102661132812e+01,-2.292749023437500000e+01,-2.067370986938476562e+01,-2.112345123291015625e+01,-2.236793899536132812e+01,-2.646564483642578125e+01,-2.174533081054687500e+01,-1.993894195556640625e+01,-1.837639999389648438e+01,-1.661076354980468750e+01,-2.064682388305664062e+01,-2.357786941528320312e+01,-2.326607513427734375e+01,-2.671771621704101562e+01,-3.015836524963378906e+01,-3.343128967285156250e+01,-3.163079643249511719e+01,-3.288374710083007812e+01,-2.695734024047851562e+01,-2.899171829223632812e+01,-2.299329185485839844e+01,-1.956983947753906250e+01,-2.447154998779296875e+01,-2.621195220947265625e+01,-2.736880683898925781e+01,-2.250087356567382812e+01,-1.600741767883300781e+01,-1.187701797485351562e+01,-1.371800136566162109e+01,-1.649205398559570312e+01,-1.571755218505859375e+01,-1.255706024169921875e+01,-6.616427898406982422e+00,-8.571441650390625000e+00,-6.450814723968505859e+00,-7.772992134094238281e+00,-1.409956741333007812e+01,-1.033330917358398438e+01,-7.685872077941894531e+00,-7.936572074890136719e+00,-5.359002590179443359e+00,-3.342496633529663086e+00,-6.717044830322265625e+00,-8.758167266845703125e+00,-6.136701583862304688e+00,-8.043219566345214844e+00,-7.022233486175537109e+00,-6.707129478454589844e+00,-6.383278846740722656e+00,-8.811519622802734375e+00,-4.695010662078857422e+00,-5.984008789062500000e+00,-1.013138294219970703e+01,-1.444365692138671875e+01,-1.247376441955566406e+01,-7.816256046295166016e+00,-9.229766845703125000e+00,-7.459513664245605469e+00,-6.002958297729492188e+00,-4.780566096305847168e-01,-4.538404464721679688e+00,-1.046733665466308594e+01,-1.016156673431396484e+01,-1.464171791076660156e+01,-1.003825569152832031e+01,-1.098923683166503906e+01,-6.022413253784179688e+00,-6.948384284973144531e+00,-8.697357177734375000e+00,-2.195150136947631836e+00,1.975540399551391602e+00,-3.623034000396728516e+00,-5.776597023010253906e+00,-6.569501876831054688e+00,-8.401901245117187500e+00,-7.011344909667968750e+00,-8.947015762329101562e+00,-8.373818397521972656e+00,-9.726011276245117188e+00,-9.850992202758789062e+00,-4.784288406372070312e+00,-9.713353157043457031e+00,-1.207096862792968750e+01,-9.563922882080078125e+00,-1.091464233398437500e+01,-1.524710655212402344e+01,-1.450188827514648438e+01,-1.518766689300537109e+01,-1.616106224060058594e+01,-1.295472908020019531e+01,-1.547442626953125000e+01,-1.485350227355957031e+01,-1.147886848449707031e+01,-1.452576828002929688e+01,-1.456194496154785156e+01,-1.534261226654052734e+01,-1.600085067749023438e+01,-1.489702320098876953e+01,-1.570795249938964844e+01,-1.949691390991210938e+01,-1.674893951416015625e+01,-1.794383430480957031e+01,-1.383838844299316406e+01,-1.001542472839355469e+01,-9.785435676574707031e+00,-1.050204849243164062e+01,-1.302416038513183594e+01,-1.581622505187988281e+01,-1.434403133392333984e+01,-1.327357482910156250e+01,-9.016339302062988281e+00,-8.701093673706054688e+00,-1.189249992370605469e+01,-1.249172496795654297e+01,-9.537166595458984375e+00,-1.409124183654785156e+01,-1.594122600555419922e+01,-8.681171417236328125e+00,-1.341020965576171875e+01,-9.903818130493164062e+00,-1.269445991516113281e+01,-1.469015216827392578e+01,-1.179615783691406250e+01,-1.309311771392822266e+01,-1.298778533935546875e+01,-1.116306686401367188e+01,-8.604502677917480469e+00,-1.169080257415771484e+01,-1.367672538757324219e+01,-1.050267028808593750e+01,-1.259421825408935547e+01,-8.892156600952148438e+00,-1.208567428588867188e+01,-1.145512580871582031e+01,-1.313103866577148438e+01,-1.586159324645996094e+01,-1.565415954589843750e+01,-1.228882312774658203e+01,-1.171068668365478516e+01,-8.547969818115234375e+00,-9.702877044677734375e+00,-1.239138412475585938e+01,-1.414549446105957031e+01,-1.554103565216064453e+01,-1.279225444793701172e+01,-1.454271316528320312e+01,-1.462229156494140625e+01,-1.046657562255859375e+01,-1.193259143829345703e+01,-1.484155464172363281e+01,-2.873755264282226562e+01,-3.265710449218750000e+01,-3.085761070251464844e+01,-3.413461303710937500e+01,-3.583553695678710938e+01,-3.380254745483398438e+01,-3.136178588867187500e+01,-2.459844970703125000e+01,-2.403233718872070312e+01,-1.856982994079589844e+01,-1.597752380371093750e+01,-1.707242965698242188e+01,-2.217188644409179688e+01,-2.596973800659179688e+01,-2.068452453613281250e+01,-1.523277187347412109e+01,-1.583837413787841797e+01,-9.079055786132812500e+00,-8.619161605834960938e+00,-6.951844215393066406e+00,-9.266096115112304688e+00,-8.642702102661132812e+00,-7.151844501495361328e+00,-1.048963546752929688e+01,-1.309992599487304688e+01,-8.239685058593750000e+00,-1.085380744934082031e+01,-1.875979614257812500e+01,-2.299429893493652344e+01,-2.918804550170898438e+01,-2.792344284057617188e+01,-3.089615249633789062e+01,-3.197738838195800781e+01,-2.474182510375976562e+01,-2.114754295349121094e+01,-2.014585304260253906e+01,-1.705183219909667969e+01,-1.628899002075195312e+01,-1.433255577087402344e+01,-1.597828674316406250e+01,-1.399572563171386719e+01,-1.392780303955078125e+01,-1.740331649780273438e+01,-1.991674041748046875e+01,-2.217689323425292969e+01,-1.578318500518798828e+01,-1.400436210632324219e+01,-1.636586761474609375e+01,-1.617800903320312500e+01,-1.605563735961914062e+01,-2.025573539733886719e+01,-1.954973602294921875e+01,-1.772540855407714844e+01,-1.830536651611328125e+01,-2.222492599487304688e+01,-2.359822463989257812e+01,-2.180179977416992188e+01,-2.198128128051757812e+01,-2.191007423400878906e+01,-1.222770309448242188e+01,-1.570929527282714844e+01,-2.098941421508789062e+01,-2.387280273437500000e+01,-1.991290664672851562e+01,-1.488124847412109375e+01,-1.279976367950439453e+01,-2.259761810302734375e+00,-5.488879203796386719e+00,-6.630659103393554688e+00,-7.989345073699951172e+00,-5.765899658203125000e+00,-2.114946842193603516e+00,-6.851390838623046875e+00,-7.630145072937011719e+00,-1.198097610473632812e+01,-1.649520301818847656e+01,-1.945495223999023438e+01,-1.457607460021972656e+01,-1.121873283386230469e+01,-1.462202644348144531e+01,-1.841686820983886719e+01,-1.935796165466308594e+01,-1.729199600219726562e+01,-1.900517654418945312e+01,-1.697828102111816406e+01,-2.449317932128906250e+01,-2.540577316284179688e+01,-1.976688385009765625e+01,-2.399908256530761719e+01,-1.846616172790527344e+01,-1.400867462158203125e+01,-1.717568969726562500e+01,-2.124937438964843750e+01,-2.197487068176269531e+01,-2.039488983154296875e+01,-1.498592948913574219e+01,-1.218239784240722656e+01,-1.085344314575195312e+01,-1.389519500732421875e+01,-1.667882537841796875e+01,-1.763551330566406250e+01,-1.559692287445068359e+01,-1.649939346313476562e+01,-1.210452461242675781e+01,-1.579143142700195312e+01,-1.338530349731445312e+01,-1.026836585998535156e+01,-8.526552200317382812e+00,-8.157331466674804688e+00,-6.019331455230712891e+00,-7.913655757904052734e+00,-7.973793506622314453e+00,-5.041812896728515625e+00,-8.643980026245117188e+00,-4.335956096649169922e+00,-1.442623615264892578e+00,-4.559964656829833984e+00,-6.690459251403808594e+00,-7.878507614135742188e+00,-1.031150436401367188e+01,-9.612247467041015625e+00,-9.886933326721191406e+00,-7.875584602355957031e+00,-8.198390007019042969e+00,-8.386772155761718750e+00,-5.486534595489501953e+00,-5.970189094543457031e+00,-4.597488403320312500e+00,-3.010382890701293945e+00,-7.161327362060546875e+00,-1.173623847961425781e+01,-1.282681655883789062e+01,-7.615051269531250000e+00,-1.275668263435363770e+00,1.273711681365966797e+00,-3.423793315887451172e+00,-4.901195049285888672e+00,-5.893440723419189453e+00,-2.491551399230957031e+00,-1.252769529819488525e-01,4.153261184692382812e+00,3.132879257202148438e+00,-4.750370025634765625e+00,-1.407525634765625000e+01,-1.637899398803710938e+01,-1.736412429809570312e+01,-1.619497299194335938e+01,-1.989168548583984375e+01,-2.144661712646484375e+01,-2.675592231750488281e+01,-2.186904525756835938e+01,-1.403886032104492188e+01,-1.393230056762695312e+01,-1.596677017211914062e+01,-2.367389678955078125e+01,-2.209101104736328125e+01,-2.180600738525390625e+01,-2.573473739624023438e+01,-2.185650253295898438e+01,-2.427737426757812500e+01,-2.523922920227050781e+01,-2.404195022583007812e+01,-2.152359962463378906e+01,-2.089809417724609375e+01,-1.851771545410156250e+01,-2.053337478637695312e+01,-2.521555709838867188e+01,-2.004415130615234375e+01,-1.446422386169433594e+01,-1.118153572082519531e+01,-6.809773445129394531e+00,-1.020449352264404297e+01,-1.094896411895751953e+01,-1.662494659423828125e+01,-2.896510696411132812e+01,-2.918348884582519531e+01,-2.763076400756835938e+01,-2.969721984863281250e+01,-2.978206062316894531e+01,-2.570919799804687500e+01,-2.110883331298828125e+01,-1.834296226501464844e+01,-7.343420505523681641e+00,-1.149370384216308594e+01,-1.964941024780273438e+01,-1.730400848388671875e+01,-1.583931064605712891e+01,-1.625125122070312500e+01,-1.752445983886718750e+01,-1.826495933532714844e+01,-4.863610267639160156e+00,-8.785951137542724609e-01,-4.943048000335693359e+00,5.824557542800903320e-01,6.158115386962890625e+00,1.328904724121093750e+01,1.354916191101074219e+01,1.396142196655273438e+01,8.221548080444335938e+00,-2.649626493453979492e+00,-1.287426757812500000e+01,-1.905746078491210938e+01,-2.727253341674804688e+01,-2.814309310913085938e+01,-2.695444869995117188e+01,-2.217066955566406250e+01,-1.528376960754394531e+01,-1.650147438049316406e+01,-9.375127792358398438e+00,-1.003638648986816406e+01,-1.047829055786132812e+01,-1.508589172363281250e+01,-1.607436370849609375e+01,-1.151091766357421875e+01,-7.664881706237792969e+00,-9.684850692749023438e+00,-1.079001235961914062e+01,-6.509416580200195312e+00,-6.966086387634277344e+00,-8.032254219055175781e+00,-8.393543243408203125e+00,-8.023238182067871094e+00,-9.255228042602539062e+00,-1.101200866699218750e+01,-9.883691787719726562e+00,-9.356765747070312500e+00,-1.388040924072265625e+01,-2.033259963989257812e+01,-1.795487022399902344e+01,-1.768804550170898438e+01,-1.574890995025634766e+01,-8.636110305786132812e+00,-5.840360641479492188e+00,-1.275254726409912109e+01,-2.258936119079589844e+01,-2.224916648864746094e+01,-2.463965606689453125e+01,-3.066063117980957031e+01,-3.255903244018554688e+01,-2.892139816284179688e+01,-2.799730873107910156e+01,-2.532112884521484375e+01,-2.067908477783203125e+01,-1.545583724975585938e+01,-1.768656158447265625e+01,-1.653677749633789062e+01,-1.661670494079589844e+01,-2.036460113525390625e+01,-2.376272964477539062e+01,-2.751383972167968750e+01,-3.009862518310546875e+01,-2.938902473449707031e+01,-2.713831329345703125e+01,-3.064922904968261719e+01,-2.868926620483398438e+01,-2.297530174255371094e+01,-2.529585266113281250e+01,-1.800189590454101562e+01,-1.421776962280273438e+01,-1.577752017974853516e+01,-1.827699279785156250e+01,-2.548838233947753906e+01,-2.989813041687011719e+01,-2.696854019165039062e+01,-2.492248535156250000e+01,-2.609007644653320312e+01,-2.607532691955566406e+01,-2.644593429565429688e+01,-2.253604888916015625e+01,-2.008172035217285156e+01,-2.073163223266601562e+01,-2.365405654907226562e+01,-2.062989807128906250e+01,-2.061366462707519531e+01,-2.138013267517089844e+01,-1.597508811950683594e+01,-1.229761028289794922e+01,-1.430596923828125000e+01,-1.814318656921386719e+01,-2.009226226806640625e+01,-2.032051277160644531e+01,-2.053286552429199219e+01,-1.442915916442871094e+01,-8.779036521911621094e+00,-1.127611064910888672e+01,-1.431637001037597656e+01,-1.033747291564941406e+01,-6.131567955017089844e+00,-1.114183998107910156e+01,-1.733759498596191406e+01,-1.555182647705078125e+01,-8.700325012207031250e+00,-1.073215866088867188e+01,-2.131350326538085938e+01,-2.087805557250976562e+01,-7.714876174926757812e+00,2.980752944946289062e+00,3.154333114624023438e+00,7.523412704467773438e-01,4.624847412109375000e+00,7.273041725158691406e+00,-6.131466627120971680e-01,-2.553101539611816406e+00,1.418045163154602051e-01,3.410398960113525391e-02,3.438005447387695312e-01,2.267524957656860352e+00,2.058915853500366211e+00,8.038846254348754883e-01,-3.671281337738037109e+00,-1.561750316619873047e+01,-2.145714759826660156e+01,-1.953351020812988281e+01,-2.224764251708984375e+01,-2.462043380737304688e+01,-2.235931587219238281e+01,-1.666885185241699219e+01,-1.869814682006835938e+01,-2.045788574218750000e+01,-2.412632751464843750e+01,-1.902178573608398438e+01,-1.367385864257812500e+01,-1.443364334106445312e+01,-1.065920448303222656e+01,-5.615180969238281250e+00,-4.690941810607910156e+00,-5.155524253845214844e+00,-6.729646682739257812e+00,-5.593221187591552734e+00,-1.731183648109436035e+00,-4.046287536621093750e+00,-7.672409057617187500e+00,-8.123658180236816406e+00,-4.470661640167236328e+00,-5.476303577423095703e+00,-8.370280265808105469e+00,-1.019367313385009766e+01,-6.393041610717773438e+00,-5.031331062316894531e+00,-2.435782194137573242e+00,-6.064730644226074219e+00,-1.486135101318359375e+01,-1.979660224914550781e+01,-2.339808845520019531e+01,-1.816479492187500000e+01,-1.408667469024658203e+01,-1.267188739776611328e+01,-1.372351551055908203e+01,-1.966202926635742188e+01,-2.590812301635742188e+01,-3.016313552856445312e+01,-2.858008384704589844e+01,-2.867105865478515625e+01,-2.456664276123046875e+01,-2.254171371459960938e+01,-2.050020980834960938e+01,-1.758288764953613281e+01,-2.537213516235351562e+01,-3.012590408325195312e+01,-2.967810058593750000e+01,-2.737170028686523438e+01,-2.146963119506835938e+01,-1.906659889221191406e+01,-1.791182518005371094e+01,-1.672701644897460938e+01,-1.639867019653320312e+01,-1.891279602050781250e+01,-1.658444976806640625e+01,-1.320583915710449219e+01,-9.803139686584472656e+00,-4.752182483673095703e+00,-3.108818531036376953e+00,-2.977361679077148438e+00,-8.344284057617187500e+00,-7.961649894714355469e+00,-7.142109870910644531e+00,-9.274041175842285156e+00,-8.157032966613769531e+00,-5.721092700958251953e+00,-4.104387760162353516e+00,-8.723974227905273438e+00,-8.408924102783203125e+00,-1.909933280944824219e+01,-3.203010940551757812e+01,-3.631403350830078125e+01,-3.125519180297851562e+01,-1.523637390136718750e+01,-5.158301353454589844e+00,-1.432812309265136719e+01,-2.105633544921875000e+01,-2.695153999328613281e+01,-2.686006736755371094e+01,-2.417517852783203125e+01,-1.736134338378906250e+01,-1.020825386047363281e+01,-9.311074256896972656e+00,-9.510566711425781250e+00,-7.629970073699951172e+00,-3.430393218994140625e+00,-3.854493618011474609e+00,-1.376880836486816406e+01,-1.467124366760253906e+01,-1.807575225830078125e+01,-2.123891830444335938e+01,-2.024342918395996094e+01,-2.559026336669921875e+01,-3.043923759460449219e+01,-3.154946899414062500e+01,-2.748302078247070312e+01,-2.630572319030761719e+01,-2.188439559936523438e+01,-1.840229415893554688e+01,-1.478907394409179688e+01,-1.374720382690429688e+01,-1.641600799560546875e+01,-1.019042968750000000e+01,-9.475612640380859375e+00,-1.146698951721191406e+01,-1.240355968475341797e+01,-5.138614177703857422e+00,-4.471551895141601562e+00,-4.376581192016601562e+00,-6.248803138732910156e+00,-3.964384078979492188e+00,-4.174672603607177734e+00,-3.225176334381103516e+00,-3.544898509979248047e+00,-7.287021636962890625e+00,-8.616346359252929688e+00,-1.161553001403808594e+01,-1.047084236145019531e+01,-6.616392135620117188e+00,-7.295263290405273438e+00,-9.904703140258789062e+00,-7.183951377868652344e+00,-3.857396841049194336e+00,-7.240968227386474609e+00,-1.237901496887207031e+01,-1.352683353424072266e+01,-1.044471931457519531e+01,-1.308655929565429688e+01,-1.513651180267333984e+01,-1.025739288330078125e+01,-5.055078029632568359e+00,-5.750978469848632812e+00,-4.236130714416503906e+00,-1.085822486877441406e+01,-1.352660274505615234e+01,-9.570685386657714844e+00,-9.061616897583007812e+00,-8.729049682617187500e+00,-9.635826110839843750e+00,-1.235835170745849609e+01,-1.608547973632812500e+01,-1.181614685058593750e+01,-9.931219100952148438e+00,-1.471908378601074219e+01,-2.693405151367187500e+01,-2.935229110717773438e+01,-2.704888916015625000e+01,-2.955025863647460938e+01,-3.126764869689941406e+01,-2.730487442016601562e+01,-2.524753379821777344e+01,-1.730014419555664062e+01,-1.546568489074707031e+01,-2.153432846069335938e+01,-2.301850128173828125e+01,-1.939165496826171875e+01,-2.038918685913085938e+01,-2.043433761596679688e+01,-1.838708877563476562e+01,-1.811662673950195312e+01,-1.599227333068847656e+01,-2.239727020263671875e+01,-2.604564666748046875e+01,-2.497829818725585938e+01,-2.707036399841308594e+01,-2.799353981018066406e+01,-2.527906990051269531e+01,-2.498170852661132812e+01,-2.581584167480468750e+01,-2.942854309082031250e+01,-2.939728546142578125e+01,-3.017142486572265625e+01,-2.695988082885742188e+01,-2.231434249877929688e+01,-1.534001731872558594e+01,-1.711215209960937500e+01,-1.859373664855957031e+01,-1.562312889099121094e+01,-1.092713260650634766e+01,-1.204149436950683594e+01,-1.335180091857910156e+01,-1.433189201354980469e+01,-2.253883743286132812e+01,-2.715025329589843750e+01,-2.574247360229492188e+01,-2.592069625854492188e+01,-2.365250396728515625e+01,-1.789399528503417969e+01,-2.029285812377929688e+01,-2.146409606933593750e+01,-1.914619064331054688e+01,-1.729969024658203125e+01,-1.558643054962158203e+01,-1.294083023071289062e+01,-1.525495243072509766e+01,-1.976279067993164062e+01,-2.409283256530761719e+01,-3.030798721313476562e+01,-2.898665618896484375e+01,-2.234822082519531250e+01,-1.901689529418945312e+01,-1.670452690124511719e+01,-2.007624053955078125e+01,-2.430401992797851562e+01,-2.480741882324218750e+01,-2.403009414672851562e+01,-2.152522277832031250e+01,-2.384683990478515625e+01,-2.603318023681640625e+01,-2.472128486633300781e+01,-2.537763214111328125e+01,-2.326012420654296875e+01,-1.688670730590820312e+01,-1.586093044281005859e+01,-1.684088134765625000e+01,-1.436952114105224609e+01,-1.668924331665039062e+01,-1.343708801269531250e+01,-1.134925365447998047e+01,-8.627471923828125000e+00,-6.024679183959960938e+00,-8.047645568847656250e+00,-8.425724983215332031e+00,-6.894338130950927734e+00,-3.232756853103637695e+00,-2.520217418670654297e+00,-6.042800903320312500e+00,-3.599562644958496094e+00,-1.840022087097167969e+00,-4.502883911132812500e+00,-4.438817977905273438e+00,-1.050234889984130859e+01,-1.033795547485351562e+01,-6.256052494049072266e+00,-5.986790657043457031e+00,-7.210333824157714844e+00,-8.480582237243652344e+00,-6.508355617523193359e+00,-7.805891513824462891e+00,-9.010477066040039062e+00,-9.754525184631347656e+00,-1.184906768798828125e+01,-7.342514038085937500e+00,-7.922218799591064453e+00,-6.475478172302246094e+00,-4.445177078247070312e+00,-8.398712158203125000e+00,-8.544485092163085938e+00,-5.947294235229492188e+00,-8.595876693725585938e+00,-9.057339668273925781e+00,-8.971827507019042969e+00,-8.191967964172363281e+00,-9.403825759887695312e+00,-1.048470401763916016e+01,-6.466784477233886719e+00,-6.077986240386962891e+00,-9.409013748168945312e+00,-1.259618282318115234e+01,-9.634856224060058594e+00,-9.058839797973632812e+00,-8.402091979980468750e+00,-9.786790847778320312e+00,-8.769822120666503906e+00,-3.743492364883422852e+00,-6.499235630035400391e+00,-1.076675796508789062e+01,-7.422173500061035156e+00,-1.613706588745117188e+01,-1.556352233886718750e+01,-1.123792171478271484e+01,-1.387473487854003906e+01,-1.383881378173828125e+01,-1.824762344360351562e+01,-2.569179916381835938e+01,-1.856095886230468750e+01,-1.924922561645507812e+01,-2.357564163208007812e+01,-3.005152893066406250e+01,-3.131439018249511719e+01,-2.275562667846679688e+01,-2.137937164306640625e+01,-1.411318492889404297e+01,-1.415869903564453125e+01,-2.343831634521484375e+01,-2.097419357299804688e+01,-1.953737068176269531e+01,-1.680052185058593750e+01,-1.380312347412109375e+01,-1.686556816101074219e+01,-1.515061664581298828e+01,-8.157137870788574219e+00,-7.203304290771484375e+00,-6.218911170959472656e+00,-6.618081092834472656e+00,-5.910485744476318359e+00,-1.436768054962158203e+01,-2.488162040710449219e+01,-2.327062416076660156e+01,-2.228754043579101562e+01,-2.429905700683593750e+01,-2.655493927001953125e+01,-2.690715408325195312e+01,-2.436273193359375000e+01,-2.275166893005371094e+01,-2.465155410766601562e+01,-2.560340690612792969e+01,-2.495658874511718750e+01,-2.245175552368164062e+01,-1.778479576110839844e+01,-1.862181854248046875e+01,-2.738797760009765625e+01,-2.522845268249511719e+01,-1.826519012451171875e+01,-2.060558128356933594e+01,-2.750228118896484375e+01,-2.464964485168457031e+01,-2.110617446899414062e+01,-1.164275741577148438e+01,-1.627748870849609375e+01,-2.256192779541015625e+01,-2.332907867431640625e+01,-2.033439254760742188e+01,-1.301116561889648438e+01,-1.061288261413574219e+01,-2.705092430114746094e+00,-7.772224426269531250e+00,-1.573780632019042969e+01,-1.794711303710937500e+01,-1.824816894531250000e+01,-9.748956680297851562e+00,-1.164995193481445312e+01,-2.025922012329101562e+01,-2.118758010864257812e+01,-2.241199493408203125e+01,-1.996146965026855469e+01,-1.371944046020507812e+01,-1.401043891906738281e+01,-2.457369804382324219e+01,-2.734495544433593750e+01,-3.025620651245117188e+01,-2.818768119812011719e+01,-3.080633163452148438e+01,-2.697167205810546875e+01,-1.772343444824218750e+01,-1.102828216552734375e+01,-8.069926261901855469e+00,-9.648426055908203125e+00,-7.437656402587890625e+00,-8.625628471374511719e+00,-5.028206348419189453e+00,-3.756201267242431641e+00,-3.279201984405517578e+00,-5.219847679138183594e+00,-1.187728118896484375e+01,-1.195983791351318359e+01,-1.066953563690185547e+01,-5.910482883453369141e+00,-7.433205604553222656e+00,-6.138590812683105469e+00,-4.983184814453125000e+00,-5.157293319702148438e+00,-4.700161457061767578e+00,2.191805839538574219e+00,9.807462692260742188e-01,-4.413368701934814453e+00,-6.161098480224609375e+00,-5.543593406677246094e+00,-5.971588611602783203e+00,-4.264594078063964844e+00,1.250569224357604980e-01,-6.620476245880126953e+00,-1.799217224121093750e+01,-2.640384292602539062e+01,-3.147672843933105469e+01,-2.838678741455078125e+01,-2.463670730590820312e+01,-2.270641326904296875e+01,-1.671723365783691406e+01,-1.824839019775390625e+01,-1.505558300018310547e+01,-1.717172050476074219e+01,-2.237585067749023438e+01,-2.385583114624023438e+01,-2.193253707885742188e+01,-2.079349708557128906e+01,-1.355761909484863281e+01,-1.197005462646484375e+01,-1.173878288269042969e+01,-1.045246219635009766e+01,-9.079751968383789062e+00,-1.096277618408203125e+01,-1.346446990966796875e+01,-7.604241371154785156e+00,-6.753743290901184082e-01,-5.413150787353515625e+00,-3.065891265869140625e+00,-1.957926511764526367e+00,-1.029719710350036621e+00,-1.991700530052185059e+00,-1.418866157531738281e+01,-2.037395477294921875e+01,-1.985860443115234375e+01,-2.449171066284179688e+01,-3.115491294860839844e+01,-2.963602256774902344e+01,-2.625210189819335938e+01,-2.503212928771972656e+01,-2.598364639282226562e+01,-2.120714569091796875e+01,-8.986709594726562500e+00,-3.765288591384887695e+00,-1.553286671638488770e+00,-4.473070144653320312e+00,-9.660955429077148438e+00,-9.789325714111328125e+00,-1.095373344421386719e+01,-7.738789558410644531e+00,-1.620929527282714844e+01,-1.872853088378906250e+01,-2.025739669799804688e+01,-2.314591407775878906e+01,-2.350066375732421875e+01,-2.347492980957031250e+01,-1.987911224365234375e+01,-1.610906028747558594e+01,-2.170457458496093750e+01,-3.416049194335937500e+01,-2.932185745239257812e+01,-2.129081726074218750e+01,-2.192796707153320312e+01,-1.875233459472656250e+01,-2.001415252685546875e+01,-2.061804199218750000e+01,-2.088748550415039062e+01,-1.806955718994140625e+01,-1.577085018157958984e+01,-1.124245738983154297e+01,-1.610453224182128906e+01,-1.616746330261230469e+01,-7.238312244415283203e+00,-4.342925548553466797e+00,-6.829224586486816406e+00,-8.590797424316406250e+00,-7.889448165893554688e+00,-9.620410919189453125e+00,-1.001362991333007812e+01,-1.223278045654296875e+01,-1.773224258422851562e+01,-2.503228569030761719e+01,-2.951282310485839844e+01,-3.262495422363281250e+01,-2.637362289428710938e+01,-2.095398712158203125e+01,-2.037903213500976562e+01,-2.168937110900878906e+01,-1.885126876831054688e+01,-1.352278137207031250e+01,-1.524289989471435547e+01,-2.178462219238281250e+01,-2.172521591186523438e+01,-2.002334213256835938e+01,-1.881269073486328125e+01,-1.496935844421386719e+01,-1.150843811035156250e+01,8.479293823242187500e+00,6.887940406799316406e+00,6.865518093109130859e-01,8.475809097290039062e-01,2.986861467361450195e+00,-4.409343242645263672e+00,-5.183888435363769531e+00,-4.874607086181640625e+00,-1.086128997802734375e+01,-1.595772361755371094e+01,-2.106966781616210938e+01,-2.369924163818359375e+01,-1.624093246459960938e+01,-6.325647354125976562e+00,7.659940719604492188e-01,3.164660930633544922e-01,-1.242110252380371094e+00,1.047735214233398438e-01,5.458989143371582031e+00,4.432148456573486328e+00,2.453412532806396484e+00,3.131679296493530273e+00,3.596607446670532227e+00,2.745119094848632812e+00,5.791669845581054688e+00,3.781746029853820801e-01,-1.082328987121582031e+01,-1.600752449035644531e+01,-1.388594818115234375e+01,-1.098716831207275391e+01,-7.800814628601074219e+00,-1.131752109527587891e+01,-1.093081951141357422e+01,-9.120000839233398438e+00,-9.413722038269042969e+00,-1.196322631835937500e+01,-7.100947380065917969e+00,-1.617516517639160156e+00,-1.509886503219604492e+00,-4.854988574981689453e+00,-4.641972541809082031e+00,-4.341251373291015625e+00,-3.132972002029418945e+00,1.111343622207641602e+00,2.031627178192138672e+00,-7.368429899215698242e-01,-7.382288932800292969e+00,-7.181962013244628906e+00,-7.161256790161132812e+00,-3.785365581512451172e+00,-1.217344570159912109e+01,-1.585848236083984375e+01,-1.629431343078613281e+01,-1.053055000305175781e+01,-7.877651691436767578e+00,-6.996059417724609375e+00,-3.592936992645263672e+00,-1.719573736190795898e+00,-3.779898166656494141e+00,-7.285356044769287109e+00,-9.880926132202148438e+00,-1.309857749938964844e+01,-1.370685768127441406e+01,-1.915776062011718750e+01,-1.808999252319335938e+01,-8.562456130981445312e+00,3.876038193702697754e-01,1.589250326156616211e+00,5.368472933769226074e-01,-6.777119636535644531e-02,5.689648628234863281e+00,6.806939601898193359e+00,6.308397293090820312e+00,-4.432552337646484375e+00,-6.289796352386474609e+00,-3.225096940994262695e+00,-2.238306999206542969e+00,-2.511816263198852539e+00,-8.685133934020996094e+00,-1.145166683197021484e+01,-9.649330139160156250e+00,-6.172705650329589844e+00,-3.171982288360595703e+00,-5.098566532135009766e+00,-1.190291213989257812e+01,-1.578938865661621094e+01,-1.990510177612304688e+01,-2.199487686157226562e+01,-2.907570648193359375e+01,-2.744890975952148438e+01,-1.493494701385498047e+01,-1.698810958862304688e+01,-2.363022041320800781e+01,-2.480209350585937500e+01,-2.490897941589355469e+01,-2.711023712158203125e+01,-2.408241653442382812e+01,-2.415354347229003906e+01,-2.946566009521484375e+01,-2.852006912231445312e+01,-2.656213760375976562e+01,-2.295531463623046875e+01,-2.117868423461914062e+01,-2.081902885437011719e+01,-1.959011840820312500e+01,-1.470920181274414062e+01,-8.634748458862304688e+00,-1.956417918205261230e+00,3.235181570053100586e+00,5.363526344299316406e+00,1.056877970695495605e+00,-6.672661304473876953e-01,4.089053153991699219e+00,-4.956514835357666016e-01,-3.687537908554077148e+00,-9.412075042724609375e+00,-1.272470283508300781e+01,-1.416220474243164062e+01,-1.171052837371826172e+01,-2.399271774291992188e+01,-2.796955490112304688e+01,-2.374393272399902344e+01,-1.934740638732910156e+01,-2.588271713256835938e+01,-3.059966659545898438e+01,-2.819371032714843750e+01,-2.410274887084960938e+01,-1.887162399291992188e+01,-2.157814788818359375e+01,-1.992977714538574219e+01,-1.322399711608886719e+01,-1.195167541503906250e+01,-9.405321121215820312e+00,-6.386201858520507812e+00,-7.754269599914550781e+00,-1.074200630187988281e+01,-1.031002426147460938e+01,-1.765882110595703125e+01,-2.110393905639648438e+01,-1.861676788330078125e+01,-8.050075531005859375e+00,-7.542122840881347656e+00,-5.584894180297851562e+00,-4.763619422912597656e+00,-8.259803771972656250e+00,-1.105907249450683594e+01,-1.859557723999023438e+01,-1.835257339477539062e+01,-1.719184684753417969e+01,-2.194665718078613281e+01,-2.233823585510253906e+01,-2.221440505981445312e+01,-2.186150550842285156e+01,-2.712316703796386719e+01,-2.921361160278320312e+01,-2.244825553894042969e+01,-1.633077621459960938e+01,-1.797853851318359375e+01,-1.886612701416015625e+01,-1.377742385864257812e+01,-1.161681175231933594e+01,-6.697026252746582031e+00,-3.059256792068481445e+00,-2.393511772155761719e+00,-3.476218700408935547e+00,-7.113786935806274414e-01,-2.187824249267578125e+00,-4.147098541259765625e+00,-1.601210832595825195e+00,-2.973676919937133789e+00,-6.190713882446289062e+00,-6.062096595764160156e+00,-6.935473442077636719e+00,-9.763038635253906250e+00,-8.793450355529785156e+00,-3.739664554595947266e+00,-9.070741653442382812e+00,-9.039185523986816406e+00,-1.212982082366943359e+01,-1.718693542480468750e+01,-2.418967819213867188e+01,-2.748496818542480469e+01,-2.723953819274902344e+01,-2.644335556030273438e+01,-2.568050575256347656e+01,-2.977902221679687500e+01,-3.346996307373046875e+01,-3.187695884704589844e+01,-3.068083572387695312e+01,-2.462539100646972656e+01,-1.853477668762207031e+01,-1.640337181091308594e+01,-1.862278175354003906e+01,-1.568300819396972656e+01,-7.606066703796386719e+00,-1.143757629394531250e+01,-1.638378524780273438e+01,-1.341407012939453125e+01,-1.004807281494140625e+01,-1.002886581420898438e+01,-7.891856670379638672e+00,-6.717374801635742188e+00,-7.413138389587402344e+00,-8.985353469848632812e+00,-3.761139392852783203e+00,1.327770948410034180e+00,-8.557004928588867188e+00,-1.170739078521728516e+01,-1.699626159667968750e+01,-1.567213439941406250e+01,-5.751908302307128906e+00,-3.167716860771179199e-01,-1.052587151527404785e+00,-2.168347358703613281e+00,-5.594533920288085938e+00,-5.606700420379638672e+00,-4.831847667694091797e+00,-7.459095001220703125e+00,-7.093547344207763672e+00,-8.679921150207519531e+00,-8.474454879760742188e+00,-3.269020557403564453e+00,-8.457369804382324219e-01,-9.753011703491210938e+00,-2.028969764709472656e+01,-2.337897872924804688e+01,-2.650040054321289062e+01,-2.219646453857421875e+01,-1.677114105224609375e+01,-1.796812057495117188e+01,-1.736894607543945312e+01,-1.820515060424804688e+01,-1.767456054687500000e+01,-1.305223560333251953e+01,-2.414340209960937500e+01,-2.994815444946289062e+01,-2.914025878906250000e+01,-1.939899826049804688e+01,-1.042455482482910156e+01,-1.458865165710449219e+01,-2.369707870483398438e+01,-2.344234848022460938e+01,-2.252198028564453125e+01,-1.985388374328613281e+01,-2.072527694702148438e+01,-2.200732231140136719e+01,-2.889133071899414062e+01,-2.276408767700195312e+01,-2.103930282592773438e+01,-2.104470443725585938e+01,-2.321274566650390625e+01,-3.169144248962402344e+01,-3.082602119445800781e+01,-2.330408477783203125e+01,-1.543811225891113281e+01,-7.018050193786621094e+00,-1.804906010627746582e+00,9.665048122406005859e-01,2.127912998199462891e+00,5.417883396148681641e+00,1.885051369667053223e+00,-5.328879356384277344e+00,-2.101069450378417969e+00,-2.700963735580444336e+00,-2.797914505004882812e+00,1.179446935653686523e+00,3.487860202789306641e+00,3.223977804183959961e+00,-1.316614508628845215e+00,-5.283415317535400391e-01,2.779367923736572266e+00,-1.315252065658569336e+00,-1.702621579170227051e+00,-1.633792877197265625e+01,-2.533715057373046875e+01,-2.108250999450683594e+01,-2.248447036743164062e+01,-2.431077003479003906e+01,-1.922095489501953125e+01,-1.111620140075683594e+01,-6.087185859680175781e+00,-1.280526924133300781e+01,-1.659720993041992188e+01,-8.701369285583496094e+00,-5.133743286132812500e+00,-1.399607467651367188e+01,-2.196452331542968750e+01,-2.571566009521484375e+01,-2.273972320556640625e+01,-1.972248458862304688e+01,-1.557567024230957031e+01,-1.261219024658203125e+01,-9.788320541381835938e+00,-8.726903915405273438e+00,-6.609630584716796875e+00,-3.151893377304077148e+00,-5.188292503356933594e+00,-9.655941009521484375e+00,-1.157668876647949219e+01,-8.668872833251953125e+00,-6.214543342590332031e+00,-4.638789176940917969e+00,-4.556057453155517578e+00,-3.714688301086425781e+00,-3.688635587692260742e+00,-9.864191055297851562e+00,-6.770340442657470703e+00,-2.315700292587280273e+00,-2.550705432891845703e+00,3.191251993179321289e+00,-2.312298774719238281e+00,-6.341506004333496094e+00,-8.613712310791015625e+00,-1.135065937042236328e+01,-9.220697402954101562e+00,-3.365803003311157227e+00,-1.209784626960754395e+00,-2.349899530410766602e+00,-1.795809149742126465e+00,-1.008477020263671875e+01,-1.218250274658203125e+01,-1.289036369323730469e+01,-1.237707233428955078e+01,-9.959771156311035156e+00,-8.743658065795898438e+00,-9.520908355712890625e+00,-7.100028991699218750e+00,-4.174989700317382812e+00,5.727692842483520508e-01,-8.577350616455078125e+00,-1.270352363586425781e+01,-9.651432991027832031e+00,-1.288390922546386719e+01,-1.241351222991943359e+01,-1.051932334899902344e+01,-1.150521278381347656e+01,-1.133535194396972656e+01,-1.138223648071289062e+01,-1.400841617584228516e+01,-1.247312927246093750e+01,-1.183123302459716797e+01,-1.180031204223632812e+01,-9.481522560119628906e+00,-4.667984962463378906e+00,-9.203482627868652344e+00,-2.323179244995117188e+01,-2.681224060058593750e+01,-2.483014678955078125e+01,-2.657417297363281250e+01,-2.599118423461914062e+01,-1.883241271972656250e+01,-1.065549468994140625e+01,-8.787988662719726562e+00,-1.047736167907714844e+01,-4.642297744750976562e+00,-2.730968236923217773e+00,6.379981338977813721e-02,4.017339050769805908e-01,-4.445487022399902344e+00,-5.654006481170654297e+00,-4.688925266265869141e+00,-4.860318183898925781e+00,-1.169016456604003906e+01,-1.125265884399414062e+01,-8.367341995239257812e+00,-7.296547889709472656e+00,-8.049438476562500000e+00,-1.011358451843261719e+01,-9.719804763793945312e+00,-1.000357437133789062e+01,-1.050667572021484375e+01,-9.050941467285156250e+00,-5.242734909057617188e+00,-9.171361923217773438e+00,-1.159724044799804688e+01,-1.136588382720947266e+01,-5.031849861145019531e+00,-6.128248214721679688e+00,-1.337389564514160156e+01,-1.501121330261230469e+01,-1.630202102661132812e+01,-1.729846954345703125e+01,-1.752705383300781250e+01,-1.992192840576171875e+01,-2.028718185424804688e+01,-2.384640884399414062e+01,-2.790863418579101562e+01,-2.311132049560546875e+01,-1.763333892822265625e+01,-2.027791595458984375e+01,-2.260769271850585938e+01,-2.425407028198242188e+01,-2.321770095825195312e+01,-2.404422950744628906e+01,-2.127883529663085938e+01,-1.474576473236083984e+01,-1.407427406311035156e+01,-6.523584365844726562e+00,-7.615714073181152344e+00,-1.544117259979248047e+01,-1.986330604553222656e+01,-2.309611892700195312e+01,-2.566119766235351562e+01,-2.763643074035644531e+01,-2.353650283813476562e+01,-2.037543869018554688e+01,-2.029908752441406250e+01,-1.777251815795898438e+01,-1.606831550598144531e+01,-1.086168098449707031e+01,-9.965616226196289062e+00,-3.073397636413574219e+00,-1.755822300910949707e+00,-4.193937778472900391e+00,-1.548818826675415039e+00,-2.195439100265502930e+00,-4.456099510192871094e+00,-4.354667663574218750e+00,-3.879961252212524414e+00,-4.916362762451171875e+00,-5.807013034820556641e+00,-2.808765411376953125e+00,-4.161877155303955078e+00,-3.585884809494018555e+00,-2.391613721847534180e+00,-2.630346775054931641e+00,-2.695413112640380859e+00,-4.869016647338867188e+00,-6.143857002258300781e+00,-4.668438911437988281e+00,-5.102178096771240234e+00,-7.814503669738769531e+00,-4.027747631072998047e+00,-3.051933526992797852e+00,1.996569991111755371e+00,3.021847009658813477e+00,-9.061565995216369629e-01,-2.845919132232666016e-02,3.778929710388183594e+00,2.746988296508789062e+00,-3.085773944854736328e+00,-4.931893348693847656e+00,-1.507423281669616699e+00,-2.752241134643554688e+00,-5.122672080993652344e+00,-3.960119247436523438e+00,-2.945602238178253174e-01,1.204708099365234375e+00,9.372666478157043457e-01,-8.659626007080078125e+00,-3.261774778366088867e+00,-7.802080512046813965e-01,-2.418207645416259766e+00,-1.623679995536804199e+00,-3.653997421264648438e+00,-2.124742984771728516e+00,-4.015385627746582031e+00,-6.839149594306945801e-01,-4.300176620483398438e+00,-4.543475151062011719e+00,-1.026080322265625000e+01,-8.968921661376953125e+00,-8.298426628112792969e+00,-8.569085121154785156e+00,-1.222534942626953125e+01,-1.595933151245117188e+01,-1.013022232055664062e+01,-3.329877257347106934e-01,-2.618295669555664062e+00,-3.131147623062133789e+00,-2.064266920089721680e+00,-3.872387409210205078e-01,-4.265917778015136719e+00,-3.086171627044677734e+00,-9.925735592842102051e-01,1.196393251419067383e+00,-1.207738780975341797e+01,-1.850920677185058594e+01,-2.448960113525390625e+01,-3.168608856201171875e+01,-3.617430496215820312e+01,-3.239138793945312500e+01,-2.914338874816894531e+01,-2.263759040832519531e+01,-1.951567077636718750e+01,-1.791610717773437500e+01,-1.490346240997314453e+01,-9.018062591552734375e+00,-7.826871395111083984e+00,-1.268894577026367188e+01,-1.019772148132324219e+01,-4.536331176757812500e+00,-5.085884094238281250e+00,-6.437981605529785156e+00,-6.479690551757812500e+00,-8.749055862426757812e+00,-4.228302955627441406e+00,-4.995398044586181641e+00,-9.790216445922851562e+00,-1.546848869323730469e+01,-1.861574935913085938e+01,-1.696255111694335938e+01,-1.314152240753173828e+01,-7.156980037689208984e+00,-7.382782936096191406e+00,-1.226564407348632812e+01,-1.309422874450683594e+01,-1.310665893554687500e+01,-6.984198570251464844e+00,-5.434104919433593750e+00,-7.698663234710693359e+00,-3.812950849533081055e+00,-5.920764923095703125e+00,-1.167864227294921875e+01,-7.117485046386718750e+00,-6.993000984191894531e+00,-1.462124824523925781e+01,-1.810023117065429688e+01,-1.688208770751953125e+01,-1.804744720458984375e+01,-2.021724891662597656e+01,-1.973933410644531250e+01,-1.975147628784179688e+01,-2.151330947875976562e+01,-2.363991165161132812e+01,-1.945641708374023438e+01,-2.028161430358886719e+01,-1.845286178588867188e+01,-1.406485557556152344e+01,-1.322943496704101562e+01,-1.212456321716308594e+01,-2.080099105834960938e+01,-3.024647140502929688e+01,-3.041352272033691406e+01,-3.021202278137207031e+01,-2.151463127136230469e+01,-1.804983139038085938e+01,-1.694914627075195312e+01,-1.785322570800781250e+01,-1.776500320434570312e+01,-1.734561157226562500e+01,-1.793305778503417969e+01,-2.305720138549804688e+01,-1.827876281738281250e+01,-1.422537040710449219e+01,-1.661559295654296875e+01,-1.645364379882812500e+01,-1.476046752929687500e+01,-1.268588542938232422e+01,-3.277615308761596680e+00,7.933350801467895508e-01,-6.760178565979003906e+00,-2.797534227371215820e+00,-4.535680770874023438e+00,-9.413719177246093750e+00,-4.296521186828613281e+00,3.288700342178344727e+00,-2.970418632030487061e-01,-3.334728240966796875e+00,-3.611129045486450195e+00,-5.433007478713989258e-01,-3.686985075473785400e-01,-4.540144503116607666e-01,-4.904831647872924805e-01,3.135061979293823242e+00,9.311880111694335938e+00
1.133788394927978516e+01,1.309477996826171875e+01,1.724457168579101562e+01,1.336006546020507812e+01,1.416578483581542969e+01,1.831110763549804688e+01,1.459159374237060547e+01,1.222868061065673828e+01,1.198300552368164062e+01,1.774899291992187500e+01,2.187112236022949219e+01,2.227162933349609375e+01,2.031110763549804688e+01,1.652072143554687500e+01,1.683528518676757812e+01,1.913792037963867188e+01,1.967947578430175781e+01,1.544979095458984375e+01,1.043963813781738281e+01,1.398955345153808594e+01,1.595047187805175781e+01,1.841687583923339844e+01,2.172225189208984375e+01,2.597869873046875000e+01,2.410521316528320312e+01,2.258571815490722656e+01,2.133799552917480469e+01,2.476860427856445312e+01,3.036635971069335938e+01,2.920340347290039062e+01,2.454050064086914062e+01,2.659017181396484375e+01,2.852830505371093750e+01,2.209468841552734375e+01,1.857741165161132812e+01,1.503183364868164062e+01,8.643417358398437500e+00,7.745985984802246094e+00,5.914276123046875000e+00,5.542389869689941406e+00,9.793472290039062500e+00,2.460782051086425781e+00,9.185596466064453125e+00,2.452826118469238281e+01,2.542522430419921875e+01,2.184112930297851562e+01,2.084745407104492188e+01,2.146382904052734375e+01,2.099486351013183594e+01,2.165658187866210938e+01,1.885053825378417969e+01,2.560701751708984375e+01,2.650965499877929688e+01,2.344782257080078125e+01,1.999880218505859375e+01,1.929183959960937500e+01,2.513089752197265625e+01,2.039152145385742188e+01,1.904528617858886719e+01,1.875928115844726562e+01,1.611569786071777344e+01,1.642435455322265625e+01,1.810625839233398438e+01,1.523799610137939453e+01,1.091522789001464844e+01,1.023560142517089844e+01,1.300341415405273438e+01,1.726504898071289062e+01,1.977612113952636719e+01,2.080085754394531250e+01,2.234055328369140625e+01,1.848776626586914062e+01,1.359150505065917969e+01,1.215102481842041016e+01,1.565338134765625000e+01,1.581702995300292969e+01,2.362003135681152344e+01,2.576324844360351562e+01,2.095313644409179688e+01,1.994014739990234375e+01,2.019842529296875000e+01,1.677348136901855469e+01,1.834012985229492188e+01,2.064257431030273438e+01,1.830722236633300781e+01,1.780879211425781250e+01,1.784734344482421875e+01,1.734268951416015625e+01,1.704684448242187500e+01,1.523709774017333984e+01,1.070481777191162109e+01,1.434301662445068359e+01,1.520445823669433594e+01,1.513073730468750000e+01,1.369435310363769531e+01,1.812508010864257812e+01,2.102229309082031250e+01,1.761777687072753906e+01,1.532288074493408203e+01,1.994589996337890625e+01,2.212977409362792969e+01,2.290355300903320312e+01,1.737393188476562500e+01,1.533039283752441406e+01,1.677124404907226562e+01,1.041223335266113281e+01,8.064979553222656250e+00,7.057678699493408203e+00,1.049177169799804688e+01,1.652409744262695312e+01,1.447686767578125000e+01,1.166763687133789062e+01,1.552539634704589844e+01,1.802378654479980469e+01,1.446622276306152344e+01,9.293863296508789062e+00,3.141430854797363281e+00,7.116522789001464844e+00,5.617185592651367188e+00,2.268791913986206055e+00,2.871498584747314453e+00,5.461656570434570312e+00,8.489892959594726562e+00,1.644958496093750000e+01,1.505876731872558594e+01,1.216766834259033203e+01,1.716404724121093750e+01,2.100991439819335938e+01,1.806613159179687500e+01,1.182272148132324219e+01,7.523171424865722656e+00,6.219227790832519531e+00,5.398861885070800781e+00,3.911181449890136719e+00,6.932473182678222656e-01,3.276434421539306641e+00,4.020151138305664062e+00,5.350333690643310547e+00,1.996246337890625000e+01,2.957366752624511719e+01,2.455578041076660156e+01,2.233768463134765625e+01,1.953682327270507812e+01,1.239698123931884766e+01,9.267516136169433594e+00,1.318893623352050781e+01,1.717300224304199219e+01,1.842285346984863281e+01,1.984772491455078125e+01,1.847122764587402344e+01,1.884898567199707031e+01,1.936684608459472656e+01,1.598424720764160156e+01,7.290036201477050781e+00,4.932637691497802734e+00,8.108849525451660156e+00,5.023218154907226562e+00,4.475086212158203125e+00,1.024799442291259766e+01,1.819429969787597656e+01,1.132215118408203125e+01,1.553007364273071289e+00,-6.892952919006347656e-01,-2.776185274124145508e+00,1.482111692428588867e+00,4.332949638366699219e+00,9.737442970275878906e+00,1.137439250946044922e+01,1.033379650115966797e+01,7.886155605316162109e+00,9.403540611267089844e+00,5.382096290588378906e+00,8.632110595703125000e+00,1.233086776733398438e+01,1.068944549560546875e+01,3.327215671539306641e+00,6.828947663307189941e-01,4.278913974761962891e+00,8.957368850708007812e+00,1.791659164428710938e+01,1.693002319335937500e+01,2.215109062194824219e+01,2.681986045837402344e+01,2.449603652954101562e+01,2.689320373535156250e+01,2.318759536743164062e+01,2.255552673339843750e+01,2.077500343322753906e+01,1.255025482177734375e+01,8.574098587036132812e+00,9.383431434631347656e+00,1.482712841033935547e+01,1.590314102172851562e+01,1.622194671630859375e+01,1.400273990631103516e+01,8.681001663208007812e+00,6.084805488586425781e+00,-7.370832562446594238e-01,2.446226358413696289e+00,4.079238891601562500e+00,6.432123661041259766e+00,1.243693828582763672e+01,1.026050090789794922e+01,8.474725723266601562e+00,1.008978462219238281e+01,9.862504959106445312e+00,1.285504245758056641e+01,1.057509994506835938e+01,5.693928718566894531e+00,9.948397636413574219e+00,7.056016921997070312e+00,5.291504859924316406e+00,5.029910564422607422e+00,1.119020843505859375e+01,1.780750274658203125e+01,1.937472915649414062e+01,1.864759445190429688e+01,1.872324371337890625e+01,1.710115242004394531e+01,1.299821090698242188e+01,1.070717620849609375e+01,1.403898334503173828e+01,1.296539020538330078e+01,1.284390735626220703e+01,1.332668018341064453e+01,1.356520652770996094e+01,1.256177425384521484e+01,1.367920684814453125e+01,1.775193786621093750e+01,2.067453002929687500e+01,2.037537956237792969e+01,2.037403488159179688e+01,1.899784469604492188e+01,2.072052574157714844e+01,1.959604644775390625e+01,1.734007072448730469e+01,1.226658153533935547e+01,1.035303020477294922e+01,9.180612564086914062e+00,1.364435482025146484e+01,1.189674377441406250e+01,7.244835853576660156e+00,9.819391250610351562e+00,1.367628574371337891e+01,1.648822212219238281e+01,1.103230190277099609e+01,6.002784729003906250e+00,7.649710178375244141e+00,1.730327796936035156e+01,2.381207275390625000e+01,2.359736824035644531e+01,2.396018218994140625e+01,2.635298156738281250e+01,2.285225677490234375e+01,2.753059005737304688e+01,3.137245559692382812e+01,2.621186447143554688e+01,2.115291213989257812e+01,1.983389282226562500e+01,1.224637699127197266e+01,6.817761898040771484e+00,9.586635589599609375e+00,1.712480545043945312e+01,1.336058521270751953e+01,5.522618293762207031e+00,7.084303855895996094e+00,1.506657791137695312e+01,1.737183380126953125e+01,1.584042739868164062e+01,1.555735015869140625e+01,1.837263679504394531e+01,1.151713943481445312e+01,2.210487174987792969e+01,1.774938011169433594e+01,1.618638229370117188e+01,2.009115982055664062e+01,2.523054695129394531e+01,2.629339981079101562e+01,2.372513198852539062e+01,2.192552947998046875e+01,2.333048248291015625e+01,1.661938476562500000e+01,1.907469749450683594e+01,2.774266815185546875e+01,3.325786590576171875e+01,3.112862396240234375e+01,2.910450744628906250e+01,2.682646369934082031e+01,1.810397720336914062e+01,1.494193744659423828e+01,1.784626388549804688e+01,1.910627365112304688e+01,1.125894832611083984e+01,1.357309341430664062e+01,1.645663261413574219e+01,1.291910171508789062e+01,7.779296875000000000e+00,9.644163131713867188e+00,1.166020965576171875e+01,1.432481288909912109e+01,1.695764541625976562e+01,1.721302413940429688e+01,1.562809753417968750e+01,1.820628356933593750e+01,1.794395065307617188e+01,2.200303649902343750e+01,1.854097747802734375e+01,1.165946578979492188e+01,1.065370655059814453e+01,1.365726852416992188e+01,1.176718330383300781e+01,1.438714981079101562e+01,1.269303321838378906e+01,1.487026500701904297e+01,1.444289970397949219e+01,1.003720855712890625e+01,1.222447967529296875e+01,8.482427597045898438e+00,9.170337677001953125e+00,1.544527912139892578e+01,1.435229969024658203e+01,1.073763847351074219e+01,1.283760261535644531e+01,1.554966831207275391e+01,2.077064132690429688e+01,1.988017654418945312e+01,1.488814735412597656e+01,1.874190902709960938e+01,2.014667510986328125e+01,2.279957199096679688e+01,1.847261238098144531e+01,1.808936882019042969e+01,1.704743576049804688e+01,1.240623474121093750e+01,1.040596771240234375e+01,1.327311706542968750e+01,2.747077560424804688e+01,3.219701004028320312e+01,3.569680023193359375e+01,2.926327514648437500e+01,2.421683120727539062e+01,1.593928050994873047e+01,1.544574451446533203e+01,1.857270050048828125e+01,2.347147178649902344e+01,2.984573364257812500e+01,2.623121643066406250e+01,2.650317764282226562e+01,2.378288269042968750e+01,2.469353294372558594e+01,3.129741096496582031e+01,2.898096466064453125e+01,2.245802307128906250e+01,1.832693862915039062e+01,1.738603591918945312e+01,1.767946243286132812e+01,1.381638431549072266e+01,1.559423351287841797e+01,1.621550369262695312e+01,1.891323089599609375e+01,1.956099128723144531e+01,1.817602539062500000e+01,1.955244445800781250e+01,2.353727149963378906e+01,2.402606964111328125e+01,2.387204933166503906e+01,2.674132156372070312e+01,3.062771224975585938e+01,2.794072341918945312e+01,2.381517982482910156e+01,3.690612030029296875e+01,4.087752532958984375e+01,3.066288375854492188e+01,2.402439308166503906e+01,1.616130828857421875e+01,8.724877357482910156e+00,4.208467006683349609e+00,5.816979408264160156e+00,1.301336097717285156e+01,1.549777221679687500e+01,1.387925529479980469e+01,1.443252086639404297e+01,6.107252120971679688e+00,-1.728411912918090820e-01,-3.378249645233154297e+00,-7.335349082946777344e+00,-1.588526487350463867e+00,2.893896341323852539e+00,1.742569208145141602e+00,4.801511764526367188e-03,-1.832235455513000488e+00,-2.598282337188720703e+00,1.809862852096557617e+00,1.768018341064453125e+01,2.843011474609375000e+01,3.218203353881835938e+01,2.789441299438476562e+01,2.372808074951171875e+01,1.908382034301757812e+01,1.426473236083984375e+01,1.293271350860595703e+01,1.445831108093261719e+01,1.497703552246093750e+01,2.811926078796386719e+01,2.966677474975585938e+01,2.676773834228515625e+01,2.080281066894531250e+01,2.018177986145019531e+01,2.054726409912109375e+01,2.208995056152343750e+01,2.016799926757812500e+01,1.558970260620117188e+01,9.822358131408691406e+00,6.592456817626953125e+00,-6.467556953430175781e-01,1.400964641571044922e+01,1.760600280761718750e+01,1.337546730041503906e+01,1.073036766052246094e+01,1.674561882019042969e+01,1.831745719909667969e+01,1.725470733642578125e+01,1.708643722534179688e+01,1.159794998168945312e+01,1.092095851898193359e+01,6.112433433532714844e+00,5.987184524536132812e+00,6.617951393127441406e+00,4.141201972961425781e+00,1.406424760818481445e+00,-9.533433318138122559e-01,-3.912783861160278320e-01,2.677465915679931641e+00,8.959465980529785156e+00,-1.711512506008148193e-01,1.530682921409606934e+00,2.991535186767578125e+00,-2.420604944229125977e+00,6.648205518722534180e-01,3.166688203811645508e+00,3.564422607421875000e+00,2.921836614608764648e+00,-3.524858951568603516e+00,-4.201555252075195312e+00,2.819377660751342773e+00,5.856848239898681641e+00,4.574318885803222656e+00,1.026325225830078125e+01,1.484480476379394531e+01,1.397696971893310547e+01,1.091959571838378906e+01,7.132513999938964844e+00,6.701625823974609375e+00,1.125730609893798828e+01,1.611158752441406250e+01,9.718858718872070312e+00,6.357040882110595703e+00,4.510748863220214844e+00,1.012593841552734375e+01,1.657390975952148438e+01,1.456012916564941406e+01,9.953374862670898438e+00,5.495188713073730469e+00,-1.561442732810974121e+00,-4.055946826934814453e+00,-4.634116172790527344e+00,-6.160920143127441406e+00,-2.329186439514160156e+00,-1.038659572601318359e+00,5.317709922790527344e+00,1.529046249389648438e+01,1.382937717437744141e+01,1.344578552246093750e+01,9.639301300048828125e+00,7.408561229705810547e+00,7.810143470764160156e+00,1.161812400817871094e+01,7.877629280090332031e+00,2.929765582084655762e-01,-1.095871686935424805e+00,3.603821754455566406e+00,4.128420829772949219e+00,4.688324451446533203e+00,6.445525646209716797e+00,1.564804172515869141e+01,2.002734756469726562e+01,2.163946533203125000e+01,1.931135559082031250e+01,1.409114742279052734e+01,1.648707580566406250e+01,1.406271648406982422e+01,1.029800605773925781e+01,8.557555198669433594e+00,1.840850257873535156e+01,2.207510375976562500e+01,2.541820526123046875e+01,2.163827514648437500e+01,1.722487258911132812e+01,1.221350097656250000e+01,8.598192214965820312e+00,1.148033905029296875e+01,1.686257171630859375e+01,1.292206573486328125e+01,5.064927101135253906e+00,1.173360824584960938e+01,1.335506057739257812e+01,1.229860115051269531e+01,1.101600456237792969e+01,9.791854858398437500e+00,1.071730422973632812e+01,1.161699962615966797e+01,1.148560333251953125e+01,1.340115547180175781e+01,1.598570823669433594e+01,1.349939537048339844e+01,1.515518569946289062e+01,1.779971694946289062e+01,2.074340057373046875e+01,2.150956344604492188e+01,1.825101089477539062e+01,1.670615577697753906e+01,1.624105453491210938e+01,1.389462471008300781e+01,1.725468063354492188e+01,1.347946071624755859e+01,1.210651874542236328e+01,1.116196632385253906e+01,1.201943016052246094e+01,1.207477951049804688e+01,6.726164817810058594e+00,6.818708419799804688e+00,4.418277263641357422e+00,1.360767459869384766e+01,2.098112869262695312e+01,1.920408821105957031e+01,1.726477241516113281e+01,1.742626380920410156e+01,1.959384918212890625e+01,1.994826889038085938e+01,2.477587127685546875e+01,2.193305206298828125e+01,1.744193267822265625e+01,1.623366165161132812e+01,1.322511959075927734e+01,1.054278850555419922e+01,1.031572723388671875e+01,9.840467453002929688e+00,6.380661487579345703e+00,4.300745010375976562e+00,4.400865554809570312e+00,5.905996322631835938e+00,7.954468727111816406e+00,9.412967681884765625e+00,8.780298233032226562e+00,6.526797294616699219e+00,1.241187095642089844e+01,1.713339614868164062e+01,1.406709861755371094e+01,1.062855339050292969e+01,1.128785896301269531e+01,1.141240310668945312e+01,1.013920021057128906e+01,7.149249076843261719e+00,1.330801010131835938e+01,1.557380008697509766e+01,1.233397006988525391e+01,9.423448562622070312e+00,1.054043006896972656e+01,1.642781066894531250e+01,1.271851730346679688e+01,1.097490596771240234e+01,9.745750427246093750e+00,1.096262168884277344e+01,1.378843498229980469e+01,1.286880779266357422e+01,1.130798149108886719e+01,1.378853797912597656e+01,1.688090324401855469e+01,1.154648208618164062e+01,5.910374641418457031e+00,4.475436210632324219e+00,6.512886524200439453e+00,6.672346591949462891e+00,4.628146171569824219e+00,4.656301975250244141e+00,5.255274772644042969e+00,6.378093719482421875e+00,8.527172088623046875e+00,1.213813400268554688e+01,1.558248901367187500e+01,1.757541847229003906e+01,1.636717224121093750e+01,5.683279991149902344e+00,8.119807243347167969e-01,5.466582298278808594e+00,8.767087936401367188e+00,2.997272253036499023e+00,2.709075689315795898e+00,2.408438682556152344e+00,-8.174195885658264160e-01,1.111597180366516113e+00,5.527411937713623047e+00,2.408781528472900391e+00,-8.866485953330993652e-01,-1.337378501892089844e+00,-3.733800888061523438e+00,-2.845420122146606445e+00,3.350378274917602539e+00,6.433707237243652344e+00,5.649709701538085938e-02,-4.765079021453857422e+00,-4.621656894683837891e+00,-7.351514816284179688e+00,-1.424367904663085938e+00,6.192513942718505859e+00,1.815364265441894531e+01,1.894208526611328125e+01,1.959203338623046875e+01,1.464341449737548828e+01,1.131471443176269531e+01,1.297171974182128906e+01,6.369824409484863281e+00,1.139775657653808594e+01,6.390954971313476562e+00,8.786720275878906250e+00,7.702170372009277344e+00,8.188239097595214844e+00,1.134752178192138672e+01,2.251255226135253906e+01,2.853366470336914062e+01,2.975738143920898438e+01,2.630011749267578125e+01,1.585974311828613281e+01,1.086362934112548828e+01,7.453584671020507812e+00,1.436466574668884277e+00,-5.117853879928588867e-01,3.209263324737548828e+00,1.620867347717285156e+01,2.486178779602050781e+01,3.201151275634765625e+01,3.340436553955078125e+01,3.017016983032226562e+01,3.038169097900390625e+01,2.987068176269531250e+01,3.388107299804687500e+01,2.982072448730468750e+01,2.596147727966308594e+01,2.281442642211914062e+01,1.669408226013183594e+01,1.717899703979492188e+01,1.486682319641113281e+01,1.267076301574707031e+01,1.054640007019042969e+01,1.287419605255126953e+01,2.458038711547851562e+01,2.587642860412597656e+01,2.520841598510742188e+01,2.664956283569335938e+01,2.757286453247070312e+01,3.314666748046875000e+01,3.718091201782226562e+01,3.318553924560546875e+01,3.706096267700195312e+01,3.936983871459960938e+01,3.292456436157226562e+01,2.640514564514160156e+01,2.635126113891601562e+01,2.536471557617187500e+01,2.452814865112304688e+01,2.159348678588867188e+01,2.018618392944335938e+01,2.310239982604980469e+01,2.402875518798828125e+01,1.755487442016601562e+01,1.276594734191894531e+01,1.591120719909667969e+01,1.600856971740722656e+01,1.329056167602539062e+01,1.182300376892089844e+01,8.320417404174804688e+00,1.288379287719726562e+01,1.330915069580078125e+01,1.437094211578369141e+01,1.522434997558593750e+01,1.654286575317382812e+01,1.422217750549316406e+01,1.255240631103515625e+01,1.147997856140136719e+01,1.698929214477539062e+01,2.019347763061523438e+01,1.051085472106933594e+01,1.048775386810302734e+01,1.746298599243164062e+01,1.044597053527832031e+01,9.325763702392578125e+00,9.009103775024414062e+00,1.141077613830566406e+01,1.231455802917480469e+01,1.160421752929687500e+01,1.039172744750976562e+01,1.087366294860839844e+01,7.862040519714355469e+00,7.939554214477539062e+00,9.612301826477050781e+00,1.566693687438964844e+01,1.634047889709472656e+01,1.737181091308593750e+01,1.865806961059570312e+01,2.114072036743164062e+01,2.403258132934570312e+01,1.835280418395996094e+01,1.579424381256103516e+01,1.124254417419433594e+01,1.381828403472900391e+01,1.679732322692871094e+01,1.906253433227539062e+01,1.679709434509277344e+01,1.302031707763671875e+01,1.983065414428710938e+01,2.840508651733398438e+01,2.750900268554687500e+01,2.031155395507812500e+01,2.114914703369140625e+01,2.074508666992187500e+01,1.437699317932128906e+01,1.607139968872070312e+01,2.041950607299804688e+01,1.529640865325927734e+01,7.734478950500488281e+00,7.579885482788085938e+00,5.440967559814453125e+00,4.979393482208251953e+00,3.637949943542480469e+00,1.008934688568115234e+01,8.773194313049316406e+00,8.760831832885742188e+00,1.403980731964111328e+01,1.153984069824218750e+01,1.228400802612304688e+01,1.348999404907226562e+01,9.830867767333984375e+00,6.435673713684082031e+00,7.557684898376464844e+00,5.672008514404296875e+00,9.141841888427734375e+00,1.450738430023193359e+01,1.004982185363769531e+01,1.021767234802246094e+01,1.060929870605468750e+01,4.833689689636230469e+00,6.558293819427490234e+00,1.091942214965820312e+01,8.958667755126953125e+00,1.515536785125732422e+01,1.675617027282714844e+01,1.163102245330810547e+01,9.484855651855468750e+00,5.361522674560546875e+00,9.323406219482421875e+00,1.127851295471191406e+01,6.070134639739990234e+00,6.802650451660156250e+00,1.019412994384765625e+01,1.614640426635742188e+01,1.584298706054687500e+01,1.238697910308837891e+01,1.288448143005371094e+01,8.494171142578125000e+00,5.636548519134521484e+00,7.939117431640625000e+00,1.119679641723632812e+01,1.022376632690429688e+01,9.206090927124023438e+00,7.446860074996948242e-01,-1.051361083984375000e+00,1.606693983078002930e+00,1.112845039367675781e+01,1.582471466064453125e+01,1.049562835693359375e+01,9.061855316162109375e+00,6.640308856964111328e+00,4.588867664337158203e+00,3.287922382354736328e+00,4.159505844116210938e+00,5.337930917739868164e-01,8.913362026214599609e-01,8.930065155029296875e+00,1.681417083740234375e+01,1.525380134582519531e+01,1.643753051757812500e+01,2.138219070434570312e+01,2.151815795898437500e+01,1.666440010070800781e+01,1.849735069274902344e+01,1.496469116210937500e+01,9.271825790405273438e+00,1.339239120483398438e+01,1.207470130920410156e+01,7.231980323791503906e+00,5.597542762756347656e+00,3.801845073699951172e+00,5.869239807128906250e+00,4.322651863098144531e+00,-6.688211560249328613e-01,1.103177309036254883e+00,6.559626579284667969e+00,5.857323646545410156e+00,5.427939891815185547e+00,1.000382614135742188e+01,1.642530822753906250e+01,1.413901901245117188e+01,1.942372512817382812e+01,2.402569007873535156e+01,1.715335083007812500e+01,2.245665740966796875e+01,2.498150444030761719e+01,2.834867286682128906e+01,2.713124465942382812e+01,1.927630805969238281e+01,1.792255592346191406e+01,2.066784095764160156e+01,1.815816879272460938e+01,7.698352813720703125e+00,1.709653973579406738e+00,2.407900810241699219e+00,2.373480796813964844e+00,8.598121643066406250e+00,1.930528259277343750e+01,2.489133834838867188e+01,2.714371299743652344e+01,2.601799011230468750e+01,1.851578140258789062e+01,1.296146202087402344e+01,1.240259647369384766e+01,1.618074226379394531e+01,2.242119216918945312e+01,1.591422271728515625e+01,1.436320686340332031e+01,1.157012939453125000e+01,3.400726318359375000e+00,2.152839183807373047e+00,3.408657550811767578e+00,4.202310562133789062e+00,4.995391845703125000e+00,4.655340194702148438e+00,1.971111536026000977e+00,-8.436825275421142578e-01,-1.597509264945983887e+00,-3.131922245025634766e+00,1.665315628051757812e+01,2.261129379272460938e+01,2.356850814819335938e+01,2.609235382080078125e+01,2.562558746337890625e+01,2.288067626953125000e+01,1.748786735534667969e+01,1.753289222717285156e+01,1.836239814758300781e+01,1.577338123321533203e+01,1.016323089599609375e+01,6.992772102355957031e+00,4.647351741790771484e+00,3.428175449371337891e+00,2.201732397079467773e+00,8.330303192138671875e+00,1.096027946472167969e+01,1.497842979431152344e+01,1.559505748748779297e+01,1.414433860778808594e+01,1.321194839477539062e+01,1.301766204833984375e+01,1.473767852783203125e+01,1.081326866149902344e+01,9.163848876953125000e+00,1.089442348480224609e+01,1.380094528198242188e+01,1.271719646453857422e+01,1.007520103454589844e+01,1.232834053039550781e+01,1.427644538879394531e+01,6.483150005340576172e+00,-1.487371206283569336e+00,-3.711180686950683594e+00,-2.961537122726440430e+00,-5.658261775970458984e+00,-1.693490862846374512e+00,7.487679481506347656e+00,1.028409099578857422e+01,1.274033355712890625e+01,2.033126449584960938e+01,2.366843414306640625e+01,2.535628128051757812e+01,2.396188545227050781e+01,1.948838043212890625e+01,1.317920112609863281e+01,1.726895141601562500e+01,1.709570503234863281e+01,1.508339500427246094e+01,1.325055122375488281e+01,1.333165740966796875e+01,1.403744506835937500e+01,1.190927696228027344e+01,1.517736053466796875e+01,1.343099021911621094e+01,8.682813644409179688e+00,5.497325897216796875e+00,3.857080221176147461e+00,1.331342124938964844e+01,2.594841766357421875e+01,2.838099670410156250e+01,2.083117103576660156e+01,1.996743392944335938e+01,2.037787246704101562e+01,1.453046607971191406e+01,1.302789115905761719e+01,1.341852474212646484e+01,1.030176734924316406e+01,1.035652542114257812e+01,1.256852722167968750e+01,9.289270401000976562e+00,2.452661991119384766e+00,8.860218048095703125e+00,1.454920768737792969e+01,2.491513442993164062e+01,3.181911468505859375e+01,3.979072570800781250e+01,3.722224044799804688e+01,3.464448928833007812e+01,3.903151702880859375e+01,3.783854293823242188e+01,3.453865814208984375e+01,2.633423995971679688e+01,2.251091575622558594e+01,2.585596656799316406e+01,2.894982147216796875e+01,2.755526542663574219e+01,2.398705101013183594e+01,2.564165496826171875e+01,2.293325805664062500e+01,1.630330276489257812e+01,1.130233764648437500e+01,1.266386795043945312e+01,1.203785514831542969e+01,1.139092254638671875e+01,9.296832084655761719e+00,1.015594100952148438e+01,1.201864433288574219e+01,1.267673778533935547e+01,6.000573158264160156e+00,5.343200683593750000e+00,1.017689585685729980e+00,-1.096039056777954102e+00,-3.836359500885009766e+00,-6.220977783203125000e+00,-1.605077743530273438e+00,3.434568166732788086e+00,1.034946537017822266e+01,1.630212020874023438e+01,1.110035514831542969e+01,3.625911235809326172e+00,6.018921136856079102e-01,3.814827442169189453e+00,8.525568962097167969e+00,9.684875488281250000e+00,8.669472694396972656e+00,4.386962890625000000e+00,9.296998977661132812e+00,1.088178634643554688e+01,1.205726623535156250e+01,1.421847915649414062e+01,1.180459499359130859e+01,1.044463634490966797e+01,5.140784740447998047e+00,4.087626934051513672e+00,8.933564186096191406e+00,1.642731475830078125e+01,1.747393989562988281e+01,1.352317142486572266e+01,1.152283859252929688e+01,1.158269691467285156e+01,1.078874588012695312e+01,9.299627304077148438e+00,6.062138557434082031e+00,1.018341445922851562e+01,1.324926662445068359e+01,1.742827796936035156e+01,1.412878704071044922e+01,1.329019165039062500e+01,1.722864341735839844e+01,1.984208297729492188e+01,2.058177375793457031e+01,1.972626686096191406e+01,1.386862182617187500e+01,1.741397857666015625e+01,1.450015068054199219e+01,1.068445014953613281e+01,1.371434783935546875e+01,1.122040748596191406e+01,8.273864746093750000e+00,5.371250152587890625e+00,6.160211563110351562e+00,7.677048206329345703e+00,8.847612380981445312e+00,1.123215103149414062e+01,1.780371856689453125e+01,1.765278816223144531e+01,1.444410419464111328e+01,1.005144119262695312e+01,6.660209655761718750e+00,9.791812896728515625e+00,1.378513908386230469e+01,1.427077674865722656e+01,1.385578918457031250e+01,1.609392356872558594e+01,1.517947959899902344e+01,1.293203639984130859e+01,1.139636802673339844e+01,1.379720878601074219e+01,8.602679252624511719e+00,8.170983314514160156e+00,1.566481781005859375e+01,2.028693389892578125e+01,1.826690292358398438e+01,1.890374755859375000e+01,1.585088729858398438e+01,1.323296165466308594e+01,1.689828872680664062e+01,1.607648849487304688e+01,1.121309089660644531e+01,1.302247524261474609e+01,8.414298057556152344e+00,5.390660285949707031e+00,7.975236415863037109e+00,9.176835060119628906e+00,1.086194038391113281e+01,5.063070297241210938e+00,5.701046943664550781e+00,1.120851230621337891e+01,9.318494796752929688e+00,5.830151557922363281e+00,2.684916734695434570e+00,3.656290173530578613e-01,7.797584056854248047e+00,1.018666553497314453e+01,1.081109428405761719e+01,1.532164001464843750e+01,1.383095932006835938e+01,1.352341270446777344e+01,1.600876426696777344e+01,9.722299575805664062e+00,6.014648675918579102e-01,2.555564880371093750e+00,9.167401313781738281e+00,1.118027305603027344e+01,1.512757873535156250e+01,1.716575813293457031e+01,1.350806903839111328e+01,1.298684883117675781e+01,1.321525859832763672e+01,1.313524150848388672e+01,6.916424751281738281e+00,1.098448371887207031e+01,2.148356246948242188e+01,2.647463607788085938e+01,2.817699050903320312e+01,3.184910583496093750e+01,3.157370948791503906e+01,1.920029640197753906e+01,9.147624969482421875e+00,9.833970069885253906e+00,1.098008537292480469e+01,8.139819145202636719e+00,3.922535896301269531e+00,9.198681831359863281e+00,5.435058593750000000e+00,1.626630401611328125e+01,2.435793304443359375e+01,1.498172283172607422e+01,4.678507804870605469e+00,3.625016212463378906e+00,2.762689113616943359e+00,5.391678810119628906e+00,5.787275791168212891e+00,6.280612945556640625e+00,1.121392965316772461e+00,-5.761680603027343750e-01,-2.008394241333007812e+00,-8.491895198822021484e-01,8.812428474426269531e+00,1.089231681823730469e+01,1.481237792968750000e+01,1.040913581848144531e+01,4.923914909362792969e+00,3.388903856277465820e+00,4.118508338928222656e+00,5.775346755981445312e+00,1.065271186828613281e+01,1.196113014221191406e+01,1.224818229675292969e+01,1.450758361816406250e+01,1.986339569091796875e+01,2.101670455932617188e+01,1.277003288269042969e+01,1.271049690246582031e+01,1.844631195068359375e+01,1.857462692260742188e+01,1.886542892456054688e+01,1.835615348815917969e+01,1.463375186920166016e+01,1.440151596069335938e+01,1.299818038940429688e+01,1.672222137451171875e+01,2.002488327026367188e+01,1.590096664428710938e+01,1.312732887268066406e+01,1.165504455566406250e+01,1.039260482788085938e+01,7.002908706665039062e+00,8.225109100341796875e+00,6.377123832702636719e+00,-2.356600999832153320e+00,-3.314044952392578125e+00,1.095021820068359375e+01,1.017443466186523438e+01,1.284140968322753906e+01,1.689029312133789062e+01,1.845929145812988281e+01,1.878102874755859375e+01,2.189804649353027344e+01,2.590505981445312500e+01,2.311196899414062500e+01,1.839406967163085938e+01,7.394967079162597656e+00,7.304267883300781250e+00,1.172049331665039062e+01,1.165349197387695312e+01,1.139804840087890625e+01,8.724224090576171875e+00,3.946836233139038086e+00,4.520046710968017578e-01,1.045241069793701172e+01,1.321804904937744141e+01,1.835302352905273438e+01,2.383556175231933594e+01,1.320871543884277344e+01,3.944334030151367188e+00,2.068738698959350586e+00,-1.964351534843444824e-02,-5.691695213317871094e+00,-5.175098896026611328e+00,-1.498245954513549805e+00,-1.231545448303222656e+00,3.092656373977661133e+00,8.771059036254882812e+00,1.228288555145263672e+01,1.123282718658447266e+01,1.254306983947753906e+01,1.394104671478271484e+01,1.077393150329589844e+01,1.435906600952148438e+01,1.344710731506347656e+01,9.137571334838867188e+00,1.296586322784423828e+01,1.063484764099121094e+01,1.011801147460937500e+01,1.190827751159667969e+01,1.122656822204589844e+01,1.015177440643310547e+01,9.630198478698730469e+00,1.251098632812500000e+01,1.773857498168945312e+01,1.161620426177978516e+01,1.027409362792968750e+01,1.069705772399902344e+01,7.610735416412353516e+00,7.902326583862304688e+00,5.676008224487304688e+00,1.470557332038879395e+00,3.002152442932128906e+00,8.527878761291503906e+00,1.630566978454589844e+01,2.074601364135742188e+01,1.408717155456542969e+01,1.869004440307617188e+01,2.241654205322265625e+01,2.289166069030761719e+01,2.111743354797363281e+01,1.740242958068847656e+01,1.271669101715087891e+01,4.039227485656738281e+00,2.476436853408813477e+00,1.660402536392211914e+00,1.963060736656188965e+00,1.714231491088867188e+00,3.247506141662597656e+00,1.683700323104858398e+00,-3.602479934692382812e+00,-2.467438220977783203e+00,-1.883851885795593262e+00,1.879220962524414062e+00,9.787054061889648438e+00,3.879001140594482422e+00,1.128819656372070312e+01,1.553944873809814453e+01,1.873493576049804688e+01,1.816309738159179688e+01,1.487152290344238281e+01,1.816776275634765625e+01,2.089654922485351562e+01,2.598378372192382812e+01,2.836487197875976562e+01,2.620130729675292969e+01,1.430901336669921875e+01,1.694218826293945312e+01,1.668858718872070312e+01,1.683738136291503906e+01,2.227004051208496094e+01,2.325667381286621094e+01,1.263635063171386719e+01,4.084071636199951172e+00,-1.439471006393432617e+00,-9.170321464538574219e+00,9.474396705627441406e-02,7.582890033721923828e+00,1.509590530395507812e+01,1.271061325073242188e+01,1.225862312316894531e+01,1.156921768188476562e+01,1.551887607574462891e+01,4.996748447418212891e+00,-5.289628028869628906e+00,1.998284459114074707e+00,2.470747947692871094e+00,-4.354149699211120605e-01,9.208050966262817383e-01,-4.418600082397460938e+00,-1.019756913185119629e+00,4.093190193176269531e+00,4.524675846099853516e+00,9.058895111083984375e-01,-1.325085163116455078e-01,6.060461997985839844e-01,3.575284957885742188e+00,3.607487201690673828e+00,1.225625801086425781e+01,1.846768951416015625e+01,1.485071372985839844e+01,1.222264575958251953e+01,7.342590332031250000e+00,-2.595541715621948242e+00,-1.869307518005371094e+00,6.644643545150756836e-01,2.529984474182128906e+00,2.348384618759155273e+00,3.483693122863769531e+00,1.113348007202148438e+01,1.481817626953125000e+01,1.252621078491210938e+01,8.218381881713867188e+00,1.137881660461425781e+01,1.199306488037109375e+01,1.203629302978515625e+01,1.696393203735351562e+01,2.347067832946777344e+01,2.707364654541015625e+01,3.035548782348632812e+01,3.152452278137207031e+01,2.458926391601562500e+01,1.528456497192382812e+01,8.058016777038574219e+00,-1.449362158775329590e+00,3.587893009185791016e+00,8.975227355957031250e+00,9.390027999877929688e+00,9.623016357421875000e+00,8.067335128784179688e+00,7.108343124389648438e+00,1.253124237060546875e+01,1.993613052368164062e+01,1.862232589721679688e+01,1.154602432250976562e+01,7.831130504608154297e+00,5.949064254760742188e+00,2.512521028518676758e+00,9.522453308105468750e+00,1.288678550720214844e+01,1.287024688720703125e+01,1.562007141113281250e+01,1.463068199157714844e+01,8.641134262084960938e+00,1.013124465942382812e+01,1.914071273803710938e+01,1.386883544921875000e+01,1.268771743774414062e+01,1.129345035552978516e+01,2.672583341598510742e+00,1.452409148216247559e+00,-2.244141101837158203e+00,-5.043439388275146484e+00,-4.264422416687011719e+00,-5.979016304016113281e+00,-2.138006687164306641e+00,1.852034091949462891e+00,5.144899845123291016e+00,1.135538864135742188e+01,1.058639526367187500e+01,1.395898628234863281e+01,1.795055389404296875e+01,2.151149940490722656e+01,2.148252677917480469e+01,2.915522003173828125e+01,2.784620285034179688e+01,2.719903564453125000e+01,2.427025604248046875e+01,2.122109985351562500e+01,1.690994262695312500e+01,1.641495895385742188e+01,1.628947448730468750e+01,1.753205871582031250e+01,1.683653068542480469e+01,1.504402065277099609e+01,9.918464660644531250e+00,7.767203330993652344e+00,1.487882041931152344e+01,1.344953536987304688e+01,1.283330249786376953e+01,1.483140182495117188e+01,8.594753265380859375e+00,1.006200408935546875e+01,1.233913803100585938e+01,1.121669006347656250e+01,1.824901580810546875e+01,1.749302673339843750e+01,1.180363368988037109e+01,9.568345069885253906e+00,1.050867366790771484e+01,1.159225559234619141e+01,1.203219127655029297e+01,8.521884918212890625e+00,8.410629272460937500e+00,8.799759864807128906e+00,8.528817176818847656e+00,1.108198928833007812e+01,1.262787246704101562e+01,5.093677520751953125e+00,6.313471794128417969e+00,1.072268772125244141e+01,1.150543022155761719e+01,6.195552825927734375e+00,-2.448430538177490234e+00,2.293231487274169922e+00,2.144443988800048828e+00,-3.321434736251831055e+00,-3.949282884597778320e+00,1.148951768875122070e+00,1.102524185180664062e+01,1.938836479187011719e+01,1.883488845825195312e+01,2.152862930297851562e+01,2.328578567504882812e+01,2.079175758361816406e+01,1.847359848022460938e+01,1.879225540161132812e+01,1.586653327941894531e+01,1.181976127624511719e+01,9.937823295593261719e+00,1.243731784820556641e+01,1.664583969116210938e+01,1.842204475402832031e+01,1.986039352416992188e+01,1.735910415649414062e+01,1.496843719482421875e+01,1.224899291992187500e+01,7.371470451354980469e+00,1.723917198181152344e+01,3.367699432373046875e+01,2.901751708984375000e+01,3.065469360351562500e+01,3.073442077636718750e+01,1.911821937561035156e+01,9.304687500000000000e+00,6.838142395019531250e+00,1.003518390655517578e+01,1.240599727630615234e+01,8.478958129882812500e+00,1.348828411102294922e+01,1.560833168029785156e+01,1.362405967712402344e+01,8.732268333435058594e+00,1.106752014160156250e+01,1.204955005645751953e+01,9.705320358276367188e+00,3.264302730560302734e+00,-6.495816111564636230e-01,-2.409448385238647461e+00,-2.939983844757080078e+00,-1.250091791152954102e+00,-2.467496156692504883e+00,-7.572125911712646484e+00,-3.189604878425598145e-01,3.321214199066162109e+00,1.272483062744140625e+01,1.337898635864257812e+01,1.523550605773925781e+01,1.657303047180175781e+01,1.727258682250976562e+01,1.635303688049316406e+01,1.366620254516601562e+01,1.520323371887207031e+01,1.757132720947265625e+01,1.812941741943359375e+01,1.435806274414062500e+01,1.355861091613769531e+01,4.587947845458984375e+00,2.556495189666748047e+00,8.843999862670898438e+00,1.489362049102783203e+01,2.100830078125000000e+01,1.998652648925781250e+01,1.329460144042968750e+01,4.355018615722656250e+00,7.391796708106994629e-01,-3.400549292564392090e-01,3.599975109100341797e+00,2.513242244720458984e+00,2.208274006843566895e-01,2.634781837463378906e+00,6.237823009490966797e+00,7.818835258483886719e+00,1.216712951660156250e+01,1.654595756530761719e+01,1.563009452819824219e+01,4.596463680267333984e+00,-7.788455486297607422e-02,4.769011020660400391e+00,2.544086074829101562e+01,2.815306091308593750e+01,2.172169876098632812e+01,2.454089736938476562e+01,2.492214775085449219e+01,2.157231521606445312e+01,1.464310264587402344e+01,1.039473915100097656e+01,1.174685287475585938e+01,1.281032180786132812e+01,1.661988449096679688e+01,2.007426452636718750e+01,2.170282745361328125e+01,2.622272491455078125e+01,2.680780792236328125e+01,2.566652870178222656e+01,1.740593719482421875e+01,1.724684524536132812e+01,2.153539657592773438e+01,1.730440902709960938e+01,1.658139991760253906e+01,1.943041038513183594e+01,1.575373840332031250e+01,9.823466300964355469e+00,6.905055522918701172e+00,1.077285957336425781e+01,1.535889244079589844e+01,1.450389289855957031e+01,4.767198562622070312e+00,5.047606468200683594e+00,9.974273681640625000e+00,1.521337509155273438e+01,1.955083465576171875e+01,1.350604248046875000e+01,9.767826080322265625e+00,1.146417236328125000e+01,1.081268310546875000e+01,9.605572700500488281e+00,9.977226257324218750e+00,6.632446289062500000e+00,6.221343994140625000e+00,7.984159946441650391e+00,1.135556221008300781e+01,7.500280380249023438e+00,8.017120361328125000e+00,5.148052215576171875e+00,5.923126220703125000e+00,1.216446304321289062e+01,1.296704101562500000e+01,1.194337558746337891e+01,1.033828735351562500e+01,1.366498184204101562e+01,1.557249259948730469e+01,7.968502044677734375e+00,1.375479340553283691e+00,-2.767380714416503906e+00,4.802039146423339844e+00,1.070446014404296875e+01,1.082564830780029297e+01,1.568094253540039062e+01,7.574795722961425781e+00,1.224962806701660156e+01,2.073990821838378906e+01,1.857104110717773438e+01,1.744070434570312500e+01,1.701280975341796875e+01,1.550965785980224609e+01,1.607653427124023438e+01,1.578447914123535156e+01,1.608541488647460938e+01,1.212040519714355469e+01,9.682344436645507812e+00,3.975616693496704102e+00,4.611415863037109375e+00,8.055516242980957031e+00,1.074168014526367188e+01,1.542976760864257812e+01,1.628759002685546875e+01,1.820548629760742188e+01,1.580093002319335938e+01,1.134080505371093750e+01,5.734411239624023438e+00,1.101962280273437500e+01,1.590449428558349609e+01,1.995304107666015625e+01,1.669597244262695312e+01,1.053319263458251953e+01,1.197283077239990234e+01,1.050830078125000000e+01,1.183374977111816406e+01,1.164411163330078125e+01,1.452274513244628906e+01,1.238070201873779297e+01,1.340187072753906250e+01,1.197787570953369141e+01,1.646105384826660156e+01,1.822837829589843750e+01,1.440366744995117188e+01,1.205750083923339844e+01,1.261758232116699219e+01,1.133464717864990234e+01,1.130882835388183594e+01,1.736612701416015625e+01,1.778697204589843750e+01,1.431757926940917969e+01,8.790571212768554688e+00,4.224634170532226562e+00,9.892808914184570312e+00,1.147860717773437500e+01,9.526338577270507812e+00,1.272110366821289062e+01,1.808334922790527344e+01,1.468864440917968750e+01,1.187736701965332031e+01,1.255404853820800781e+01,7.322740554809570312e+00,2.140524291992187500e+01,2.935426330566406250e+01,2.758022880554199219e+01,1.946467208862304688e+01,2.107026290893554688e+01,2.100622940063476562e+01,1.335584735870361328e+01,1.398213005065917969e+01,1.858157539367675781e+01,1.887957382202148438e+01,2.141954994201660156e+01,2.314606285095214844e+01,1.978384780883789062e+01,2.199600791931152344e+01,1.955547142028808594e+01,2.014334487915039062e+01,1.488469123840332031e+01,1.836664962768554688e+01,2.279891014099121094e+01,1.853705215454101562e+01,1.814821815490722656e+01,2.188163185119628906e+01,2.210716819763183594e+01,2.025791740417480469e+01,1.448755931854248047e+01,1.584395122528076172e+01,2.048871994018554688e+01,2.241606903076171875e+01,1.277315807342529297e+01,1.194603157043457031e+01,1.703325843811035156e+01,1.390549468994140625e+01,1.089121437072753906e+01,1.010029888153076172e+01,1.090972328186035156e+01,1.291852760314941406e+01,6.709820747375488281e+00,1.001047515869140625e+01,1.478563499450683594e+01,1.659794616699218750e+01,1.557387924194335938e+01,1.107458114624023438e+01,6.532741189002990723e-01,-1.256393551826477051e+00,8.762483596801757812e+00,1.165348815917968750e+01,9.937194824218750000e+00,1.270153522491455078e+01,1.324046134948730469e+01,-1.515430212020874023e+00,-8.171997070312500000e+00,-5.236664772033691406e+00,-1.705846428871154785e+00,6.389602661132812500e+00,9.883912086486816406e+00,7.206233024597167969e+00,7.922296524047851562e+00,7.375194549560546875e+00,7.843770503997802734e+00,6.857779026031494141e+00,9.203498840332031250e+00,9.411546707153320312e+00,7.486826896667480469e+00,8.378179550170898438e+00,1.657030105590820312e+01,1.512438583374023438e+01,7.749255180358886719e+00,6.895159721374511719e+00,9.919583320617675781e+00,1.648900794982910156e+01,2.047218322753906250e+01,1.957922363281250000e+01,2.370802688598632812e+01,2.174236297607421875e+01,1.597122955322265625e+01,1.079069995880126953e+01,1.051706314086914062e+01,1.168352508544921875e+01,1.009590148925781250e+01,9.039289474487304688e+00,1.609714317321777344e+01,1.784991073608398438e+01,1.978436088562011719e+01,2.001758956909179688e+01,1.617131423950195312e+01,1.372834205627441406e+01,1.274748325347900391e+01,1.816468429565429688e+01,2.534111404418945312e+01,2.389048957824707031e+01,2.598514556884765625e+01,2.575503158569335938e+01,2.767082977294921875e+01,2.387667083740234375e+01,1.571343803405761719e+01,1.287552547454833984e+01,1.344010353088378906e+01,1.269425392150878906e+01,1.080422973632812500e+01,1.295497512817382812e+01,8.016637802124023438e+00,8.153465270996093750e+00,1.161031150817871094e+01,1.157278537750244141e+01,9.959369659423828125e+00,1.328724956512451172e+01,1.254337501525878906e+01,9.855363845825195312e+00,1.343402290344238281e+01,1.294025230407714844e+01,1.262289810180664062e+01,9.112826347351074219e+00,1.012870311737060547e+01,7.474963665008544922e+00,5.405233383178710938e+00,8.869644165039062500e+00,8.427484512329101562e+00,7.600622177124023438e+00,2.927388668060302734e+00,8.799730300903320312e+00,1.016140270233154297e+01,8.180538177490234375e+00,1.096203422546386719e+01,1.136002159118652344e+01,1.115026664733886719e+01,8.248952865600585938e+00,6.168024063110351562e+00,7.795134782791137695e-01,1.765233755111694336e+00,4.514088630676269531e+00,8.727075576782226562e+00,6.454993724822998047e+00,4.076951026916503906e+00,4.911783218383789062e+00,9.481714248657226562e+00,1.612422370910644531e+01,1.160675907135009766e+01,7.932038307189941406e+00,-1.460183143615722656e+00,-9.239219665527343750e+00,-9.480576515197753906e+00,-6.864247798919677734e+00,4.532652497291564941e-01,2.235065460205078125e+00,5.800904273986816406e+00,1.648102283477783203e+00,2.234571218490600586e+00,6.814556598663330078e+00,5.172853946685791016e+00,6.717091560363769531e+00,9.612998962402343750e+00,6.605577468872070312e+00,-2.228975057601928711e+00,-9.038823127746582031e+00,-5.503045082092285156e+00,-1.074459075927734375e+00,7.965863704681396484e+00,1.838504409790039062e+01,1.981729888916015625e+01,1.939841842651367188e+01,1.490412712097167969e+01,1.519517326354980469e+01,1.555307769775390625e+01,1.263924694061279297e+01,1.132833099365234375e+01,1.032150459289550781e+01,8.722126007080078125e+00,9.482015609741210938e+00,1.324938106536865234e+01,1.167207336425781250e+01,1.369933223724365234e+01,1.283599281311035156e+01,9.942891120910644531e+00,1.344034767150878906e+01,1.161834907531738281e+01,1.262841796875000000e+01,1.406700325012207031e+01,1.297558212280273438e+01,9.494613647460937500e+00,9.101181030273437500e+00,1.110473823547363281e+01,1.555035591125488281e+01,1.186124420166015625e+01,1.117674827575683594e+01,1.384861564636230469e+01,1.835152816772460938e+01,1.570722961425781250e+01,9.745241165161132812e+00,1.085925769805908203e+01,1.452295780181884766e+01,1.416979598999023438e+01,1.182608222961425781e+01,1.299052524566650391e+01,7.415151596069335938e+00,1.131100654602050781e+01,2.032924270629882812e+01,1.985098838806152344e+01,1.268894767761230469e+01,1.106320190429687500e+01,1.396208953857421875e+01,1.518114280700683594e+01,1.589034366607666016e+01,1.377947044372558594e+01,1.368783378601074219e+01,1.251719665527343750e+01,1.313710689544677734e+01,2.158344841003417969e+01,1.639765548706054688e+01,1.283874511718750000e+01,1.525676441192626953e+01,9.179008483886718750e+00,1.110048294067382812e+01,1.454568576812744141e+01,9.696165084838867188e+00,1.013080310821533203e+01,8.530423164367675781e+00,1.088484287261962891e+01,1.141956138610839844e+01,1.046603584289550781e+01,1.079179573059082031e+01,9.907475471496582031e+00,1.064962387084960938e+01,1.069604492187500000e+01,8.663522720336914062e+00,7.915694713592529297e+00,7.119838237762451172e+00,1.097989845275878906e+01,1.436635589599609375e+01,1.418937110900878906e+01,1.285749816894531250e+01,1.308470916748046875e+01,1.302772331237792969e+01,1.380377388000488281e+01,1.307487678527832031e+01,7.590437889099121094e+00,1.006702613830566406e+01,1.383463859558105469e+01,1.002318954467773438e+01,4.138926506042480469e+00,1.603360295295715332e+00,3.332487821578979492e+00,8.396162033081054688e+00,1.161034965515136719e+01,1.235271930694580078e+01,1.287158966064453125e+01,1.597071743011474609e+01,1.590525436401367188e+01,1.684170532226562500e+01,1.163995933532714844e+01,4.420758724212646484e+00,5.569460868835449219e+00,7.836707115173339844e+00,8.790721893310546875e+00,7.999608993530273438e+00,6.538313865661621094e+00,1.371569442749023438e+01,1.689184188842773438e+01,9.642337799072265625e+00,5.075109004974365234e+00,5.851676940917968750e+00,1.291788101196289062e+01,1.597572898864746094e+01,1.385774517059326172e+01,1.268086433410644531e+01,1.038549995422363281e+01,1.258939933776855469e+01,8.463768959045410156e+00,8.524104118347167969e+00,7.452529430389404297e+00,1.072245979309082031e+01,1.053446960449218750e+01,1.083824348449707031e+01,1.151197338104248047e+01,1.496370220184326172e+01,1.138081741333007812e+01,8.787559509277343750e+00,1.072641658782958984e+01,1.251434898376464844e+01,1.440787220001220703e+01,1.471471405029296875e+01,9.635164260864257812e+00,1.276547241210937500e+01,1.394874763488769531e+01,9.370748519897460938e+00,7.302592277526855469e+00,1.722097015380859375e+01,1.933546066284179688e+01,2.046755218505859375e+01,1.773093032836914062e+01,1.391205596923828125e+01,1.988858032226562500e+01,2.944770240783691406e+01,3.158623504638671875e+01,2.919516754150390625e+01,2.024567031860351562e+01,9.722455024719238281e+00,7.284688949584960938e+00,8.440204620361328125e+00,5.504979610443115234e+00,5.514462471008300781e+00,1.058327484130859375e+01,3.437028169631958008e+00,5.528841912746429443e-02,-1.454541921615600586e+00,9.017518997192382812e+00,1.444915580749511719e+01,1.396863460540771484e+01,1.551627922058105469e+01,1.518802452087402344e+01,2.067742538452148438e+01,2.075229072570800781e+01,1.763116836547851562e+01,9.208087921142578125e+00,6.414413452148437500e+00,1.161482810974121094e+01,1.808195114135742188e+01,1.722990608215332031e+01,1.198717689514160156e+01,1.008065128326416016e+01,9.832828521728515625e+00,9.483053207397460938e+00,1.117874908447265625e+01,9.729565620422363281e+00,1.204128837585449219e+01,8.613625526428222656e+00,6.465011119842529297e+00,1.085855674743652344e+01,1.644371414184570312e+01,1.418527412414550781e+01,7.689740657806396484e+00,3.723019599914550781e+00,7.624635696411132812e+00,7.742543220520019531e+00,6.804853439331054688e+00,1.164514732360839844e+01,1.032456111907958984e+01,6.225544929504394531e+00,7.293986320495605469e+00,1.104626655578613281e+01,1.396832084655761719e+01,1.296973991394042969e+01,1.383565521240234375e+01,1.315626239776611328e+01,6.356557846069335938e+00,3.230131149291992188e+00,5.608627796173095703e+00,8.038188934326171875e+00,1.136736106872558594e+01,1.062959671020507812e+01,1.277991771697998047e+01,1.506194877624511719e+01,9.835924148559570312e+00,8.471983909606933594e+00,6.191943168640136719e+00,5.380167007446289062e+00,1.402404022216796875e+01,1.242935657501220703e+01,1.005739498138427734e+01,1.119216918945312500e+01,1.253400230407714844e+01,1.531852436065673828e+01,1.323454666137695312e+01,6.233983039855957031e+00,5.773462295532226562e+00,7.641126632690429688e+00,1.333534526824951172e+01,1.693151473999023438e+01,1.360277843475341797e+01,1.061143302917480469e+01,1.226543712615966797e+01,1.489722633361816406e+01,1.616338920593261719e+01,1.311989116668701172e+01,8.054517745971679688e+00,7.729626655578613281e+00,1.707171630859375000e+01,8.116522789001464844e+00,-3.075041770935058594e-01,3.114424705505371094e+00,1.248512649536132812e+01,1.025359535217285156e+01,7.850695610046386719e+00,4.275124549865722656e+00,8.646671295166015625e+00,1.612651824951171875e+01,1.393041038513183594e+01,9.076402664184570312e+00,1.550253152847290039e+00,2.321265459060668945e+00,9.374129772186279297e-01,7.919120788574218750e+00,1.024668312072753906e+01,1.051359558105468750e+01,1.014104270935058594e+01,4.643505096435546875e+00,4.249337196350097656e+00,7.908084869384765625e+00,2.016046047210693359e-01,-4.242806911468505859e+00,5.903364658355712891e+00,1.537819862365722656e+01,1.593993473052978516e+01,1.844852256774902344e+01,2.313556289672851562e+01,2.534919357299804688e+01,2.198710250854492188e+01,1.996360969543457031e+01,2.132889938354492188e+01,2.344594573974609375e+01,2.009987258911132812e+01,2.227692794799804688e+01,2.675991821289062500e+01,2.446438217163085938e+01,2.181929779052734375e+01,2.064099884033203125e+01,1.203456687927246094e+01,1.235657310485839844e+01,1.494475173950195312e+01,1.409111785888671875e+01,8.587713241577148438e+00,7.759249687194824219e+00,1.564414978027343750e+01,1.476312828063964844e+01,1.540628337860107422e+01,1.951983642578125000e+01,2.061703300476074219e+01,2.062897872924804688e+01,2.107917785644531250e+01,1.946226310729980469e+01,1.992620468139648438e+01,1.819591140747070312e+01,1.730866813659667969e+01,1.399601840972900391e+01,8.179224014282226562e+00,9.887547492980957031e+00,1.247069358825683594e+01,1.436813163757324219e+01,1.524881172180175781e+01,1.428873825073242188e+01,1.500226688385009766e+01,1.203994941711425781e+01,3.155271053314208984e+00,6.789923667907714844e+00,1.252204513549804688e+01,1.342810440063476562e+01,2.003953933715820312e+01,3.042897796630859375e+01,3.194062042236328125e+01,2.788933181762695312e+01,2.853144073486328125e+01,2.829274559020996094e+01,2.797983551025390625e+01,2.286623382568359375e+01,1.286906242370605469e+01,4.032174587249755859e+00,2.086993455886840820e+00,3.446187973022460938e+00,2.291652917861938477e+00,-1.539239525794982910e+00,-4.796226501464843750e+00,1.459340214729309082e+00,1.047013759613037109e+01,1.387155437469482422e+01,9.610594749450683594e+00,8.768136978149414062e+00,-4.138416349887847900e-01,-5.854245662689208984e+00,3.306222200393676758e+00,1.949770092964172363e+00,6.138919830322265625e+00,1.221671676635742188e+01,9.928846359252929688e+00,1.208531761169433594e+01,1.354910182952880859e+01,9.529527664184570312e+00,1.052623748779296875e+01,1.799624061584472656e+01,1.994256782531738281e+01,1.936513710021972656e+01,1.757776069641113281e+01,1.693747329711914062e+01,1.846646499633789062e+01,1.311520481109619141e+01,1.679944419860839844e+01,1.086917304992675781e+01,1.155283069610595703e+01,1.600365257263183594e+01,1.315016078948974609e+01,1.410784149169921875e+01,1.700350189208984375e+01,1.915764999389648438e+01,1.973084259033203125e+01,1.863912963867187500e+01,1.740330123901367188e+01,1.300465393066406250e+01,1.076608943939208984e+01,1.085139846801757812e+01,1.069977474212646484e+01,8.443416595458984375e+00,7.264637947082519531e+00,1.386679935455322266e+01,1.511530113220214844e+01,7.351337909698486328e+00,1.022505569458007812e+01,1.796792221069335938e+01,1.330684757232666016e+01,9.359748840332031250e+00,9.003506660461425781e+00,7.532925605773925781e+00,5.508640289306640625e+00,5.855397224426269531e+00,1.240979385375976562e+01,1.141621494293212891e+01,5.234165191650390625e+00,9.859066009521484375e+00,1.159651374816894531e+01,1.271084213256835938e+01,1.357751941680908203e+01,7.658824920654296875e+00,9.943707466125488281e+00,1.043802833557128906e+01,8.419686317443847656e+00,1.130857086181640625e+01,9.108999252319335938e+00,1.105884552001953125e+01,9.100500106811523438e+00,9.159629821777343750e+00,5.716088294982910156e+00,4.592695236206054688e+00,9.591249465942382812e+00,6.825127124786376953e+00,7.450834274291992188e+00,1.092232894897460938e+01,1.016605949401855469e+01,1.072770214080810547e+01,1.490116405487060547e+01,1.669769287109375000e+01,1.751503753662109375e+01,1.793504714965820312e+01,1.692389297485351562e+01,1.936599349975585938e+01,2.364616584777832031e+01,2.564756393432617188e+01,2.925741958618164062e+01,2.341188049316406250e+01,2.145126724243164062e+01,2.311553955078125000e+01,2.071384048461914062e+01,1.455712699890136719e+01,-8.275018930435180664e-01,-2.397354602813720703e+00,3.874165058135986328e+00,6.535537242889404297e+00,5.598484039306640625e+00,8.172254562377929688e+00,2.980471134185791016e+00,1.031686425209045410e+00,-7.849335670471191406e-02,1.727331638336181641e+00,1.079546546936035156e+01,1.030914402008056641e+01,1.430520820617675781e+01,1.143334388732910156e+01,2.120382308959960938e+00,1.598839402198791504e+00,8.642363548278808594e-01,2.383677005767822266e+00,2.169964313507080078e+00,1.533829927444458008e+00,2.492019176483154297e+00,2.132019996643066406e+00,-6.219631433486938477e-01,1.413299679756164551e+00,5.184817314147949219e-02,2.921157360076904297e+00,3.319514513015747070e+00,8.753255844116210938e+00,9.720594406127929688e+00,1.429470729827880859e+01,1.564477348327636719e+01,1.133497238159179688e+01,1.502324676513671875e+01,1.207596588134765625e+01,9.919921875000000000e+00,3.836172103881835938e+00,6.240566253662109375e+00,1.067276382446289062e+01,1.391385173797607422e+01,9.318479537963867188e+00,9.092508316040039062e+00,1.637049102783203125e+01,1.456555747985839844e+01,8.437097549438476562e+00,8.831011772155761719e+00,8.215202331542968750e+00,2.467074632644653320e+00,6.872733116149902344e+00,1.174529933929443359e+01,1.026846504211425781e+01,1.013266658782958984e+01,1.179484748840332031e+01,1.455091857910156250e+01,1.688946914672851562e+01,1.103826522827148438e+01,8.843175888061523438e+00,1.066146469116210938e+01,8.864260673522949219e+00,5.342791080474853516e+00,9.006888389587402344e+00,1.196675014495849609e+01,1.807015419006347656e+01,1.813347244262695312e+01,2.199200630187988281e+01,2.363559722900390625e+01,2.443210411071777344e+01,1.548037433624267578e+01,3.022160053253173828e+00,-3.620938777923583984e+00,-5.295814514160156250e+00,-2.956910133361816406e+00,-3.047009468078613281e+00,-7.343295574188232422e+00,-3.239170074462890625e+00,2.512652873992919922e+00,4.510687828063964844e+00,6.435318946838378906e+00,8.057314872741699219e+00,1.386689949035644531e+01,2.375368118286132812e+01,2.682297515869140625e+01,2.918886947631835938e+01,2.534122467041015625e+01,1.725498390197753906e+01,1.912663269042968750e+01,1.783195877075195312e+01,1.669880867004394531e+01,1.888320922851562500e+01,1.528040981292724609e+01,1.483999538421630859e+01,1.313937187194824219e+01,1.043342494964599609e+01,2.947966384887695312e+01,3.327038574218750000e+01,2.721854019165039062e+01,2.089715576171875000e+01,1.650027656555175781e+01,1.509465599060058594e+01,2.071467971801757812e+01,2.411909103393554688e+01,2.339987373352050781e+01,2.241286087036132812e+01,2.834687805175781250e+01,3.065924644470214844e+01,2.392423248291015625e+01,2.255764198303222656e+01,2.331946372985839844e+01,1.946630859375000000e+01,1.470886993408203125e+01,1.024756908416748047e+01,1.402292442321777344e+01,1.459526062011718750e+01,1.333126640319824219e+01,1.656629943847656250e+01,1.813252449035644531e+01,1.539945602416992188e+01,1.598698616027832031e+01,2.354808425903320312e+01,2.688361740112304688e+01,2.256206512451171875e+01,2.618163871765136719e+01,3.223422622680664062e+01,3.243023681640625000e+01,2.971626663208007812e+01,2.017946243286132812e+01,1.856990432739257812e+01,1.159704589843750000e+01,4.657096385955810547e+00,6.469710350036621094e+00,8.598844408988952637e-01,-1.184498786926269531e+00,8.503211975097656250e+00,1.876951026916503906e+01,2.761823272705078125e+01,2.874865722656250000e+01,3.035270118713378906e+01,2.822192764282226562e+01,2.305723953247070312e+01,2.323572921752929688e+01,2.186154174804687500e+01,2.221814346313476562e+01,2.189775085449218750e+01,1.743847656250000000e+01,1.414087486267089844e+01,1.087668895721435547e+01,1.048568058013916016e+01,1.140228652954101562e+01,1.628717041015625000e+01,1.372327327728271484e+01,8.783996582031250000e+00,9.664844512939453125e+00,9.218670845031738281e+00,7.430675506591796875e+00,6.715453147888183594e+00,7.045429229736328125e+00,4.340097427368164062e+00,2.347884893417358398e+00,4.023742675781250000e+00,1.087825393676757812e+01,1.451449489593505859e+01,1.637170028686523438e+01,1.651238822937011719e+01,8.265596389770507812e+00,3.517263174057006836e+00,9.173969268798828125e+00,1.655269622802734375e+01,1.467314434051513672e+01,1.120393562316894531e+01,1.036680793762207031e+01,5.811930179595947266e+00,5.190309524536132812e+00,8.267489433288574219e+00,1.393936920166015625e+01,1.287208175659179688e+01,1.404929351806640625e+01,1.503157901763916016e+01,1.527210807800292969e+01,1.439647006988525391e+01,1.643688964843750000e+01,1.962163734436035156e+01,1.666169548034667969e+01,1.992544937133789062e+01,2.462308120727539062e+01,1.920805740356445312e+01,1.213504791259765625e+01,1.038855171203613281e+01,7.880896568298339844e+00,6.219390392303466797e+00,8.454358100891113281e+00,1.410396099090576172e+01,2.210923576354980469e+01,2.216827392578125000e+01,2.165079307556152344e+01,1.959330177307128906e+01,1.579455661773681641e+01,1.877120590209960938e+01,2.218758964538574219e+01,1.427450561523437500e+01,1.784885597229003906e+01,2.151965332031250000e+01,2.000786018371582031e+01,1.641168785095214844e+01,1.179759216308593750e+01,6.340064048767089844e+00,4.799159049987792969e+00,1.047176170349121094e+01,5.839484214782714844e+00,1.026673126220703125e+01,1.193448352813720703e+01,1.316765213012695312e+01,1.252895355224609375e+01,8.339960098266601562e+00,8.825404167175292969e+00,5.307774066925048828e+00,9.607383728027343750e+00,1.380358695983886719e+01,5.662810325622558594e+00,6.349385261535644531e+00,9.804290771484375000e+00,1.278464317321777344e+01,1.381584930419921875e+01,1.422383975982666016e+01,1.239002609252929688e+01,1.460072612762451172e+01,2.200394248962402344e+01,2.694786071777343750e+01,2.259904098510742188e+01,1.569650077819824219e+01,8.971617698669433594e+00,1.390594005584716797e+01,2.095020675659179688e+01,2.403010559082031250e+01,2.671844100952148438e+01,2.546905899047851562e+01,1.078355026245117188e+01,8.737739562988281250e+00,1.547603130340576172e+01,1.846208190917968750e+01,1.020893859863281250e+01,3.216249942779541016e+00,1.079837322235107422e+01,2.192410659790039062e+01,2.656021881103515625e+01,2.498707199096679688e+01,2.060563087463378906e+01,2.134182739257812500e+01,1.858269119262695312e+01,1.813211441040039062e+01,1.985211563110351562e+01,1.539665126800537109e+01,8.082497596740722656e+00,9.774536132812500000e+00,5.126310348510742188e+00,5.652990818023681641e+00,1.200584411621093750e+01,2.363124847412109375e+01,2.333060455322265625e+01,2.084204864501953125e+01,1.582135391235351562e+01,1.040683269500732422e+01,7.541676521301269531e+00,1.327313232421875000e+01,1.503562927246093750e+01,1.482274532318115234e+01,1.716629981994628906e+01,1.588608360290527344e+01,1.256562232971191406e+01,9.804780960083007812e+00,5.679178237915039062e+00,7.410232067108154297e+00,1.502350616455078125e+01,1.637754440307617188e+01,1.509056568145751953e+01,1.580948352813720703e+01,7.319140434265136719e+00,7.172884941101074219e+00,1.255940246582031250e+01,2.075892639160156250e+01,1.926317977905273438e+01,1.787614440917968750e+01,1.321651077270507812e+01,7.765138626098632812e+00,6.507229804992675781e+00,1.115424346923828125e+01,1.278709411621093750e+01,9.847863197326660156e+00,9.585029602050781250e+00,1.052174091339111328e+01,6.529519081115722656e+00,6.556388854980468750e+00,1.018956947326660156e+01,1.719604110717773438e+01,1.802876663208007812e+01,1.279791164398193359e+01,1.228553390502929688e+01,8.022450447082519531e+00,9.120809555053710938e+00,1.365751838684082031e+01,1.478236007690429688e+01,9.116728782653808594e+00,4.119406700134277344e+00,2.639659881591796875e+00,9.912464141845703125e+00,1.430913734436035156e+01,1.155877304077148438e+01,1.295839595794677734e+01,1.239833831787109375e+01,1.118975639343261719e+01,1.037902069091796875e+01,1.006880569458007812e+01,1.064231109619140625e+01,9.526411056518554688e+00,9.977722167968750000e+00,1.123806667327880859e+01,1.262866497039794922e+01,8.058561325073242188e+00,9.338844299316406250e+00,1.125400733947753906e+01,1.213362598419189453e+01,9.656469345092773438e+00,1.293836593627929688e+01,1.110310840606689453e+01,6.569643974304199219e+00,5.664681434631347656e+00,3.565906286239624023e+00,2.245482683181762695e+00,1.863760709762573242e+00,5.875999450683593750e+00,8.885570526123046875e+00,5.172826766967773438e+00,4.915397644042968750e+00,3.173043251037597656e+00,6.132044792175292969e+00,8.661790847778320312e+00,7.536960601806640625e+00,4.384778499603271484e+00,3.405025243759155273e+00,3.242085456848144531e+00,2.922610998153686523e+00,-7.621108889579772949e-01,6.497602462768554688e-01,3.809573173522949219e+00,1.982826828956604004e+00,-5.891247749328613281e+00,-1.123934268951416016e+01,-7.241095542907714844e+00,-5.076558113098144531e+00,-1.026069450378417969e+01,4.994603395462036133e-01,1.770108795166015625e+01,2.803184509277343750e+01,3.203475952148437500e+01,2.949143600463867188e+01,2.981552505493164062e+01,2.390876960754394531e+01,2.320532608032226562e+01,2.764732742309570312e+01,2.666122817993164062e+01,2.666157913208007812e+01,2.691501998901367188e+01,2.472768783569335938e+01,1.096709442138671875e+01,1.247134017944335938e+01,1.896704864501953125e+01,2.611135292053222656e+01,3.293502044677734375e+01,3.270488357543945312e+01,3.054585838317871094e+01,3.327474975585937500e+01,3.161624336242675781e+01,2.623396301269531250e+01,2.873654556274414062e+01,2.656480789184570312e+01,2.121569061279296875e+01,2.387604904174804688e+01,2.046389007568359375e+01,6.545257091522216797e+00,6.085882186889648438e+00,1.248500633239746094e+01,1.256275749206542969e+01,1.519012451171875000e+01,2.345348358154296875e+01,1.416325187683105469e+01,9.869681000709533691e-01,2.044364929199218750e+00,1.167631626129150391e+01,1.098227882385253906e+01,7.709535598754882812e+00,2.852550029754638672e+00,-3.160274028778076172e-01,4.592359662055969238e-01,8.695653915405273438e+00,1.632031059265136719e+01,1.698374748229980469e+01,1.709651374816894531e+01,1.657379913330078125e+01,1.111985015869140625e+01,1.141438579559326172e+01,1.362549686431884766e+01,1.574423217773437500e+01,1.432860946655273438e+01,8.099449157714843750e+00,1.320819282531738281e+01,1.600144386291503906e+01,1.256830978393554688e+01,5.044183731079101562e+00,1.524881839752197266e+00,5.561772346496582031e+00,1.167799472808837891e+01,8.614604949951171875e+00,5.807537078857421875e+00,3.811805725097656250e+00,8.281621932983398438e+00,1.122568607330322266e+01,8.306755065917968750e+00,6.716109752655029297e+00,1.278032684326171875e+01,1.356680870056152344e+01,1.723227691650390625e+01,1.891410446166992188e+01,2.037288665771484375e+01,2.099840545654296875e+01,1.908972549438476562e+01,2.219687461853027344e+01,2.373660659790039062e+01,3.242966842651367188e+01,3.612924957275390625e+01,3.399244689941406250e+01,2.874039459228515625e+01,2.715023422241210938e+01,2.323870086669921875e+01,2.076347160339355469e+01,1.969112014770507812e+01,1.821241569519042969e+01,1.828747177124023438e+01,1.620602798461914062e+01,1.511050796508789062e+01,1.157383728027343750e+01,1.095249366760253906e+01,9.731697082519531250e+00,8.966327667236328125e+00,5.464599609375000000e+00,8.652941703796386719e+00,8.428862571716308594e+00,7.928100585937500000e+00,1.195751953125000000e+01,2.203874111175537109e+00,5.334093570709228516e+00,-3.791819214820861816e-01,9.372262954711914062e+00,2.177611160278320312e+01,2.219830703735351562e+01,1.604371261596679688e+01,1.097611808776855469e+01,7.360777854919433594e+00,5.805662155151367188e+00,4.535341739654541016e+00,4.595608234405517578e+00,7.408114433288574219e+00,1.147329807281494141e+01,6.875290870666503906e+00,7.275769710540771484e+00,6.426171779632568359e+00,3.856651067733764648e+00,6.071451187133789062e+00,8.083148956298828125e+00,1.083921909332275391e+01,9.925321578979492188e+00,5.320073604583740234e+00,-7.879532575607299805e-01,2.664043903350830078e+00,5.284067392349243164e-01,-2.633246481418609619e-01,2.481605529785156250e+00,5.694319725036621094e+00,1.409770965576171875e+01,1.919795227050781250e+01,2.212691879272460938e+01,1.964553833007812500e+01,1.991511535644531250e+01,1.809765815734863281e+01,1.397424888610839844e+01,6.223725795745849609e+00,-4.947459220886230469e+00,-4.118849754333496094e+00,-1.035572171211242676e+00,1.142165851593017578e+01,1.218419265747070312e+01,8.346159934997558594e+00,4.526714324951171875e+00,4.030704498291015625e+00,6.226453781127929688e+00,4.806473731994628906e+00,9.055714607238769531e+00,8.668500900268554688e+00,5.954733371734619141e+00,5.485967636108398438e+00,6.502351760864257812e+00,9.472502708435058594e+00,9.389511108398437500e+00,1.432657623291015625e+01,1.452073097229003906e+01,1.289431381225585938e+01,1.517911052703857422e+01,1.791828536987304688e+01,1.744595718383789062e+01,1.961681938171386719e+01,2.188783454895019531e+01,2.510264205932617188e+01,3.088788604736328125e+01,3.897155761718750000e+01,4.301214599609375000e+01,3.793434143066406250e+01,2.399155044555664062e+01,1.772283935546875000e+01,9.884702682495117188e+00,6.968944072723388672e+00,7.313374519348144531e+00,6.172636985778808594e+00,1.145495033264160156e+01,1.112513351440429688e+01,8.457030296325683594e+00,8.907920837402343750e+00,1.391710281372070312e+01,2.251797866821289062e+01,2.079897689819335938e+01,1.443627834320068359e+01,1.461775493621826172e+01,7.353487014770507812e+00,5.010739326477050781e+00,2.011433410644531250e+01,2.198430633544921875e+01,1.590848922729492188e+01,1.624757575988769531e+01,1.050949287414550781e+01,6.699438095092773438e+00,8.805687904357910156e+00,1.039004898071289062e+01,1.526758956909179688e+01,1.868559455871582031e+01,1.853232383728027344e+01,1.610931396484375000e+01,1.361990737915039062e+01,9.565113067626953125e+00,1.093619155883789062e+01,1.132234382629394531e+01,5.720363616943359375e+00,-2.566475391387939453e+00,1.832762837409973145e+00,2.608002185821533203e+00,1.726521492004394531e+01,2.300474548339843750e+01,2.281312942504882812e+01,2.157916641235351562e+01,1.772142410278320312e+01,1.619242477416992188e+01,1.812200355529785156e+01,2.032727241516113281e+01,1.721644973754882812e+01,1.472777748107910156e+01,1.025295734405517578e+01,5.637811660766601562e+00,1.708743858337402344e+01,1.787949752807617188e+01,1.916839408874511719e+01,2.200540542602539062e+01,2.499172592163085938e+01,2.653628158569335938e+01,1.966252517700195312e+01,1.772934341430664062e+01,1.601363945007324219e+01,1.343845176696777344e+01,1.298383903503417969e+01,1.238647651672363281e+01,6.025254249572753906e+00,4.817482471466064453e+00,9.548874497413635254e-01,-4.793777942657470703e+00,-1.192826628684997559e+00,6.263151168823242188e+00,6.328074932098388672e+00,7.808102130889892578e+00,1.288470458984375000e+01,8.417394638061523438e+00,8.205752372741699219e+00,8.530985832214355469e+00,6.892980575561523438e+00,-7.898020744323730469e-02,1.027067470550537109e+01,2.272628974914550781e+01,2.271670150756835938e+01,1.925382232666015625e+01,2.249331474304199219e+01,2.099193572998046875e+01,1.252811431884765625e+01,1.426254653930664062e+01,1.654371261596679688e+01,1.907621192932128906e+01,1.662802505493164062e+01,1.899669647216796875e+01,1.671395492553710938e+01,1.730390167236328125e+01,2.612993812561035156e+01,2.079165077209472656e+01,1.358164978027343750e+01,1.261257934570312500e+01,1.085991764068603516e+01,7.944843292236328125e+00,7.589151859283447266e+00,9.002159118652343750e+00,1.105224037170410156e+01,1.524146556854248047e+01,1.340021514892578125e+01,8.794391632080078125e+00,5.699553489685058594e+00,1.015902328491210938e+01,1.617902183532714844e+01,2.047683334350585938e+01,1.616240119934082031e+01,1.047939872741699219e+01,5.980237483978271484e+00,5.472565174102783203e+00,1.344334793090820312e+01,1.501216125488281250e+01,1.210237693786621094e+01,1.299245834350585938e+01,1.783222579956054688e+01,1.937328529357910156e+01,1.334365463256835938e+01,1.186477661132812500e+01,1.240528488159179688e+01,1.143738555908203125e+01,1.182776260375976562e+01,6.376379966735839844e+00,9.822872161865234375e+00,8.732534408569335938e+00,5.984676361083984375e+00,7.581982612609863281e+00,1.509434795379638672e+01,2.014176559448242188e+01,2.507422065734863281e+01,2.529751777648925781e+01,2.081865310668945312e+01,1.776450347900390625e+01,9.230173110961914062e+00,5.667544364929199219e+00,1.005305004119873047e+01,1.066059875488281250e+01,1.125471782684326172e+01,7.031784057617187500e+00,4.944850921630859375e+00,1.353418946266174316e+00,3.936561346054077148e-01,5.428596735000610352e-01,3.165828943252563477e+00,3.774859428405761719e+00,6.384538650512695312e+00,8.563241958618164062e+00,7.845684051513671875e+00,3.973836898803710938e+00,-3.528107404708862305e-01,1.619829177856445312e+00,6.613108634948730469e+00,9.105722427368164062e+00,6.292299270629882812e+00,5.651998519897460938e+00,7.423218250274658203e+00,9.194492340087890625e+00,1.170461463928222656e+01,9.952770233154296875e+00,4.278672695159912109e+00,7.989587783813476562e+00,1.332618713378906250e+01,1.363622570037841797e+01,1.610209083557128906e+01,1.530990982055664062e+01,1.301549625396728516e+01,8.469456672668457031e+00,1.146455287933349609e+01,1.202751731872558594e+01,1.303286933898925781e+01,1.458461380004882812e+01,1.889163208007812500e+01,2.442220497131347656e+01,2.894554901123046875e+01,3.612324523925781250e+01,3.975016021728515625e+01,3.701489257812500000e+01,2.752677345275878906e+01,2.200201797485351562e+01,2.293767356872558594e+01,2.761812591552734375e+01,2.362772560119628906e+01,1.520996284484863281e+01,1.021113872528076172e+01,3.035567522048950195e+00,1.710503220558166504e+00,5.715209007263183594e+00,4.343050956726074219e+00,-1.427397251129150391e+00,-1.719812870025634766e+00,3.214993715286254883e+00,6.137052059173583984e+00,5.381696701049804688e+00,1.430327033996582031e+01,1.864435386657714844e+01,1.426132011413574219e+01,1.002442932128906250e+01,4.485088348388671875e+00,-5.820547938346862793e-01,-2.294671237468719482e-01,-3.651483058929443359e-01,-1.174827218055725098e+00,-6.852582931518554688e+00,-8.746851921081542969e+00,-2.378215789794921875e+00,9.316085577011108398e-01,3.270394802093505859e+00,6.823802947998046875e+00,6.555189132690429688e+00,4.512345314025878906e+00,9.679155349731445312e+00,1.717912292480468750e+01,1.798272514343261719e+01,1.189276504516601562e+01,5.933741569519042969e+00,5.191434860229492188e+00,6.784253120422363281e+00,8.452663421630859375e+00,1.392600917816162109e+01,9.601289749145507812e+00,8.047417640686035156e+00,4.203138351440429688e+00,4.473712921142578125e+00,1.216208267211914062e+01,9.009481430053710938e+00,9.488441467285156250e+00,1.111875438690185547e+01,1.078649711608886719e+01,7.666769981384277344e+00,4.833745002746582031e+00,9.741530418395996094e+00,2.031410408020019531e+01,2.435659790039062500e+01,2.545566368103027344e+01,2.024660110473632812e+01,1.456147098541259766e+01,1.172828865051269531e+01,1.229410076141357422e+01,1.407258224487304688e+01,1.846307945251464844e+01,2.072075271606445312e+01,2.477149772644042969e+01,2.320086669921875000e+01,1.740209960937500000e+01,1.036610412597656250e+01,1.375143814086914062e+01,1.795310592651367188e+01,1.546841526031494141e+01,9.393146514892578125e+00,9.427332878112792969e+00,7.420987129211425781e+00,9.328035354614257812e+00,1.211552238464355469e+01,1.095734977722167969e+01,1.170975303649902344e+01,8.425291061401367188e+00,4.658506870269775391e+00,5.482601165771484375e+00,9.633153915405273438e+00,7.144939422607421875e+00,9.963540077209472656e+00,1.549083518981933594e+01,1.472765731811523438e+01,1.644808387756347656e+01,1.664468002319335938e+01,1.199389648437500000e+01,5.802226543426513672e+00,8.395380020141601562e+00,8.484335899353027344e+00,6.431603431701660156e+00,9.735245704650878906e+00,1.071391487121582031e+01,8.307128906250000000e+00,1.126087951660156250e+01,9.676301956176757812e+00,6.182638168334960938e+00,7.842331886291503906e+00,8.132578849792480469e+00,8.927456855773925781e+00,1.173025131225585938e+01,1.082427215576171875e+01,1.096022987365722656e+01,1.264387321472167969e+01,-6.204617023468017578e+00,-8.112279891967773438e+00,-8.710258483886718750e+00,-1.419566917419433594e+01,-1.021801090240478516e+01,-7.177031040191650391e+00,-9.903694152832031250e+00,-5.230236053466796875e+00,-3.984351158142089844e+00,-3.861352443695068359e+00,6.262941360473632812e+00,1.602880668640136719e+01,1.420411109924316406e+01,1.394561672210693359e+01,1.649397850036621094e+01,1.754376983642578125e+01,1.576177787780761719e+01,1.033619308471679688e+01,5.178982734680175781e+00,4.130032360553741455e-01,1.778310775756835938e+00,4.492424011230468750e+00,6.163803100585937500e+00,1.110013198852539062e+01,1.146092224121093750e+01,7.125500679016113281e+00,4.725618362426757812e+00,-1.194823235273361206e-01,5.131024837493896484e+00,8.348754882812500000e+00,3.569736719131469727e+00,5.274399280548095703e+00,8.918146133422851562e+00,7.229906082153320312e+00,5.663047313690185547e+00,8.075966835021972656e+00,9.719603538513183594e+00,8.486163139343261719e+00,1.637375831604003906e+00,2.778938770294189453e+00,7.888884067535400391e+00,7.784895896911621094e+00,7.735569000244140625e+00,7.815982818603515625e+00,9.574037551879882812e+00,9.830780029296875000e+00,9.275741577148437500e+00,1.048627376556396484e+01,6.079096794128417969e+00,-9.533602595329284668e-01,2.158742427825927734e+00,2.690391778945922852e+00,2.640618801116943359e+00,1.097794628143310547e+01,1.164306640625000000e+01,6.656426191329956055e-01,-1.806932687759399414e-02,5.100685119628906250e+00,8.746047973632812500e+00,1.732215881347656250e+01,2.740734481811523438e+01,3.566334533691406250e+01,3.670407867431640625e+01,3.266373443603515625e+01,2.393020057678222656e+01,2.147511482238769531e+01,1.680989837646484375e+01,1.079756927490234375e+01,9.121606826782226562e+00,3.040978193283081055e+00,-3.429573059082031250e+00,-1.035240769386291504e+00,2.629852294921875000e+00,1.485852241516113281e+00,3.262906551361083984e+00,6.833233833312988281e+00,7.031949043273925781e+00,4.221509933471679688e+00,4.522348880767822266e+00,1.438233947753906250e+01,2.019887161254882812e+01,1.589040946960449219e+01,1.546037769317626953e+01,1.199505043029785156e+01,1.190384197235107422e+01,1.670308876037597656e+01,1.694958496093750000e+01,1.599076652526855469e+01,1.778701782226562500e+01,1.454130077362060547e+01,7.679368972778320312e+00,3.703971385955810547e+00,-3.057736873626708984e+00,-4.408095836639404297e+00,-2.523262977600097656e+00,-1.531033277511596680e+00,5.176783800125122070e-01,3.893944740295410156e+00,1.673966598510742188e+01,2.196182632446289062e+01,2.345091629028320312e+01,2.251716804504394531e+01,1.632653045654296875e+01,7.460222721099853516e+00,1.311098814010620117e+00,1.932776689529418945e+00,-2.364781379699707031e+00,-3.047962903976440430e+00,7.095929980278015137e-01,8.606149673461914062e+00,1.918371391296386719e+01,2.997494316101074219e+01,2.591664505004882812e+01,2.046485137939453125e+01,1.803002548217773438e+01,1.568808269500732422e+01,1.792622375488281250e+01,2.059664916992187500e+01,2.141498184204101562e+01,2.129148101806640625e+01,1.829181289672851562e+01,2.003187561035156250e+01,2.317185211181640625e+01,2.247301483154296875e+01,1.292940521240234375e+01,9.380376815795898438e+00,6.020352363586425781e+00,8.281343460083007812e+00,1.266026687622070312e+01,1.299416160583496094e+01,1.678702163696289062e+01,2.027412223815917969e+01,2.058254241943359375e+01,1.565029144287109375e+01,8.633855819702148438e+00,8.467191696166992188e+00,8.654153823852539062e+00,1.312191772460937500e+01,1.257574844360351562e+01,1.143489646911621094e+01,1.100267696380615234e+01,7.892401218414306641e+00,6.387243270874023438e+00,6.789608001708984375e+00,9.171483993530273438e+00,7.371170043945312500e+00,1.157213115692138672e+01,1.366258621215820312e+01,1.359304428100585938e+01,1.350494384765625000e+01,5.218225955963134766e+00,2.394027709960937500e+00,5.511469364166259766e+00,8.234260559082031250e+00,1.033983421325683594e+01,1.096065330505371094e+01,8.565752983093261719e+00,1.028747940063476562e+01,8.132223129272460938e+00,4.732781887054443359e+00,-2.469241023063659668e-01,-3.599521636962890625e+00,3.039243936538696289e+00,5.876478195190429688e+00,9.004014015197753906e+00,2.987999677658081055e+00,4.267131686210632324e-01,1.144929504394531250e+01,2.317197990417480469e+01,2.548543548583984375e+01,2.383987617492675781e+01,1.931564712524414062e+01,1.452599906921386719e+01,1.195227241516113281e+01,1.275453186035156250e+01,9.340452194213867188e+00,6.965115070343017578e+00,8.846976280212402344e+00,4.407592296600341797e+00,8.682239532470703125e+00,1.162710952758789062e+01,1.320464515686035156e+01,1.472695255279541016e+01,1.485523796081542969e+01,1.612103843688964844e+01,1.261424064636230469e+01,8.065685272216796875e+00,3.593252658843994141e+00,7.796582221984863281e+00,1.185106658935546875e+01,7.373837471008300781e+00,7.487541198730468750e+00,1.131568336486816406e+01,1.214517498016357422e+01,7.249773502349853516e+00,4.345634937286376953e+00,7.001673698425292969e+00,1.297751808166503906e+01,6.898844242095947266e+00,4.821669757366180420e-01,-2.398117542266845703e+00,6.131892681121826172e+00,1.466250419616699219e+01,2.150398635864257812e+01,2.207181549072265625e+01,1.903457260131835938e+01,1.518929290771484375e+01,1.198973846435546875e+01,6.881149291992187500e+00,1.542670631408691406e+01,1.850863456726074219e+01,7.194658279418945312e+00,9.575266242027282715e-01,4.334175586700439453e+00,5.132269382476806641e+00,4.488286972045898438e+00,4.273806571960449219e+00,7.296567440032958984e+00,6.369980335235595703e+00,8.254854202270507812e+00,1.375222015380859375e+01,1.278654479980468750e+01,1.178441429138183594e+01,1.332095909118652344e+01,8.313130378723144531e+00,7.182587146759033203e+00,1.735966873168945312e+01,2.055476379394531250e+01,2.169138336181640625e+01,1.481475067138671875e+01,1.027185535430908203e+01,1.140064239501953125e+01,1.054150485992431641e+01,5.545731544494628906e+00,6.721575260162353516e-01,2.270415544509887695e+00,4.130630970001220703e+00,8.054822921752929688e+00,5.962353229522705078e+00,5.531257629394531250e+00,-3.653161227703094482e-01,-4.956406593322753906e+00,-3.292481660842895508e+00,1.474681377410888672e+00,7.364790916442871094e+00,1.239902305603027344e+01,8.686326980590820312e+00,1.028770828247070312e+01,8.830389976501464844e+00,5.149293899536132812e+00,6.564374923706054688e+00,9.949420928955078125e+00,8.636585235595703125e+00,6.033157348632812500e+00,1.355289649963378906e+01,1.613936233520507812e+01,1.502534580230712891e+01,9.646575927734375000e+00,8.746032714843750000e+00,9.298410415649414062e+00,9.573884963989257812e+00,7.899109840393066406e+00,4.170065879821777344e+00,3.353284358978271484e+00,-3.124961853027343750e+00,-3.286995410919189453e+00,-5.187582492828369141e+00,-6.234105825424194336e-01,5.558960914611816406e+00,4.655879497528076172e+00,5.322858333587646484e+00,1.167963409423828125e+01,1.917438125610351562e+01,1.860330200195312500e+01,1.546653842926025391e+01,1.445109176635742188e+01,1.104050064086914062e+01,3.971679210662841797e+00,3.444784402847290039e+00,1.660917639732360840e+00,5.060514450073242188e+00,5.592655658721923828e+00,1.291343498229980469e+01,1.649752807617187500e+01,1.435967636108398438e+01,1.264284133911132812e+01,1.393878173828125000e+01,1.731780624389648438e+01,1.400598049163818359e+01,7.835747718811035156e+00,5.039657115936279297e+00,6.379225730895996094e+00,2.487630367279052734e+00,-1.112327575683593750e+00,1.402841949462890625e+01,3.144834327697753906e+01,2.209401321411132812e+01,1.566221714019775391e+01,1.360701942443847656e+01,1.453332328796386719e+01,1.826168060302734375e+01,1.488130569458007812e+01,1.133686161041259766e+01,1.410586547851562500e+01,1.639998054504394531e+01,1.695145606994628906e+01,1.901750183105468750e+01,1.985817337036132812e+01,1.454390716552734375e+01,1.232429504394531250e+01,1.537109565734863281e+01,8.054723739624023438e+00,2.933408498764038086e+00,-4.478990137577056885e-01,2.937614440917968750e+00,5.257068634033203125e+00,1.004005146026611328e+01,1.351526451110839844e+01,1.178643417358398438e+01,1.267530345916748047e+01,1.353157138824462891e+01,6.926301479339599609e+00,-2.546873092651367188e+00,-2.545667886734008789e+00,2.734419345855712891e+00,7.120826244354248047e+00,6.053506851196289062e+00,8.490056991577148438e+00,1.119635581970214844e+01,1.215252971649169922e+01,1.691750717163085938e+01,1.356406307220458984e+01,1.126735782623291016e+01,9.337043762207031250e+00,1.220982837677001953e+01,1.764056015014648438e+01,1.669932937622070312e+01,1.440417289733886719e+01,1.806572341918945312e+01,2.321333885192871094e+01,2.983168411254882812e+01,2.983506584167480469e+01,2.167943954467773438e+01,1.277462959289550781e+01,6.331665992736816406e+00,6.876735687255859375e+00,1.310053634643554688e+01,1.901248168945312500e+01,2.954279136657714844e+01,2.843548202514648438e+01,2.148990058898925781e+01,1.694539642333984375e+01,1.767486953735351562e+01,2.026874542236328125e+01,1.862028121948242188e+01,2.332211685180664062e+01,2.382164382934570312e+01,2.267661666870117188e+01,2.013402938842773438e+01,6.821682929992675781e+00,-5.034294128417968750e-01,-3.728326797485351562e+00,-1.047320127487182617e+00,-3.983258724212646484e+00,-4.046253204345703125e+00,6.498761177062988281e-01,1.664591789245605469e+00,7.640356540679931641e+00,6.985077857971191406e+00,8.241975784301757812e+00,5.002930641174316406e+00,5.295053005218505859e+00,1.356964302062988281e+01,1.623770904541015625e+01,2.030650711059570312e+01,2.110474395751953125e+01,1.631415176391601562e+01,1.153044700622558594e+01,1.438204765319824219e+01,1.116083526611328125e+01,5.369523048400878906e+00,7.506649017333984375e+00,7.760910034179687500e+00,1.498445701599121094e+01,1.952815246582031250e+01,1.946873664855957031e+01,1.008821487426757812e+01,1.366336584091186523e+00,2.580049037933349609e+00,4.380867958068847656e+00,4.381108283996582031e+00,2.080370187759399414e+00,4.823953628540039062e+00,1.025488853454589844e+01,1.423652648925781250e+01,1.386571121215820312e+01,2.730014801025390625e+00,7.029473781585693359e-03,9.686357498168945312e+00,1.222289848327636719e+01,1.269043922424316406e+01,1.439063262939453125e+01,1.113081550598144531e+01,1.735409164428710938e+01,1.792320442199707031e+01,1.464663982391357422e+01,1.434428596496582031e+01,1.225064659118652344e+01,1.512332153320312500e+01,1.830480575561523438e+01,1.338135147094726562e+01,1.157919692993164062e+01,1.020849037170410156e+01,1.517715644836425781e+01,1.805627441406250000e+01,1.910134124755859375e+01,1.683979225158691406e+01,1.921232986450195312e+01,8.532325744628906250e+00,-2.112595558166503906e+00,-2.376249313354492188e+00,-6.200031042098999023e-01,4.060914993286132812e+00,1.078758144378662109e+01,1.280639553070068359e+01,8.531286239624023438e+00,1.158796501159667969e+01,1.372594738006591797e+01,1.386375808715820312e+01,1.595352172851562500e+01,1.577344512939453125e+01,1.471360206604003906e+01,1.426991462707519531e+01,2.043494415283203125e+01,2.064118957519531250e+01,2.814138603210449219e+01,3.341939926147460938e+01,2.815838050842285156e+01,2.410508728027343750e+01,2.255670166015625000e+01,2.234469223022460938e+01,1.932177352905273438e+01,2.296273803710937500e+01,3.020368003845214844e+01,3.081391906738281250e+01,5.978012084960937500e+00,5.500768661499023438e+00,1.035998821258544922e+01,1.347293090820312500e+01,1.184546852111816406e+01,1.190859222412109375e+01,1.196653842926025391e+01,1.013505744934082031e+01,1.209753513336181641e+01,1.440449905395507812e+01,1.608101272583007812e+01,2.317843055725097656e+01,2.330979537963867188e+01,2.409209823608398438e+01,2.330164718627929688e+01,1.907500267028808594e+01,1.592443084716796875e+01,1.194829368591308594e+01,1.251128673553466797e+01,1.461312198638916016e+01,1.034432983398437500e+01,7.086130619049072266e+00,1.304345321655273438e+01,1.688109779357910156e+01,1.449786186218261719e+01,6.293812751770019531e+00,7.995381355285644531e-01,1.061974334716796875e+01,1.124836158752441406e+01,1.145339488983154297e+01,1.493329811096191406e+01,1.389057445526123047e+01,1.038186836242675781e+01,1.002637195587158203e+01,1.222203636169433594e+01,1.028159046173095703e+01,9.698226928710937500e+00,7.436742782592773438e+00,4.981936454772949219e+00,5.906559944152832031e+00,1.130034160614013672e+01,1.060323143005371094e+01,1.216492080688476562e+01,8.738546371459960938e+00,7.841650962829589844e+00,1.079409408569335938e+01,1.103523445129394531e+01,1.373221778869628906e+01,1.357592391967773438e+01,1.139856052398681641e+01,7.731151103973388672e+00,8.496917724609375000e+00,1.707208633422851562e+01,1.458488273620605469e+01,1.058423328399658203e+01,1.361018657684326172e+01,1.485959625244140625e+01,1.814914894104003906e+01,1.529746437072753906e+01,1.439639949798583984e+01,1.304554080963134766e+01,1.644176101684570312e+01,1.983597183227539062e+01,2.126976203918457031e+01,1.702016830444335938e+01,1.418362522125244141e+01,1.299975776672363281e+01,1.203421401977539062e+01,1.250213813781738281e+01,9.488597869873046875e+00,9.172082901000976562e+00,1.000952148437500000e+01,7.525888442993164062e+00,7.389521598815917969e+00,1.347390937805175781e+01,1.540746116638183594e+01,1.122302150726318359e+01,1.044445991516113281e+01,1.003463554382324219e+01,1.075434494018554688e+01,9.678050994873046875e+00,1.231166553497314453e+01,1.328330612182617188e+01,7.095773220062255859e+00,8.491531372070312500e+00,1.636284637451171875e+01,1.455974292755126953e+01,1.892497253417968750e+01,1.959294128417968750e+01,2.010247993469238281e+01,2.149167251586914062e+01,2.196665954589843750e+01,2.577246093750000000e+01,3.026141929626464844e+01,2.787832260131835938e+01,2.793921661376953125e+01,1.683102798461914062e+01,8.168825149536132812e+00,3.785195589065551758e+00,1.554373168945312500e+01,3.250809097290039062e+01,3.271110916137695312e+01,2.360707855224609375e+01,2.315430068969726562e+01,1.814876174926757812e+01,1.032897281646728516e+01,8.319543838500976562e+00,1.086093139648437500e+01,1.669981384277343750e+01,1.831919860839843750e+01,2.103980636596679688e+01,1.980973052978515625e+01,1.583850479125976562e+01,2.027994918823242188e+01,1.902242469787597656e+01,1.865670776367187500e+01,2.343565559387207031e+01,1.845780754089355469e+01,9.863975524902343750e+00,1.901189804077148438e+01,2.312168312072753906e+01,1.823828697204589844e+01,1.517329216003417969e+01,1.739169502258300781e+01,1.912976074218750000e+01,1.631504821777343750e+01,1.567351627349853516e+01,8.860576629638671875e+00,1.158094596862792969e+01,1.251993751525878906e+01,1.522818565368652344e+01,1.010156250000000000e+01,5.983052253723144531e+00,1.018467140197753906e+01,8.923173904418945312e+00,5.864937782287597656e+00,9.188995361328125000e+00,1.126771068572998047e+01,1.105166053771972656e+01,1.686221122741699219e+01,2.003252410888671875e+01,2.235563659667968750e+01,2.489120864868164062e+01,2.180562973022460938e+01,1.819551277160644531e+01,2.143797683715820312e+01,2.687411880493164062e+01,2.552192497253417969e+01,1.893699836730957031e+01,1.496178627014160156e+01,1.233550739288330078e+01,1.507090187072753906e+01,1.677966117858886719e+01,8.627662658691406250e+00,3.586518466472625732e-01,4.054851531982421875e+00,8.032470703125000000e+00,7.312158584594726562e+00,6.401120185852050781e+00,4.286304950714111328e+00,1.841749668121337891e+00,2.603374719619750977e+00,6.089656352996826172e+00,1.240558719635009766e+01,2.436728286743164062e+01,2.188197898864746094e+01,1.950703620910644531e+01,1.817037391662597656e+01,1.601790046691894531e+01,1.657563591003417969e+01,1.843128395080566406e+01,2.086191558837890625e+01,1.554207515716552734e+01,2.224666976928710938e+01,2.933754730224609375e+01,3.187806320190429688e+01,2.587461090087890625e+01,2.368907928466796875e+01,2.044756698608398438e+01,1.549615859985351562e+01,1.214333915710449219e+01,1.198857212066650391e+01,1.185765647888183594e+01,1.105182552337646484e+01,9.364552497863769531e+00,-1.116859912872314453e+00,-1.149080657958984375e+01,-3.100125312805175781e+00,3.331464052200317383e+00,5.248369216918945312e+00,8.877918243408203125e+00,6.858697414398193359e+00,-4.370526790618896484e+00,-8.206102371215820312e+00,-2.840766429901123047e+00,2.932708740234375000e+00,1.007582092285156250e+01,1.738178825378417969e+01,2.041660308837890625e+01,1.650340080261230469e+01,1.051492691040039062e+01,9.868810653686523438e+00,1.399454498291015625e+01,1.155792045593261719e+01,1.564842414855957031e+01,1.922681808471679688e+01,2.142903137207031250e+01,1.745586585998535156e+01,7.668932914733886719e+00,1.063601493835449219e+01,1.532917022705078125e+01,1.281234741210937500e+01,1.025946235656738281e+01,1.054949474334716797e+01,6.022182941436767578e+00,8.417617082595825195e-01,-3.876371085643768311e-01,-1.825825691223144531e+00,-1.449520349502563477e+00,-2.318777084350585938e+00,-3.770981788635253906e+00,2.067076921463012695e+00,5.651914119720458984e+00,8.742417335510253906e+00,8.385313034057617188e+00,6.715667724609375000e+00,7.237838745117187500e+00,5.483251571655273438e+00,6.649740219116210938e+00,1.132325935363769531e+01,1.089211654663085938e+01,8.409934997558593750e+00,8.185512542724609375e+00,9.724220275878906250e+00,9.447216033935546875e+00,9.414077758789062500e+00,9.505373001098632812e+00,1.101716995239257812e+01,7.869207382202148438e+00,-7.361211776733398438e-01,-1.766254901885986328e+00,1.060322570800781250e+01,8.665119171142578125e+00,1.028330898284912109e+01,1.322584724426269531e+01,1.187355995178222656e+01,1.366905975341796875e+01,1.600547027587890625e+01,1.158794593811035156e+01,4.048967361450195312e+00,7.573045730590820312e+00,7.825558662414550781e+00,1.296368789672851562e+01,2.031480789184570312e+01,2.132167816162109375e+01,1.972557830810546875e+01,2.153909683227539062e+01,2.129005813598632812e+01,1.231805896759033203e+01,1.189440536499023438e+01,1.262412738800048828e+01,1.347463607788085938e+01,7.852283954620361328e+00,7.837068080902099609e+00,1.239712715148925781e+01,2.028297042846679688e+01,2.892712783813476562e+01,2.842670822143554688e+01,2.468079948425292969e+01,2.557394409179687500e+01,2.829591751098632812e+01,2.793188858032226562e+01,2.491174316406250000e+01,2.088259506225585938e+01,2.337528419494628906e+01,1.967840957641601562e+01,9.431694030761718750e+00,1.012815856933593750e+01,1.302148437500000000e+01,1.102691555023193359e+01,9.739750862121582031e+00,4.485860824584960938e+00,3.774995088577270508e+00,6.925535202026367188e+00,5.969307899475097656e+00,6.647276878356933594e+00,5.401190280914306641e+00,5.690547943115234375e+00,1.185849189758300781e+01,2.201371002197265625e+01,2.288555908203125000e+01,1.700598526000976562e+01,1.551069355010986328e+01,1.246359825134277344e+01,1.379352569580078125e+01,1.505170631408691406e+01,1.397707939147949219e+01,9.680205345153808594e+00,8.608192443847656250e+00,1.070270538330078125e+01,9.280573844909667969e+00,5.971732616424560547e+00,9.571891784667968750e+00,5.800889015197753906e+00,5.595950126647949219e+00,5.749783515930175781e+00,4.825250625610351562e+00,1.413022279739379883e-01,7.752105236053466797e+00,1.675779724121093750e+01,2.666108322143554688e+01,2.238988494873046875e+01,1.874551582336425781e+01,1.281220245361328125e+01,9.597354888916015625e+00,1.424959659576416016e+01,1.665497207641601562e+01,1.606134796142578125e+01,1.751588821411132812e+01,1.827979660034179688e+01,1.425411987304687500e+01,1.132605171203613281e+01,9.494749069213867188e+00,4.905508995056152344e+00,2.461708545684814453e+00,8.409934043884277344e+00,1.359154605865478516e+01,1.399437808990478516e+01,1.838314056396484375e+01,2.308190727233886719e+01,2.198254776000976562e+01,1.513617706298828125e+01,1.682372665405273438e+01,1.918502807617187500e+01,2.026756668090820312e+01,1.838769912719726562e+01,1.571386146545410156e+01,1.244909667968750000e+01,1.355297660827636719e+01,1.122209739685058594e+01,1.100426578521728516e+01,1.178983306884765625e+01,1.497480773925781250e+01,1.579350471496582031e+01,1.018315315246582031e+01,7.497133731842041016e+00,5.388677597045898438e+00,6.059801101684570312e+00,1.242250156402587891e+01,1.216156196594238281e+01,9.390881538391113281e+00,1.489962768554687500e+01,1.512933063507080078e+01,1.644530105590820312e+01,1.603922271728515625e+01,1.041282367706298828e+01,6.236956596374511719e+00,1.195655059814453125e+01,9.122306823730468750e+00,1.018527793884277344e+01,1.390145587921142578e+01,1.412765407562255859e+01,1.181303405761718750e+01,1.052222251892089844e+01,8.778660774230957031e+00,7.491462230682373047e+00,3.737522125244140625e+00,4.538461208343505859e+00,6.804595947265625000e+00,1.096008682250976562e+01,1.336032676696777344e+01,1.554536628723144531e+01,3.084183692932128906e+01,3.244055175781250000e+01,2.731143760681152344e+01,3.054392814636230469e+01,3.784278106689453125e+01,3.088294982910156250e+01,2.139869308471679688e+01,2.553536033630371094e+01,2.630172920227050781e+01,3.297596740722656250e+01,3.579557800292968750e+01,2.709680175781250000e+01,2.536513137817382812e+01,2.883633041381835938e+01,3.343231964111328125e+01,2.427788925170898438e+01,1.665687942504882812e+01,1.658408546447753906e+01,1.559310722351074219e+01,1.698697662353515625e+01,1.246844863891601562e+01,1.060315418243408203e+01,1.508505821228027344e+01,1.058409690856933594e+01,5.470038414001464844e+00,1.196474838256835938e+01,1.747377204895019531e+01,2.008782577514648438e+01,1.909855461120605469e+01,1.350269699096679688e+01,1.135528373718261719e+01,9.866006851196289062e+00,8.046842575073242188e+00,1.092524147033691406e+01,1.007303237915039062e+01,1.249291896820068359e+01,1.816260528564453125e+01,2.018350791931152344e+01,1.595159339904785156e+01,7.738797187805175781e+00,4.649708271026611328e+00,6.667822837829589844e+00,1.086400985717773438e+01,1.276102066040039062e+01,1.033105468750000000e+01,8.442904472351074219e+00,1.464692306518554688e+01,1.071104049682617188e+01,6.731530666351318359e+00,8.610975265502929688e+00,1.210321807861328125e+01,1.182004356384277344e+01,1.100398063659667969e+01,1.415479469299316406e+01,1.466833305358886719e+01,1.653741455078125000e+01,2.388900375366210938e+01,2.445530128479003906e+01,2.047275543212890625e+01,1.421884727478027344e+01,1.762798690795898438e+01,1.309512805938720703e+01,1.600649642944335938e+01,1.941226196289062500e+01,1.960667419433593750e+01,1.834114074707031250e+01,1.510687732696533203e+01,1.102275085449218750e+01,1.318334388732910156e+01,1.374376869201660156e+01,1.437593173980712891e+01,1.123179244995117188e+01,1.302971267700195312e+01,1.726927185058593750e+01,2.025097465515136719e+01,2.208008956909179688e+01,2.705265998840332031e+01,2.809135627746582031e+01,2.545257949829101562e+01,2.290106010437011719e+01,2.141414070129394531e+01,2.185216331481933594e+01,2.424464416503906250e+01,1.999543762207031250e+01,1.900214195251464844e+01,2.268782997131347656e+01,2.934034729003906250e+01,2.415315246582031250e+01,2.106589508056640625e+01,1.781025314331054688e+01,7.334545612335205078e+00,3.902956485748291016e+00,7.786187648773193359e+00,3.434680938720703125e+00,8.059000015258789062e+00,1.633774757385253906e+01,1.876630973815917969e+01,1.684729766845703125e+01,1.429406833648681641e+01,1.254632949829101562e+01,1.192720031738281250e+01,1.182676696777343750e+01,1.379187297821044922e+01,1.371596908569335938e+01,1.348669242858886719e+01,1.465632724761962891e+01,1.443193435668945312e+01,1.345941352844238281e+01,1.601267242431640625e+01,1.927493667602539062e+01,2.131381225585937500e+01,1.947507476806640625e+01,1.730339431762695312e+01,1.650045776367187500e+01,1.341863346099853516e+01,1.024437999725341797e+01,8.146293640136718750e+00,5.131315708160400391e+00,2.869619369506835938e+00,4.803344249725341797e+00,2.861312150955200195e+00,1.894011497497558594e+00,9.517312049865722656e+00,1.372167968750000000e+01,1.770160675048828125e+01,1.944020080566406250e+01,2.273094940185546875e+01,1.980155944824218750e+01,1.980294418334960938e+01,1.231094741821289062e+01,6.384978294372558594e+00,4.166993141174316406e+00,1.532026767730712891e+00,7.067271709442138672e+00,8.796762466430664062e+00,8.528174400329589844e+00,7.868769168853759766e+00,1.136110877990722656e+01,2.155161285400390625e+01,2.395074844360351562e+01,1.833049774169921875e+01,1.983249282836914062e+01,2.294847679138183594e+01,2.275448989868164062e+01,1.622200393676757812e+01,1.254558372497558594e+01,1.236037635803222656e+01,1.124360847473144531e+01,8.738804817199707031e+00,7.428274154663085938e+00,7.443063735961914062e+00,1.002769470214843750e+01,1.304226493835449219e+01,1.719487571716308594e+01,1.635514831542968750e+01,1.518112564086914062e+01,1.824694442749023438e+01,1.247980117797851562e+01,4.711793422698974609e+00,3.667275905609130859e+00,4.667064666748046875e+00,7.399091720581054688e+00,7.625390052795410156e+00,1.065703964233398438e+01,8.622574806213378906e+00,1.859354019165039062e+00,-1.612555980682373047e-01,2.946861505508422852e+00,7.323805809020996094e+00,9.042659759521484375e+00,7.197441101074218750e+00,5.803699493408203125e+00,4.068351745605468750e+00,8.843088150024414062e+00,1.211309051513671875e+01,1.131303024291992188e+01,1.482243919372558594e+01,1.021122074127197266e+01,-2.831507205963134766e+00,-1.867713212966918945e+00,5.963446617126464844e+00,1.479573535919189453e+01,1.502292346954345703e+01,1.538651108741760254e+00,-9.936774253845214844e+00,-8.746669769287109375e+00,-6.452103137969970703e+00,5.464051961898803711e-01,1.083501243591308594e+01,2.074298858642578125e+01,1.750921821594238281e+01,1.406856918334960938e+01,1.587017917633056641e+01,1.366691398620605469e+01,6.542097091674804688e+00,2.094385147094726562e+00,6.334263801574707031e+00,1.567407226562500000e+01,1.892153167724609375e+01,1.214946746826171875e+01,8.725939750671386719e+00,7.151082038879394531e+00,8.526927947998046875e+00,6.855677604675292969e+00,4.435832023620605469e+00,6.940424919128417969e+00,7.851951599121093750e+00,8.110883712768554688e+00,5.648762226104736328e+00,1.038313579559326172e+01,1.659833526611328125e+01,2.219265365600585938e+01,3.012978744506835938e+01,3.137644767761230469e+01,2.783454513549804688e+01,2.052088165283203125e+01,1.479023551940917969e+01,1.602762794494628906e+01,2.275400924682617188e+01,2.496225738525390625e+01,2.545014572143554688e+01,2.455633544921875000e+01,2.445287322998046875e+01,1.841357421875000000e+01,1.315051841735839844e+01,1.140980911254882812e+01,1.496296501159667969e+01,1.181544399261474609e+01,1.283584880828857422e+01,1.355883789062500000e+01,1.184341335296630859e+01,1.066626358032226562e+01,1.088288307189941406e+01,1.092158508300781250e+01,5.177498340606689453e+00,8.838762283325195312e+00,9.374449729919433594e+00,9.365712165832519531e+00,1.412525558471679688e+01,1.497467422485351562e+01,9.842656135559082031e+00,8.495861053466796875e+00,8.651166915893554688e+00,6.698871612548828125e+00,1.371374893188476562e+01,1.144686698913574219e+01,7.002728462219238281e+00,1.089794826507568359e+01,1.122914695739746094e+01,7.564628601074218750e+00,7.939571380615234375e+00,9.476888656616210938e+00,9.209866523742675781e+00,1.440430736541748047e+01,1.482290744781494141e+01,1.277434062957763672e+01,8.415074348449707031e+00,1.166213607788085938e+01,1.393351459503173828e+01,9.111501693725585938e+00,3.554459810256958008e+00,3.366886138916015625e+00,1.208933448791503906e+01,9.877296447753906250e+00,6.027513146400451660e-01,1.684251070022583008e+00,9.033559799194335938e+00,1.886435890197753906e+01,2.029545211791992188e+01,2.369206047058105469e+01,2.405069351196289062e+01,1.842608261108398438e+01,2.173991012573242188e+01,2.319503021240234375e+01,1.944077301025390625e+01,2.083463287353515625e+01,2.443183326721191406e+01,2.376517105102539062e+01,2.307568359375000000e+01,1.984226036071777344e+01,1.746041107177734375e+01,1.369074440002441406e+01,1.481625938415527344e+01,1.631773757934570312e+01,1.262296104431152344e+01,1.128056716918945312e+01,6.709758758544921875e+00,1.452703857421875000e+01,1.958042907714843750e+01,8.755223274230957031e+00,3.301664829254150391e+00,3.375383853912353516e+00,7.635024070739746094e+00,1.078369522094726562e+01,1.056023502349853516e+01,1.423564529418945312e+01,1.734327888488769531e+01,2.160005187988281250e+01,1.923357582092285156e+01,2.266507911682128906e+01,2.059554290771484375e+01,1.277065849304199219e+01,2.232547283172607422e+00,1.632534027099609375e+00,-2.365005493164062500e+00,4.762784838676452637e-01,2.716350078582763672e+00,6.517392158508300781e+00,2.566191196441650391e+00,-3.916059732437133789e+00,-4.141406536102294922e+00,-2.836435317993164062e+00,8.476324081420898438e+00,1.578031826019287109e+01,1.405149650573730469e+01,1.351512336730957031e+01,1.209865188598632812e+01,1.355272388458251953e+01,1.189056158065795898e+00,-1.100078582763671875e+01,-8.809968948364257812e+00,-6.105388164520263672e+00,-1.169237899780273438e+01,-8.446114540100097656e+00,-8.780010223388671875e+00,-1.345963859558105469e+01,-5.979074001312255859e+00,2.677163124084472656e+00,8.285717010498046875e+00,1.433221435546875000e+01,1.733064651489257812e+01,1.041208744049072266e+01,1.450932884216308594e+01,1.267716598510742188e+01,1.000118446350097656e+01,1.037958145141601562e+01,1.024388694763183594e+01,1.268641853332519531e+01,1.235324859619140625e+01,1.441921234130859375e+01,1.543003463745117188e+01,1.735106658935546875e+01,1.425287055969238281e+01,1.574785232543945312e+01,1.421579742431640625e+01,1.312062072753906250e+01,9.681365966796875000e+00,1.273056221008300781e+01,1.272472858428955078e+01,1.121952629089355469e+01,9.800430297851562500e+00,1.089690589904785156e+01,1.119324874877929688e+01,1.085140991210937500e+01,8.042057991027832031e+00,6.512130737304687500e+00,6.900847434997558594e+00,2.910661697387695312e+00,2.029587507247924805e+00,2.133425235748291016e+00,1.141079330444335938e+01,2.336434936523437500e+01,3.071619033813476562e+01,3.562063598632812500e+01,3.617158889770507812e+01,3.016962432861328125e+01,3.132043075561523438e+01,2.723172760009765625e+01,2.366365051269531250e+01,2.010274696350097656e+01,1.628721237182617188e+01,9.469934463500976562e+00,5.980947494506835938e+00,2.593881845474243164e+00,2.277613162994384766e+00,6.985415458679199219e+00,7.472295761108398438e+00,-4.175794124603271484e-02,-5.964781761169433594e+00,-5.137194156646728516e+00,-1.435168743133544922e+00,6.643858909606933594e+00,1.944452285766601562e+00,-5.826730132102966309e-01,4.905678272247314453e+00,1.646365928649902344e+01,2.039187240600585938e+01,1.930777359008789062e+01,2.168072891235351562e+01,1.902174758911132812e+01,1.198019981384277344e+01,9.712703704833984375e+00,9.814924240112304688e+00,1.245801925659179688e+01,1.065913581848144531e+01,8.292588233947753906e+00,1.983411598205566406e+01,3.282125091552734375e+01,3.534070205688476562e+01,2.857525253295898438e+01,2.175298309326171875e+01,2.540248107910156250e+01,1.910994529724121094e+01,9.682264328002929688e+00,1.193006706237792969e+01,1.265797424316406250e+01,1.875658035278320312e+01,1.822348403930664062e+01,1.386030006408691406e+01,1.688579368591308594e+01,2.006100845336914062e+01,1.675567817687988281e+01,1.405244827270507812e+01,1.280599975585937500e+01,9.178517341613769531e+00,6.807569503784179688e+00,4.086531639099121094e+00,6.894694805145263672e+00,6.453264236450195312e+00,9.085017204284667969e+00,1.357308006286621094e+01,1.586329555511474609e+01,1.020346260070800781e+01,1.071600055694580078e+01,9.208446502685546875e+00,7.715513229370117188e+00,5.673634529113769531e+00,6.643633842468261719e+00,4.706069946289062500e+00,5.354730129241943359e+00,1.232985019683837891e+01,1.219684028625488281e+01,1.164070892333984375e+01,1.347528076171875000e+01,1.694259643554687500e+01,1.292991256713867188e+01,8.777639389038085938e+00,1.159639739990234375e+01,8.614405632019042969e+00,1.054424667358398438e+01,9.423255920410156250e+00,1.049018001556396484e+01,1.301392555236816406e+01,1.753180694580078125e+01,9.970605850219726562e+00,2.303302288055419922e+00,8.968297958374023438e+00,1.202971649169921875e+01,1.583167839050292969e+01,1.362165737152099609e+01,1.496133995056152344e+01,1.314192008972167969e+01,1.095188140869140625e+01,1.108546638488769531e+01,7.134899139404296875e+00,1.053132820129394531e+01,1.215664577484130859e+01,1.351081466674804688e+01,1.526692771911621094e+01,1.358478546142578125e+01,1.653768920898437500e+01,2.009904479980468750e+01,1.617001342773437500e+01,4.393889427185058594e+00,8.043134689331054688e+00,7.466084957122802734e+00,6.857821941375732422e-01,7.339082717895507812e+00,1.355739116668701172e+01,1.969289588928222656e+01,2.431594848632812500e+01,2.554567718505859375e+01,2.524924468994140625e+01,3.264837646484375000e+01,3.451698303222656250e+01,2.524173355102539062e+01,1.786375999450683594e+01,2.268050765991210938e+01,3.130817794799804688e+01,3.232662200927734375e+01,3.277538299560546875e+01,2.889071083068847656e+01,2.699952316284179688e+01,2.218716049194335938e+01,1.804630279541015625e+01,1.232270050048828125e+01,1.699458885192871094e+01,2.438174057006835938e+01,2.224199104309082031e+01,2.652205657958984375e+01,3.166016387939453125e+01,3.306933212280273438e+01,3.275068664550781250e+01,2.385115623474121094e+01,2.179983139038085938e+01,1.880508995056152344e+01,1.974308776855468750e+01,2.267878913879394531e+01,2.336978912353515625e+01,2.110426521301269531e+01,2.221670532226562500e+01,2.768876075744628906e+01,2.582151412963867188e+01,1.751003456115722656e+01,2.855168533325195312e+01,2.790563964843750000e+01,1.800734138488769531e+01,1.562321472167968750e+01,2.248961257934570312e+01,2.141495513916015625e+01,2.003695297241210938e+01,1.972138214111328125e+01,2.060551643371582031e+01,1.825195121765136719e+01,7.472084522247314453e+00,-1.079399108886718750e+00,4.033803343772888184e-01,1.935381650924682617e+00,4.744848251342773438e+00,3.661828994750976562e+00,4.623536109924316406e+00,8.285935401916503906e+00,1.107693290710449219e+01,1.483659744262695312e+01,1.153063201904296875e+01,1.441014862060546875e+01,1.823664855957031250e+01,1.468844890594482422e+01,1.411232948303222656e+01,9.699840545654296875e+00,1.540504455566406250e+01,2.705533599853515625e+01,3.103390121459960938e+01,2.351020812988281250e+01,1.752437019348144531e+01,1.256193542480468750e+01,5.773226737976074219e+00,8.242065429687500000e+00,6.987414836883544922e+00,9.227398037910461426e-02,-7.382270812988281250e+00,-3.894972562789916992e+00,2.661719560623168945e+00,8.381526947021484375e+00,1.274029731750488281e+01,1.174444389343261719e+01,7.233269214630126953e+00,9.636899948120117188e+00,4.848426818847656250e+00,3.757154941558837891e+00,4.195268154144287109e+00,1.308669090270996094e+01,1.475447273254394531e+01,1.557805633544921875e+01,1.771801567077636719e+01,1.376502990722656250e+01,1.405113983154296875e+01,2.214280319213867188e+01,2.594791030883789062e+01,2.795743560791015625e+01,2.648829269409179688e+01,2.006872558593750000e+01,2.236960411071777344e+01,2.191560935974121094e+01,1.901561164855957031e+01,1.276387023925781250e+01,2.521576881408691406e+00,4.845617294311523438e+00,1.079776000976562500e+01,1.128619384765625000e+01,1.052175712585449219e+01,1.234664154052734375e+01,1.230470848083496094e+01,1.128275680541992188e+01,9.403764724731445312e+00,1.035111236572265625e+01,1.326474761962890625e+01,8.693395614624023438e+00,6.204637050628662109e+00,9.402406692504882812e+00,1.007102680206298828e+01,7.149089813232421875e+00,6.124612331390380859e+00,4.288720130920410156e+00,6.297003269195556641e+00,4.114847183227539062e+00,5.397195339202880859e+00,5.059623718261718750e+00,5.806315422058105469e+00,1.020453739166259766e+01,1.247039222717285156e+01,8.712690353393554688e+00,1.340596771240234375e+01,1.390262794494628906e+01,1.793696212768554688e+01,1.457430648803710938e+01,7.843915939331054688e+00,5.519899368286132812e+00,6.712447166442871094e+00,9.857118606567382812e+00,9.237179756164550781e+00,1.082580471038818359e+01,1.189269447326660156e+01,1.246634387969970703e+01,1.229302501678466797e+01,1.323511451482772827e-01,-5.908109545707702637e-01,4.685684204101562500e+00,1.073778724670410156e+01,1.219151878356933594e+01,1.322258281707763672e+01,1.149208450317382812e+01,1.125571155548095703e+01,1.268708992004394531e+01,1.706718826293945312e+01,1.665289688110351562e+01,1.750957489013671875e+01,1.600977516174316406e+01,1.259158611297607422e+01,1.414449214935302734e+01,9.856834411621093750e+00,5.754982948303222656e+00,8.171970367431640625e+00,1.197232913970947266e+01,1.265833663940429688e+01,1.662446022033691406e+01,1.617612838745117188e+01,8.988055229187011719e+00,2.196271657943725586e+00,1.302612066268920898e+00,5.534250259399414062e+00,9.332612991333007812e+00,9.124050140380859375e+00,1.354047203063964844e+01,2.014436721801757812e+01,2.298352432250976562e+01,1.837256622314453125e+01,2.034038543701171875e+01,2.307502746582031250e+01,1.851802825927734375e+01,1.633338737487792969e+01,1.808232116699218750e+01,1.919226837158203125e+01,2.497175216674804688e+01,2.581142616271972656e+01,3.136860466003417969e+01,3.167455863952636719e+01,2.443508911132812500e+01,2.308866119384765625e+01,2.884345245361328125e+01,3.342000579833984375e+01,3.471807098388671875e+01,2.862089538574218750e+01,1.994266510009765625e+01,2.398334312438964844e+01,2.220999526977539062e+01,1.267775917053222656e+01,8.888319969177246094e+00,7.082017898559570312e+00,2.538409233093261719e+00,-2.551330566406250000e+00,-7.826448440551757812e+00,-7.198410511016845703e+00,-4.080849647521972656e+00,-3.772689342498779297e+00,7.997993469238281250e+00,1.235349273681640625e+01,1.510700225830078125e+01,1.547271347045898438e+01,1.235900211334228516e+01,1.375158691406250000e+01,1.058891487121582031e+01,5.856078624725341797e+00,4.851999759674072266e+00,6.214663982391357422e+00,7.717177391052246094e+00,1.427278804779052734e+01,1.425635910034179688e+01,1.498634147644042969e+01,6.404559612274169922e+00,-9.071027040481567383e-01,1.668536543846130371e+00,2.951369285583496094e+00,-3.711203336715698242e+00,3.344869136810302734e+00,1.252240943908691406e+01,1.444768905639648438e+01,1.372805309295654297e+01,1.422123146057128906e+01,1.223775863647460938e+01,1.204405403137207031e+01,1.427550601959228516e+01,1.420647335052490234e+01,1.272533607482910156e+01,9.068746566772460938e+00,6.100427150726318359e+00,1.487446022033691406e+01,1.050955963134765625e+01,3.987134456634521484e+00,4.166260719299316406e+00,6.331305980682373047e+00,7.363563060760498047e+00,1.496541595458984375e+01,1.161364555358886719e+01,1.282858753204345703e+01,2.141464614868164062e+01,2.130738449096679688e+01,1.948157310485839844e+01,1.604735755920410156e+01,1.295534515380859375e+01,1.350611400604248047e+01,1.008151817321777344e+01,1.077933502197265625e+01,1.579993438720703125e+01,2.317959213256835938e+01,1.730524253845214844e+01,2.148861694335937500e+01,1.915887832641601562e+01,1.105462837219238281e+01,1.446616363525390625e+01,1.969108581542968750e+01,2.103422546386718750e+01,1.981629943847656250e+01,2.230270385742187500e+01,1.906091690063476562e+01,1.755464172363281250e+01,8.274995803833007812e+00,9.538173675537109375e+00,5.222055912017822266e+00,3.971975088119506836e+00,5.147666454315185547e+00,7.723538875579833984e+00,7.259859085083007812e+00,-2.456964492797851562e+00,-5.959503650665283203e+00,3.583728075027465820e+00,9.106296539306640625e+00,1.837646102905273438e+01,2.036813735961914062e+01,2.539692878723144531e+01,2.898146057128906250e+01,2.830413627624511719e+01,2.888836288452148438e+01,2.586332321166992188e+01,1.898510551452636719e+01,1.839418029785156250e+01,1.893937683105468750e+01,1.991835403442382812e+01,1.749767684936523438e+01,1.688340950012207031e+01,1.382889366149902344e+01,1.002045822143554688e+01,1.029966163635253906e+01,1.220556259155273438e+01,1.333014297485351562e+01,1.127420997619628906e+01,7.820000648498535156e+00,6.341393470764160156e+00,1.601335334777832031e+01,1.464928722381591797e+01,2.099344062805175781e+01,2.970630645751953125e+01,2.652715682983398438e+01,1.966933822631835938e+01,1.519337749481201172e+01,1.694910049438476562e+01,1.140922260284423828e+01,8.378849983215332031e+00,7.638561248779296875e+00,1.613210439682006836e+00,-2.835524082183837891e-02,1.508285522460937500e+00,3.037066698074340820e+00,1.354230880737304688e+01,1.138167381286621094e+01,7.682963371276855469e+00,4.156411170959472656e+00,6.304830551147460938e+00,8.810525894165039062e+00,1.369934463500976562e+01,2.489834594726562500e+01,2.839501953125000000e+01,2.790642166137695312e+01,2.357054710388183594e+01,2.054682540893554688e+01,1.951889801025390625e+01,1.724508285522460938e+01,1.457168579101562500e+01,1.014494991302490234e+01,7.338234901428222656e+00,6.360215663909912109e+00,1.490861129760742188e+01,1.555715942382812500e+01,1.107478523254394531e+01,1.130768203735351562e+01,7.349184036254882812e+00,1.895674824714660645e+00,-4.980988502502441406e+00,-5.670808792114257812e+00,-5.359641313552856445e-01,7.191657066345214844e+00,5.510775566101074219e+00,2.833500385284423828e+00,5.032860755920410156e+00,7.244055747985839844e+00,1.142753028869628906e+01,1.065773010253906250e+01,1.095348453521728516e+01,8.548768997192382812e+00,8.813286781311035156e+00,9.578369140625000000e+00,1.094190120697021484e+01,1.071588516235351562e+01,9.277088165283203125e+00,1.467778778076171875e+01,1.121734428405761719e+01,6.423003673553466797e+00,9.747174263000488281e+00,1.442706489562988281e+01,1.091056156158447266e+01,3.737694978713989258e+00,9.358422279357910156e+00,9.298286437988281250e+00,1.437327384948730469e+00,-9.042719602584838867e-01,-2.852448940277099609e+00,-4.234659194946289062e+00,-1.912085413932800293e+00,1.135057568550109863e+00,8.755176067352294922e-01,-5.082972645759582520e-01,-1.905154824256896973e+00,-8.518243789672851562e+00,-9.527576446533203125e+00,-3.494958877563476562e+00,-3.841087818145751953e+00,-2.290056705474853516e+00,1.362051010131835938e+00,6.534275054931640625e+00,9.552677154541015625e+00,1.558269119262695312e+01,2.192901611328125000e+01,2.300421524047851562e+01,2.359823226928710938e+01,1.644834709167480469e+01,1.536194705963134766e+01,1.311142921447753906e+01,1.106988143920898438e+01,8.544544219970703125e+00,5.256838321685791016e+00,3.082658767700195312e+00,7.840658187866210938e+00,6.187535762786865234e+00,1.114759635925292969e+01,5.194965839385986328e+00,9.418038725852966309e-01,5.254552841186523438e+00,8.054122924804687500e+00,6.414395332336425781e+00,4.492154121398925781e+00,5.520374298095703125e+00,7.867950916290283203e+00,8.335927963256835938e+00,8.602878570556640625e+00,1.413464164733886719e+01,1.517080402374267578e+01,1.258974838256835938e+01,7.305807113647460938e+00,7.604326248168945312e+00,5.682370185852050781e+00,8.299275398254394531e+00,8.485214233398437500e+00,1.188611221313476562e+01,1.473463630676269531e+01,1.006146430969238281e+01,5.870697975158691406e+00,9.009157180786132812e+00,9.663032531738281250e+00,7.883456707000732422e+00,5.093130588531494141e+00,4.344202041625976562e+00,4.238899707794189453e+00,4.180009841918945312e+00,6.810074806213378906e+00,8.929628372192382812e+00,8.064423561096191406e+00,6.367919921875000000e+00,-1.533815860748291016e-01,1.633050918579101562e+00,3.072410345077514648e+00,9.381519317626953125e+00,9.539361000061035156e+00,6.135601043701171875e+00,8.772092819213867188e+00,1.273121452331542969e+01,1.355847358703613281e+01,1.128832721710205078e+01,9.410973548889160156e+00,8.633498191833496094e+00,1.078148746490478516e+01,1.183874130249023438e+01,9.438205718994140625e+00,1.248103904724121094e+01,9.327655792236328125e+00,4.265882015228271484e+00,7.668161392211914062e+00,2.193239021301269531e+01,1.771479797363281250e+01,1.130269622802734375e+01,2.798635959625244141e+00,5.896004438400268555e-01,3.438688278198242188e+00,5.349468231201171875e+00,6.036909103393554688e+00,3.670732498168945312e+00,6.355046272277832031e+00,7.154389381408691406e+00,5.499526500701904297e+00,6.146714210510253906e+00,9.007440567016601562e+00,5.034292936325073242e-01,-4.508141040802001953e+00,-2.475440502166748047e+00,1.565435886383056641e+00,4.241731166839599609e+00,7.908639907836914062e+00,2.392260360717773438e+01,3.596192932128906250e+01,4.141049194335937500e+01,3.853041076660156250e+01,4.159490585327148438e+01,4.585659790039062500e+01,5.432884979248046875e+01,5.417686462402343750e+01,4.309822082519531250e+01,3.411441040039062500e+01,3.183744812011718750e+01,2.298559570312500000e+01,2.041671752929687500e+01,2.404813003540039062e+01,1.676943206787109375e+01,1.453901672363281250e+01,1.656591415405273438e+01,8.724670410156250000e+00,5.298810005187988281e+00,6.319975852966308594e+00,8.211845397949218750e+00,6.765437126159667969e+00,1.813946723937988281e+00,-4.152781486511230469e+00,1.204079627990722656e+00,2.605497837066650391e+00,3.292189240455627441e-01,-2.123132705688476562e+00,-1.614991664886474609e+00,-2.544324398040771484e+00,-6.691503524780273438e+00,-1.508466482162475586e+00,3.251230716705322266e+00,8.546096801757812500e+00,1.238397026062011719e+01,1.068206024169921875e+01,1.133561229705810547e+01,1.439947700500488281e+01,6.466541290283203125e+00,1.811852931976318359e+00,5.373347282409667969e+00,7.324014663696289062e+00,1.385187816619873047e+01,1.735210037231445312e+01,2.408529663085937500e+01,2.631614685058593750e+01,2.347028350830078125e+01,2.023577117919921875e+01,2.206358528137207031e+01,2.809127235412597656e+01,3.335110092163085938e+01,3.212065124511718750e+01,2.450975036621093750e+01,1.417000007629394531e+01,9.203850746154785156e+00,1.555505180358886719e+01,1.920096969604492188e+01,2.071382522583007812e+01,2.229535293579101562e+01,2.341723251342773438e+01,2.226473999023437500e+01,2.432331085205078125e+01,1.874497222900390625e+01,1.165894508361816406e+01,8.379654884338378906e+00,1.065180969238281250e+01,1.184645271301269531e+01,1.108294105529785156e+01,1.530343627929687500e+01,2.016399765014648438e+01,1.559568405151367188e+01,1.210557651519775391e+01,5.127257347106933594e+00,9.300268173217773438e+00,1.347800254821777344e+01,1.077163887023925781e+01,1.087571907043457031e+01,7.988446235656738281e+00,1.105471324920654297e+01,1.204461383819580078e+01,1.020849227905273438e+01,9.961297988891601562e+00,6.141787052154541016e+00,1.317937135696411133e+00,2.189585208892822266e+00,4.023684501647949219e+00,8.567312240600585938e+00,1.202516746520996094e+01,1.155271720886230469e+01,1.302906990051269531e+01,1.175536060333251953e+01,1.588769721984863281e+01,9.803894042968750000e+00,6.015805244445800781e+00,8.917808532714843750e+00,9.362752914428710938e+00,6.543944358825683594e+00,7.704229354858398438e+00,8.834046363830566406e+00,1.097557258605957031e+01,1.249242877960205078e+01,9.734225273132324219e+00,7.880950927734375000e+00,4.568044185638427734e+00,4.430348873138427734e+00,7.756336688995361328e+00,9.705547332763671875e+00,1.167105102539062500e+01,1.037530136108398438e+01,1.165364456176757812e+01,1.708497619628906250e+01,9.651113510131835938e+00,2.581032276153564453e+00,3.617953538894653320e+00,5.176127433776855469e+00,1.217560005187988281e+01,1.605143356323242188e+01,1.128119277954101562e+01,4.488700389862060547e+00,1.347904014587402344e+01,1.545810127258300781e+01,2.048314666748046875e+01,2.451340103149414062e+01,2.046614837646484375e+01,1.456896400451660156e+01,8.900066375732421875e+00,9.831184387207031250e+00,1.353799533843994141e+01,2.358098602294921875e+01,2.097885704040527344e+01,1.110586547851562500e+01,7.529711723327636719e+00,1.144774436950683594e+01,8.710561752319335938e+00,9.966358184814453125e+00,1.577881050109863281e+01,1.530837821960449219e+01,1.772793006896972656e+01,2.564314270019531250e+01,2.614024734497070312e+01,2.263764953613281250e+01,2.475065231323242188e+01,1.944798278808593750e+01,1.285240364074707031e+01,7.260184288024902344e+00,3.996291399002075195e+00,3.819626331329345703e+00,7.729692459106445312e+00,1.051398944854736328e+01,1.793980026245117188e+01,2.550879859924316406e+01,2.378258895874023438e+01,2.205788803100585938e+01,1.773068237304687500e+01,9.173124313354492188e+00,5.472824096679687500e+00,9.727266311645507812e+00,1.262854099273681641e+01,7.089170455932617188e+00,5.870857238769531250e+00,6.102277278900146484e+00,5.252664566040039062e+00,3.857185363769531250e+00,8.960314750671386719e+00,1.538297653198242188e+01,2.702771425247192383e+00,9.967739582061767578e-01,-1.896178722381591797e-02,1.303676128387451172e+00,3.402307510375976562e+00,4.166003227233886719e+00,-2.888245344161987305e+00,-6.462304592132568359e+00,-3.366702556610107422e+00,-6.992544531822204590e-01,-1.230396270751953125e+00,-1.497729301452636719e+00,3.723098278045654297e+00,6.682199478149414062e+00,3.910087108612060547e+00,1.761505842208862305e+00,3.782446861267089844e+00,8.821769714355468750e+00,9.885420799255371094e+00,1.049412727355957031e+01,1.374971008300781250e+01,1.539173316955566406e+01,1.440150356292724609e+01,1.565044975280761719e+01,1.419884490966796875e+01,1.317028808593750000e+01,1.328252792358398438e+01,2.099394226074218750e+01,2.510415649414062500e+01,2.385928726196289062e+01,2.341343688964843750e+01,2.607618522644042969e+01,2.689434051513671875e+01,2.380393981933593750e+01,2.617967224121093750e+01,2.995571517944335938e+01,2.536634635925292969e+01,1.843464088439941406e+01,2.212051391601562500e+01,2.638299560546875000e+01,2.813285827636718750e+01,2.468470191955566406e+01,2.154262161254882812e+01,2.317291450500488281e+01,2.318832397460937500e+01,2.134973526000976562e+01,1.364017772674560547e+01,9.219587326049804688e+00,9.929855346679687500e+00,6.737704277038574219e+00,3.746958255767822266e+00,6.389939308166503906e+00,1.328177452087402344e+01,1.194280242919921875e+01,7.817338943481445312e+00,1.173763465881347656e+01,1.373532009124755859e+01,1.187148857116699219e+01,9.634851455688476562e+00,1.379590225219726562e+01,1.368858146667480469e+01,1.143652915954589844e+01,1.223163223266601562e+01,1.168493843078613281e+01,1.461723518371582031e+01,1.402313137054443359e+01,1.256138324737548828e+01,1.148065948486328125e+01,8.980249404907226562e+00,5.054790973663330078e+00,6.067000389099121094e+00,7.310243606567382812e+00,7.990625381469726562e+00,5.658149242401123047e+00,2.053515911102294922e+00,4.376471042633056641e-01,-1.176292896270751953e+00,4.350865364074707031e+00,5.031422615051269531e+00,8.324140906333923340e-01,2.046689748764038086e+00,4.282565116882324219e-01,7.405471324920654297e+00,1.168462181091308594e+01,9.966650009155273438e+00,1.094385910034179688e+01,1.508289051055908203e+01,1.281454086303710938e+01,8.982871055603027344e+00,7.322452545166015625e+00,5.642928600311279297e+00,5.833418846130371094e+00,9.258507728576660156e+00,1.181671524047851562e+01,1.395646476745605469e+01,1.048151874542236328e+01,8.928089141845703125e+00,1.472197723388671875e+01,1.723854827880859375e+01,1.457725334167480469e+01,1.089130592346191406e+01,1.148914241790771484e+01,1.180425071716308594e+01,7.262984275817871094e+00,3.196998596191406250e+00,5.440168380737304688e+00,2.877524614334106445e+00,-2.856254279613494873e-01,-8.208191871643066406e+00,1.120710253715515137e+00,1.698143959045410156e+01,1.991431045532226562e+01,1.881946945190429688e+01,1.713215255737304688e+01,1.437641143798828125e+01,1.360243988037109375e+01,1.355030059814453125e+01,1.272487831115722656e+01,1.562226676940917969e+01,1.688294601440429688e+01,1.621875381469726562e+01,1.761332130432128906e+01,2.404411697387695312e+01,2.899024581909179688e+01,3.509300994873046875e+01,2.969608879089355469e+01,2.147920608520507812e+01,1.405650615692138672e+01,9.763075828552246094e+00,8.461341857910156250e+00,6.901159286499023438e+00,7.954685211181640625e+00,1.438287925720214844e+01,2.290969467163085938e+01,2.629936218261718750e+01,1.944133758544921875e+01,1.883729171752929688e+01,2.208802413940429688e+01,2.322359848022460938e+01,1.994482994079589844e+01,1.755848884582519531e+01,1.677620887756347656e+01,1.838614273071289062e+01,1.657603263854980469e+01,9.995114326477050781e+00,1.239210319519042969e+01,1.543007564544677734e+01,2.422781372070312500e+01,2.384037017822265625e+01,1.750907325744628906e+01,1.518761634826660156e+01,1.655377960205078125e+01,1.855812835693359375e+01,2.323243713378906250e+01,2.901672363281250000e+01,2.829916763305664062e+01,2.328303909301757812e+01,1.731576347351074219e+01,1.113572502136230469e+01,1.169470405578613281e+01,1.412828063964843750e+01,1.101926803588867188e+01,8.164653778076171875e+00,6.585436820983886719e+00,2.689114570617675781e+00,-2.023633241653442383e+00,-1.181778788566589355e+00,-1.106307864189147949e+00,-1.230157494544982910e+00,1.094156932830810547e+01,1.642679405212402344e+01,1.374070549011230469e+01,1.296575164794921875e+01,1.042537689208984375e+01,1.091013526916503906e+01,2.233783340454101562e+01,2.210146903991699219e+01,2.290355682373046875e+01,1.874411392211914062e+01,2.098074722290039062e+01,2.539289474487304688e+01,2.371744155883789062e+01,1.813549804687500000e+01,1.254012584686279297e+01,1.077869319915771484e+01,1.128491210937500000e+01,1.831243515014648438e+01,2.547518920898437500e+01,2.012525558471679688e+01,1.624932098388671875e+01,1.605055618286132812e+01,1.817642021179199219e+01,2.413627624511718750e+01,2.162831497192382812e+01,1.712802314758300781e+01,1.900331878662109375e+01,1.609255599975585938e+01,1.468920135498046875e+01,1.185844135284423828e+01,5.030975341796875000e+00,3.348998785018920898e+00,3.531291007995605469e+00,1.050290107727050781e+01,1.184091377258300781e+01,4.472992897033691406e+00,1.637052059173583984e+00,5.583074569702148438e+00,5.566016197204589844e+00,9.494764328002929688e+00,1.457670783996582031e+01,1.381599807739257812e+01,9.889570236206054688e+00,1.096841239929199219e+01,1.278870201110839844e+01,9.973223686218261719e+00,7.391314506530761719e+00,9.478996276855468750e+00,8.320791244506835938e+00,1.726809310913085938e+01,2.435056877136230469e+01,1.308839702606201172e+01,7.819377899169921875e+00,9.595277786254882812e+00,7.882689476013183594e+00,4.658838272094726562e+00,3.631823658943176270e-01,-2.439740180969238281e+00,6.312820434570312500e+00,9.516664505004882812e+00,1.409177875518798828e+01,1.803271102905273438e+01,2.384425735473632812e+01,2.348713493347167969e+01,1.984167098999023438e+01,1.663971328735351562e+01,1.366392612457275391e+01,5.788989067077636719e+00,1.238273978233337402e+00,6.020166873931884766e+00,1.093891906738281250e+01,1.071878814697265625e+01,8.437505722045898438e+00,6.642134666442871094e+00,1.110205459594726562e+01,1.691801452636718750e+01,1.554760837554931641e+01,1.701503181457519531e+01,1.057121086120605469e+01,2.483543395996093750e+00,3.432547807693481445e+00,4.805647850036621094e+00,3.656201124191284180e+00,5.095338344573974609e+00,9.357488632202148438e+00,1.192008686065673828e+01,1.849427986145019531e+01,2.280253982543945312e+01,1.920995140075683594e+01,1.686110496520996094e+01,1.304429721832275391e+01,9.988941192626953125e+00,8.600839614868164062e+00,5.741397857666015625e+00,1.077906608581542969e+01,1.618869781494140625e+01,2.220799446105957031e+01,2.661517906188964844e+01,2.977975082397460938e+01,3.783308410644531250e+01,3.839307403564453125e+01,4.203943634033203125e+01,3.894311141967773438e+01,3.339624786376953125e+01,2.310400390625000000e+01,1.413233757019042969e+01,8.731983184814453125e+00,1.095694351196289062e+01,6.968509674072265625e+00,6.353719711303710938e+00,1.120082283020019531e+01,1.663855934143066406e+01,1.706622886657714844e+01,1.099446487426757812e+01,5.358771324157714844e+00,9.410072326660156250e+00,1.637546348571777344e+01,1.640980911254882812e+01,1.118905258178710938e+01,8.211193084716796875e+00,6.788310050964355469e+00,3.458305835723876953e+00,4.847870826721191406e+00,8.627706527709960938e+00,1.147824001312255859e+01,1.309475040435791016e+01,7.078451633453369141e+00,5.660796165466308594e+00,3.502366781234741211e+00,-1.716568350791931152e+00,-1.181332349777221680e+00,8.953226089477539062e+00,1.741931915283203125e+01,2.006530952453613281e+01,1.584467315673828125e+01,1.118173599243164062e+01,1.400574970245361328e+01,1.376684951782226562e+01,1.645018768310546875e+01,1.610210037231445312e+01,1.251646804809570312e+01,1.061092948913574219e+01,1.228949165344238281e+01,7.184034824371337891e+00,9.569686889648437500e+00,1.018078613281250000e+01,4.422377586364746094e+00,5.379419326782226562e+00,5.110502243041992188e+00,7.474125862121582031e+00,8.292602539062500000e+00,2.184212446212768555e+00,7.604686737060546875e+00,6.834181785583496094e+00,1.876583993434906006e-01,7.118210792541503906e+00,9.651499748229980469e+00,1.063023757934570312e+01,1.417665576934814453e+01,1.337730598449707031e+01,1.274983596801757812e+01,1.467487144470214844e+01,1.578218364715576172e+01,1.294419097900390625e+01,1.216601467132568359e+01,1.284232044219970703e+01,1.000225448608398438e+01,1.847711944580078125e+01,2.084282875061035156e+01,1.993287086486816406e+01,2.307417678833007812e+01,1.686896705627441406e+01,1.336017227172851562e+01,1.224224662780761719e+01,9.434250831604003906e+00,8.513172149658203125e+00,7.447500705718994141e+00,8.324348449707031250e+00,1.572720146179199219e+01,9.675352096557617188e+00,6.300375938415527344e+00,8.221012115478515625e+00,1.036723613739013672e+01,1.058514595031738281e+01,7.520173072814941406e+00,6.292565345764160156e+00,6.670522689819335938e+00,1.256737232208251953e+01,1.580142784118652344e+01,9.923595428466796875e+00,1.036881637573242188e+01,9.996479988098144531e+00,1.449999618530273438e+01,1.755205917358398438e+01,1.577029895782470703e+01,1.632746505737304688e+01,2.170986557006835938e+01,2.697291755676269531e+01,1.611670875549316406e+01,9.798366546630859375e+00,1.312190628051757812e+01,1.599030494689941406e+01,1.253901481628417969e+01,1.114054679870605469e+01,1.026476860046386719e+01,9.784380912780761719e+00,1.273129940032958984e+01,1.505637264251708984e+01,1.446380233764648438e+01,1.463215255737304688e+01,1.227035999298095703e+01,1.101156616210937500e+01,1.049560260772705078e+01,7.447772026062011719e+00,7.469369411468505859e+00,8.853134155273437500e+00,8.306034088134765625e+00,8.596851348876953125e+00,7.834721088409423828e+00,1.027698040008544922e+01,1.088114929199218750e+01,1.277865695953369141e+01,1.303115081787109375e+01,9.879884719848632812e+00,6.914365768432617188e+00,8.712390899658203125e+00,1.453486251831054688e+01,1.657616233825683594e+01,1.403445243835449219e+01,1.302986431121826172e+01,1.821112442016601562e+01,1.266812705993652344e+01,1.157700538635253906e+01,1.940257644653320312e+01,2.284790039062500000e+01,2.029051017761230469e+01,1.985081863403320312e+01,1.991229057312011719e+01,2.474866104125976562e+01,2.265608215332031250e+01,1.640457153320312500e+01,1.811469268798828125e+01,2.464295578002929688e+01,2.940165710449218750e+01,2.979910278320312500e+01,3.080689239501953125e+01,2.932945632934570312e+01,2.920536422729492188e+01,3.322876739501953125e+01,2.720643997192382812e+01,1.670371818542480469e+01,1.519192123413085938e+01,3.277322769165039062e+00,-3.779707908630371094e+00,-2.728828430175781250e+00,-4.270719051361083984e+00,-4.454134941101074219e+00,1.917152881622314453e+00,3.781663894653320312e+00,6.749086380004882812e+00,1.338646507263183594e+01,1.461786842346191406e+01,1.035105609893798828e+01,1.205252361297607422e+01,5.960793972015380859e+00,2.896653413772583008e-01,2.257755279541015625e+00,8.326706886291503906e-01,1.668294072151184082e-01,3.863111019134521484e+00,2.902961015701293945e+00,-4.410719871520996094e+00,-4.988325595855712891e+00,6.392452239990234375e+00,9.708696365356445312e+00,1.273178672790527344e+01,1.630845832824707031e+01,1.460818290710449219e+01,1.389888763427734375e+01,1.195516204833984375e+01,1.557540130615234375e+01,2.144719696044921875e+01,2.017159271240234375e+01,1.431693458557128906e+01,5.792142868041992188e+00,-5.316615104675292969e-02,5.401739120483398438e+00,1.221529102325439453e+01,1.577271461486816406e+01,1.001086235046386719e+01,5.012510299682617188e+00,4.576895236968994141e+00,1.036343669891357422e+01,1.256623268127441406e+01,1.415237903594970703e+01,1.560153293609619141e+01,1.638781166076660156e+01,1.065676116943359375e+01,8.599521636962890625e+00,1.303266525268554688e+01,1.315365982055664062e+01,1.564730548858642578e+01,1.538909530639648438e+01,1.100196075439453125e+01,1.198268127441406250e+01,1.299669837951660156e+01,1.417721939086914062e+01,1.625282669067382812e+01,1.987397193908691406e+01,2.188421249389648438e+01,2.306719779968261719e+01,2.170030212402343750e+01,1.717329788208007812e+01,2.493592262268066406e+01,2.328590774536132812e+01,2.313223075866699219e+01,2.332192611694335938e+01,1.955155181884765625e+01,1.640037155151367188e+01,1.441122627258300781e+01,1.987085914611816406e+01,2.769491767883300781e+01,2.753024673461914062e+01,2.317566299438476562e+01,1.760414505004882812e+01,1.561214733123779297e+01,1.870242881774902344e+01,1.475269508361816406e+01,1.411735534667968750e+01,1.557239913940429688e+01,9.210248947143554688e+00,5.734127998352050781e+00,7.693150520324707031e+00,7.735381126403808594e+00,5.804760932922363281e+00,1.385985660552978516e+01,1.884522628784179688e+01,1.563167381286621094e+01,1.248882007598876953e+01,6.118750572204589844e+00,2.373497486114501953e+00,1.858477711677551270e+00,-7.123257637023925781e+00,5.942625999450683594e-01,1.222115802764892578e+01,1.440555381774902344e+01,1.547676372528076172e+01,1.163567161560058594e+01,1.133250236511230469e+01,1.699847030639648438e+01,1.454615402221679688e+01,6.017255783081054688e+00,2.632936716079711914e+00,9.654634475708007812e+00,1.522314739227294922e+01,1.472787284851074219e+01,1.513306617736816406e+01,1.280815410614013672e+01,1.502915382385253906e+01,1.954585647583007812e+01,1.455784225463867188e+01,1.792460632324218750e+01,2.529466629028320312e+01,2.116879463195800781e+01,1.749636840820312500e+01,1.652104377746582031e+01,2.064642715454101562e+01,1.943681716918945312e+01,1.368951606750488281e+01,1.237270355224609375e+01,1.087697219848632812e+01,8.964473724365234375e+00,1.187274932861328125e+01,1.951244735717773438e+01,1.685640716552734375e+01,1.436475753784179688e+01,1.164361095428466797e+01,1.013329982757568359e+01,7.361207962036132812e+00,6.557844638824462891e+00,6.381818771362304688e+00,8.754672050476074219e+00,8.922990798950195312e+00,6.753361701965332031e+00,3.887116670608520508e+00,7.079524993896484375e+00,2.672422409057617188e+00,6.330890655517578125e+00,3.181122064590454102e+00,2.349522352218627930e+00,3.733011960983276367e+00,6.607932567596435547e+00,7.686726570129394531e+00,7.982581138610839844e+00,1.053500175476074219e+01,9.615521430969238281e+00,7.961804866790771484e+00,5.262233734130859375e+00,9.623563766479492188e+00,1.149644851684570312e+01,1.196194839477539062e+01,8.549694061279296875e+00,1.098854827880859375e+01,1.629563713073730469e+01,1.577898979187011719e+01,1.403103065490722656e+01,1.455757999420166016e+01,1.695086669921875000e+01,2.016419982910156250e+01,1.637638664245605469e+01,1.521618461608886719e+01,1.706951713562011719e+01,1.456602764129638672e+01,2.718971014022827148e+00,9.798568725585937500e+00,9.274609565734863281e+00,1.064804744720458984e+01,1.741906356811523438e+01,1.824389266967773438e+01,9.364208221435546875e+00,6.235824108123779297e+00,7.665449142456054688e+00,1.295060157775878906e+01,1.133249950408935547e+01,8.217485427856445312e+00,2.958405494689941406e+00,2.431528329849243164e+00,1.096972084045410156e+01,1.035603141784667969e+01,1.032176208496093750e+01,1.095184135437011719e+01,1.015569305419921875e+01,8.447987556457519531e+00,6.626500129699707031e+00,3.342397212982177734e+00,-9.473325610160827637e-01,-2.801574230194091797e+00,2.999548673629760742e+00,4.554256439208984375e+00,2.657291412353515625e+00,3.361996412277221680e-01,7.378984451293945312e+00,3.177577972412109375e+00,1.287504911422729492e+00,1.793649291992187500e+01,2.248287963867187500e+01,1.673572921752929688e+01,1.282238388061523438e+01,8.115515708923339844e+00,6.237937927246093750e+00,6.170160293579101562e+00,8.298482894897460938e+00,1.290744590759277344e+01,1.455209732055664062e+01,2.474321365356445312e+01,3.026501846313476562e+01,2.613410758972167969e+01,2.993860244750976562e+01,2.681514549255371094e+01,1.741423225402832031e+01,1.842201995849609375e+01,1.973626708984375000e+01,2.056557083129882812e+01,1.779032897949218750e+01,1.552030277252197266e+01,1.890488815307617188e+01,2.291737174987792969e+01,1.479007530212402344e+01,1.349769401550292969e+01,9.491933822631835938e+00,8.160081863403320312e+00,1.390990924835205078e+01,1.482058525085449219e+01,8.296394348144531250e+00,8.449047088623046875e+00,1.560499310493469238e+00,6.431932449340820312e-01,7.250932693481445312e+00,9.018072128295898438e+00,9.492515563964843750e+00,8.932419776916503906e+00,2.257943391799926758e+00,5.446387767791748047e+00,9.343825340270996094e+00,8.304962158203125000e+00,5.702787399291992188e+00,1.024040699005126953e+01,1.657825660705566406e+01,1.388574409484863281e+01,6.856967926025390625e+00,8.268030166625976562e+00,8.021127700805664062e+00,7.398023605346679688e+00,7.946501255035400391e+00,6.750375747680664062e+00,7.319025039672851562e+00,9.739118576049804688e+00,1.193868637084960938e+01,1.256549072265625000e+01,1.467488479614257812e+01,1.017256641387939453e+01,9.599456787109375000e+00,7.697810649871826172e+00,3.658233642578125000e+00,7.733081817626953125e+00,9.856216430664062500e+00,1.105593323707580566e+00,-3.736163616180419922e+00,1.958781480789184570e-02,-1.945884466171264648e+00,1.971809148788452148e+00,1.960825800895690918e+00,-1.151091575622558594e+00,3.860374927520751953e+00,9.203198432922363281e+00,1.073871326446533203e+01,1.385512733459472656e+01,1.352974700927734375e+01,3.854757308959960938e+00,1.128218269348144531e+01,1.892968177795410156e+01,1.606826019287109375e+01,1.349988460540771484e+01,1.210068893432617188e+01,1.189055061340332031e+01,1.369865798950195312e+01,2.187128257751464844e+01,2.300723266601562500e+01,2.166431236267089844e+01,1.954990386962890625e+01,2.389798927307128906e+01,1.633954620361328125e+01,3.860818624496459961e+00,6.970665454864501953e-01,4.460819721221923828e+00,9.286919593811035156e+00,1.708800506591796875e+01,1.513291931152343750e+01,1.044708347320556641e+01,8.673824310302734375e+00,1.565982818603515625e+01,1.553891181945800781e+01,1.671490097045898438e+01,1.441907691955566406e+01,8.363973617553710938e+00,1.252984905242919922e+01,1.634105873107910156e+01,1.546833992004394531e+01,1.024414348602294922e+01,8.705934524536132812e+00,1.486904907226562500e+01,2.158322715759277344e+01,2.425027847290039062e+01,2.301530075073242188e+01,1.777584075927734375e+01,1.342194557189941406e+01,1.044122028350830078e+01,1.009043121337890625e+01,7.401613712310791016e+00,1.025168514251708984e+01,1.030626296997070312e+01,1.234860038757324219e+01,7.800673961639404297e+00,1.153188943862915039e-02,4.934274196624755859e+00,8.969087600708007812e+00,6.295395374298095703e+00,4.554263114929199219e+00,5.016565322875976562e+00,5.661430358886718750e+00,1.549839258193969727e+00,1.030877351760864258e+00,2.401537895202636719e+00,2.971583843231201172e+00,2.690934419631958008e+00,3.731058359146118164e+00,3.046779155731201172e+00,2.949337959289550781e+00,3.175137996673583984e+00,2.450073242187500000e+00,-1.319460272789001465e+00,2.385144472122192383e+00,1.852422714233398438e+00,4.981310844421386719e+00,1.173863983154296875e+01,1.855641365051269531e+01,1.739586257934570312e+01,1.640831756591796875e+01,1.235274219512939453e+01,1.573625659942626953e+01,2.011773300170898438e+01,2.430348587036132812e+01,1.626115989685058594e+01,1.687587356567382812e+01,1.653641128540039062e+01,1.656800079345703125e+01,2.221596908569335938e+01,2.769241333007812500e+01,2.323833656311035156e+01,2.130947494506835938e+01,1.958125305175781250e+01,1.422029399871826172e+01,6.492073059082031250e+00,7.830455303192138672e+00,6.941298484802246094e+00,-2.509860396385192871e-01,3.613892555236816406e+00,1.295391082763671875e+01,1.201006126403808594e+01,1.406038856506347656e+01,1.681504440307617188e+01,1.934327125549316406e+01,1.880756759643554688e+01,1.712162017822265625e+01,1.897006988525390625e+01,1.367159557342529297e+01,1.173571205139160156e+01,1.043416023254394531e+01,1.254605197906494141e+01,9.021045684814453125e+00,7.539846420288085938e+00,6.137808799743652344e+00,-4.548832178115844727e-01,-8.280885219573974609e-02,4.259631633758544922e+00,3.577652931213378906e+00,6.799167633056640625e+00,1.144760322570800781e+01,1.864736557006835938e+01,1.984525871276855469e+01,2.214376640319824219e+01,2.789416503906250000e+01,2.453731918334960938e+01,2.022188186645507812e+01,1.784122085571289062e+01,1.867540168762207031e+01,1.692626571655273438e+01,2.101289176940917969e+01,2.292976951599121094e+01,2.392622375488281250e+01,2.654683685302734375e+01,2.826036834716796875e+01,2.814668083190917969e+01,2.820568847656250000e+01,2.580830001831054688e+01,2.234832191467285156e+01,1.525391578674316406e+01,1.226428031921386719e+01,1.351760101318359375e+01,1.153048896789550781e+01,7.936586380004882812e+00,1.058470535278320312e+01,1.881835699081420898e+00,-1.611643791198730469e+00,3.105972051620483398e+00,3.820564985275268555e+00,2.871179342269897461e+00,-1.718636155128479004e+00,1.140614986419677734e+00,1.407264900207519531e+01,1.159876060485839844e+01,5.592690944671630859e+00,5.210585117340087891e+00,7.030870914459228516e+00,6.019036293029785156e+00,6.679874420166015625e+00,5.998637199401855469e+00,5.361385345458984375e+00,5.068592071533203125e+00,3.383853435516357422e+00,3.342321157455444336e+00,2.916460514068603516e+00,1.480146646499633789e-01,2.162176132202148438e+00,1.812185525894165039e+00,7.161526679992675781e-01,4.871880531311035156e+00,6.697176933288574219e+00,1.020067310333251953e+01,6.969405651092529297e+00,3.732627868652343750e+00,5.305761337280273438e+00,7.391190052032470703e+00,9.156579971313476562e+00,7.385812759399414062e+00,2.505206108093261719e+00,3.075929641723632812e+00,1.401757955551147461e+00,-1.068058133125305176e+00,2.366024255752563477e+00,4.387377738952636719e+00,5.221991539001464844e+00,5.955441474914550781e+00,6.999454021453857422e+00,5.036476135253906250e+00,5.183675765991210938e+00,7.847271919250488281e+00,6.278088569641113281e+00,2.652227878570556641e+00,1.282344698905944824e+00,3.055431842803955078e+00,1.647990465164184570e+00,2.324865818023681641e+00,1.131980705261230469e+01,1.294844436645507812e+01,4.395081996917724609e+00,6.370556831359863281e+00,2.045833587646484375e+01,2.429145050048828125e+01,2.405258178710937500e+01,2.515405654907226562e+01,2.968284225463867188e+01,3.044204330444335938e+01,3.555740356445312500e+01,3.246614456176757812e+01,3.363663101196289062e+01,3.111557006835937500e+01,2.774526596069335938e+01,2.447916793823242188e+01,1.820626068115234375e+01,1.240283012390136719e+01,8.990087509155273438e+00,5.752544879913330078e+00,7.861198425292968750e+00,9.311223030090332031e+00,1.769751739501953125e+01,1.418077182769775391e+01,9.797508239746093750e+00,9.785242080688476562e+00,1.019904422760009766e+01,1.044226646423339844e+01,1.051224803924560547e+01,1.195942592620849609e+01,1.079467964172363281e+01,3.606476306915283203e+00,1.287527322769165039e+00,1.822595834732055664e+00,4.921068191528320312e+00,7.452727317810058594e+00,9.568914413452148438e+00,6.879292011260986328e+00,8.025555610656738281e+00,9.614102363586425781e+00,6.349399566650390625e+00,7.479430675506591797e+00,1.046310520172119141e+01,6.715996265411376953e+00,1.065243625640869141e+01,1.227515792846679688e+01,1.214037704467773438e+01,1.436369800567626953e+01,9.294185638427734375e+00,8.068042755126953125e+00,5.100477218627929688e+00,2.215577363967895508e+00,1.163391947746276855e+00,-1.896333694458007812e-01,-3.864439964294433594e+00,-2.643569111824035645e-01,7.093087196350097656e+00,1.379520797729492188e+01,9.713682174682617188e+00,1.326160049438476562e+01,1.479462242126464844e+01,1.738376045227050781e+01,2.271116256713867188e+01,2.765483093261718750e+01,2.494860458374023438e+01,1.624354743957519531e+01,1.828161811828613281e+01,2.096020317077636719e+01,1.456706428527832031e+01,7.980051994323730469e+00,1.612430572509765625e+01,1.575542449951171875e+01,2.103802871704101562e+01,2.274834442138671875e+01,2.367730712890625000e+01,2.367506027221679688e+01,1.524345397949218750e+01,9.901413917541503906e+00,1.381916046142578125e+01,1.616258621215820312e+01,1.547789955139160156e+01,1.029240798950195312e+01,3.782135486602783203e+00,6.843766212463378906e+00,1.349006366729736328e+01,1.215144157409667969e+01,1.076379680633544922e+01,1.346341705322265625e+01,1.444754600524902344e+01,1.401639842987060547e+01,7.489611625671386719e+00,5.229348182678222656e+00,9.547252655029296875e+00,8.920856475830078125e+00,7.022106170654296875e+00,8.743347167968750000e+00,6.548808097839355469e+00,5.401597976684570312e+00,8.140058517456054688e+00,9.965929031372070312e+00,1.672815918922424316e+00,4.426436901092529297e+00,6.991991043090820312e+00,1.028963565826416016e+01,1.268256187438964844e+01,1.713549041748046875e+01,1.823823738098144531e+01,8.551436424255371094e+00,3.778228759765625000e+00,3.674198627471923828e+00,5.440493583679199219e+00,9.733639717102050781e+00,1.051274204254150391e+01,8.210760116577148438e+00,6.675654411315917969e+00,3.407801628112792969e+00,5.837719440460205078e+00,7.057986259460449219e+00,6.335869789123535156e+00,8.489594459533691406e+00,4.927932739257812500e+00,2.041967630386352539e+00,1.838772296905517578e+00,4.615384101867675781e+00,4.276128768920898438e+00,6.634256362915039062e+00,4.763170242309570312e+00,5.300471782684326172e+00,8.342529296875000000e+00,4.878958702087402344e+00,4.726535797119140625e+00,5.592597484588623047e+00,6.385671138763427734e+00,4.664520740509033203e+00,5.597353458404541016e+00,4.421243667602539062e+00,4.623918533325195312e+00,5.468146324157714844e+00,-3.440420627593994141e-01,-2.383854150772094727e+00,3.398429870605468750e+00,2.396466732025146484e+00,-4.630286216735839844e+00,-1.115974664688110352e+00,3.856435060501098633e+00,3.726066112518310547e+00,4.124624252319335938e+00,6.448940277099609375e+00,5.634273529052734375e+00,4.508829116821289062e+00,7.134729385375976562e+00,5.555733680725097656e+00,8.710809946060180664e-01,1.454345464706420898e+00,1.956144928932189941e+00,1.306109786033630371e+00,-2.057875633239746094e+00,4.983963966369628906e+00,9.424343109130859375e+00,8.178087234497070312e+00,6.898380756378173828e+00,6.446980476379394531e+00,4.562811851501464844e+00,-1.808835506439208984e+00,-1.594222664833068848e+00,1.151023864746093750e+01,2.201221466064453125e+01,1.699745368957519531e+01,1.393047714233398438e+01,1.042708492279052734e+01,1.762501144409179688e+01,2.039727783203125000e+01,1.559533119201660156e+01,1.808858299255371094e+01,2.328561973571777344e+01,2.214899635314941406e+01,8.980650901794433594e+00,1.408978700637817383e+00,5.996172904968261719e+00,1.066044902801513672e+01,1.325741386413574219e+01,1.458259201049804688e+01,1.044005393981933594e+01,-2.433059930801391602e+00,-1.778656601905822754e+00,7.119839191436767578e+00,1.900541305541992188e+01,1.955694198608398438e+01,1.834152793884277344e+01,1.730463409423828125e+01,1.776111793518066406e+01,1.941563224792480469e+01,2.191622924804687500e+01,1.920945739746093750e+01,1.188423919677734375e+01,8.284938812255859375e+00,3.708167552947998047e+00,5.548886775970458984e+00,4.463384628295898438e+00,1.641918420791625977e+00,1.080180406570434570e+00,4.743991851806640625e+00,3.186963796615600586e+00,-2.043411970138549805e+00,-4.680613994598388672e+00,-2.792730569839477539e+00,1.064963817596435547e+00,4.545148372650146484e+00,4.329802513122558594e+00,6.981180191040039062e+00,1.592846679687500000e+01,1.839042663574218750e+01,1.528119945526123047e+01,1.818493270874023438e+01,1.275496101379394531e+01,4.863998413085937500e+00,9.123134613037109375e+00,1.172719860076904297e+01,1.287189865112304688e+01,9.995458602905273438e+00,3.564872741699218750e+00,-3.945298194885253906e-01,3.361607551574707031e+00,4.569313049316406250e+00,1.741189241409301758e+00,-1.779449343681335449e+00,-8.323730230331420898e-01,-1.787108421325683594e+00,-1.380761384963989258e+00,1.399159312248229980e+00,4.460992336273193359e+00,5.273653507232666016e+00,8.207644462585449219e+00,7.116017818450927734e+00,1.223456954956054688e+01,1.111834812164306641e+01,6.076986312866210938e+00,1.826832056045532227e+00,2.186470746994018555e+00,1.981565833091735840e+00,-8.028943538665771484e-01,6.057634830474853516e+00,2.064907073974609375e+01,2.217904090881347656e+01,1.759363174438476562e+01,1.223820686340332031e+01,1.391586303710937500e+01,1.767126846313476562e+01,1.467642784118652344e+01,1.443526649475097656e+01,1.490592288970947266e+01,1.160010433197021484e+01,8.234394073486328125e+00,1.624893379211425781e+01,1.240169334411621094e+01,1.070561599731445312e+01,1.253033733367919922e+01,1.406868171691894531e+01,1.263524055480957031e+01,1.443571472167968750e+01,1.429823684692382812e+01,1.446858787536621094e+01,1.504806041717529297e+01,9.558474540710449219e+00,1.196790695190429688e+01,1.681540679931640625e+01,2.173512649536132812e+01,2.539675521850585938e+01,2.205507659912109375e+01,2.228371620178222656e+01,2.464570045471191406e+01,2.289875411987304688e+01,1.414177894592285156e+01,6.683177947998046875e+00,5.850566864013671875e+00,9.637655258178710938e+00,1.261412429809570312e+01,1.235487842559814453e+01,1.063632774353027344e+01,2.364478349685668945e+00,-3.631092309951782227e-01,4.556537628173828125e+00,8.461698532104492188e+00,4.715373039245605469e+00,7.417130947113037109e+00,9.828531265258789062e+00,5.802184581756591797e+00,6.036728858947753906e+00,5.029307365417480469e+00,7.218920707702636719e+00,7.790667533874511719e+00,5.702524185180664062e+00,7.475021839141845703e+00,6.123400688171386719e+00,4.173743724822998047e+00,5.947046279907226562e+00,6.641913414001464844e+00,3.759859085083007812e+00,6.770913600921630859e+00,1.180362415313720703e+01,8.610283851623535156e+00,5.371467590332031250e+00,5.767310142517089844e+00,5.176896572113037109e+00,7.592290401458740234e+00,9.374890327453613281e+00,1.074167823791503906e+01,6.110299110412597656e+00,4.054917335510253906e+00,1.502721595764160156e+01,1.688634109497070312e+01,1.827824401855468750e+01,2.503412628173828125e+01,2.360075187683105469e+01,1.644882774353027344e+01,1.353357982635498047e+01,1.935784912109375000e+01,2.248261642456054688e+01,1.808728027343750000e+01,5.971443176269531250e+00,2.065868973731994629e-01,3.375296115875244141e+00,1.037228679656982422e+01,1.366880607604980469e+01,1.605100631713867188e+01,1.970624160766601562e+01,2.278351974487304688e+01,2.282506561279296875e+01,2.003026580810546875e+01,1.584940147399902344e+01,1.375038528442382812e+01,1.000746345520019531e+01,2.976186275482177734e+00,2.962345123291015625e+00,4.948606491088867188e+00,5.361155033111572266e+00,8.211353302001953125e+00,5.358283042907714844e+00,7.580014228820800781e+00,1.382232761383056641e+01,1.346098899841308594e+01,1.142008686065673828e+01,3.548439025878906250e+00,2.929367542266845703e+00,7.008356094360351562e+00,8.859224319458007812e+00,8.934536933898925781e+00,1.063191413879394531e+01,5.255679130554199219e+00,1.200838446617126465e+00,2.100694179534912109e-02,2.518028497695922852e+00,5.681947708129882812e+00,3.273114919662475586e+00,1.677106022834777832e+00,4.177517890930175781e+00,3.521154165267944336e+00,6.116020679473876953e+00,1.039935588836669922e+00,2.830461502075195312e+00,4.795641899108886719e+00,6.116362571716308594e+00,6.306804180145263672e+00,5.538277626037597656e+00,4.542702674865722656e+00,-2.412447929382324219e-01,3.605840682983398438e+00,2.309933185577392578e+00,2.445620298385620117e+00,-1.990642666816711426e+00,-2.075166225433349609e+00,9.448518753051757812e-01,1.212459802627563477e+00,-4.413402557373046875e+00,-4.609223365783691406e+00,-2.195047855377197266e+00,-2.159152746200561523e+00,-1.634293317794799805e+00,-4.103519439697265625e+00,-1.629787683486938477e+00,-2.040557861328125000e+00,-2.858513355255126953e+00,-1.030467391014099121e+00,-4.297693729400634766e+00,-1.289103031158447266e+00,-4.794297218322753906e+00,-5.439590930938720703e+00,-2.501646280288696289e+00,-3.697225570678710938e+00,-6.895783424377441406e+00,-6.355667114257812500e+00,-2.104596853256225586e+00,-6.453148722648620605e-01,1.179818630218505859e+00,3.166507720947265625e+00,4.285788238048553467e-01,-2.932741403579711914e+00,-4.607844352722167969e+00,-3.416836738586425781e+00,-4.401689052581787109e+00,-3.192597866058349609e+00,-2.412469387054443359e+00,-1.187373518943786621e+00,8.799422532320022583e-02,5.453053116798400879e-01,-4.742804050445556641e+00,-2.959293842315673828e+00,1.894848585128784180e+00,-4.137084960937500000e+00,-4.199529647827148438e+00,2.991802692413330078e+00,3.212011814117431641e+00,4.860070228576660156e+00,9.191490173339843750e+00,1.421756935119628906e+01,1.076150226593017578e+01,3.902582645416259766e+00,1.294906234741210938e+01,1.530337333679199219e+01,1.674983787536621094e+01,1.080583095550537109e+01,4.327865123748779297e+00,3.719035387039184570e+00,5.816239833831787109e+00,8.462820053100585938e+00,1.493618106842041016e+01,1.577382850646972656e+01,8.825551986694335938e+00,9.478458404541015625e+00,1.079150676727294922e+01,1.440368270874023438e+01,1.780403327941894531e+01,1.693486785888671875e+01,9.442775726318359375e+00,1.140242671966552734e+01,1.253795814514160156e+01,1.123545646667480469e+01,1.235830116271972656e+01,1.543092346191406250e+01,8.310834884643554688e+00,1.128631591796875000e+01,8.484680175781250000e+00,6.753602981567382812e+00,1.125102996826171875e+01,1.247468185424804688e+01,1.547158813476562500e+01,1.540479850769042969e+01,1.108184051513671875e+01,1.229649162292480469e+01,1.245983505249023438e+01,1.285693740844726562e+01,1.281684303283691406e+01,1.464976119995117188e+01,1.588372421264648438e+01,2.100032043457031250e+01,2.289805603027343750e+01,1.876771926879882812e+01,2.115137481689453125e+01,2.361731529235839844e+01,1.947828292846679688e+01,1.805595779418945312e+01,1.388312149047851562e+01,1.146845245361328125e+01,1.208870792388916016e+01,1.172889900207519531e+01,1.009193706512451172e+01,3.509230136871337891e+00,-2.260954856872558594e+00,-5.060467720031738281e-01,5.460544586181640625e+00,8.707977294921875000e+00,1.059373092651367188e+01,1.301670360565185547e+01,1.198579311370849609e+01,1.592778587341308594e+01,1.944187545776367188e+01,2.077014541625976562e+01,1.693878173828125000e+01,9.766973495483398438e+00,5.107740402221679688e+00,5.344579696655273438e+00,3.278298377990722656e+00,9.585581779479980469e+00,9.723114013671875000e+00,9.459158897399902344e+00,9.210225105285644531e+00,3.528824567794799805e+00,-3.945580005645751953e+00,-6.671934127807617188e+00,-9.285079240798950195e-01,5.817942142486572266e+00,5.332200527191162109e+00,2.754436016082763672e+00,5.647405982017517090e-01,4.822238922119140625e+00,5.703792095184326172e+00,5.946498870849609375e+00,5.585538744926452637e-01,-2.946618795394897461e+00,-2.294442176818847656e+00,1.063950300216674805e+00,2.829297780990600586e+00,4.882173538208007812e+00,2.700053691864013672e+00,-2.779417037963867188e-01,-4.316843032836914062e+00,2.578883171081542969e-01,5.712067127227783203e+00,3.650190830230712891e+00,8.672525882720947266e-01,3.976844787597656250e+00,7.686509609222412109e+00,7.595953941345214844e+00,5.164382934570312500e+00,6.554608345031738281e+00,7.002147674560546875e+00,4.472665786743164062e+00,1.203691124916076660e+00,6.002738952636718750e+00,1.206279945373535156e+01,9.538991928100585938e+00,7.439389705657958984e+00,9.962211608886718750e+00,7.980426788330078125e+00,1.143107318878173828e+01,1.191246891021728516e+01,6.682636737823486328e+00,4.623782634735107422e+00,-1.151591539382934570e+00,-5.815418362617492676e-01,-1.581916689872741699e+00,-1.359392881393432617e+00,6.590508460998535156e+00,6.709575176239013672e+00,2.380444526672363281e+00,3.722297191619873047e+00,9.225676536560058594e+00,7.008715629577636719e+00,4.924459457397460938e+00,7.322789192199707031e+00,-1.661310791969299316e+00,1.513802647590637207e+00,5.638758659362792969e+00,5.184954166412353516e+00,7.700352668762207031e+00,7.472101688385009766e+00,1.699530959129333496e+00,-1.213828206062316895e+00,2.201542854309082031e+00,-1.271983265876770020e+00,-1.707130432128906250e+00,9.160381555557250977e-01,2.361715078353881836e+00,1.438793778419494629e+00,5.327215671539306641e+00,8.335881233215332031e+00,1.048638916015625000e+01,1.702245712280273438e+01,2.853070831298828125e+01,2.344720840454101562e+01,1.659550094604492188e+01,8.840629577636718750e+00,8.055632591247558594e+00,6.667288303375244141e+00,7.016963958740234375e+00,6.437898635864257812e+00,9.073127746582031250e+00,1.104638671875000000e+01,7.154603004455566406e+00,4.430948197841644287e-02,-4.582715511322021484e+00,-5.731260299682617188e+00,-5.654305458068847656e+00,1.059014439582824707e+00,6.440349578857421875e+00,5.547476768493652344e+00,7.904394149780273438e+00,1.353863048553466797e+01,1.948112869262695312e+01,1.613228034973144531e+01,1.316640472412109375e+01,1.535090446472167969e+01,1.904240798950195312e+01,1.072947502136230469e+01,3.865343093872070312e+00,-4.750655651092529297e+00,-7.932452678680419922e+00,-9.575605392456054688e-01,8.563705444335937500e+00,1.682586288452148438e+01,1.240589141845703125e+01,-4.586888551712036133e-01,-6.681762695312500000e+00,-1.740947484970092773e+00,3.944707393646240234e+00,2.283581256866455078e+00,6.196842193603515625e-01,3.161479473114013672e+00,7.298287391662597656e+00,9.065641403198242188e+00,6.027677536010742188e+00,2.484220981597900391e+00,1.505594611167907715e+00,4.335945129394531250e+00,6.456051349639892578e+00,6.903595924377441406e+00,5.182776451110839844e+00,7.407361030578613281e+00,6.824314117431640625e+00,4.642776966094970703e+00,5.710577964782714844e+00,6.791339874267578125e+00,7.191668510437011719e+00,5.993764877319335938e+00,9.328025817871093750e+00,2.459722995758056641e+00,-2.404612779617309570e+00,-1.944564878940582275e-01,4.831088483333587646e-01,2.724582910537719727e+00,5.369686603546142578e+00,5.305311679840087891e+00,6.539297103881835938e+00,5.239232540130615234e+00,9.012761116027832031e+00,9.653716087341308594e+00,9.826382637023925781e+00,8.642560958862304688e+00,1.165037345886230469e+01,1.257110404968261719e+01,9.679883956909179688e+00,8.696455001831054688e+00,6.658145427703857422e+00,7.416617393493652344e+00,1.147807693481445312e+01,8.138475418090820312e+00,1.075255966186523438e+01,6.573770999908447266e+00,3.675493717193603516e+00,7.980193138122558594e+00,6.349188804626464844e+00,7.122492790222167969e+00,8.556727409362792969e+00,7.761609077453613281e+00,6.395406246185302734e+00,6.552414894104003906e+00,3.248058795928955078e+00,5.413898468017578125e+00,3.901225566864013672e+00,8.487859725952148438e+00,6.010181903839111328e+00,3.623465538024902344e+00,3.918844461441040039e+00,4.974861145019531250e+00,3.815501689910888672e+00,5.755783081054687500e+00,6.190990924835205078e+00,5.299655437469482422e+00,4.355596065521240234e+00,5.240087985992431641e+00,5.919137954711914062e+00,8.488286972045898438e+00,6.767388820648193359e+00,5.837240695953369141e+00,6.293478012084960938e+00,9.842003822326660156e+00,9.251776695251464844e+00,1.527279853820800781e+01,1.115410423278808594e+01,8.776199340820312500e+00,6.552308559417724609e+00,3.892300128936767578e+00,5.998789310455322266e+00,7.081586837768554688e+00,1.200393867492675781e+01,8.902700424194335938e+00,2.514413118362426758e+00,1.099078750610351562e+01,1.474383735656738281e+01,1.013549423217773438e+01,8.317977905273437500e+00,7.439227104187011719e+00,7.742691993713378906e+00,1.184841251373291016e+01,1.308340072631835938e+01,1.147383117675781250e+01,1.365463447570800781e+01,9.150992393493652344e+00,7.381877899169921875e+00,6.529548645019531250e+00,7.392473220825195312e+00,6.470643043518066406e+00,6.700972557067871094e+00,6.587575912475585938e+00,4.719514846801757812e+00,7.341379165649414062e+00,5.395092964172363281e+00,5.796897411346435547e-01,-1.062289237976074219e+00,4.608547687530517578e-01,2.174137115478515625e+00,1.368903279304504395e+00,9.009729623794555664e-01,5.671463012695312500e+00,6.474369764328002930e-01,1.369081020355224609e+00,5.058487892150878906e+00,4.740031242370605469e+00,3.576667547225952148e+00,7.666076660156250000e+00,9.237427711486816406e+00,5.037661552429199219e+00,2.782233238220214844e+00,9.755990028381347656e+00,1.186510086059570312e+01,1.050141716003417969e+01,7.965209007263183594e+00,6.201189994812011719e+00,5.336847782135009766e+00,6.458760261535644531e+00,5.829997062683105469e+00,6.867291450500488281e+00,8.285942077636718750e+00,9.372512817382812500e+00,7.575976371765136719e+00,1.038179016113281250e+01,9.212057113647460938e+00,8.703077316284179688e+00,1.049116134643554688e+01,9.696418762207031250e+00,7.093740463256835938e+00,7.828077316284179688e+00,4.597473144531250000e+00,8.584207534790039062e+00,1.284115982055664062e+01,9.432327270507812500e+00,7.529771804809570312e+00,8.022722244262695312e+00,8.735509872436523438e+00,9.611526489257812500e+00,9.143074035644531250e+00,1.356710815429687500e+01,1.678423690795898438e+01,1.318200111389160156e+01,1.381554603576660156e+01,1.503864192962646484e+01,1.317297649383544922e+01,8.907714843750000000e+00,1.383488178253173828e+01,1.876521492004394531e+01,2.321840858459472656e+01,2.244145965576171875e+01,2.186948204040527344e+01,1.863039016723632812e+01,2.476971626281738281e+01,1.986257743835449219e+01,1.054077816009521484e+01,6.505534172058105469e+00,8.831912994384765625e+00,8.136870384216308594e+00,3.647604286670684814e-01,-1.249590873718261719e+00,-1.664330244064331055e+00,1.711244583129882812e+00,1.173962354660034180e+00,-1.812685847282409668e+00,-2.966319799423217773e+00,-2.373135328292846680e+00,-2.420737504959106445e+00,2.942128419876098633e+00,9.016675949096679688e+00,1.645063972473144531e+01,1.700426864624023438e+01,9.595877647399902344e+00,5.681728363037109375e+00,1.357013702392578125e+01,1.636602020263671875e+01,9.532786369323730469e+00,1.841411590576171875e+01,2.183364868164062500e+01,1.797628021240234375e+01,1.537427139282226562e+01,1.482029151916503906e+01,1.597508525848388672e+01,1.776936340332031250e+01,1.580227470397949219e+01,1.266287231445312500e+01,1.223192596435546875e+01,1.145466423034667969e+01,7.864287376403808594e+00,9.252134323120117188e+00,6.746160030364990234e+00,5.177138805389404297e+00,5.109908580780029297e+00,6.249642372131347656e+00,7.955479145050048828e+00,6.180697441101074219e+00,4.772553920745849609e+00,7.184646129608154297e+00,1.184117603302001953e+01,1.228691291809082031e+01,1.061828041076660156e+01,1.819390869140625000e+01,1.923189926147460938e+01,2.059876823425292969e+01,2.094439125061035156e+01,1.720386123657226562e+01,1.606458854675292969e+01,1.565799617767333984e+01,1.598729896545410156e+01,1.389700889587402344e+01,1.515233707427978516e+01,1.159957122802734375e+01,1.134849357604980469e+01,1.306208610534667969e+01,1.177944374084472656e+01,1.494629192352294922e+01,1.573854446411132812e+01,1.183865547180175781e+01,1.641609573364257812e+01,2.024209785461425781e+01,1.567191600799560547e+01,1.418050384521484375e+01,1.419690513610839844e+01,1.282935523986816406e+01,1.184344577789306641e+01,1.554198169708251953e+01,1.602946472167968750e+01,1.441190719604492188e+01,1.117841339111328125e+01,1.207420730590820312e+01,1.651622772216796875e+01,1.618988227844238281e+01,1.540748023986816406e+01,1.400986671447753906e+01,1.121778297424316406e+01,1.605446624755859375e+01,1.477504730224609375e+01,8.721778869628906250e+00,4.517059326171875000e+00,4.357869148254394531e+00,9.919463157653808594e+00,9.319141387939453125e+00,4.517169952392578125e+00,9.774715423583984375e+00,1.372774410247802734e+01,1.487872695922851562e+01,2.220598220825195312e+01,1.663414382934570312e+01,1.666341018676757812e+01,1.877475166320800781e+01,1.522831916809082031e+01,1.533476829528808594e+01,1.622927284240722656e+01,1.306715583801269531e+01,1.502039146423339844e+01,1.696848297119140625e+01,1.320641517639160156e+01,1.450935554504394531e+01,1.430211639404296875e+01,1.285651588439941406e+01,1.059537982940673828e+01,1.037461280822753906e+01,1.586472034454345703e+01,1.775344085693359375e+01,1.245575332641601562e+01,1.149886894226074219e+01,8.494943618774414062e+00,6.469988822937011719e+00,7.554002761840820312e+00,1.173501586914062500e+01,1.372820472717285156e+01,5.459373474121093750e+00,9.786214828491210938e+00,1.493908691406250000e+01,1.206916809082031250e+01,1.197229766845703125e+01,1.565853404998779297e+01,2.037907791137695312e+01,2.146461486816406250e+01,2.086612701416015625e+01,1.713689994812011719e+01,1.285742950439453125e+01,1.249273490905761719e+01,1.121776580810546875e+01,1.171737194061279297e+01,1.422729301452636719e+01,1.438154602050781250e+01,1.467356872558593750e+01,1.685036277770996094e+01,1.935474586486816406e+01,1.475083351135253906e+01,9.989038467407226562e+00,1.151889991760253906e+01,8.944187164306640625e+00,1.117721748352050781e+01,1.634476470947265625e+01,1.407231521606445312e+01,8.157531738281250000e+00,2.640594005584716797e+00,5.301023483276367188e+00,5.412872791290283203e+00,7.622382164001464844e+00,1.123336029052734375e+01,9.433709144592285156e+00,8.383572578430175781e+00,1.049815940856933594e+01,1.132832145690917969e+01,1.032990837097167969e+01,8.698693275451660156e+00,9.659719467163085938e+00,9.282058715820312500e+00,7.265694618225097656e+00,9.050467491149902344e+00,1.108534049987792969e+01,1.294146537780761719e+01,9.886129379272460938e+00,9.443014144897460938e+00,1.747107696533203125e+01,2.406542205810546875e+01,2.042210006713867188e+01,1.752093505859375000e+01,1.230640411376953125e+01,1.010871887207031250e+01,2.703750371932983398e+00,1.810789108276367188e+00,8.452651977539062500e+00,7.711757659912109375e+00,4.408055305480957031e+00,-2.132673501968383789e+00,-7.017471790313720703e-01,8.969778060913085938e+00,1.239564323425292969e+01,1.357769584655761719e+01,1.540151214599609375e+01,1.623165130615234375e+01,9.664141654968261719e+00,1.068333053588867188e+01,1.578668594360351562e+01,2.231296348571777344e+01,2.035336112976074219e+01,6.689269542694091797e+00,1.779983401298522949e+00,3.519441843032836914e+00,3.064811706542968750e+00,-6.257028579711914062e+00,-6.861806869506835938e+00,5.158177375793457031e+00,1.065741539001464844e+01,1.131568241119384766e+01,1.506510734558105469e+01,1.400980186462402344e+01,5.416905403137207031e+00,8.784731864929199219e+00,1.456545829772949219e+01,1.508602142333984375e+01,1.429870033264160156e+01,1.696121597290039062e+01,1.572066879272460938e+01,2.264054107666015625e+01,2.218246078491210938e+01,1.825450515747070312e+01,1.681062889099121094e+01,9.447703361511230469e+00,4.368439674377441406e+00,6.902187824249267578e+00,9.807764053344726562e+00,1.116528034210205078e+01,1.191666603088378906e+01,8.740961074829101562e+00,3.391382217407226562e+00,8.252275466918945312e+00,1.126792716979980469e+01,1.578435230255126953e+01,1.265377807617187500e+01,9.388282775878906250e+00,1.586530685424804688e+01,9.358074188232421875e+00,5.082639217376708984e+00,4.682537019252777100e-01,1.237604618072509766e+00,-3.859178423881530762e-01,-3.628077268600463867e+00,-1.037835693359375000e+01,-7.742465972900390625e+00,-3.759961605072021484e+00,-5.088861286640167236e-02,2.448506832122802734e+00,-2.524478435516357422e+00,1.687636733055114746e+00,5.692962169647216797e+00,7.459078311920166016e+00,8.201661109924316406e+00,4.426358222961425781e+00,5.359621524810791016e+00,1.335527133941650391e+01,1.484067821502685547e+01,1.259031581878662109e+01,7.075430870056152344e+00,8.105596542358398438e+00,4.363048553466796875e+00,8.472675085067749023e-01,2.468676567077636719e+00,8.984804749488830566e-01,2.557132720947265625e+00,1.841753602027893066e+00,5.703040122985839844e+00,6.058356285095214844e+00,3.863855361938476562e+00,4.165747642517089844e+00,2.877439498901367188e+00,3.621444702148437500e+00,9.786295890808105469e+00,7.965356826782226562e+00,7.728287696838378906e+00,9.095002174377441406e+00,8.639088630676269531e+00,5.088973999023437500e+00,4.636424541473388672e+00,6.657939910888671875e+00,9.951864242553710938e+00,1.257167053222656250e+01,1.061888122558593750e+01,1.177607917785644531e+01,1.128652381896972656e+01,8.955863952636718750e+00,9.361175537109375000e+00,1.378655815124511719e+01,1.466910362243652344e+01,1.847657012939453125e+01,1.327444171905517578e+01,1.171022796630859375e+01,1.213923740386962891e+01,1.393077850341796875e+01,9.395510673522949219e+00,8.471223831176757812e+00,1.291429710388183594e+01,1.592958259582519531e+01,1.466032791137695312e+01,1.220289993286132812e+01,1.673688125610351562e+01,1.749118041992187500e+01,1.081993198394775391e+01,8.168654441833496094e+00,8.100725173950195312e+00,1.143154525756835938e+01,1.527994251251220703e+01,1.587464523315429688e+01,1.527299880981445312e+01,1.519532012939453125e+01,1.920800590515136719e+01,2.168365669250488281e+01,1.862486267089843750e+01,1.405914688110351562e+01,1.478986740112304688e+01,1.765464973449707031e+01,1.798227500915527344e+01,1.607439041137695312e+01,1.201761436462402344e+01,9.190406799316406250e+00,6.049177169799804688e+00,4.253777027130126953e+00,1.027322006225585938e+01,7.064611434936523438e+00,5.423286437988281250e+00,7.851737022399902344e+00,9.763056755065917969e+00,3.665850639343261719e+00,3.234190464019775391e+00,8.923242568969726562e+00,9.186895370483398438e+00,8.324529647827148438e+00,9.685467720031738281e+00,9.795053482055664062e+00,1.452930355072021484e+01,1.368828010559082031e+01,1.472795677185058594e+01,9.555980682373046875e+00,9.391286849975585938e+00,1.037857055664062500e+01,1.499840641021728516e+01,1.183215141296386719e+01,1.067871189117431641e+01,1.482059097290039062e+01,1.919590377807617188e+01,1.645858001708984375e+01,1.634292030334472656e+01,1.151048660278320312e+01,7.191769599914550781e+00,6.355670928955078125e+00,6.607631683349609375e+00,7.003121376037597656e+00,6.763122081756591797e+00,7.046042442321777344e+00,8.920553207397460938e+00,6.763349533081054688e+00,5.917502403259277344e+00,7.898559570312500000e+00,7.749305725097656250e+00,7.262102603912353516e+00,7.537861824035644531e+00,4.458075046539306641e+00,8.533966064453125000e+00,1.356321334838867188e+01,1.779155731201171875e+01,1.739130020141601562e+01,1.291868972778320312e+01,1.346706962585449219e+01,1.373460578918457031e+01,1.504067325592041016e+01,1.598651123046875000e+01,1.243116760253906250e+01,9.381882667541503906e+00,6.397522926330566406e+00,4.327623844146728516e+00,4.487674713134765625e+00,7.026892662048339844e+00,8.765916824340820312e+00,1.044342899322509766e+01,1.247700023651123047e+01,1.394142913818359375e+01,1.349331188201904297e+01,1.152889060974121094e+01,1.053890991210937500e+01,1.000010681152343750e+01,1.131534004211425781e+01,1.255208587646484375e+01,1.229799079895019531e+01,1.116652297973632812e+01,1.031043148040771484e+01,1.067566108703613281e+01,1.107607364654541016e+01,1.648305511474609375e+01,1.524136447906494141e+01,8.727819442749023438e+00,5.591795921325683594e+00,1.025977325439453125e+01,1.284824752807617188e+01,1.229354953765869141e+01,8.472986221313476562e+00,1.192963314056396484e+01,1.400066375732421875e+01,1.079367065429687500e+01,1.715729141235351562e+01,1.363735771179199219e+01,1.648391151428222656e+01,2.010474395751953125e+01,1.832305145263671875e+01,1.791413116455078125e+01,1.802814865112304688e+01,1.317544174194335938e+01,1.064668941497802734e+01,8.902030944824218750e+00,5.807167053222656250e+00,6.595149993896484375e+00,6.937845230102539062e+00,4.190270423889160156e+00,5.549049377441406250e+00,8.036956787109375000e+00,1.328141212463378906e+01,1.069102478027343750e+01,8.157384872436523438e+00,6.217297077178955078e+00,3.662970781326293945e+00,3.407548666000366211e+00,6.854252815246582031e+00,4.229230880737304688e+00,2.957859277725219727e+00,2.101883411407470703e+00,2.268848657608032227e+00,8.407400131225585938e+00,1.051524543762207031e+01,1.262439537048339844e+01,7.378124713897705078e+00,6.219426155090332031e+00,1.043017959594726562e+01,8.476928710937500000e+00,7.789814949035644531e+00,7.419879913330078125e+00,8.438199996948242188e+00,9.038208961486816406e+00,7.897239685058593750e+00,8.498485565185546875e+00,5.592677116394042969e+00,9.075359344482421875e+00,1.388914871215820312e+01,1.643369293212890625e+01,1.489141464233398438e+01,1.048945808410644531e+01,1.230534934997558594e+01,1.149033641815185547e+01,1.006175136566162109e+01,5.542830467224121094e+00,4.072628021240234375e+00,9.205829620361328125e+00,8.018671035766601562e+00,1.341718292236328125e+01,1.559980201721191406e+01,1.089722919464111328e+01,1.022552680969238281e+01,5.886799335479736328e+00,6.480076789855957031e+00,8.752854347229003906e+00,6.385151863098144531e+00,4.136624813079833984e+00,3.133600234985351562e+00,2.060904026031494141e+00,5.065846443176269531e+00,1.111716556549072266e+01,1.489097023010253906e+01,2.164990615844726562e+01,2.236357307434082031e+01,1.906881713867187500e+01,2.003590011596679688e+01,1.490388870239257812e+01,1.505131149291992188e+01,1.402711105346679688e+01,6.176688194274902344e+00,3.675807714462280273e+00,5.492634773254394531e+00,5.831449031829833984e+00,-1.935900449752807617e+00,1.623651266098022461e+00,3.858262062072753906e+00,6.400721073150634766e+00,1.086285400390625000e+01,1.082108211517333984e+01,1.233266353607177734e+01,6.520664691925048828e+00,1.114005470275878906e+01,9.213970184326171875e+00,3.415995121002197266e+00,-9.565275311470031738e-01,1.560932397842407227e+00,4.444865703582763672e+00,2.591895818710327148e+00,6.960222244262695312e+00,4.539068222045898438e+00,7.071717262268066406e+00,1.190909385681152344e+01,9.714166641235351562e+00,8.201509475708007812e+00,1.311190128326416016e+01,1.419859504699707031e+01,1.211269187927246094e+01,4.489457607269287109e+00,3.294370174407958984e+00,8.048822402954101562e+00,1.506578826904296875e+01,1.100885391235351562e+01,1.225727462768554688e+01,1.427866172790527344e+01,1.405860996246337891e+01,1.869088172912597656e+01,2.143207168579101562e+01,1.949459075927734375e+01,2.323695564270019531e+01,1.891162109375000000e+01,1.620666885375976562e+01,1.700369262695312500e+01,2.294491195678710938e+01,2.106707382202148438e+01,1.082380104064941406e+01,8.937986373901367188e+00,7.413523674011230469e+00,5.922990322113037109e+00,6.572493553161621094e+00,5.808168411254882812e+00,3.223804950714111328e+00,3.839569985866546631e-01,2.399579286575317383e+00,6.080626964569091797e+00,5.682288169860839844e+00,5.696230888366699219e+00,6.902981281280517578e+00,1.332409477233886719e+01,1.584110832214355469e+01,1.507142448425292969e+01,1.740001487731933594e+01,1.886922454833984375e+01,2.175279998779296875e+01,2.745822715759277344e+01,2.069386482238769531e+01,1.443802356719970703e+01,2.226907157897949219e+01,1.914115905761718750e+01,1.853340911865234375e+01,1.183351516723632812e+01,1.073306846618652344e+01,1.387129688262939453e+01,1.416858291625976562e+01,1.133388328552246094e+01,9.690289497375488281e+00,1.179923629760742188e+01,7.483146667480468750e+00,2.301430463790893555e+00,6.924848079681396484e+00,8.785850524902343750e+00,2.143539905548095703e+00,8.299422264099121094e+00,2.012184715270996094e+01,2.023619842529296875e+01,1.752123260498046875e+01,1.610803985595703125e+01,1.182962417602539062e+01,5.894493103027343750e+00,7.751571536064147949e-01,4.035165786743164062e+00,1.263184928894042969e+01,1.088195514678955078e+01,6.867718696594238281e+00,8.542040824890136719e+00,1.406263160705566406e+01,9.222761154174804688e+00,6.915714263916015625e+00,7.612312793731689453e+00,1.164237403869628906e+01,1.512616825103759766e+01,1.578086471557617188e+01,1.223286628723144531e+01,9.706239700317382812e+00,1.300879573822021484e+01,8.779005050659179688e+00,2.224298954010009766e+00,3.131786108016967773e+00,8.440494537353515625e+00,6.304120063781738281e+00,5.062175989151000977e-01,4.408325195312500000e+00,8.280750274658203125e+00,7.339121818542480469e+00,5.228589057922363281e+00,7.231352806091308594e+00,5.027217388153076172e+00,5.373574733734130859e+00,7.787611484527587891e+00,1.297380828857421875e+01,1.332888889312744141e+01,7.258217334747314453e+00,6.108328819274902344e+00,5.440426349639892578e+00,7.302472591400146484e+00,6.910548686981201172e+00,6.071016311645507812e+00,8.461790084838867188e+00,9.800276756286621094e+00,7.243739604949951172e+00,5.247008323669433594e+00,7.827000617980957031e+00,9.199246406555175781e+00,7.607918739318847656e+00,9.250627517700195312e+00,1.258007049560546875e+01,1.586334037780761719e+01,1.790753936767578125e+01,1.557302474975585938e+01,1.014097023010253906e+01,6.424798011779785156e+00,3.637370586395263672e+00,4.519551753997802734e+00,1.052657127380371094e+00,1.285298347473144531e+00,2.643225431442260742e+00,9.391715049743652344e+00,2.048331451416015625e+01,2.030518722534179688e+01,2.171289443969726562e+01,1.846889495849609375e+01,1.424224090576171875e+01,1.281901741027832031e+01,1.350003623962402344e+01,9.335866928100585938e+00,9.110864639282226562e+00,1.080585479736328125e+01,7.770131111145019531e+00,7.477169036865234375e+00,1.512219810485839844e+01,1.499406242370605469e+01,1.175436019897460938e+01,8.904628753662109375e+00,1.055360603332519531e+01,6.425679206848144531e+00,3.826659440994262695e+00,6.814592361450195312e+00,6.792380332946777344e+00,1.338341045379638672e+01,1.992974853515625000e+01,2.082698059082031250e+01,1.778645515441894531e+01,1.464599418640136719e+01,1.224252796173095703e+01,1.087378883361816406e+01,9.765508651733398438e+00,1.105464172363281250e+01,8.000961303710937500e+00,4.679895877838134766e+00,9.989582061767578125e+00,9.440399169921875000e+00,5.884141921997070312e+00,6.848612785339355469e+00,4.990728378295898438e+00,4.109974384307861328e+00,4.690423965454101562e+00,9.159053802490234375e+00,8.306535720825195312e+00,5.845936775207519531e+00,3.841180324554443359e+00,3.314454555511474609e+00,1.695579886436462402e+00,2.347127437591552734e+00,1.076214671134948730e+00,3.412256240844726562e+00,5.180449485778808594e+00,5.939448833465576172e+00,9.497961044311523438e+00,1.348464202880859375e+01,1.229651451110839844e+01,8.175099372863769531e+00,4.006311893463134766e+00,5.501268386840820312e+00,5.056012153625488281e+00,4.129217624664306641e+00,2.340892553329467773e+00,1.350648403167724609e-01,1.026576423645019531e+01,1.768478775024414062e+01,2.265587615966796875e+01,2.011305236816406250e+01,1.660305213928222656e+01,1.378107166290283203e+01,1.712457275390625000e+01,1.978310394287109375e+01,2.089529418945312500e+01,2.200181388854980469e+01,2.138154411315917969e+01,2.237520408630371094e+01,2.079049301147460938e+01,1.716014480590820312e+01,1.581415557861328125e+01,1.580911064147949219e+01,1.200651931762695312e+01,8.374217033386230469e+00,1.290784358978271484e+01,1.968703842163085938e+01,1.282495880126953125e+01,1.028976631164550781e+01,9.088221549987792969e+00,4.538125514984130859e+00,5.536293029785156250e+00,7.309446334838867188e+00,6.852288246154785156e+00,1.103658390045166016e+01,7.570710182189941406e+00,4.879237174987792969e+00,9.649842977523803711e-01,4.888610839843750000e-01,5.855270385742187500e+00,8.986921310424804688e+00,1.106537437438964844e+01,9.613021850585937500e+00,6.370492935180664062e+00,3.099949836730957031e+00,-1.050000667572021484e+00,4.082165241241455078e+00,2.707708835601806641e+00,8.979547023773193359e-02,-1.223127543926239014e-01,3.994892597198486328e+00,1.235109710693359375e+01,1.560997581481933594e+01,1.576451969146728516e+01,1.348899173736572266e+01,1.583954238891601562e+01,2.010318565368652344e+01,1.652474594116210938e+01,1.758336830139160156e+01,1.305285549163818359e+01,9.596591949462890625e+00,1.315781593322753906e+01,1.281612396240234375e+01,1.142485618591308594e+01,7.508782863616943359e+00,9.665428161621093750e+00,1.180826759338378906e+01,1.096159172058105469e+01,5.000110149383544922e+00,3.455592393875122070e+00,3.567304611206054688e+00,3.985855579376220703e+00,7.152478218078613281e+00,1.073888778686523438e+01,9.073120117187500000e+00,4.951113700866699219e+00,1.011040210723876953e+01,9.125678062438964844e+00,1.352026271820068359e+01,1.591096210479736328e+01,8.139774322509765625e+00,1.344658660888671875e+01,1.648211669921875000e+01,1.668753051757812500e+01,1.289140510559082031e+01,8.638256072998046875e+00,7.727213859558105469e+00,6.191617965698242188e+00,5.918079376220703125e+00,1.090725326538085938e+01,1.688338279724121094e+01,1.956516838073730469e+01,1.665483093261718750e+01,1.250077533721923828e+01,1.408684730529785156e+01,1.520226764678955078e+01,2.151123619079589844e+01,2.167459869384765625e+01,2.223267364501953125e+01,2.082220840454101562e+01,1.827025222778320312e+01,1.561955833435058594e+01,1.476252555847167969e+01,1.851027488708496094e+01,1.261084365844726562e+01,1.222588348388671875e+01,1.301367187500000000e+01,6.834149360656738281e+00,5.970476150512695312e+00,4.954132556915283203e+00,9.721692085266113281e+00,1.010794925689697266e+01,8.625864982604980469e+00,2.762733936309814453e+00,-5.337235927581787109e+00,-2.310631752014160156e+00,9.421855211257934570e-03,4.301720619201660156e+00,5.620769500732421875e+00,9.755506515502929688e+00,1.362116909027099609e+01,1.104539871215820312e+01,7.866480827331542969e+00,5.140989780426025391e+00,2.696863174438476562e+00,6.436170101165771484e+00,8.019918441772460938e+00,5.407045364379882812e+00,4.364722371101379395e-01,-2.480082035064697266e+00,1.210046768188476562e+00,9.062201499938964844e+00,9.840250015258789062e+00,1.102355575561523438e+01,9.210702896118164062e+00,6.751654624938964844e+00,1.921451568603515625e+00,-3.682763278484344482e-01,4.301681995391845703e+00,5.323993206024169922e+00,7.621879577636718750e+00,1.036929035186767578e+01,1.313782978057861328e+01,1.175768280029296875e+01,1.072238063812255859e+01,1.174089050292968750e+01,6.919786453247070312e+00,6.090006828308105469e+00,6.565805435180664062e+00,6.647434234619140625e+00,6.367916107177734375e+00,5.153994560241699219e+00,7.225655555725097656e+00,9.402201652526855469e+00,5.828333377838134766e+00,7.962779998779296875e+00,1.180115318298339844e+01,7.826582908630371094e+00,2.806287765502929688e+00,4.102165222167968750e+00,8.346118927001953125e+00,7.523342609405517578e+00,8.950108528137207031e+00,3.533494949340820312e+00,3.370298147201538086e+00,1.053915786743164062e+01,8.110303878784179688e+00,9.685865402221679688e+00,1.615329170227050781e+01,2.047361755371093750e+01,2.290466690063476562e+01,1.907920074462890625e+01,1.501600837707519531e+01,1.221636772155761719e+01,1.000092124938964844e+01,8.345928192138671875e+00,1.168173027038574219e+01,1.080497169494628906e+01,9.801012992858886719e+00,1.042851257324218750e+01,7.342868804931640625e+00,4.929384708404541016e+00,4.699841022491455078e+00,2.371856212615966797e+00,2.176545143127441406e+00,4.978992462158203125e+00,9.810689926147460938e+00,1.246829032897949219e+01,8.770954132080078125e+00,7.897082328796386719e+00,1.313920736312866211e+00,-2.168784737586975098e-01,2.143964767456054688e+00,7.723264694213867188e+00,4.993998050689697266e+00,-4.196907997131347656e+00,-2.636438131332397461e+00,-1.597337126731872559e-01,-1.135067105293273926e+00,-4.175110816955566406e+00,-1.876878976821899414e+00,-5.574512481689453125e+00,-3.010217666625976562e+00,1.541171789169311523e+00,3.140199184417724609e+00,2.769603252410888672e+00,2.157174825668334961e+00,6.380512237548828125e+00,1.061966133117675781e+01,3.991693019866943359e+00,8.339964151382446289e-01,7.193056344985961914e-01,3.234583854675292969e+00,4.897716522216796875e+00,2.790929794311523438e+00,1.026369476318359375e+01,1.794168472290039062e+01,1.207258605957031250e+01,1.047300052642822266e+01,1.081500244140625000e+01,5.701358795166015625e+00,5.822093486785888672e+00,7.352847099304199219e+00,8.424736976623535156e+00,8.541462898254394531e+00,5.472054958343505859e+00,1.038709068298339844e+01,1.832231903076171875e+01,1.803430938720703125e+01,1.436978340148925781e+01,1.452843093872070312e+01,1.568870544433593750e+01,1.608690643310546875e+01,1.374432373046875000e+01,1.291555881500244141e+01,1.422227859497070312e+01,1.568900966644287109e+01,1.162481880187988281e+01,1.132826614379882812e+01,1.233272552490234375e+01,8.054607391357421875e+00,6.846100807189941406e+00,9.036941528320312500e+00,8.922176361083984375e+00,8.835396766662597656e+00,8.939222335815429688e+00,7.431118011474609375e+00,8.327438354492187500e+00,1.514909934997558594e+01,1.581944465637207031e+01,6.989436149597167969e+00,3.141274213790893555e+00,9.553384780883789062e+00,9.182691574096679688e+00,3.221504211425781250e+00,3.321028232574462891e+00,1.780958414077758789e+00,3.026219844818115234e+00,4.793297767639160156e+00,7.264412879943847656e+00,3.563098430633544922e+00,3.786355972290039062e+00,9.040672302246093750e+00,7.318220138549804688e+00,8.059561729431152344e+00,4.874492645263671875e+00,1.150251984596252441e+00,2.278093814849853516e+00,1.961711764335632324e+00,-1.931201219558715820e+00,-3.998671770095825195e+00,-2.736030578613281250e+00,-7.060889601707458496e-01,-3.872916698455810547e-01,4.385423660278320312e+00,6.466824531555175781e+00,1.881604003906250000e+01,2.326944923400878906e+01,2.038248634338378906e+01,1.685276794433593750e+01,1.754643821716308594e+01,1.223076438903808594e+01,1.235097217559814453e+01,1.198702239990234375e+01,1.157968139648437500e+01,1.079902458190917969e+01,6.869913101196289062e+00,9.145801544189453125e+00,1.067417144775390625e+00,2.194376707077026367e+00,5.968928337097167969e+00,1.026307106018066406e+01,1.882629776000976562e+01,2.427218437194824219e+01,2.853800392150878906e+01,3.004702568054199219e+01,1.960903930664062500e+01,1.788702774047851562e+01,1.793048095703125000e+01,1.422631263732910156e+01,1.681730270385742188e+01,1.843062782287597656e+01,1.765306472778320312e+01,1.765846633911132812e+01,1.556067180633544922e+01,1.500640678405761719e+01,1.613785552978515625e+01,1.334803771972656250e+01,8.881906509399414062e+00,8.596242904663085938e+00,7.730455398559570312e+00,7.436587333679199219e+00,6.127236366271972656e+00,6.215862274169921875e+00,2.674472570419311523e+00,5.205492675304412842e-02,1.051115036010742188e+00,6.222084999084472656e+00,1.200032806396484375e+01,9.390535354614257812e+00,1.280237007141113281e+01,1.433679485321044922e+01,1.794042968750000000e+01,1.678434371948242188e+01,1.329168319702148438e+01,8.309087753295898438e+00,4.127821445465087891e+00,4.478849887847900391e+00,2.138279438018798828e+00,-4.289569854736328125e-01,2.798049688339233398e+00,6.301250457763671875e-01,4.672278404235839844e+00,1.114628505706787109e+01,1.094774436950683594e+01,9.068796157836914062e+00,1.033909130096435547e+01,1.348077774047851562e+01,1.680479812622070312e+01,2.045466613769531250e+01,1.715425682067871094e+01,8.673827171325683594e+00,4.743280410766601562e+00,2.610018730163574219e+00,2.870705604553222656e+00,2.376865386962890625e+00,4.969425499439239502e-01,6.546906948089599609e+00,4.021507263183593750e+00,3.461752414703369141e+00,6.398707389831542969e+00,1.779710054397583008e+00,8.513191938400268555e-01,4.270883798599243164e-01,5.859716415405273438e+00,1.026930618286132812e+01,6.777839183807373047e+00,5.793640613555908203e+00,4.589848041534423828e+00,2.961180448532104492e+00,6.462737083435058594e+00,8.285257339477539062e+00,1.044453716278076172e+01,1.701949691772460938e+01,1.719129180908203125e+01,1.505518913269042969e+01,9.065999031066894531e+00,-3.967813253402709961e-01,1.870082616806030273e-01,1.395908117294311523e+00,5.249702930450439453e-01,4.110686182975769043e-01,-1.062743902206420898e+00,1.694434165954589844e+00,-3.252714395523071289e+00,-2.959105968475341797e+00,3.937195301055908203e+00,1.400951194763183594e+01,1.698068428039550781e+01,1.757066726684570312e+01,1.394304656982421875e+01,8.760549545288085938e+00,4.567316055297851562e+00,3.257003784179687500e+00,5.071499824523925781e+00,7.546748161315917969e+00,1.167122650146484375e+01,1.025128936767578125e+01,2.309945106506347656e+00,8.717986106872558594e+00,9.803955078125000000e+00,8.812236785888671875e+00,1.017609715461730957e+00,4.076433181762695312e+00,1.292149925231933594e+01,6.836899757385253906e+00,-2.209965229034423828e+00,2.714894533157348633e+00,3.042054891586303711e+00,8.248573541641235352e-01,5.881789922714233398e-01,2.024345159530639648e+00,3.344881057739257812e+00,4.136955261230468750e+00,8.184429168701171875e+00,8.832283020019531250e+00,1.124786186218261719e+01,8.856631278991699219e+00,8.277623176574707031e+00,1.367622756958007812e+01,1.105212974548339844e+01,5.984071254730224609e+00,7.174935340881347656e+00,9.333126068115234375e+00,9.130561828613281250e+00,1.418854618072509766e+01,1.756952095031738281e+01,1.723723983764648438e+01,1.589669799804687500e+01,1.963577079772949219e+01,1.550802612304687500e+01,8.102205276489257812e+00,1.189038753509521484e+01,1.237283515930175781e+01,8.385557174682617188e+00,5.667605400085449219e+00,3.736648559570312500e+00,7.057469844818115234e+00,6.718577384948730469e+00,7.438048362731933594e+00,7.003245353698730469e+00,8.462472915649414062e+00,9.310566902160644531e+00,1.219832611083984375e+01,1.204648780822753906e+01,1.023155403137207031e+01,1.081202316284179688e+01,8.137089729309082031e+00,5.789568901062011719e+00,1.352899551391601562e+00,6.740640640258789062e+00,6.104062080383300781e+00,3.199555397033691406e+00,1.144018411636352539e+00,1.705641984939575195e+00,6.859638690948486328e+00,1.103580856323242188e+01,1.304588508605957031e+01,9.620668411254882812e+00,9.862077713012695312e+00,8.423074722290039062e+00,6.355931758880615234e+00,8.321129798889160156e+00,1.400852203369140625e+01,1.859359741210937500e+01,1.789320373535156250e+01,1.062835216522216797e+01,1.505345153808593750e+01,1.788261604309082031e+01,1.209285259246826172e+01,8.258961677551269531e+00,4.472472190856933594e+00,6.875841140747070312e+00,6.355741024017333984e+00,5.542057991027832031e+00,5.997103691101074219e+00,2.731506347656250000e+00,-6.620287895202636719e-03,4.041609466075897217e-01,5.700325012207031250e+00,1.618314933776855469e+01,2.022627639770507812e+01,2.291720199584960938e+01,1.869812393188476562e+01,1.400879669189453125e+01,1.264650726318359375e+01,1.276055526733398438e+01,1.207633399963378906e+01,1.260238456726074219e+01,1.081043624877929688e+01,1.344443130493164062e+01,1.322745418548583984e+01,6.944517612457275391e+00,3.077273845672607422e+00,-3.852421343326568604e-01,1.878099441528320312e+00,6.466850280761718750e+00,5.076429367065429688e+00,4.127470493316650391e+00,6.326919555664062500e+00,8.903895378112792969e+00,6.954918861389160156e+00,4.106853485107421875e+00,5.347763061523437500e+00,9.118480682373046875e+00,4.610052585601806641e+00,5.013920783996582031e+00,7.338038444519042969e+00,9.522859573364257812e+00,6.697365760803222656e+00,6.802510261535644531e+00,1.154307174682617188e+01,7.376853942871093750e+00,5.737482070922851562e+00,4.307182788848876953e+00,6.214941978454589844e+00,1.116854286193847656e+01,1.014938354492187500e+01,1.085493850708007812e+01,5.297475814819335938e+00,3.087356328964233398e+00,3.862595558166503906e+00,8.062780380249023438e+00,6.222353935241699219e+00,5.432268142700195312e+00,1.285263538360595703e+01,2.321977615356445312e+01,2.496319007873535156e+01,2.478492355346679688e+01,2.906404876708984375e+01,2.498430633544921875e+01,1.834497833251953125e+01,2.019630432128906250e+01,1.829255294799804688e+01,2.166682624816894531e+01,2.076154136657714844e+01,2.375107955932617188e+01,2.255520248413085938e+01,2.063457489013671875e+01,1.901886749267578125e+01,1.290843772888183594e+01,9.901733398437500000e+00,6.285247802734375000e+00,1.029135704040527344e+01,7.873427391052246094e+00,9.068241119384765625e+00,1.184236717224121094e+01,7.708565711975097656e+00,3.481940746307373047e+00,9.016136169433593750e+00,7.188984394073486328e+00,8.144216537475585938e+00,1.306768226623535156e+01,1.239935684204101562e+01,1.471191024780273438e+01,1.174160289764404297e+01,1.442443466186523438e+01,1.552948570251464844e+01,9.783658981323242188e+00,7.185365200042724609e+00,1.520769119262695312e+01,1.870726776123046875e+01,1.603420639038085938e+01,1.587801742553710938e+01,1.619248199462890625e+01,1.946126937866210938e+01,2.140003395080566406e+01,1.862332916259765625e+01,1.361347484588623047e+01,7.040098667144775391e+00,9.163551330566406250e-01,4.299456596374511719e+00,7.460870742797851562e+00,9.290805816650390625e+00,1.219655036926269531e+01,1.009812641143798828e+01,8.092602729797363281e+00,1.202338790893554688e+01,1.456239891052246094e+01,1.761778640747070312e+01,1.674332809448242188e+01,1.037623310089111328e+01,6.648677587509155273e-01,5.838028907775878906e+00,7.515562057495117188e+00,7.261478424072265625e+00,2.752806186676025391e+00,-8.737097382545471191e-01,1.897309112548828125e+01,2.235019874572753906e+01,1.943998527526855469e+01,1.632394790649414062e+01,8.645121574401855469e+00,5.238294601440429688e+00,1.040539073944091797e+01,1.202646541595458984e+01,1.139317989349365234e+01,8.850471496582031250e+00,3.956385850906372070e+00,8.476173400878906250e+00,9.013366699218750000e+00,8.941839218139648438e+00,9.082994461059570312e+00,3.939858675003051758e+00,1.052894592285156250e+01,1.507540702819824219e+01,1.556206703186035156e+01,1.449790096282958984e+01,1.150771903991699219e+01,7.579642295837402344e+00,1.344727706909179688e+01,1.581773376464843750e+01,1.471300601959228516e+01,1.869767189025878906e+01,2.103683090209960938e+01,2.300400733947753906e+01,1.965937423706054688e+01,1.304172897338867188e+01,1.217158889770507812e+01,9.860905647277832031e+00,9.981800079345703125e+00,8.148858070373535156e+00,3.664410352706909180e+00,4.320635318756103516e+00,5.770680427551269531e+00,4.019510269165039062e+00,2.722507476806640625e+00,1.206343412399291992e+00,4.160345554351806641e+00,7.279446601867675781e+00,8.720753669738769531e+00,2.695368051528930664e+00,-5.835494995117187500e+00,-1.987217307090759277e+00,-1.394720911979675293e+00,-3.275575339794158936e-01,3.290033578872680664e+00,2.094889402389526367e+00,6.052800178527832031e+00,8.815929412841796875e+00,1.132229900360107422e+01,1.471685028076171875e+01,1.405517005920410156e+01,1.136771011352539062e+01,1.307770156860351562e+01,5.413141250610351562e+00,4.943647384643554688e+00,1.129130744934082031e+01,9.929111480712890625e+00,7.192170143127441406e+00,5.254315376281738281e+00,3.159795999526977539e+00,9.004156112670898438e+00,1.242829513549804688e+01,8.812551498413085938e+00,1.055008530616760254e+00,3.900853633880615234e+00,6.242884635925292969e+00,4.983142375946044922e+00,6.044804573059082031e+00,1.104823303222656250e+01,1.266282272338867188e+01,6.602114677429199219e+00,4.601473331451416016e+00,5.792367935180664062e+00,6.892404556274414062e+00,9.154397964477539062e+00,1.361523818969726562e+01,1.388279724121093750e+01,1.180126953125000000e+01,1.657271194458007812e+01,2.116556358337402344e+01,2.833333206176757812e+01,3.336009216308593750e+01,3.082868194580078125e+01,2.509802436828613281e+01,2.625078964233398438e+01,3.098356056213378906e+01,3.067358398437500000e+01,2.910689735412597656e+01,2.725038146972656250e+01,2.226964950561523438e+01,1.769656181335449219e+01,1.780737686157226562e+01,1.852542877197265625e+01,2.128118324279785156e+01,2.117788887023925781e+01,2.219025039672851562e+01,2.105835533142089844e+01,1.036818599700927734e+01,5.041837692260742188e+00,9.602086544036865234e-01,2.045485258102416992e+00,1.894830584526062012e+00,2.977630138397216797e+00,4.449253559112548828e+00,4.464252471923828125e+00,8.029157519340515137e-01,-4.608498573303222656e+00,3.307971477508544922e+00,9.084471702575683594e+00,7.969854831695556641e+00,4.096293449401855469e+00,-1.231664419174194336e+00,-7.414662241935729980e-01,4.833479881286621094e+00,5.229420661926269531e+00,4.614069461822509766e+00,1.042677783966064453e+01,1.009437274932861328e+01,1.179673767089843750e+01,1.160037803649902344e+01,6.108941078186035156e+00,9.357185363769531250e+00,9.882635116577148438e+00,6.728752136230468750e+00,5.845477581024169922e+00,7.523485183715820312e+00,1.104610443115234375e+01,1.089939498901367188e+01,1.247848892211914062e+01,1.079950714111328125e+01,1.112448978424072266e+01,1.281943893432617188e+01,1.317458343505859375e+01,6.686951637268066406e+00,8.149104118347167969e+00,1.586623001098632812e+01,1.657977104187011719e+01,9.253786087036132812e+00,8.552737236022949219e+00,3.345087051391601562e+00,4.237263202667236328e+00,7.339627265930175781e+00,7.114513397216796875e+00,6.974253177642822266e+00,4.986330032348632812e+00,5.722689628601074219e+00,-1.125882148742675781e+00,1.031797409057617188e+00,5.867246627807617188e+00,1.414792346954345703e+01,1.923352813720703125e+01,2.007928466796875000e+01,1.674956893920898438e+01,1.972983551025390625e+01,2.230819511413574219e+01,1.801466941833496094e+01,8.705769538879394531e+00,1.717665672302246094e+00,1.750055789947509766e+00,2.690170705318450928e-01,-2.168095827102661133e+00,-4.477232933044433594e+00,-4.153451919555664062e+00,6.307666301727294922e+00,1.046330356597900391e+01,1.492804050445556641e+01,1.940140342712402344e+01,2.142581558227539062e+01,2.145948028564453125e+01,1.995677947998046875e+01,1.650919342041015625e+01,1.393961524963378906e+01,2.080244636535644531e+01,1.927964782714843750e+01,1.343750953674316406e+01,8.601480484008789062e+00,1.342199611663818359e+01,1.610191726684570312e+01,1.149918270111083984e+01,9.446716308593750000e+00,8.006290435791015625e+00,7.911352157592773438e+00,1.927111434936523438e+01,2.325645828247070312e+01,2.083522224426269531e+01,1.275362682342529297e+01,9.486219882965087891e-01,-4.299605846405029297e+00,-5.517191886901855469e-01,1.146103501319885254e+00,1.390400409698486328e+00,2.668813705444335938e+00,3.636171340942382812e+00,5.369200706481933594e+00,8.987075805664062500e+00,2.026999855041503906e+01,2.583498764038085938e+01,2.567113304138183594e+01,2.860094833374023438e+01,3.063665771484375000e+01,3.098103713989257812e+01,2.253051185607910156e+01,1.807622909545898438e+01,1.117158126831054688e+01,8.142503738403320312e+00,2.047465324401855469e+00,1.640830755233764648e+00,-7.955789566040039062e-03,2.407163619995117188e+00,9.273560523986816406e+00,1.552357387542724609e+01,2.041324043273925781e+01,1.735684204101562500e+01,1.073865032196044922e+01,8.437507629394531250e+00,4.853368282318115234e+00,1.709641695022583008e+00,-1.786772966384887695e+00,-2.398492336273193359e+00,1.073750257492065430e+00,1.038995146751403809e+00,7.705996513366699219e+00,8.666217803955078125e+00,2.954941272735595703e+00,7.029036879539489746e-01,-3.627131700515747070e+00,-3.259921550750732422e+00,1.732940375804901123e-01,4.962483882904052734e+00,1.511222004890441895e+00,-2.055415391921997070e+00,1.419722080230712891e+00,6.379540443420410156e+00,1.060897636413574219e+01,1.710771942138671875e+01,1.276752185821533203e+01,1.376340103149414062e+01,1.594183635711669922e+01,1.981644821166992188e+01,2.582701492309570312e+01,2.537557601928710938e+01,2.916749572753906250e+01,2.916699981689453125e+01,2.516971969604492188e+01,2.017557525634765625e+01,1.248891639709472656e+01,1.040940475463867188e+01,1.068804359436035156e+01,1.052346420288085938e+01,1.186299514770507812e+01,1.338349246978759766e+01,1.211273479461669922e+01,1.412143898010253906e+01,1.319384384155273438e+01,1.658552169799804688e+01,1.067991638183593750e+01,4.694594860076904297e+00,8.679394721984863281e+00,7.660556316375732422e+00,7.935330867767333984e+00,8.310911178588867188e+00,1.030372238159179688e+01,9.321760177612304688e+00,6.884670734405517578e+00,6.541230678558349609e+00,3.205983638763427734e+00,4.807815551757812500e+00,8.267673850059509277e-01,5.143789291381835938e+00,4.876217365264892578e+00,5.836278915405273438e+00,5.188106060028076172e+00,9.022857546806335449e-01,6.696889877319335938e+00,3.910501956939697266e+00,1.407023429870605469e+01,2.463335609436035156e+01,3.094139099121093750e+01,3.583305740356445312e+01,2.915650177001953125e+01,1.922136688232421875e+01,1.399300479888916016e+01,9.575137138366699219e+00,9.978683471679687500e+00,6.542230129241943359e+00,4.855380058288574219e+00,9.021158218383789062e+00,1.001504898071289062e+01,6.621700286865234375e+00,1.035655117034912109e+01,1.495175933837890625e+01,8.499696731567382812e+00,7.347393035888671875e+00,5.475933074951171875e+00,4.280672073364257812e+00,1.173272848129272461e+00,-2.282758951187133789e+00,5.692135810852050781e+00,9.785591125488281250e+00,5.363439083099365234e+00,5.895366668701171875e+00,1.129194068908691406e+01,1.283899879455566406e+01,1.113251781463623047e+01,7.459737777709960938e+00,3.608592033386230469e+00,4.581184387207031250e+00,3.285645008087158203e+00,1.456151366233825684e+00,2.824455738067626953e+00,3.940224647521972656e+00,6.621831655502319336e-01,3.598780632019042969e+00,-1.689790248870849609e+00,1.306726038455963135e-01,7.363132476806640625e+00,5.685090065002441406e+00,3.006871223449707031e+00,9.839460372924804688e+00,7.673748493194580078e+00,4.763711452484130859e+00,7.203529834747314453e+00,7.131295204162597656e+00,1.122671699523925781e+01,8.853029251098632812e+00,8.475168228149414062e+00,1.065013694763183594e+01,1.092888069152832031e+01,6.342405796051025391e+00,7.838046073913574219e+00,1.325983619689941406e+01,1.182281780242919922e+01,8.409482955932617188e+00,9.477697372436523438e+00,1.338332939147949219e+01,1.438685989379882812e+01,8.863239288330078125e+00,8.757744789123535156e+00,9.453699111938476562e+00,8.077892303466796875e+00,9.711406707763671875e+00,6.736717224121093750e+00,6.534265995025634766e+00,1.076286888122558594e+01,8.158401489257812500e+00,4.351631164550781250e+00,7.618618011474609375e+00,9.839019775390625000e+00,5.996887207031250000e+00,1.368682861328125000e+00,3.612778425216674805e+00,7.095107078552246094e+00,8.530632019042968750e+00,1.079915046691894531e+01,1.281404495239257812e+01,1.190143966674804688e+01,1.187623977661132812e+01,8.922727584838867188e+00,3.026621818542480469e+00,6.822827816009521484e+00,8.286253929138183594e+00,1.880110025405883789e+00,3.615309000015258789e+00,3.740345478057861328e+00,8.609849929809570312e+00,1.093039226531982422e+01,1.127889251708984375e+01,7.822054862976074219e+00,1.006252479553222656e+01,1.036912536621093750e+01,1.455936241149902344e+01,1.883014297485351562e+01,1.315956497192382812e+01,5.852765083312988281e+00,2.025259256362915039e+00,-1.089202761650085449e+00,2.683157920837402344e+00,4.317547321319580078e+00,4.110424995422363281e+00,3.542944431304931641e+00,3.182584285736083984e+00,5.025249958038330078e+00,6.227936744689941406e-01,3.033647298812866211e+00,4.583720207214355469e+00,6.177333831787109375e+00,7.288240432739257812e+00,7.596580505371093750e+00,6.545599937438964844e+00,6.120454788208007812e+00,5.910868644714355469e+00,2.189450740814208984e+00,4.954391956329345703e+00,5.035847663879394531e+00,7.963007450103759766e+00,1.042860031127929688e+01,2.476712942123413086e+00,-6.255846977233886719e+00,-9.444896697998046875e+00,-5.586359500885009766e+00,-2.773156166076660156e+00,2.723803520202636719e-01,1.496424865722656250e+01,2.108110427856445312e+01,2.110528564453125000e+01,1.580624675750732422e+01,1.699392127990722656e+01,1.515328598022460938e+01,1.307483482360839844e+01,1.001582241058349609e+01,8.072291374206542969e+00,9.649527549743652344e+00,6.387208938598632812e+00,4.831509113311767578e+00,6.251556396484375000e+00,6.265045166015625000e+00,1.098522949218750000e+01,7.365056037902832031e+00,7.072946071624755859e+00,1.029887771606445312e+01,1.128567695617675781e+01,8.221766471862792969e+00,8.328777313232421875e+00,1.859621620178222656e+01,1.899151992797851562e+01,1.623114585876464844e+01,2.287612533569335938e+01,1.587026977539062500e+01,1.689030075073242188e+01,1.764557647705078125e+01,1.302940559387207031e+01,1.167745113372802734e+01,5.526501655578613281e+00,4.139722347259521484e+00,1.487934494018554688e+01,1.882684326171875000e+01,1.811346817016601562e+01,1.798400878906250000e+01,1.728105926513671875e+01,1.989999008178710938e+01,1.771795654296875000e+01,1.892103767395019531e+01,1.373598766326904297e+01,8.579973220825195312e+00,1.328125095367431641e+01,1.400693416595458984e+01,1.019872188568115234e+01,1.365070915222167969e+01,1.994763183593750000e+01,1.850458908081054688e+01,2.045233535766601562e+01,2.307764625549316406e+01,1.777161026000976562e+01,1.676850891113281250e+01,1.920463943481445312e+01,1.929129409790039062e+01,1.720008468627929688e+01,2.060491943359375000e+01,1.624554443359375000e+01,7.967469215393066406e+00,6.559794425964355469e+00,5.158867835998535156e+00,2.946518421173095703e+00,3.816603422164916992e-01,-2.462280035018920898e+00,-2.331075668334960938e+00,5.474647045135498047e+00,1.064703178405761719e+01,1.591722869873046875e+01,1.511285686492919922e+01,1.053812026977539062e+01,5.580458164215087891e+00,4.329601764678955078e+00,5.945442199707031250e+00,5.045476436614990234e+00,4.505440235137939453e+00,6.907155036926269531e+00,8.580040931701660156e+00,1.361205768585205078e+01,1.075152206420898438e+01,1.079242134094238281e+01,8.250379562377929688e+00,9.403004646301269531e+00,1.271762084960937500e+01,1.169904518127441406e+01,7.867017745971679688e+00,9.040233612060546875e+00,2.163422775268554688e+01,2.553900909423828125e+01,1.942846298217773438e+01,5.969754695892333984e+00,3.855396270751953125e+00,1.282801818847656250e+01,1.515451431274414062e+01,1.788425827026367188e+01,1.472437858581542969e+01,1.582958507537841797e+01,1.481692886352539062e+01,6.209886074066162109e+00,-2.144021987915039062e+00,-6.718511104583740234e+00,-6.730476856231689453e+00,-5.780299186706542969e+00,-8.057110309600830078e-01,5.485313415527343750e+00,8.400402069091796875e+00,1.317352485656738281e+01,1.248434829711914062e+01,8.109029769897460938e+00,1.292219352722167969e+01,1.111082649230957031e+01,9.116466522216796875e+00,6.441548347473144531e+00,8.758573532104492188e+00,1.099787235260009766e+01,1.296160316467285156e+01,9.983001708984375000e+00,7.175249099731445312e+00,5.320695400238037109e+00,5.664927959442138672e+00,2.915607452392578125e+00,2.609428882598876953e+00,6.398506164550781250e+00,9.372264862060546875e+00,1.127154636383056641e+01,8.712989807128906250e+00,7.375358104705810547e+00,7.082628250122070312e+00,6.992718696594238281e+00,1.370328807830810547e+01,1.060167312622070312e+01,2.448940277099609375e+00,7.742516994476318359e+00,1.327310085296630859e+01,1.198368453979492188e+01,2.024209594726562500e+01,2.100007247924804688e+01,1.532172012329101562e+01,6.460094451904296875e+00,-1.929758191108703613e+00,-6.428186893463134766e-01,-1.077304959297180176e+00,7.056865692138671875e-01,4.135935783386230469e+00,6.930132865905761719e+00,6.859438896179199219e+00,2.980394363403320312e+00,1.093017673492431641e+01,1.128218460083007812e+01,3.517267227172851562e+00,2.782237529754638672e+00,7.893512248992919922e-01,1.900397658348083496e+00,9.296110153198242188e+00,1.482218074798583984e+01,1.871119308471679688e+01,1.955521202087402344e+01,1.979227066040039062e+01,2.053860855102539062e+01,2.093738937377929688e+01,1.300704479217529297e+01,8.803247451782226562e+00,8.352594375610351562e+00,9.126760482788085938e+00,1.086547088623046875e+01,1.365279006958007812e+01,1.261447143554687500e+01,6.773801326751708984e+00,6.575578689575195312e+00,1.382231330871582031e+01,9.401655197143554688e+00,7.338883876800537109e+00,7.052811622619628906e+00,5.094081878662109375e+00,3.474034547805786133e+00,5.311002731323242188e+00,9.054512977600097656e+00,9.981952667236328125e+00,1.202610397338867188e+01,1.006351661682128906e+01,1.001694679260253906e+01,7.102880001068115234e+00,4.764746665954589844e+00,1.683843612670898438e+00,3.234296321868896484e+00,5.250331878662109375e+00,4.732888221740722656e+00,-3.004545688629150391e+00,-2.407908439636230469e-02,7.258426666259765625e+00,4.956940174102783203e+00,3.445742607116699219e+00,-4.810431003570556641e-01,1.152814865112304688e+00,1.736877322196960449e+00,4.859473705291748047e+00,1.079720497131347656e+01,1.285013961791992188e+01,1.541472148895263672e+01,1.857156944274902344e+01,1.627838706970214844e+01,1.469972610473632812e+01,1.645397186279296875e+01,1.159828758239746094e+01,1.154567146301269531e+01,1.135833644866943359e+01,7.587520599365234375e+00,5.404258728027343750e+00,6.144784927368164062e+00,7.213694572448730469e+00,1.029938125610351562e+01,6.657169342041015625e+00,4.607374191284179688e+00,7.799457550048828125e+00,1.693227386474609375e+01,1.308654212951660156e+01,9.893409729003906250e+00,9.534184455871582031e+00,4.615777969360351562e+00,4.002947330474853516e+00,7.658381462097167969e+00,1.145240592956542969e+01,1.003330707550048828e+01,7.913240432739257812e+00,1.129225730895996094e+01,1.129480743408203125e+01,1.487717437744140625e+01,1.117786979675292969e+01,5.716637611389160156e+00,9.660839080810546875e+00,1.213471984863281250e+01,1.125296211242675781e+01,1.085901927947998047e+01,8.979785919189453125e+00,6.468608856201171875e+00,1.205620670318603516e+01,1.221277713775634766e+01,1.157953643798828125e+01,9.520749092102050781e+00,8.818037033081054688e+00,1.249665069580078125e+01,1.582486534118652344e+01,1.462732601165771484e+01,1.060084152221679688e+01,7.039532661437988281e+00,7.558241367340087891e+00,8.428779602050781250e+00,9.004959106445312500e+00,1.194829368591308594e+01,1.285944080352783203e+01,1.172795104980468750e+01,1.410916900634765625e+01,1.465850639343261719e+01,1.069245433807373047e+01,8.981710433959960938e+00,6.911191940307617188e+00,2.530159950256347656e+00,8.600195884704589844e+00,8.662421226501464844e+00,4.642419815063476562e+00,3.405838489532470703e+00,5.858225822448730469e+00,6.889845848083496094e+00,6.190134525299072266e+00,6.170524597167968750e+00,2.504010677337646484e+00,4.136030673980712891e+00,4.650711536407470703e+00,1.956061363220214844e+00,-1.318872213363647461e+00,3.821388483047485352e-01,3.007636070251464844e+00,1.738792419433593750e+00,5.094126701354980469e+00,6.152880668640136719e+00,3.030028820037841797e+00,-3.277763724327087402e-02,6.551474332809448242e-02,-2.160590887069702148e+00,7.087568640708923340e-01,1.613100051879882812e+00,-4.314641952514648438e+00,-3.155674695968627930e+00,-1.669949531555175781e+00,-2.657289743423461914e+00,-3.110250234603881836e-01,1.600624203681945801e+00,3.835635185241699219e+00,5.859724044799804688e+00,5.479384422302246094e+00,2.393508911132812500e+00,3.312716245651245117e+00,8.909725189208984375e+00,4.300737857818603516e+00,4.792819976806640625e+00,6.011857509613037109e+00,4.428579330444335938e+00,6.728031635284423828e-01,-2.974317789077758789e+00,1.070416808128356934e+00,-1.419010400772094727e+00,3.479704856872558594e+00,2.927821397781372070e+00,1.221482038497924805e+00,3.642710447311401367e+00,2.865373611450195312e+00,5.002709388732910156e+00,7.423638105392456055e-01,-1.049594998359680176e+00,9.175847470760345459e-02,4.962584495544433594e+00,9.483776092529296875e+00,5.154814720153808594e+00,5.573598861694335938e+00,9.814277648925781250e+00,1.336470031738281250e+01,1.343156814575195312e+01,8.101422309875488281e+00,5.392566680908203125e+00,8.325939178466796875e+00,8.774341583251953125e+00,1.530117511749267578e+01,1.692564392089843750e+01,1.344779682159423828e+01,1.309345436096191406e+01,7.672677040100097656e+00,1.023966979980468750e+01,9.424373626708984375e+00,8.172512054443359375e+00,7.179360389709472656e+00,9.934289932250976562e+00,1.080664539337158203e+01,3.550591468811035156e+00,5.853664398193359375e+00,7.983588218688964844e+00,8.665769577026367188e+00,9.642492294311523438e+00,5.346076488494873047e+00,5.952914237976074219e+00,1.211706542968750000e+01,1.554616928100585938e+01,1.809952545166015625e+01,1.917265510559082031e+01,1.753589248657226562e+01,1.273906135559082031e+01,8.918642997741699219e+00,5.214005947113037109e+00,3.755449771881103516e+00,7.772740840911865234e+00,1.142522811889648438e+01,1.314972209930419922e+01,8.435806274414062500e+00,5.208536624908447266e+00,6.043018341064453125e+00,5.286334514617919922e+00,2.132555484771728516e+00,1.362630486488342285e+00,3.729315757751464844e+00,4.787606239318847656e+00,2.134285926818847656e+00,1.479782938957214355e+00,5.382305145263671875e+00,8.663589477539062500e+00,8.964076042175292969e+00,9.597236633300781250e+00,9.113690376281738281e+00,7.890319347381591797e+00,5.063165664672851562e+00,1.118735790252685547e+00,1.799659729003906250e+00,7.023460865020751953e-01,-7.059027552604675293e-01,5.709570407867431641e+00,4.526161670684814453e+00,8.084855079650878906e+00,1.468196773529052734e+01,1.559568595886230469e+01,1.267079734802246094e+01,1.218941688537597656e+01,1.049702072143554688e+01,1.295041084289550781e+01,1.271899414062500000e+01,1.317788791656494141e+01,1.664898681640625000e+01,1.795991516113281250e+01,1.468479347229003906e+01,2.259412765502929688e+01,2.187241363525390625e+01,8.902070999145507812e+00,4.867613792419433594e+00,5.265708446502685547e+00,7.758289337158203125e+00,7.470777988433837891e+00,7.092555046081542969e+00,6.994551181793212891e+00,2.911728143692016602e+00,3.937700510025024414e+00,8.717820167541503906e+00,1.209378051757812500e+01,1.115259170532226562e+01,1.299713039398193359e+01,1.609962654113769531e+01,2.301908874511718750e+01,2.471696853637695312e+01,1.640840721130371094e+01,1.656879806518554688e+01,1.349126720428466797e+01,1.840448141098022461e+00,7.452568054199218750e+00,1.526706027984619141e+01,1.601855087280273438e+01,1.076216506958007812e+01,1.756601333618164062e+00,-1.842172026634216309e+00,4.642991065979003906e+00,4.039427757263183594e+00,1.107180786132812500e+01,1.111787986755371094e+01,1.111038494110107422e+01,1.116184806823730469e+01,8.435801506042480469e+00,1.290900135040283203e+01,1.681828689575195312e+01,1.499109840393066406e+01,9.844666481018066406e+00,9.931900024414062500e+00,8.963521957397460938e+00,6.109528541564941406e+00,5.693833827972412109e+00,9.967988967895507812e+00,6.617040634155273438e+00,-3.343830704689025879e-01,-5.343313813209533691e-01,-4.163219034671783447e-02,2.868678569793701172e+00,3.136824131011962891e+00,7.738524436950683594e+00,1.222441482543945312e+01,1.325658416748046875e+01,8.428701400756835938e+00,3.311499357223510742e+00,4.348156929016113281e+00,6.074832916259765625e+00,1.296796417236328125e+01,1.046153354644775391e+01,7.462584495544433594e+00,7.973226070404052734e+00,9.247081756591796875e+00,8.689099311828613281e+00,8.482881546020507812e+00,6.579847335815429688e+00,7.890902996063232422e+00,7.220632076263427734e+00,7.960104942321777344e+00,1.426531028747558594e+01,1.666599655151367188e+01,1.395449924468994141e+01,1.189171504974365234e+01,7.923802375793457031e+00,7.353861808776855469e+00,1.071753692626953125e+01,1.194917869567871094e+01,9.579359054565429688e+00,3.982277154922485352e+00,4.158060073852539062e+00,1.996061086654663086e+00,6.648013591766357422e+00,7.984944343566894531e+00,6.221801757812500000e+00,7.936697959899902344e+00,5.574120521545410156e+00,5.697915077209472656e+00,4.950155258178710938e+00,1.766818165779113770e+00,-4.825164675712585449e-01,2.429926633834838867e+00,5.826174736022949219e+00,8.733818054199218750e+00,7.903998374938964844e+00,5.199839115142822266e+00,7.044801235198974609e+00,2.441573381423950195e+00,1.900386095046997070e+00,6.583666801452636719e+00,2.708855628967285156e+00,3.511339426040649414e+00,7.351868629455566406e+00,1.171462821960449219e+01,9.110531806945800781e+00,1.532723665237426758e+00,4.669827222824096680e-01,2.551051616668701172e+00,5.223163604736328125e+00,4.460942268371582031e+00,5.183435440063476562e+00,8.155502319335937500e+00,1.020603466033935547e+01,9.648578643798828125e+00,6.549746036529541016e+00,6.785450935363769531e+00,5.036282062530517578e+00,3.328253746032714844e+00,8.138828277587890625e+00,1.084963798522949219e+01,9.859672546386718750e+00,7.317842483520507812e+00,2.019594192504882812e+00,1.216662645339965820e+00,-7.108104228973388672e-01,-7.483572959899902344e+00,-8.224765777587890625e+00,-5.771608352661132812e+00,-2.576898097991943359e+00,8.119163513183593750e-01,8.950183868408203125e+00,1.318665981292724609e+01,9.977076530456542969e+00,8.530859947204589844e+00,7.645506858825683594e+00,5.612810134887695312e+00,1.241110038757324219e+01,1.859709930419921875e+01,1.970278930664062500e+01,1.592418289184570312e+01,9.984561920166015625e+00,1.228356170654296875e+01,1.056212806701660156e+01,1.005990791320800781e+01,1.212484359741210938e+01,1.119352245330810547e+01,9.821792602539062500e+00,1.577488899230957031e+01,2.638156890869140625e+01,2.446059036254882812e+01,2.413461303710937500e+01,1.850234985351562500e+01,1.375676155090332031e+01,1.140097808837890625e+01,7.730609893798828125e+00,7.913355350494384766e+00,6.786403656005859375e+00,3.356589317321777344e+00,1.942757487297058105e+00,4.678370475769042969e+00,4.959383010864257812e+00,6.916557788848876953e+00,9.325136184692382812e+00,9.973920822143554688e+00,8.881989479064941406e+00,8.543448448181152344e+00,5.067716598510742188e+00,6.723175048828125000e+00,1.115934181213378906e+01,1.400234317779541016e+01,1.185507106781005859e+01,8.360314369201660156e+00,9.674442291259765625e+00,8.015901565551757812e+00,3.372226476669311523e+00,2.559731960296630859e+00,3.664647579193115234e+00,1.224666786193847656e+01,1.156980037689208984e+01,9.784082412719726562e+00,9.590099334716796875e+00,1.350783538818359375e+01,1.215632152557373047e+01,1.410620594024658203e+01,1.951175689697265625e+01,2.055797576904296875e+01,1.838458061218261719e+01,1.486507987976074219e+01,9.734617233276367188e+00,4.684487819671630859e+00,6.947957992553710938e+00,1.243507671356201172e+01,1.671377372741699219e+01,1.809056091308593750e+01,1.681110382080078125e+01,1.381072807312011719e+01,8.121541976928710938e+00,9.075037002563476562e+00,5.401095390319824219e+00,7.528649568557739258e-01,1.406507492065429688e+00,-2.732976913452148438e+00,1.186778068542480469e+00,-2.372093915939331055e+00,-1.047152137756347656e+01,-6.629770755767822266e+00,-2.539355278015136719e+00,-1.526935815811157227e+00,-5.162827491760253906e+00,9.005376696586608887e-01,4.062436580657958984e+00,6.447740554809570312e+00,8.091087341308593750e+00,5.126248359680175781e+00,1.932523012161254883e+00,3.577264308929443359e+00,4.162916183471679688e+00,9.841791152954101562e+00,1.198032379150390625e+01,8.683023452758789062e+00,5.767062664031982422e+00,3.198257446289062500e+00,4.011397361755371094e-01,1.969514608383178711e+00,-1.184890270233154297e-01,5.274724960327148438e+00,7.292494773864746094e+00,1.119064521789550781e+01,2.111655807495117188e+01,1.939801025390625000e+01,1.550552177429199219e+01,2.011575698852539062e+01,2.637931442260742188e+01,2.498005676269531250e+01,2.101646995544433594e+01,1.317490959167480469e+01,6.813732147216796875e+00,5.789815902709960938e+00,4.381931304931640625e+00,1.830035448074340820e-01,-3.325461745262145996e-01,9.123695373535156250e+00,1.755771255493164062e+01,1.908591270446777344e+01,1.760078811645507812e+01,1.319515514373779297e+01,1.037536811828613281e+01,1.193477630615234375e+01,1.208783435821533203e+01,9.122656822204589844e+00,9.389688491821289062e+00,1.575631332397460938e+01,1.755803680419921875e+01,2.003047561645507812e+01,1.740443801879882812e+01,9.130409240722656250e+00,8.484032630920410156e+00,1.542812633514404297e+01,1.101214408874511719e+01,5.841086387634277344e+00,1.423418879508972168e+00,2.663312196731567383e+00,4.599707603454589844e+00,5.220331192016601562e+00,4.262258529663085938e+00,8.084822654724121094e+00,1.729881286621093750e+01,1.503449440002441406e+01,2.045445632934570312e+01,2.213622665405273438e+01,2.218457221984863281e+01,1.623105621337890625e+01,1.386057376861572266e+01,9.984591484069824219e+00,1.104179763793945312e+01,1.154080772399902344e+01,8.216278076171875000e+00,1.306281566619873047e+01,1.118233108520507812e+01,7.329515457153320312e+00,8.290241241455078125e+00,1.083214378356933594e+01,8.721490859985351562e+00,8.917872428894042969e+00,5.269709110260009766e+00,9.490767478942871094e+00,1.229912376403808594e+01,1.902980804443359375e+01,1.915768432617187500e+01,1.090311431884765625e+01,6.893111705780029297e+00,7.942490577697753906e+00,8.060813903808593750e+00,1.806365132331848145e+00,3.840055465698242188e+00,4.674090862274169922e+00,5.947725772857666016e+00,1.387163543701171875e+01,1.419400787353515625e+01,1.541762542724609375e+01,1.954725646972656250e+01,2.139709854125976562e+01,1.927500724792480469e+01,1.496235656738281250e+01,1.315624046325683594e+01,1.223034000396728516e+01,1.604936599731445312e+01,2.093783950805664062e+01,2.141746711730957031e+01,1.931637191772460938e+01,2.305521202087402344e+01,2.556130218505859375e+01,2.236108398437500000e+01,2.573653411865234375e+01,2.379929351806640625e+01,1.510847663879394531e+01,1.014341640472412109e+01,9.462865829467773438e+00,1.281860733032226562e+01,1.232768058776855469e+01,1.313804817199707031e+01,7.065388202667236328e+00,7.116487503051757812e+00,3.801111936569213867e+00,3.136546015739440918e-01,4.739561557769775391e+00,6.368061065673828125e+00,3.031439781188964844e+00,4.611306190490722656e-01,1.894683361053466797e+00,5.140458106994628906e+00,9.435602188110351562e+00,1.395492172241210938e+01,1.313326835632324219e+01,1.520185089111328125e+01,2.010679817199707031e+01,1.986724662780761719e+01,1.813372039794921875e+01,2.336935997009277344e+01,3.158780288696289062e+01,3.064173889160156250e+01,2.663908576965332031e+01,2.560007858276367188e+01,2.399518966674804688e+01,1.652181434631347656e+01,1.579821777343750000e+01,1.651110458374023438e+01,1.217534065246582031e+01,1.140466308593750000e+01,1.618125152587890625e+01,1.879485511779785156e+01,1.352795410156250000e+01,1.297375869750976562e+01,1.013749504089355469e+01,4.775629043579101562e+00,4.564204216003417969e+00,2.959105968475341797e-01,-9.877883195877075195e-01,4.878101825714111328e+00,8.785909652709960938e+00,1.275618457794189453e+01,1.214317321777343750e+01,9.042190551757812500e+00,1.529919719696044922e+01,1.888205718994140625e+01,1.593357372283935547e+01,1.408920478820800781e+01,1.233287239074707031e+01,1.134386444091796875e+01,1.212305641174316406e+01,1.424382019042968750e+01,1.186400032043457031e+01,1.473414230346679688e+01,1.603155517578125000e+01,1.563661575317382812e+01,1.014966297149658203e+01,6.833813667297363281e+00,3.264372348785400391e+00,6.620756626129150391e+00,7.422406673431396484e+00,5.710677146911621094e+00,9.063539505004882812e+00,9.733457565307617188e+00,5.390625953674316406e+00,3.721102952957153320e+00,8.748138546943664551e-01,-2.240942955017089844e+00,-2.621572732925415039e+00,-1.169492125511169434e+00,3.144608736038208008e+00,3.373756647109985352e+00,2.250309467315673828e+00,1.881024956703186035e+00,1.422937870025634766e+00,1.628348159790039062e+01,2.491052055358886719e+01,3.005663871765136719e+01,2.733416748046875000e+01,2.396920013427734375e+01,2.046680068969726562e+01,1.767607498168945312e+01,4.629432678222656250e+00,1.198041200637817383e+00,4.723830223083496094e+00,1.261536979675292969e+01,8.705659866333007812e+00,1.404551792144775391e+01,1.044238281250000000e+01,-4.103660583496093750e+00,-3.777238130569458008e+00,5.184400558471679688e+00,7.807870864868164062e+00,6.625517845153808594e+00,9.852775573730468750e+00,6.408714294433593750e+00,6.104724884033203125e+00,5.927279472351074219e+00,9.403175354003906250e+00,5.850312232971191406e+00,5.917281150817871094e+00,4.249318599700927734e+00,6.229249954223632812e+00,5.568248748779296875e+00,-4.938110351562500000e+00,-1.366962623596191406e+01,-1.684840393066406250e+01,-1.135704421997070312e+01,-7.835490226745605469e+00,-9.561408996582031250e+00,-4.837542057037353516e+00,-4.023203372955322266e+00,1.530308246612548828e+00,5.002056598663330078e+00,7.287159919738769531e+00,7.968948841094970703e+00,1.537565040588378906e+01,1.855566787719726562e+01,1.719527626037597656e+01,1.494856548309326172e+01,1.414284896850585938e+01,1.245517349243164062e+01,9.348644256591796875e+00,1.664547348022460938e+01,1.539507579803466797e+01,1.269560241699218750e+01,8.821377754211425781e+00,1.248401069641113281e+01,1.210603523254394531e+01,9.831279754638671875e+00,1.046669387817382812e+01,1.305469799041748047e+01,1.588326740264892578e+01,1.401427268981933594e+01,1.122949790954589844e+01,1.160945129394531250e+01,1.374769878387451172e+01,1.143885993957519531e+01,1.419263267517089844e+01,1.280580425262451172e+01,3.952798843383789062e+00,6.806769371032714844e-01,4.245596885681152344e+00,1.485389328002929688e+01,7.714616775512695312e+00,-1.082056760787963867e-01,3.521560668945312500e+00,8.832911491394042969e+00,1.106069946289062500e+01,1.011161899566650391e+01,5.797297000885009766e+00,4.666950702667236328e+00,1.349178314208984375e+00,2.409248352050781250e+00,6.105366945266723633e-01,-1.399874925613403320e+00,-1.003848314285278320e+00,-1.025418758392333984e+00,2.378897190093994141e+00,4.464684963226318359e+00,7.467646598815917969e+00,1.104191589355468750e+01,1.094725227355957031e+01,1.125584793090820312e+01,1.257586288452148438e+01,7.587656021118164062e+00,8.602077484130859375e+00,1.189722061157226562e+01,8.908290863037109375e+00,9.722372055053710938e+00,1.240709018707275391e+01,1.439919471740722656e+01,1.626877593994140625e+01,9.521493911743164062e+00,6.836582660675048828e+00,6.312550067901611328e+00,1.019665527343750000e+01,1.435439300537109375e+01,1.349884605407714844e+01,9.767627716064453125e+00,7.586177825927734375e+00,3.090429306030273438e+00,4.488362789154052734e+00,5.055919647216796875e+00,7.287539482116699219e+00,8.967668533325195312e+00,1.101039791107177734e+01,1.140135860443115234e+01,8.874490737915039062e+00,9.596649169921875000e+00,7.731935501098632812e+00,6.313970565795898438e+00,9.187519073486328125e+00,6.524663925170898438e+00,4.353161811828613281e+00,-1.817762255668640137e-01,-1.683601737022399902e-01,5.889232635498046875e+00,7.351943969726562500e+00,1.134628295898437500e+01,1.580551528930664062e+01,1.124217319488525391e+01,8.650266647338867188e+00,9.807092666625976562e+00,1.632519531250000000e+01,1.686741256713867188e+01,1.262251091003417969e+01,1.583654403686523438e+01,1.484434986114501953e+01,1.265223884582519531e+01,1.444642257690429688e+01,1.944392776489257812e+01,2.556038665771484375e+01,2.112279510498046875e+01,2.156745147705078125e+01,2.391065597534179688e+01,2.123345756530761719e+01,2.610966491699218750e+01,2.932852554321289062e+01,3.150887298583984375e+01,3.232936477661132812e+01,2.925897026062011719e+01,2.188006210327148438e+01,1.649925994873046875e+01,1.477230262756347656e+01,8.308708190917968750e+00,2.030640363693237305e+00,7.002788543701171875e+00,1.173031616210937500e+01,1.243691253662109375e+01,8.920177459716796875e+00,4.266396522521972656e+00,3.984396219253540039e+00,3.862443685531616211e+00,8.638715744018554688e+00,6.768120765686035156e+00,5.421809196472167969e+00,5.266843795776367188e+00,1.508372497558593750e+01,1.600507354736328125e+01,1.345605850219726562e+01,1.022717666625976562e+01,1.059473800659179688e+01,5.844848632812500000e+00,2.171366691589355469e+00,2.453207254409790039e+00,7.134599685668945312e+00,8.423589706420898438e+00,4.893781185150146484e+00,-1.604125499725341797e-01,-1.434537768363952637e-01,-7.472246289253234863e-01,4.254615306854248047e+00,1.129842662811279297e+01,1.199148559570312500e+01,1.689667129516601562e+01,1.309662914276123047e+01,4.688239097595214844e+00,3.916127443313598633e+00,7.552550315856933594e+00,1.102518844604492188e+01,8.715667724609375000e+00,1.065986824035644531e+01,1.008775138854980469e+01,3.761707305908203125e+00,1.080759406089782715e+00,5.973023414611816406e+00,1.824190711975097656e+01,1.613334465026855469e+01,1.678541183471679688e+01,1.822132873535156250e+01,1.794658279418945312e+01,1.310188674926757812e+01,4.996170520782470703e+00,-5.471749901771545410e-01,5.601361274719238281e+00,8.369485855102539062e+00,9.540954589843750000e+00,6.465688705444335938e+00,1.077660846710205078e+01,1.093179321289062500e+01,1.787752914428710938e+01,1.837414932250976562e+01,1.611819839477539062e+01,1.149011135101318359e+01,8.156377792358398438e+00,8.640369415283203125e+00,1.261532974243164062e+01,1.772537231445312500e+01,1.749495887756347656e+01,1.728266906738281250e+01,1.578369522094726562e+01,1.903575515747070312e+01,1.671843528747558594e+01,1.215126323699951172e+01,1.198781204223632812e+01,2.465155029296875000e+01,3.121657562255859375e+01,2.788209342956542969e+01,1.994190216064453125e+01,1.322446918487548828e+01,7.666513442993164062e+00,1.055064201354980469e+01,1.249179649353027344e+01,1.332828140258789062e+01,1.240541267395019531e+01,9.421485900878906250e+00,8.270022392272949219e+00,7.772643089294433594e+00,5.743161201477050781e+00,1.005447864532470703e+01,1.451250934600830078e+01,1.530866432189941406e+01,3.014866590499877930e+00,-5.899263381958007812e+00,-7.822636604309082031e+00,-4.814558029174804688e+00,2.857119083404541016e+00,4.322904586791992188e+00,2.441802263259887695e+00,4.658260345458984375e+00,2.013632535934448242e+00,1.305779266357421875e+01,1.969660568237304688e+01,1.968645477294921875e+01,1.928012466430664062e+01,1.559770584106445312e+01,1.669090652465820312e+01,1.705502319335937500e+01,1.655634689331054688e+01,1.942195892333984375e+01,1.573544025421142578e+01,1.116277313232421875e+01,1.111382865905761719e+01,1.073888683319091797e+01,9.721229553222656250e+00,1.022855949401855469e+01,1.225576782226562500e+01,1.335028457641601562e+01,8.139060020446777344e+00,1.378431034088134766e+01,1.557542037963867188e+01,1.373218441009521484e+01,1.844362258911132812e+01,2.185691070556640625e+01,2.026865959167480469e+01,1.759488677978515625e+01,1.406164073944091797e+01,1.316747856140136719e+01,1.471869945526123047e+01,1.978390502929687500e+01,1.890983581542968750e+01,1.733653259277343750e+01,1.857999420166015625e+01,2.144129180908203125e+01,1.957695579528808594e+01,1.609983062744140625e+01,1.615926933288574219e+01,1.761849594116210938e+01,1.422024536132812500e+01,7.753386974334716797e+00,8.667088508605957031e+00,7.169209480285644531e+00,3.774636745452880859e+00,4.104895114898681641e+00,2.795981645584106445e+00,1.704550623893737793e+00,-4.719151020050048828e+00,-8.907104492187500000e+00,-9.037690162658691406e+00,-5.494476318359375000e+00,-3.422206938266754150e-01,6.495897293090820312e+00,1.201017951965332031e+01,1.179757881164550781e+01,6.527578353881835938e+00,4.061323165893554688e+00,5.120909690856933594e+00,6.909890174865722656e+00,1.315161132812500000e+01,1.166513633728027344e+01,8.217974662780761719e+00,1.246082401275634766e+01,1.408777713775634766e+01,1.491891288757324219e+01,1.661103057861328125e+01,1.587259292602539062e+01,1.546362018585205078e+01,1.627421379089355469e+01,1.409972953796386719e+01,7.799221038818359375e+00,8.799645304679870605e-01,-1.762535095214843750e+00,-1.751794219017028809e+00,1.612334012985229492e+00,-1.374601602554321289e+00,-1.117463827133178711e+00,1.026579499244689941e+00,4.208792686462402344e+00,1.476707649230957031e+01,7.102351188659667969e+00,-4.067575454711914062e+00,-1.864776134490966797e+00,-9.478178024291992188e-01,-5.856378555297851562e+00,-3.160034656524658203e+00,3.386793136596679688e+00,2.301356887817382812e+01,1.556892776489257812e+01,1.634634017944335938e+01,1.728675270080566406e+01,1.740393066406250000e+01,1.741567039489746094e+01,1.816436958312988281e+01,2.363161849975585938e+01,1.836594963073730469e+01,1.370709037780761719e+01,1.334655570983886719e+01,1.981809234619140625e+01,2.477611923217773438e+01,2.453790473937988281e+01,2.420674896240234375e+01,1.867836380004882812e+01,1.265080642700195312e+01,6.550972938537597656e+00,6.181066513061523438e+00,6.575314521789550781e+00,7.380343914031982422e+00,1.142689704895019531e+01,1.402643394470214844e+01,9.460400581359863281e+00,1.066218376159667969e+01,1.041678619384765625e+01,1.266699409484863281e+01,1.743311691284179688e+01,2.644705581665039062e+01,2.815795135498046875e+01,2.405547523498535156e+01,2.425320816040039062e+01,2.052312088012695312e+01,1.952012443542480469e+01,1.475909233093261719e+01,1.124862194061279297e+01,1.499475669860839844e+01,1.601594924926757812e+01,1.400892066955566406e+01,7.997248649597167969e+00,9.332489013671875000e+00,1.109498405456542969e+01,1.901352119445800781e+01,2.366270828247070312e+01,1.826251983642578125e+01,1.430500221252441406e+01,9.767583847045898438e+00,8.203880310058593750e+00,1.095608329772949219e+01,1.235029792785644531e+01,1.593400764465332031e+01,2.434186553955078125e+01,2.417514610290527344e+01,2.868696212768554688e+01,3.175767517089843750e+01,3.236085510253906250e+01,2.916692924499511719e+01,2.600219345092773438e+01,2.110226440429687500e+01,1.689914703369140625e+01,1.439312934875488281e+01,5.656639099121093750e+00,2.614977836608886719e+00,-1.677611172199249268e-01,9.372154235839843750e+00,1.149226379394531250e+01,1.225035858154296875e+01,1.289671707153320312e+01,7.735814094543457031e+00,3.649942874908447266e+00,9.944464683532714844e+00,1.025736236572265625e+01,1.188783168792724609e+01,1.527210140228271484e+01,2.236061859130859375e+01,2.629151916503906250e+01,3.048914718627929688e+01,2.560807800292968750e+01,1.597561168670654297e+01,1.423516845703125000e+01,1.191810226440429688e+01,9.844764709472656250e+00,1.085714340209960938e+01,1.123722076416015625e+01,2.905841350555419922e+00,6.113456249237060547e+00,4.462739944458007812e+00,1.569630980491638184e+00,3.217905521392822266e+00,8.929031372070312500e+00,2.349282455444335938e+01,2.305149078369140625e+01,1.574580001831054688e+01,1.255230712890625000e+01,1.182823753356933594e+01,4.759447097778320312e+00,4.369574546813964844e+00,9.228043556213378906e+00,7.491636753082275391e+00,6.485513687133789062e+00,4.187454223632812500e+00,5.762824535369873047e+00,1.066569137573242188e+01,3.680053472518920898e+00,4.258254051208496094e+00,9.346677780151367188e+00,7.282406806945800781e+00,2.297764539718627930e+00,-2.408684730529785156e+00,1.877908587455749512e+00,3.917227029800415039e+00,4.793028831481933594e+00,9.252337455749511719e+00,7.703037261962890625e+00,1.230171394348144531e+01,1.015209770202636719e+01,1.078466606140136719e+01,4.573781967163085938e+00,6.262494087219238281e+00,1.994261169433593750e+01,2.288749504089355469e+01,2.094924163818359375e+01,9.170755386352539062e+00,3.839636087417602539e+00,3.464782238006591797e+00,4.535189270973205566e-01,3.649462223052978516e+00,5.259415149688720703e+00,7.545407772064208984e+00,4.028444290161132812e+00,1.976859807968139648e+00,1.214297056198120117e+00,5.798333168029785156e+00,6.826996803283691406e+00,9.984462738037109375e+00,8.951797485351562500e+00,3.935821056365966797e+00,-2.127506971359252930e+00,-8.075607299804687500e+00,-4.588447570800781250e+00,2.403327941894531250e+00,-2.036509037017822266e+00,4.512726783752441406e+00,1.026945877075195312e+01,1.103695011138916016e+01,1.195623493194580078e+01,1.253833770751953125e+01,1.081601047515869141e+01,9.367547988891601562e+00,8.437667846679687500e+00,8.972818374633789062e+00,6.773839950561523438e+00,2.404692173004150391e+00,5.593499541282653809e-01,6.898694992065429688e+00,1.342008018493652344e+01,2.229532051086425781e+01,2.379561614990234375e+01,1.654470825195312500e+01,1.332394218444824219e+01,1.156460189819335938e+01,1.157831573486328125e+01,1.760735321044921875e+01,1.798738670349121094e+01,1.798808670043945312e+01,1.846669960021972656e+01,1.869005393981933594e+01,1.387407493591308594e+01,9.726852416992187500e+00,7.949720382690429688e+00,7.857545375823974609e+00,1.372114181518554688e+01,1.070328712463378906e+01,2.363553285598754883e+00,6.623494148254394531e+00,1.189435482025146484e+01,1.403208255767822266e+01,1.902368736267089844e+01,1.290452384948730469e+01,8.573978424072265625e+00,4.669463634490966797e+00,1.499755144119262695e+00,1.866513133049011230e+00,9.442115783691406250e+00,8.306701660156250000e+00,3.848524808883666992e+00,3.873964548110961914e+00,3.205842971801757812e+00,1.702631473541259766e+00,5.860670089721679688e+00,8.107217788696289062e+00,1.381996917724609375e+01,1.748040199279785156e+01,1.811303329467773438e+01,1.533720779418945312e+01,1.298505592346191406e+01,1.442499065399169922e+01,1.406890678405761719e+01,1.681321716308593750e+01,1.931397819519042969e+01,1.938924026489257812e+01,1.847083473205566406e+01,1.661307716369628906e+01,2.210574722290039062e+01,2.790154647827148438e+01,2.802269363403320312e+01,2.589593124389648438e+01,2.167680931091308594e+01,2.353899002075195312e+01,2.957943534851074219e+01,2.455253982543945312e+01,2.174529457092285156e+01,1.812053871154785156e+01,1.720215988159179688e+01,1.499075412750244141e+01,1.821611976623535156e+01,1.362969970703125000e+01,2.401755571365356445e+00,7.019788742065429688e+00,7.516790390014648438e+00,1.052116870880126953e+01,1.095545673370361328e+01,1.507505035400390625e+01,1.426615142822265625e+01,1.038961410522460938e+01,8.470138549804687500e+00,8.793535232543945312e+00,1.049654006958007812e+01,1.018207168579101562e+01,9.587280273437500000e+00,1.177843284606933594e+01,1.057320308685302734e+01,6.125138282775878906e+00,9.754549980163574219e+00,6.777935028076171875e+00,4.491461277008056641e+00,4.516269683837890625e+00,8.184553146362304688e+00,1.438037109375000000e+01,1.189710235595703125e+01,8.782903671264648438e+00,1.131327819824218750e+01,1.039345932006835938e+01,6.685956954956054688e+00,7.384942531585693359e+00,9.772140502929687500e+00,4.994914054870605469e+00,-1.237901449203491211e+00,-3.853666305541992188e+00,-4.836091041564941406e+00,-2.639059305191040039e+00,-2.651870012283325195e+00,2.663186073303222656e+00,1.059386634826660156e+01,1.343878364562988281e+01,1.892456245422363281e+01,2.065402603149414062e+01,1.176317977905273438e+01,7.011628150939941406e+00,8.212714195251464844e+00,7.670433044433593750e+00,1.121966266632080078e+01,1.740875625610351562e+01,1.952318954467773438e+01,1.928833389282226562e+01,1.674190330505371094e+01,1.392046928405761719e+01,1.179582595825195312e+01,1.291303253173828125e+01,1.540805721282958984e+01,1.443505001068115234e+01,1.255257129669189453e+01,1.090731334686279297e+01,2.372510194778442383e+00,6.106505393981933594e+00,1.423267936706542969e+01,1.537960243225097656e+01,1.924640083312988281e+01,2.455536270141601562e+01,2.474557495117187500e+01,1.500311088562011719e+01,1.048994350433349609e+01,1.040725708007812500e+01,1.181426239013671875e+01,1.611953353881835938e+01,1.237280273437500000e+01,3.029955863952636719e+00,-2.464959144592285156e+00,1.284837722778320312e-01,3.393783092498779297e+00,8.532375335693359375e+00,1.111783885955810547e+01,1.342412376403808594e+01,1.018701457977294922e+01,8.199511528015136719e+00,1.253733539581298828e+01,1.064061069488525391e+01,8.728267669677734375e+00,1.209873771667480469e+01,1.430762767791748047e+01,8.209104537963867188e+00,1.058479499816894531e+01,1.460570144653320312e+01,1.180968570709228516e+01,1.356962013244628906e+01,7.456966400146484375e+00,1.007677268981933594e+01,1.047180557250976562e+01,9.218133926391601562e+00,1.185954952239990234e+01,1.188442039489746094e+01,1.018759918212890625e+01,6.391106605529785156e+00,2.631445407867431641e+00,5.674403190612792969e+00,1.053557395935058594e+01,1.451162624359130859e+01,1.259407997131347656e+01,9.673276901245117188e+00,7.118420600891113281e+00,1.100417232513427734e+01,1.104151439666748047e+01,1.317414474487304688e+01,1.366173744201660156e+01,5.998734951019287109e+00,2.550005674362182617e+00,2.089601278305053711e+00,1.313590049743652344e+01,1.826671600341796875e+01,1.289666175842285156e+01,6.071836471557617188e+00,-3.563252389430999756e-01,5.923634767532348633e-01,7.755187034606933594e+00,9.353231430053710938e+00,1.157595729827880859e+01,1.372960090637207031e+01,1.260773086547851562e+01,1.026888656616210938e+01,1.183381652832031250e+01,1.520080375671386719e+01,1.572082996368408203e+01,1.742598533630371094e+01,1.649435424804687500e+01,7.450956344604492188e+00,-7.602603435516357422e+00,-5.097399711608886719e+00,3.910198688507080078e+00,6.561495661735534668e-01,-4.906958103179931641e+00,-5.916293144226074219e+00,-3.052122116088867188e+00,2.380010604858398438e+00,1.971593141555786133e+00,3.964355468750000000e+00,7.166582107543945312e+00,6.230871200561523438e+00,5.672431945800781250e+00,6.060112953186035156e+00,7.420710086822509766e+00,8.165592193603515625e+00,1.024957275390625000e+01,7.165677547454833984e+00,1.220764541625976562e+01,1.836370086669921875e+01,1.947059631347656250e+01,1.529705810546875000e+01,6.975295066833496094e+00,7.289405822753906250e+00,6.373353958129882812e+00,1.286445331573486328e+01,1.618104362487792969e+01,1.884471893310546875e+01,1.841904830932617188e+01,1.778260803222656250e+01,1.729534149169921875e+01,1.610368537902832031e+01,2.041252136230468750e+01,2.172512245178222656e+01,2.248849105834960938e+01,2.198171615600585938e+01,1.956446456909179688e+01,2.289702987670898438e+01,1.862110900878906250e+01,1.079744148254394531e+01,5.060695648193359375e+00,4.450267314910888672e+00,6.210454940795898438e+00,5.524161815643310547e+00,6.114711284637451172e+00,1.188590049743652344e+00,4.266406893730163574e-01,1.754573106765747070e+00,3.594979763031005859e+00,7.950177669525146484e+00,1.345011234283447266e+01,1.274658775329589844e+01,1.509607982635498047e+01,1.386103057861328125e+01,1.247962188720703125e+01,1.691355895996093750e+01,1.513875961303710938e+01,1.667461776733398438e+01,1.175135898590087891e+01,7.232695579528808594e+00,9.856885910034179688e+00,1.219187259674072266e+01,7.079692840576171875e+00,2.128045082092285156e+00,6.207017302513122559e-01,-6.848025321960449219e-02,2.567394495010375977e+00,4.987568855285644531e+00,8.114616394042968750e+00,1.214760303497314453e+01,1.039266300201416016e+01,1.119344997406005859e+01,1.135081863403320312e+01,1.027754020690917969e+01,7.915026664733886719e+00,7.918259143829345703e+00,7.453589439392089844e+00,1.006891632080078125e+01,1.308311843872070312e+01,1.557524681091308594e+01,1.204177284240722656e+01,1.064465618133544922e+01,1.177454853057861328e+01,1.512300872802734375e+01,1.419798946380615234e+01,1.296853828430175781e+01,1.482554054260253906e+01,1.536881065368652344e+01,1.303623580932617188e+01,1.581860065460205078e+01,1.309817314147949219e+01,9.283430099487304688e+00,1.196874427795410156e+01,1.525509071350097656e+01,1.696422767639160156e+01,1.302098751068115234e+01,1.458134651184082031e+01,8.227926254272460938e+00,6.195533752441406250e+00,7.145740032196044922e+00,8.914216995239257812e+00,9.446803092956542969e+00,1.039994049072265625e+01,9.809244155883789062e+00,7.332714080810546875e+00,1.129648780822753906e+01,1.118443679809570312e+01,1.108333396911621094e+01,1.473249053955078125e+01,1.439031219482421875e+01,1.389064311981201172e+01,1.239904308319091797e+01,1.455574798583984375e+01,1.021052551269531250e+01,1.971436119079589844e+01,1.463287162780761719e+01,1.708807754516601562e+01,2.005569076538085938e+01,2.305103111267089844e+01,2.733846282958984375e+01,3.068852615356445312e+01,3.051104927062988281e+01,3.571834564208984375e+01,3.689041900634765625e+01,3.515833282470703125e+01,3.319889068603515625e+01,3.371860885620117188e+01,2.887442779541015625e+01,2.363415718078613281e+01,2.291061019897460938e+01,2.061297607421875000e+01,1.162453269958496094e+01,2.239686489105224609e+00,9.210673332214355469e+00,1.300584411621093750e+01,9.729347229003906250e+00,1.274497222900390625e+01,1.237117481231689453e+01,1.026481628417968750e+01,9.952860832214355469e+00,9.176624298095703125e+00,5.293868064880371094e+00,5.656950473785400391e+00,8.577255249023437500e+00,1.462615966796875000e+01,1.811714553833007812e+01,1.909188461303710938e+01,1.911343574523925781e+01,2.014024353027343750e+01,2.354036712646484375e+01,2.154514503479003906e+01,2.101062393188476562e+01,1.838457489013671875e+01,1.037062072753906250e+01,1.587944030761718750e+01,1.952680587768554688e+01,2.355224990844726562e+01,2.622564888000488281e+01,2.182435989379882812e+01,2.020455169677734375e+01,1.494739437103271484e+01,1.635592079162597656e+01,1.397890090942382812e+01,1.831618118286132812e+01,1.899565124511718750e+01,1.642902946472167969e+01,1.997594070434570312e+01,1.730347824096679688e+01,8.471988677978515625e+00,6.890290737152099609e+00,8.486668586730957031e+00,8.983732223510742188e+00,2.163300275802612305e+00,-4.688877582550048828e+00,-4.119485855102539062e+00,-3.269585609436035156e+00,-2.275663614273071289e+00,-1.154662966728210449e+00,1.604506731033325195e+00,5.974708557128906250e+00,9.549765586853027344e+00,1.325640773773193359e+01,1.141730308532714844e+01,1.420027828216552734e+01,1.754654502868652344e+01,1.735026168823242188e+01,1.036369228363037109e+01,-1.242499947547912598e+00,-1.228424358367919922e+01,-1.542540740966796875e+01,-7.345362663269042969e+00,-2.848356008529663086e+00,8.539147377014160156e-01,-2.019018888473510742e+00,-3.751724481582641602e+00,-5.327683091163635254e-01,-3.773142099380493164e+00,-6.333857536315917969e+00,-2.206277608871459961e+00,2.213798046112060547e+00,-5.329459905624389648e-02,-2.504664182662963867e+00,5.832937240600585938e+00,1.117391777038574219e+01,1.045151710510253906e+01,1.009429550170898438e+01,1.295403003692626953e+01,1.250752258300781250e+01,8.958762168884277344e+00,1.280376815795898438e+01,1.691265296936035156e+01,1.833647918701171875e+01,1.356074619293212891e+01,1.279330253601074219e+01,1.289470958709716797e+01,1.068261337280273438e+01,1.496839618682861328e+01,1.402675819396972656e+01,1.158335685729980469e+01,9.087991714477539062e+00,1.340268135070800781e+00
-1.528870201110839844e+01,-8.324316024780273438e+00,-3.401714801788330078e+00,-6.536159515380859375e+00,-5.989397168159484863e-01,-4.203374385833740234e+00,-6.160804748535156250e+00,-4.016277313232421875e+00,-8.288672447204589844e+00,-9.577613830566406250e+00,-5.508358478546142578e+00,-4.447188377380371094e+00,-3.541758775711059570e+00,2.809801578521728516e+00,6.065062522888183594e+00,2.961604118347167969e+00,2.295785903930664062e+00,-2.178905963897705078e+00,-8.281923294067382812e+00,-9.697608947753906250e+00,-8.963270187377929688e+00,-1.563758277893066406e+01,-1.382161712646484375e+01,-9.631013870239257812e+00,-1.009408855438232422e+01,-1.105836677551269531e+01,-1.027000522613525391e+01,-1.875705122947692871e-01,-6.619859337806701660e-01,1.540266036987304688e+00,2.413686752319335938e+00,1.215915799140930176e+00,2.191900491714477539e+00,2.498579502105712891e+00,1.570798397064208984e+00,4.031801700592041016e+00,-6.084786653518676758e-01,-6.863703727722167969e+00,-7.275426864624023438e+00,-9.747415542602539062e+00,-8.272997856140136719e+00,-1.242924690246582031e+01,-5.930311203002929688e+00,9.520258903503417969e-01,-7.091705799102783203e-01,-1.380352139472961426e+00,2.733596801757812500e+00,3.750962257385253906e+00,-5.013868331909179688e+00,-8.342210769653320312e+00,-8.328918457031250000e+00,-5.639311790466308594e+00,-3.848328113555908203e+00,-3.755016326904296875e+00,-1.277175426483154297e+00,4.930712878704071045e-01,2.716323852539062500e+00,2.143797397613525391e+00,-1.459765434265136719e-02,-6.087767124176025391e+00,-5.813842773437500000e+00,-1.182754278182983398e+00,1.678947508335113525e-01,1.582858562469482422e+00,-2.285824775695800781e+00,-9.228117465972900391e-01,-1.738474667072296143e-01,4.223863124847412109e+00,2.318702936172485352e+00,1.513293623924255371e+00,4.926817893981933594e+00,3.119824409484863281e+00,-4.431544303894042969e+00,-3.328084230422973633e+00,-1.579052686691284180e+00,-4.390425682067871094e+00,1.111095905303955078e+00,7.478741645812988281e+00,1.055815577507019043e+00,-5.564802885055541992e-01,9.480545520782470703e-01,8.220806717872619629e-01,2.122793197631835938e+00,2.833071947097778320e+00,-1.156227588653564453e-01,-5.164173841476440430e-01,1.104701876640319824e+00,-4.031398773193359375e+00,-4.672427177429199219e+00,-7.577655792236328125e+00,-1.071627235412597656e+01,-2.410735130310058594e+00,-2.015014171600341797e+00,-5.181642532348632812e+00,-8.985064506530761719e+00,-1.071373939514160156e+01,-1.244266319274902344e+01,-1.360546684265136719e+01,-1.498879432678222656e+01,-1.731391716003417969e+01,-1.516736412048339844e+01,-1.310764694213867188e+01,-1.666110229492187500e+01,-9.786528587341308594e+00,-3.440991640090942383e+00,-9.545459747314453125e+00,-1.439833545684814453e+01,-1.513162040710449219e+01,-2.080144882202148438e+01,-1.123461818695068359e+01,-5.191357612609863281e+00,-5.661374568939208984e+00,-1.174842548370361328e+01,-1.143213462829589844e+01,-1.364666938781738281e+01,-1.191902446746826172e+01,-1.262169456481933594e+01,-1.208427715301513672e+01,-1.646607971191406250e+01,-1.629078674316406250e+01,-1.162893486022949219e+01,-1.075565147399902344e+01,-9.839966773986816406e+00,-6.013497352600097656e+00,-8.356198310852050781e+00,-1.347770690917968750e+01,-8.490260124206542969e+00,-1.053793430328369141e+01,-9.951453208923339844e+00,-1.083689785003662109e+01,-1.085002708435058594e+01,-7.053706645965576172e+00,-1.032242012023925781e+01,-8.630559921264648438e+00,-1.092748069763183594e+01,-1.197137069702148438e+01,-1.415188217163085938e+01,-7.649697780609130859e+00,1.950088500976562500e+00,-3.288210630416870117e+00,-5.462319850921630859e+00,-6.087632179260253906e+00,-4.147934913635253906e+00,-5.396834373474121094e+00,-1.066068935394287109e+01,-1.648433685302734375e+01,-1.390049171447753906e+01,-1.396967029571533203e+01,-1.533241176605224609e+01,-9.489612579345703125e+00,-3.382379055023193359e+00,-4.405623435974121094e+00,-1.037342166900634766e+01,-1.312841892242431641e+01,-1.554750633239746094e+01,-1.441601943969726562e+01,-1.419466209411621094e+01,-1.265172004699707031e+01,-1.485265064239501953e+01,-1.178134918212890625e+01,-8.012612342834472656e+00,-1.555550384521484375e+01,-1.544917678833007812e+01,-1.355028438568115234e+01,-9.791707992553710938e+00,-5.581035614013671875e+00,-6.078540802001953125e+00,-3.253502845764160156e+00,-6.341419696807861328e+00,-4.934435844421386719e+00,-4.268308162689208984e+00,-6.529174804687500000e+00,-1.856311917304992676e+00,-9.696823358535766602e-02,-2.937081336975097656e+00,-1.139640712738037109e+01,-1.649572753906250000e+01,-1.060589790344238281e+01,-2.868118047714233398e+00,-2.863161802291870117e+00,-7.969275951385498047e+00,2.936041355133056641e-02,5.718904972076416016e+00,4.315469741821289062e+00,2.790721893310546875e+00,1.260378718376159668e+00,-3.804619789123535156e+00,-4.897335529327392578e+00,-9.321864128112792969e+00,-8.515584945678710938e+00,-6.386271476745605469e+00,-1.234443378448486328e+01,-1.892354202270507812e+01,-1.315011405944824219e+01,-6.595294475555419922e+00,-4.882850646972656250e+00,-6.868444919586181641e+00,-9.772834777832031250e+00,-1.430385780334472656e+01,-1.691144752502441406e+01,-1.458564186096191406e+01,-1.205297660827636719e+01,-1.416952514648437500e+01,-1.797423934936523438e+01,-1.823319244384765625e+01,-1.626092910766601562e+01,-1.040957260131835938e+01,-8.549270629882812500e+00,-1.112566947937011719e+01,-1.031287479400634766e+01,-1.068741607666015625e+01,-1.088625526428222656e+01,-7.045653820037841797e+00,-5.805376052856445312e+00,-8.208306312561035156e+00,-9.412870407104492188e+00,-8.079496383666992188e+00,-4.398100852966308594e+00,-5.008831977844238281e+00,-4.187265396118164062e+00,-4.077605247497558594e+00,-3.642805576324462891e+00,-1.062276268005371094e+01,-9.599091529846191406e+00,-6.787105560302734375e+00,-7.340081214904785156e+00,-8.858910560607910156e+00,-5.912856101989746094e+00,-2.175702810287475586e+00,-2.177733898162841797e+00,-3.416795253753662109e+00,-5.132204532623291016e+00,-1.807947874069213867e+00,3.014869213104248047e+00,-8.384990692138671875e-01,-5.223819255828857422e+00,-7.899476051330566406e+00,-5.147603988647460938e+00,-7.102094650268554688e+00,-2.769288301467895508e+00,-5.900751113891601562e+00,-1.114875888824462891e+01,-7.971312999725341797e+00,-6.460432529449462891e+00,-8.425964355468750000e+00,-1.260854339599609375e+01,-1.799388504028320312e+01,-1.107091140747070312e+01,-5.797770500183105469e+00,-9.531912803649902344e+00,-9.224720001220703125e+00,-1.038561153411865234e+01,-1.634337425231933594e+01,-7.638426780700683594e+00,-5.615982055664062500e+00,-7.102353096008300781e+00,-1.047691345214843750e+01,-9.909598350524902344e+00,-1.186474800109863281e+01,-1.189855384826660156e+01,-1.042335891723632812e+01,-9.767877578735351562e+00,-7.657296180725097656e+00,-1.133247375488281250e+01,-1.478315067291259766e+01,-6.751208305358886719e+00,-6.274068832397460938e+00,-7.380249023437500000e+00,-5.932118892669677734e+00,-1.295403957366943359e+00,6.512495040893554688e+00,-3.676244497299194336e+00,-3.840999603271484375e+00,-1.094301033020019531e+01,-1.321094322204589844e+01,-9.542488098144531250e+00,-4.289406299591064453e+00,-7.755315899848937988e-01,2.174061775207519531e+00,-2.481004714965820312e+00,-4.688730716705322266e+00,-3.859157323837280273e+00,2.595944404602050781e-01,9.155404567718505859e-02,1.145438194274902344e+00,-1.155278205871582031e+00,-8.892887115478515625e+00,-6.415990829467773438e+00,-2.323660373687744141e+00,-4.210327148437500000e+00,1.749540805816650391e+00,-1.769312024116516113e-01,-6.716146469116210938e+00,-7.384245872497558594e+00,-6.930319786071777344e+00,-6.725732803344726562e+00,-8.753019332885742188e+00,-6.123878002166748047e+00,-3.777575016021728516e+00,-4.956449508666992188e+00,-6.695453643798828125e+00,-7.588289260864257812e+00,-5.954379081726074219e+00,-8.662988662719726562e+00,-8.163161277770996094e+00,-1.453403234481811523e+00,-4.618815898895263672e+00,-7.054694175720214844e+00,-8.246519088745117188e+00,-9.372744560241699219e+00,-9.948909759521484375e+00,-5.827874660491943359e+00,-5.548560142517089844e+00,-7.472716808319091797e+00,-9.827646255493164062e+00,-8.230746269226074219e+00,-9.482784271240234375e+00,-8.235353469848632812e+00,-3.769562721252441406e+00,3.034643173217773438e+00,-1.675822377204895020e+00,-1.178225326538085938e+01,-9.926128387451171875e+00,-1.200629234313964844e+00,2.244195222854614258e+00,-1.790268659591674805e+00,-4.567976474761962891e+00,-2.170639514923095703e+00,7.182512283325195312e+00,8.194940567016601562e+00,3.898224830627441406e+00,6.109644889831542969e+00,4.794900894165039062e+00,-1.208181142807006836e+00,-9.683444976806640625e+00,-7.737230777740478516e+00,-1.940978050231933594e+00,-1.825544118881225586e+00,-8.623538970947265625e+00,-1.621125030517578125e+01,-1.946049118041992188e+01,-1.817128372192382812e+01,-1.461036682128906250e+01,-1.805270576477050781e+01,-1.420740699768066406e+01,-1.483453941345214844e+01,-1.567826461791992188e+01,-2.011017990112304688e+01,-2.926004409790039062e+01,-2.722320175170898438e+01,-1.899482727050781250e+01,-1.741973114013671875e+01,-1.532508563995361328e+01,-1.424457550048828125e+01,-9.046806335449218750e+00,-1.337043380737304688e+01,-1.982201576232910156e+01,-2.202125549316406250e+01,-2.202493286132812500e+01,-1.694600677490234375e+01,-1.241007614135742188e+01,-1.587965488433837891e+01,-1.603253555297851562e+01,-1.833337402343750000e+01,-1.932070922851562500e+01,-2.224818038940429688e+01,-2.312285804748535156e+01,-1.959847450256347656e+01,-1.847035598754882812e+01,-1.120676326751708984e+01,-1.767908287048339844e+01,-1.770427703857421875e+01,-1.927910804748535156e+01,-2.004169082641601562e+01,-1.812737655639648438e+01,-1.732691955566406250e+01,-1.633939552307128906e+01,-1.048781394958496094e+01,-8.431747436523437500e+00,-9.945577621459960938e+00,-1.293737411499023438e+01,-1.463463306427001953e+01,-1.581669807434082031e+01,-1.230977821350097656e+01,-1.336755561828613281e+01,-1.866361999511718750e+01,-1.900667572021484375e+01,-1.423462104797363281e+01,-1.362673473358154297e+01,-1.426106452941894531e+01,-1.277709960937500000e+01,-1.167545700073242188e+01,-9.768890380859375000e+00,-3.736808776855468750e+00,-2.062054395675659180e+00,-1.756773591041564941e+00,-5.609316825866699219e+00,-5.950278282165527344e+00,-4.719051361083984375e+00,-5.046256065368652344e+00,-4.870056152343750000e+00,-6.296157836914062500e+00,-1.857534646987915039e+00,-6.519636631011962891e+00,-1.232818412780761719e+01,-1.281484699249267578e+01,-1.230805778503417969e+01,-7.824709892272949219e+00,-8.862564086914062500e+00,-1.844200897216796875e+01,-1.766249847412109375e+01,-1.258818817138671875e+01,-1.397078514099121094e+01,-9.064709663391113281e+00,-3.302757501602172852e+00,-2.704366445541381836e+00,-1.071856689453125000e+01,-1.632173156738281250e+01,-1.442151832580566406e+01,-8.815382957458496094e+00,-8.921806335449218750e+00,-5.242897987365722656e+00,-3.735287666320800781e+00,-4.060195922851562500e+00,-3.432230472564697266e+00,-9.112483978271484375e+00,-5.997183799743652344e+00,-5.706630706787109375e+00,-1.463846302032470703e+01,-1.660169982910156250e+01,-9.996419906616210938e+00,-9.463941574096679688e+00,-1.011901855468750000e+01,-1.315218353271484375e+01,-9.749816894531250000e+00,-9.778532385826110840e-01,-1.514033555984497070e+00,-7.035849571228027344e+00,-7.990516662597656250e+00,-1.238704967498779297e+01,-1.632205581665039062e+01,-1.465052700042724609e+01,-1.833841323852539062e+01,-1.943989562988281250e+01,-1.503617477416992188e+01,-1.037774848937988281e+01,-6.284843921661376953e+00,-5.381852149963378906e+00,-4.854898929595947266e+00,-3.363471984863281250e+00,-4.016202926635742188e+00,-5.626070976257324219e+00,-8.787582397460937500e+00,-6.032815456390380859e+00,-2.793646335601806641e+00,-8.912784576416015625e+00,-7.393549919128417969e+00,-7.483673095703125000e+00,-5.753926277160644531e+00,-6.776610612869262695e-01,-1.516755580902099609e+00,-5.967590332031250000e+00,-7.756627082824707031e+00,-7.451162338256835938e+00,-6.076208591461181641e+00,-7.786814689636230469e+00,-6.159560680389404297e+00,-8.295774459838867188e+00,-1.715365600585937500e+01,-1.432004547119140625e+01,-6.922475337982177734e+00,-9.187828063964843750e+00,-6.135139465332031250e+00,-4.211848258972167969e+00,-4.562032699584960938e+00,-5.962972640991210938e+00,-3.197491884231567383e+00,-5.956176757812500000e+00,-1.201277542114257812e+01,-1.071579742431640625e+01,-1.307361412048339844e+01,-1.222296333312988281e+01,-1.276714038848876953e+01,-1.360202789306640625e+01,-1.365583992004394531e+01,-1.637864112854003906e+01,-2.002039718627929688e+01,-2.439848327636718750e+01,-2.049540138244628906e+01,-9.840030670166015625e+00,-7.211650848388671875e+00,-9.200677871704101562e+00,-1.165849113464355469e+01,-7.123277187347412109e+00,-4.023302555084228516e+00,6.622402071952819824e-01,-2.495676517486572266e+00,-4.234303474426269531e+00,-7.412905216217041016e+00,-6.156108379364013672e+00,-3.457855701446533203e+00,-2.368195533752441406e+00,-4.682992935180664062e+00,-7.561945438385009766e+00,-3.600503921508789062e+00,-4.224160194396972656e+00,5.478571057319641113e-01,-3.045331478118896484e+00,-7.877677917480468750e+00,-2.234523296356201172e+00,-2.782564163208007812e-01,-5.354857921600341797e+00,-3.369830608367919922e+00,2.230348587036132812e-01,-1.659225940704345703e+00,-5.015587806701660156e+00,-1.675342559814453125e+01,-2.218614578247070312e+01,-2.268003654479980469e+01,-1.729690933227539062e+01,-1.725341987609863281e+01,-1.333415031433105469e+01,-1.135079956054687500e+01,-9.069058418273925781e+00,-1.287915134429931641e+01,-1.258092117309570312e+01,-6.081333160400390625e+00,-5.798974037170410156e+00,-9.661144256591796875e+00,-1.568888664245605469e+01,-1.562676048278808594e+01,-1.502022647857666016e+01,-1.496575260162353516e+01,-1.473709774017333984e+01,-6.926527023315429688e+00,-7.657622337341308594e+00,-1.026773452758789062e+01,-5.349802970886230469e+00,-2.972489595413208008e+00,-2.161869049072265625e+00,-1.353152275085449219e+00,6.133015632629394531e+00,6.959080696105957031e+00,-2.237397193908691406e+00,-4.393142700195312500e+00,-5.121335506439208984e+00,-5.539469718933105469e+00,-6.174846649169921875e+00,-7.795128345489501953e+00,-1.105204963684082031e+01,-8.622972488403320312e+00,-4.489647865295410156e+00,-4.158343791961669922e+00,-3.732322692871093750e+00,-2.077894210815429688e+00,9.893697500228881836e-02,1.051855325698852539e+00,1.976173400878906250e+00,3.189000785350799561e-01,-2.977116346359252930e+00,-2.190904378890991211e+00,-1.026020765304565430e+00,-5.226744174957275391e+00,-3.452526569366455078e+00,-2.414043247699737549e-02,2.456752777099609375e+00,4.514458656311035156e+00,3.196779251098632812e+00,-4.705406427383422852e-01,-2.393661499023437500e+00,-7.684946060180664062e-03,-8.821824073791503906e+00,-8.457017898559570312e+00,-1.015815830230712891e+01,-1.315210723876953125e+01,-1.384365272521972656e+01,-1.625399398803710938e+01,-7.545109748840332031e+00,-6.847815513610839844e+00,-1.444013404846191406e+01,-1.193649578094482422e+01,-1.264989376068115234e+01,-1.262133312225341797e+01,-1.106674385070800781e+01,-1.535594272613525391e+01,-1.669138336181640625e+01,-2.171234893798828125e+01,-2.757962799072265625e+01,-2.269449234008789062e+01,-2.110746765136718750e+01,-1.947033309936523438e+01,-2.125192451477050781e+01,-2.483408355712890625e+01,-2.474903106689453125e+01,-1.613203430175781250e+01,-1.775808334350585938e+01,-2.065472030639648438e+01,-1.802885818481445312e+01,-1.451665973663330078e+01,-1.224563598632812500e+01,-1.045493316650390625e+01,-7.913647174835205078e+00,-1.241119003295898438e+01,-8.376762390136718750e+00,-5.705265998840332031e+00,-5.155102729797363281e+00,-4.611975848674774170e-01,-2.573819160461425781e+00,-8.118761062622070312e+00,-1.593219947814941406e+01,-1.562065505981445312e+01,-1.337611579895019531e+01,-9.904585838317871094e+00,-6.139251232147216797e+00,-9.642209053039550781e+00,-5.498524188995361328e+00,-1.034412622451782227e+00,-2.167463302612304688e+00,-9.160856246948242188e+00,-1.388168907165527344e+01,-8.664438247680664062e+00,-1.355636978149414062e+01,-1.211340332031250000e+01,-9.466161727905273438e+00,-2.853186845779418945e+00,6.294790506362915039e-01,-1.243969917297363281e+00,1.235465049743652344e+00,-4.328101158142089844e+00,-1.104142189025878906e+01,-1.341218471527099609e+01,-1.443432712554931641e+01,-1.902546310424804688e+01,-1.303121185302734375e+01,-8.127934455871582031e+00,-1.456853294372558594e+01,-1.189058303833007812e+01,-7.702659606933593750e+00,-6.680406570434570312e+00,-1.802868461608886719e+01,-2.823043060302734375e+01,-2.932371139526367188e+01,-2.800330543518066406e+01,-2.379571914672851562e+01,-2.152716636657714844e+01,-2.115110015869140625e+01,-2.335554885864257812e+01,-2.226031112670898438e+01,-2.037716484069824219e+01,-1.359009742736816406e+01,-1.286921977996826172e+01,-1.403027439117431641e+01,-9.050504684448242188e+00,-2.837039232254028320e+00,4.666070461273193359e+00,6.060974121093750000e+00,4.310413837432861328e+00,1.207889795303344727e+00,-2.246370077133178711e+00,-9.797283172607421875e+00,-1.215085983276367188e+01,-1.527520275115966797e+01,-1.761004257202148438e+01,-1.095970344543457031e+01,2.127313613891601562e+00,5.843687534332275391e+00,1.093477129936218262e+00,-1.975417494773864746e+00,-4.394021034240722656e+00,-6.200084686279296875e+00,-4.564047813415527344e+00,-3.150222778320312500e+00,6.148583889007568359e-01,1.952891111373901367e+00,-3.105660915374755859e+00,-3.653951406478881836e+00,-4.273417472839355469e+00,1.316681861877441406e+00,1.280961513519287109e+00,7.969833612442016602e-01,3.156064748764038086e+00,8.176465630531311035e-01,-2.513461589813232422e+00,-4.459594488143920898e-01,3.077084064483642578e+00,2.182099819183349609e+00,-2.300790786743164062e+00,-1.351825594902038574e-01,-6.416394233703613281e+00,-2.043376684188842773e+00,2.341278791427612305e-01,-2.995636224746704102e+00,-2.122825384140014648e+00,-3.741482496261596680e+00,-6.564857482910156250e+00,-7.441038131713867188e+00,-6.303484916687011719e+00,-3.520233392715454102e+00,-2.661920547485351562e+00,-3.159969329833984375e+00,-1.072975993156433105e+00,-3.297033309936523438e+00,-2.084002017974853516e+00,3.582312345504760742e+00,1.146672487258911133e+00,5.389401316642761230e-01,-4.506223201751708984e+00,-7.142062187194824219e+00,-3.185356616973876953e+00,-7.546540260314941406e+00,-8.788507461547851562e+00,-2.944985628128051758e+00,-2.542222023010253906e+00,-5.850676536560058594e+00,-7.941735267639160156e+00,-9.993166923522949219e+00,-7.013716220855712891e+00,-3.868397712707519531e+00,-4.775174617767333984e+00,-5.221009731292724609e+00,-1.318403124809265137e+00,-2.583246231079101562e+00,-5.452838897705078125e+00,-4.851075649261474609e+00,-6.582523345947265625e+00,-1.259809112548828125e+01,-8.922794342041015625e+00,-5.078159332275390625e+00,-4.967525005340576172e+00,-6.050659656524658203e+00,-1.108719444274902344e+01,-1.181937217712402344e+01,-7.990075111389160156e+00,-7.911403656005859375e+00,-9.415643692016601562e+00,-6.542253971099853516e+00,-4.098717689514160156e+00,1.131665706634521484e-02,-2.152231693267822266e+00,-1.061676263809204102e+00,5.853679776191711426e-01,-1.224833726882934570e-02,-7.363653659820556641e+00,-4.958122253417968750e+00,-5.176867961883544922e+00,-6.086585044860839844e+00,-1.082754611968994141e+00,-4.233492374420166016e+00,-6.985486984252929688e+00,-6.115854263305664062e+00,-5.132524490356445312e+00,-4.665579199790954590e-01,-4.462489128112792969e+00,-2.900949478149414062e+00,4.261181831359863281e+00,3.791518688201904297e+00,-4.192109405994415283e-02,-1.910724163055419922e+00,-3.849446773529052734e+00,-3.701943635940551758e+00,-3.016319036483764648e+00,-4.192575454711914062e+00,-2.080086231231689453e+00,-4.965817034244537354e-01,3.021139383316040039e+00,2.927412390708923340e-01,-7.245647430419921875e+00,-3.867051601409912109e+00,-5.942208290100097656e+00,-1.080436515808105469e+01,-3.645445108413696289e+00,-1.438032507896423340e+00,-1.295355415344238281e+01,-1.298568725585937500e+01,-1.766993331909179688e+01,-1.497888469696044922e+01,-4.832287788391113281e+00,-3.155121803283691406e+00,-9.729400634765625000e+00,-1.473051643371582031e+01,-1.012279129028320312e+01,-6.391227722167968750e+00,-9.345525741577148438e+00,-1.077495288848876953e+01,-6.950182914733886719e+00,-7.985124588012695312e+00,-7.557374954223632812e+00,-1.183471679687500000e+01,-1.283080387115478516e+01,-1.744750595092773438e+01,-1.702286911010742188e+01,-1.503599643707275391e+01,-1.613312339782714844e+01,-1.785066032409667969e+01,-1.807451057434082031e+01,-1.848280715942382812e+01,-1.776766586303710938e+01,-1.358577346801757812e+01,-1.367480278015136719e+01,-1.257953166961669922e+01,-1.158859729766845703e+01,-1.233270454406738281e+01,-1.050061035156250000e+01,-1.321995258331298828e+01,-1.697455406188964844e+01,-1.918793106079101562e+01,-1.540015983581542969e+01,-9.494096755981445312e+00,-6.344601631164550781e+00,-6.177447319030761719e+00,-6.702196121215820312e+00,-4.978529930114746094e+00,-6.548290252685546875e+00,-1.072249794006347656e+01,-1.448416233062744141e+01,-1.490128040313720703e+01,-1.313584518432617188e+01,-1.664755630493164062e+01,-1.002741813659667969e+01,-3.455831050872802734e+00,-2.156539440155029297e+00,-3.285059690475463867e+00,-7.598699569702148438e+00,-1.749909591674804688e+01,-2.016909217834472656e+01,-1.667109489440917969e+01,-1.288151931762695312e+01,-7.227359771728515625e+00,-6.873697280883789062e+00,-1.820460081100463867e+00,4.392431259155273438e+00,9.077094078063964844e+00,4.559538841247558594e+00,-6.145781993865966797e+00,-1.013673400878906250e+01,-1.200968933105468750e+01,-1.011704063415527344e+01,-1.208259773254394531e+01,-1.056396007537841797e+01,-9.097845077514648438e+00,-8.036100387573242188e+00,-9.524326324462890625e+00,-1.517654418945312500e+01,-1.497564125061035156e+01,-1.648987579345703125e+01,-1.733902359008789062e+01,-1.631654739379882812e+01,-1.714087677001953125e+01,-1.737259674072265625e+01,-2.030796432495117188e+01,-3.491003513336181641e+00,6.397466659545898438e+00,8.891819000244140625e+00,1.184727478027343750e+01,1.352146816253662109e+01,1.101097297668457031e+01,-7.585404515266418457e-01,-2.389812171459197998e-01,5.241107940673828125e-02,-1.271600008010864258e+00,-2.364067077636718750e+00,-1.628624200820922852e+00,-4.248624324798583984e+00,-9.895950317382812500e+00,-1.337108421325683594e+01,-8.948905944824218750e+00,-7.242874622344970703e+00,-6.889735221862792969e+00,-2.034907102584838867e+00,1.346898078918457031e+00,1.482226371765136719e+00,-2.017585992813110352e+00,-8.838687896728515625e+00,-6.433699131011962891e+00,-1.681543111801147461e+00,-2.065674066543579102e+00,2.129914522171020508e+00,1.422586888074874878e-01,-5.570108890533447266e+00,-4.994373321533203125e+00,-2.966587781906127930e+00,-6.868969440460205078e+00,-1.268077087402343750e+01,-1.119316577911376953e+01,-6.111762046813964844e+00,-6.078591346740722656e+00,-1.237037277221679688e+01,-4.997182846069335938e+00,-4.067145884037017822e-01,7.113757729530334473e-01,3.630814075469970703e+00,2.400154590606689453e+00,6.151849746704101562e+00,-2.587933063507080078e+00,-9.872995376586914062e+00,-5.383962631225585938e+00,1.432112336158752441e+00,2.704636096954345703e+00,2.407313823699951172e+00,-1.078831672668457031e+00,-7.959053516387939453e-01,3.818372249603271484e+00,2.633160114288330078e+00,-3.329416275024414062e+00,-8.676496505737304688e+00,-6.277916908264160156e+00,-9.982517242431640625e+00,-2.168313598632812500e+01,-2.825536727905273438e+01,-2.280084991455078125e+01,-1.614973449707031250e+01,-1.577188968658447266e+01,-1.427647876739501953e+01,-8.499866485595703125e+00,-1.168484306335449219e+01,-1.249159431457519531e+01,-6.989726543426513672e+00,-7.866500854492187500e+00,-6.630300045013427734e+00,-1.041102051734924316e+00,-1.374469280242919922e+00,-1.072345352172851562e+01,-1.563278484344482422e+01,-1.580124092102050781e+01,-1.210183811187744141e+01,-1.056012821197509766e+01,-7.852014541625976562e+00,-1.159216499328613281e+01,-1.571630287170410156e+01,-9.696850776672363281e+00,-3.166848182678222656e+00,5.759307861328125000e+00,5.613416671752929688e+00,5.054751396179199219e+00,3.973016023635864258e+00,7.014109611511230469e+00,2.341505527496337891e+00,-4.262925624847412109e+00,5.636352300643920898e-01,4.170777320861816406e+00,4.426318168640136719e+00,-6.991559267044067383e-01,-1.819110631942749023e+00,-1.563492774963378906e+00,-1.168103814125061035e+00,2.618310928344726562e+00,7.457112312316894531e+00,3.783810853958129883e+00,4.313254952430725098e-01,-8.035082817077636719e+00,-8.451725006103515625e+00,-9.666647911071777344e+00,-8.823362350463867188e+00,-1.288696575164794922e+01,-1.429132270812988281e+01,-1.048831653594970703e+01,-3.639253854751586914e+00,-3.338740110397338867e+00,-5.836399078369140625e+00,-9.942690849304199219e+00,-1.201028823852539062e+01,-1.082457256317138672e+01,-1.203939819335937500e+01,-1.103417491912841797e+01,-7.238247871398925781e+00,-1.187283706665039062e+01,-1.457122802734375000e+01,-6.770248413085937500e+00,-7.414855480194091797e+00,-4.313329219818115234e+00,9.077477455139160156e-02,-4.022416114807128906e+00,-6.870886802673339844e+00,-1.128825759887695312e+01,-1.069550704956054688e+01,-2.404484272003173828e+00,2.438206672668457031e+00,1.629502773284912109e-01,-3.947321891784667969e+00,-1.965574026107788086e+00,2.914131641387939453e+00,-1.690610289573669434e+00,-5.523628234863281250e+00,-1.207505989074707031e+01,-1.629775238037109375e+01,-1.748882675170898438e+01,-1.181475353240966797e+01,-1.228674697875976562e+01,-1.408709526062011719e+01,-7.393109321594238281e+00,-1.457998752593994141e+00,-3.060027122497558594e+00,-6.785775423049926758e-01,2.546921491622924805e+00,2.998383045196533203e+00,4.687455296516418457e-01,-8.355399370193481445e-01,-5.899075269699096680e-01,-1.576808214187622070e+00,1.708043575286865234e+00,4.792707443237304688e+00,3.926949262619018555e+00,8.399783968925476074e-01,1.776605606079101562e+00,4.665435791015625000e+00,9.662134170532226562e+00,4.077411651611328125e+00,1.714273929595947266e+00,1.541860342025756836e+00,-4.199070632457733154e-01,-1.382780790328979492e+00,1.404073715209960938e+00,2.735688209533691406e+00,-1.134127259254455566e+00,-5.223181843757629395e-01,1.117987275123596191e+00,3.803436756134033203e-01,-1.469483733177185059e+00,4.561094045639038086e-01,-3.777282476425170898e+00,-2.396670341491699219e+00,-1.039609527587890625e+01,-1.220429039001464844e+01,-5.336256980895996094e+00,-5.207301616668701172e+00,-8.095630645751953125e+00,-1.248435783386230469e+01,-1.240744304656982422e+01,-1.347265434265136719e+01,-9.210857391357421875e+00,-1.544309902191162109e+01,-1.499580097198486328e+01,-1.728727340698242188e+01,-1.463112735748291016e+01,-8.337945938110351562e+00,-7.924544334411621094e+00,-1.387214946746826172e+01,-1.206879329681396484e+01,-7.327465057373046875e+00,-9.478892326354980469e+00,-1.173682022094726562e+01,-8.511127471923828125e+00,-1.261302566528320312e+01,-1.893659591674804688e+01,-1.964690399169921875e+01,-2.365611267089843750e+01,-2.072596740722656250e+01,-1.365703868865966797e+01,-7.399325370788574219e+00,-3.238691568374633789e+00,-7.025053977966308594e+00,-1.366860580444335938e+01,-1.716656303405761719e+01,-1.767986679077148438e+01,-1.745621871948242188e+01,-1.555094718933105469e+01,-1.453543663024902344e+01,-1.432035064697265625e+01,-1.194618225097656250e+01,-1.123795032501220703e+01,-1.318113517761230469e+01,-1.679425621032714844e+01,-1.717476654052734375e+01,-2.100999832153320312e+01,-2.042374420166015625e+01,-1.688845443725585938e+01,-1.529387664794921875e+01,-1.415091896057128906e+01,-1.735812950134277344e+01,-1.164849472045898438e+01,-7.062928676605224609e+00,-3.286031246185302734e+00,-7.072773933410644531e+00,-8.832900047302246094e+00,-1.713656902313232422e+00,-7.109245777130126953e+00,-1.251457405090332031e+01,-1.648966598510742188e+01,-1.807461166381835938e+01,-1.327287101745605469e+01,-6.883077621459960938e+00,-5.775650501251220703e+00,-9.010131835937500000e+00,-1.132696437835693359e+01,-7.762066841125488281e+00,-4.540075778961181641e+00,-6.927195072174072266e+00,-9.861964225769042969e+00,-1.119796180725097656e+01,-9.987115859985351562e+00,-9.207975387573242188e+00,-7.404563903808593750e+00,-4.071346282958984375e+00,-3.884907722473144531e+00,-7.057483792304992676e-01,-2.285539627075195312e+00,-8.432998657226562500e-01,2.544823884963989258e+00,7.452300548553466797e+00,3.630258560180664062e+00,1.050362706184387207e+00,4.369856834411621094e+00,9.647689819335937500e+00,5.362959861755371094e+00,3.489499092102050781e+00,1.036002731323242188e+01,1.383893013000488281e+01,9.718953132629394531e+00,5.042296886444091797e+00,4.810744762420654297e+00,3.759480476379394531e+00,4.247310161590576172e+00,3.706483364105224609e+00,4.730074405670166016e+00,7.131501197814941406e+00,9.729326248168945312e+00,9.328448295593261719e+00,9.931898117065429688e+00,9.978563308715820312e+00,1.106969451904296875e+01,9.796258926391601562e+00,-3.496161460876464844e+00,-2.966582775115966797e+00,-6.360472679138183594e+00,-2.026598930358886719e+01,-2.210982513427734375e+01,-2.266218566894531250e+01,-2.064376258850097656e+01,-1.606903839111328125e+01,-4.795365810394287109e+00,-2.992025375366210938e+00,-6.581147670745849609e+00,-6.504759788513183594e+00,-1.814548110961914062e+01,-2.365911483764648438e+01,-1.712194824218750000e+01,-1.524888706207275391e+01,-1.203351974487304688e+01,-1.124039077758789062e+01,-1.129681205749511719e+01,-1.084326362609863281e+01,-9.944911956787109375e+00,-7.800110340118408203e+00,-5.689732551574707031e+00,-7.928081512451171875e+00,-1.149960231781005859e+01,-1.655075836181640625e+01,-1.723371124267578125e+01,-1.472005844116210938e+01,-1.840794754028320312e+01,-1.695282363891601562e+01,-1.508449745178222656e+01,-9.776674270629882812e+00,-5.083372116088867188e+00,-8.111229538917541504e-01,2.165315628051757812e+00,-1.363789916038513184e+00,1.757707476615905762e+00,3.643716812133789062e+00,3.556167125701904297e+00,2.982615470886230469e+00,4.284364700317382812e+00,9.020405411720275879e-01,2.441671371459960938e+00,-2.540576457977294922e-01,-4.563445091247558594e+00,-2.299991607666015625e+00,-2.286819458007812500e+00,-1.261502265930175781e+00,3.114962100982666016e+00,-3.742103576660156250e+00,-4.386917114257812500e+00,-4.278011322021484375e+00,6.043149232864379883e-01,-5.935004949569702148e-01,-6.049489974975585938e-01,-2.912048816680908203e+00,-1.847521781921386719e+00,-7.810049057006835938e+00,-1.587579631805419922e+01,-1.213644218444824219e+01,-5.888115882873535156e+00,-3.524160861968994141e+00,-8.490908622741699219e+00,-6.989132165908813477e-01,-2.522058486938476562e+00,-8.423048973083496094e+00,-1.262904739379882812e+01,-4.862671852111816406e+00,-2.642271518707275391e+00,-6.321369171142578125e+00,-6.380066871643066406e+00,-1.217856979370117188e+01,-1.762576675415039062e+01,-2.137796974182128906e+01,-1.916874313354492188e+01,-2.076946830749511719e+01,-2.179463577270507812e+01,-2.009249687194824219e+01,-1.444472312927246094e+01,-5.902457237243652344e+00,-2.042910337448120117e+00,4.768979251384735107e-01,-5.488462448120117188e+00,-3.645357608795166016e+00,-4.484930038452148438e+00,-1.292530345916748047e+01,-1.703457832336425781e+01,-1.187772369384765625e+01,-1.127639865875244141e+01,-1.163355255126953125e+01,-1.764543151855468750e+01,-1.536601066589355469e+01,-1.179013633728027344e+01,-3.942654371261596680e+00,-3.016316652297973633e+00,-1.357496070861816406e+01,-1.629034423828125000e+01,-1.333716773986816406e+01,-1.596029663085937500e+01,-2.364091873168945312e+01,-2.054253959655761719e+01,-1.476194763183593750e+01,-5.441246032714843750e+00,-7.347642898559570312e+00,-6.892851829528808594e+00,-6.285943984985351562e+00,-8.641010284423828125e+00,-8.896034240722656250e+00,-9.941266059875488281e+00,-1.942196273803710938e+01,-2.212045288085937500e+01,-2.066609954833984375e+01,-1.912052536010742188e+01,-1.489108848571777344e+01,-1.754724884033203125e+01,-1.723882293701171875e+01,-1.272449493408203125e+01,-1.152818393707275391e+01,-1.480819892883300781e+01,-2.092385482788085938e+01,-2.440390777587890625e+01,-2.147000885009765625e+01,-1.302909469604492188e+01,-1.519837665557861328e+01,-1.727424621582031250e+01,-1.318798255920410156e+01,-1.164996147155761719e+01,-9.304716110229492188e+00,-7.843554019927978516e+00,-1.026771545410156250e+01,-1.411791896820068359e+01,-1.545585441589355469e+01,-1.129551506042480469e+01,-1.070928192138671875e+01,-4.668014526367187500e+00,-6.406279563903808594e+00,-2.308578968048095703e+00,6.047713756561279297e-02,-2.348896026611328125e+00,7.529854774475097656e-03,-8.846859931945800781e+00,-1.739980125427246094e+01,-1.765892791748046875e+01,-1.494975280761718750e+01,-1.114665412902832031e+01,-8.186601638793945312e+00,-6.947524547576904297e+00,-8.828363418579101562e+00,-1.287904167175292969e+01,-1.269798564910888672e+01,-1.021992778778076172e+01,-8.720794677734375000e+00,-7.323195457458496094e+00,-5.567128658294677734e+00,-7.731623649597167969e+00,-8.375434875488281250e+00,-7.169458866119384766e+00,-6.397799015045166016e+00,-4.105309486389160156e+00,-7.412612915039062500e+00,-9.628128051757812500e+00,-1.124785804748535156e+01,-1.345683193206787109e+01,-1.840699577331542969e+01,-1.508316421508789062e+01,-9.206836700439453125e+00,-1.106916999816894531e+01,-8.885498046875000000e+00,-1.130501270294189453e+00,-5.567408800125122070e-01,4.929107725620269775e-01,4.572175502777099609e+00,-2.863430500030517578e+00,-7.000105857849121094e+00,-6.053352355957031250e+00,-9.474008560180664062e+00,-1.359165573120117188e+01,-1.282854747772216797e+01,-1.036431312561035156e+01,-9.767547607421875000e+00,-1.129311084747314453e+01,-9.258787155151367188e+00,-1.915394306182861328e+00,1.030852556228637695e+00,-2.887517929077148438e+00,-1.185978698730468750e+01,-2.073604965209960938e+01,-1.847415161132812500e+01,-1.501134490966796875e+01,-1.272546386718750000e+01,-9.320725798606872559e-01,-5.899220466613769531e+00,-5.064809799194335938e+00,-5.635829448699951172e+00,-2.658650875091552734e+00,5.286526679992675781e-02,2.468119382858276367e+00,2.725857496261596680e-01,-3.227525472640991211e+00,-4.170783996582031250e+00,2.414393126964569092e-01,4.992164373397827148e-01,-1.748641371726989746e+00,4.115508079528808594e+00,2.839117050170898438e-01,-4.109148025512695312e+00,-1.240154862403869629e+00,-3.625500202178955078e+00,-4.018539786338806152e-01,-4.836379051208496094e+00,-3.052821397781372070e+00,3.430602073669433594e+00,1.984251141548156738e+00,2.875026464462280273e-01,-1.226654291152954102e+00,-2.527223587036132812e+00,1.098376512527465820e-01,-2.543575525283813477e+00,4.480075538158416748e-01,5.077655792236328125e+00,1.093480348587036133e+00,-1.498975753784179688e+00,-7.395320534706115723e-01,1.370992422103881836e+00,-2.083462953567504883e+00,-3.265162229537963867e+00,-1.229092121124267578e+00,2.697140216827392578e+00,-4.273011207580566406e+00,-1.532838249206542969e+01,-1.702445411682128906e+01,-1.742870140075683594e+01,-2.214709472656250000e+01,-1.324321937561035156e+01,-8.324798583984375000e+00,-8.582930564880371094e+00,-8.679878234863281250e+00,-9.588603973388671875e+00,-6.045151233673095703e+00,-2.265508890151977539e+00,-2.648439884185791016e+00,-5.279650211334228516e+00,-4.741767883300781250e+00,-1.918845891952514648e+00,-7.518723011016845703e-01,-9.691142082214355469e+00,-1.134978485107421875e+01,-4.261736869812011719e+00,5.618165731430053711e-01,1.954890727996826172e+00,-7.845568180084228516e+00,-8.718532562255859375e+00,-9.126749038696289062e+00,-1.087808990478515625e+01,-1.374570083618164062e+01,-6.534678459167480469e+00,-1.170512962341308594e+01,-2.438562774658203125e+01,-1.937427902221679688e+01,-8.618071556091308594e+00,-1.223855113983154297e+01,-1.601616287231445312e+01,-1.039561557769775391e+01,-1.004947853088378906e+01,-1.142283248901367188e+01,-1.802273750305175781e+01,-2.132757186889648438e+01,-2.395117187500000000e+01,-2.690162658691406250e+01,-2.565223693847656250e+01,-2.213614654541015625e+01,-1.543715286254882812e+01,-1.163356781005859375e+01,-1.730088043212890625e+01,-1.662515258789062500e+01,-1.734247589111328125e+01,-1.600835418701171875e+01,-1.213430213928222656e+01,-1.393202209472656250e+01,-1.180459213256835938e+01,-8.534934043884277344e+00,-8.227727890014648438e+00,-3.155631303787231445e+00,-4.485013484954833984e+00,-1.161252975463867188e+01,-9.204162597656250000e+00,-1.100336074829101562e+01,-6.287909030914306641e+00,2.008636474609375000e+00,7.981740951538085938e+00,3.449486017227172852e+00,-1.018949985504150391e+00,8.641416430473327637e-01,-7.635395050048828125e+00,-9.606369018554687500e+00,3.148157596588134766e-01,4.190524101257324219e+00,-1.071282386779785156e+00,-4.717155933380126953e+00,-5.168044090270996094e+00,-1.421663880348205566e+00,-1.435444712638854980e+00,-3.410721063613891602e+00,-7.708705067634582520e-01,-2.606546878814697266e+00,-4.740800857543945312e+00,-7.477057933807373047e+00,-1.125732421875000000e+01,-5.875519752502441406e+00,-9.730707406997680664e-01,-3.569904565811157227e-01,-1.186575174331665039e+00,-9.710020065307617188e+00,-1.074455451965332031e+01,-2.757954835891723633e+00,-4.297606468200683594e+00,-1.238997936248779297e+01,-1.159863948822021484e+01,-8.932830810546875000e+00,-9.943734169006347656e+00,-9.774820327758789062e+00,-8.258021354675292969e+00,-8.474058151245117188e+00,-1.170960140228271484e+01,-8.067970275878906250e+00,-9.781185150146484375e+00,-1.511332511901855469e+01,-1.611595153808593750e+01,-1.242264747619628906e+01,-1.108465099334716797e+01,-1.047411155700683594e+01,-1.714374542236328125e+01,-1.219289493560791016e+01,-6.196847915649414062e+00,-1.048870468139648438e+01,-8.740240335464477539e-01,7.418576240539550781e+00,8.380876541137695312e+00,-2.014040946960449219e+00,-3.516292572021484375e+00,2.239224433898925781e+00,-3.446929156780242920e-01,-6.317210793495178223e-01,-2.139383792877197266e+00,-5.861607551574707031e+00,-9.845025539398193359e-01,-1.143647313117980957e+00,1.614384651184082031e-01,7.596627473831176758e-01,-3.959346055984497070e+00,-4.362935066223144531e+00,-2.535527944564819336e+00,4.020155906677246094e+00,4.369555473327636719e+00,-5.127825736999511719e-01,-1.156339883804321289e+00,-2.179827690124511719e-01,-1.416764736175537109e+00,-5.726311206817626953e-01,-6.088070869445800781e-01,6.499418616294860840e-01,6.018707156181335449e-02,6.061951637268066406e+00,9.781858444213867188e+00,7.343505024909973145e-01,-4.226870834827423096e-01,-1.456130862236022949e+00,-7.956811785697937012e-01,-4.567679882049560547e+00,-7.168056011199951172e+00,-1.261158084869384766e+01,-7.323992252349853516e+00,-5.667332649230957031e+00,-1.002581024169921875e+01,-7.769082069396972656e+00,-5.828706264495849609e+00,-1.070367813110351562e+01,-1.895595932006835938e+01,-1.940016937255859375e+01,-1.691063308715820312e+01,-1.815666580200195312e+01,-1.503977966308593750e+01,-1.638058090209960938e+01,-1.541145324707031250e+01,-7.144085884094238281e+00,-1.434321403503417969e+01,-1.363400173187255859e+01,-1.825439834594726562e+01,-1.550013923645019531e+01,-1.878727912902832031e+01,-1.527191734313964844e+01,-1.080546188354492188e+01,-1.202768039703369141e+01,-1.354291534423828125e+01,-1.624381637573242188e+01,-1.669924354553222656e+01,-1.667463684082031250e+01,-1.424486064910888672e+01,-8.518651962280273438e+00,-1.286183238029479980e+00,-2.991064548492431641e+00,-6.383028507232666016e+00,-2.526727676391601562e+00,-5.533695697784423828e+00,-3.022467613220214844e+00,-1.572795152664184570e+00,-1.609459638595581055e+00,-3.925848484039306641e+00,-1.213816523551940918e+00,-1.854538917541503906e-01,-1.533489823341369629e-01,-4.362464904785156250e+00,-3.709795951843261719e+00,-8.903967142105102539e-01,2.455095052719116211e+00,1.141762018203735352e+00,-4.407450199127197266e+00,-6.400668621063232422e+00,-1.195741939544677734e+01,-1.724416351318359375e+01,-1.245350265502929688e+01,-1.362233257293701172e+01,-9.775661468505859375e+00,-8.921566963195800781e+00,-1.091480636596679688e+01,-1.057962989807128906e+01,-1.116370010375976562e+01,-8.185282707214355469e+00,-5.528019428253173828e+00,-1.242206573486328125e+01,-8.579069137573242188e+00,-4.208269119262695312e+00,-5.786379814147949219e+00,-7.946600914001464844e+00,-1.310683727264404297e+01,-9.615038871765136719e+00,-2.013608694076538086e+00,-2.809624195098876953e+00,-1.921017527580261230e+00,-1.204315185546875000e+00,-2.212468147277832031e+00,-3.297696352005004883e+00,-1.293733358383178711e+00,-4.810997486114501953e+00,-6.369017601013183594e+00,-5.469515800476074219e+00,-5.037909984588623047e+00,-8.311608314514160156e+00,-6.230773925781250000e+00,-2.400134086608886719e+00,-4.473685741424560547e+00,-1.160861110687255859e+01,-1.018796730041503906e+01,-7.879659175872802734e+00,-6.812830924987792969e+00,-9.893486022949218750e+00,-7.433784008026123047e+00,-2.721130847930908203e+00,-3.221390247344970703e+00,-2.176295518875122070e+00,-3.746475219726562500e+00,-2.134794890880584717e-01,-2.998118400573730469e+00,-3.335873842239379883e+00,-5.661766052246093750e+00,-2.777683258056640625e+00,2.290765523910522461e+00,-1.291940808296203613e+00,-5.907486915588378906e+00,-4.133624553680419922e+00,-4.843196868896484375e+00,-3.114596366882324219e+00,3.549797534942626953e+00,2.423966884613037109e+00,-2.970668554306030273e+00,-5.133953571319580078e+00,-9.935202598571777344e+00,-9.229440689086914062e+00,-2.950328350067138672e+00,4.882563948631286621e-01,-3.345281124114990234e+00,-1.138070487976074219e+01,-1.274503135681152344e+01,-1.102845954895019531e+01,-8.816282272338867188e+00,-7.174599647521972656e+00,-8.773534774780273438e+00,-8.960076332092285156e+00,-3.543832778930664062e+00,4.725412845611572266e+00,5.690022468566894531e+00,3.462436199188232422e+00,1.478678464889526367e+00,-1.317755031585693359e+01,-1.524122238159179688e+01,-4.051904678344726562e+00,-3.132512807846069336e+00,-6.321252822875976562e+00,-6.266058921813964844e+00,-6.043970108032226562e+00,-1.270237207412719727e+00,1.123990774154663086e+00,-3.687476634979248047e+00,2.575005531311035156e+00,2.928230762481689453e+00,-1.168586969375610352e+00,-8.039506912231445312e+00,-1.263134956359863281e+01,-1.617036819458007812e+01,-1.757528686523437500e+01,-2.147161483764648438e+01,-2.204566001892089844e+01,-1.986121749877929688e+01,-1.906999206542968750e+01,-1.988461303710937500e+01,-1.502252769470214844e+01,-1.068161869049072266e+01,-7.699243068695068359e+00,-2.481990337371826172e+00,-1.074875068664550781e+01,-2.045305252075195312e+01,-2.148994255065917969e+01,-1.781856727600097656e+01,-1.174891567230224609e+01,-9.095854759216308594e+00,-1.272055816650390625e+01,-9.369336128234863281e+00,-4.154427528381347656e+00,-3.233837604522705078e+00,8.487212657928466797e-02,2.111248731613159180e+00,-1.681754589080810547e+00,-8.194651007652282715e-01,-2.641594409942626953e-01,-1.154543519020080566e+00,1.489129543304443359e+00,7.690581083297729492e-01,4.847786903381347656e+00,5.650927543640136719e+00,-1.145557999610900879e+00,-1.839894175529479980e+00,-3.130163550376892090e-01,1.589722156524658203e+00,-1.305585384368896484e+00,-2.066390514373779297e-01,-4.203453063964843750e+00,-5.391737937927246094e+00,-8.271974563598632812e+00,-5.198325157165527344e+00,-7.476494789123535156e+00,-2.743867874145507812e+00,-1.097494602203369141e+00,9.442871809005737305e-02,-3.281945228576660156e+00,-2.562543749809265137e-01,4.108510017395019531e+00,1.558332204818725586e+00,3.267239570617675781e+00,1.388593673706054688e+00,-3.570448637008666992e+00,-1.976705312728881836e+00,-3.149428367614746094e+00,-6.038034915924072266e+00,-1.135585212707519531e+01,-1.822462844848632812e+01,-2.041974449157714844e+01,-7.488333702087402344e+00,-5.444734573364257812e+00,-2.225164413452148438e+00,-5.600880622863769531e+00,-7.108033657073974609e+00,-9.773643493652343750e+00,-1.368586730957031250e+01,-7.792731285095214844e+00,-7.553985595703125000e+00,-1.079111671447753906e+01,-5.947568416595458984e+00,-5.038411617279052734e-01,-1.106841659545898438e+01,-1.401364707946777344e+01,-1.224218368530273438e+01,-1.151331424713134766e+01,-1.054650306701660156e+01,-1.190251064300537109e+01,-1.340525150299072266e+01,-7.412810325622558594e+00,-9.356268882751464844e+00,-8.899837493896484375e+00,-5.990716934204101562e+00,-4.625574111938476562e+00,-3.059297323226928711e+00,-3.567129373550415039e+00,-9.054910540580749512e-01,-2.846298694610595703e+00,-5.655598640441894531e+00,-5.006755590438842773e-01,8.489308953285217285e-01,-9.809783101081848145e-01,-2.564494132995605469e+00,-2.119868755340576172e+00,-4.375842094421386719e+00,-9.656436920166015625e+00,-2.849567413330078125e+00,-1.881417155265808105e+00,-2.686101436614990234e+00,-4.657552719116210938e+00,-4.111781120300292969e+00,-7.614539861679077148e-01,1.676590442657470703e+00,-3.683386564254760742e+00,-7.284218311309814453e+00,-3.749716520309448242e+00,-3.053770303726196289e+00,-3.703487873077392578e+00,-5.265352725982666016e+00,-1.680021286010742188e+00,-3.457221388816833496e-01,-5.490008354187011719e+00,-7.454372406005859375e+00,-6.832642555236816406e+00,-5.972427129745483398e-02,-9.785174131393432617e-01,-2.712011575698852539e+00,-1.940583705902099609e+00,-4.775090813636779785e-01,-1.230320215225219727e+00,7.866926789283752441e-01,1.229773879051208496e+00,-3.606870889663696289e+00,-1.824191570281982422e+00,-6.388509273529052734e-01,4.240467846393585205e-01,2.638955831527709961e+00,7.236251831054687500e-01,2.602315902709960938e+00,3.571316242218017578e+00,1.670846104621887207e+00,1.117071270942687988e+00,-1.454602837562561035e+00,1.346637010574340820e+00,-4.106840491294860840e-01,-4.260700702667236328e+00,-3.943550586700439453e+00,-2.542489767074584961e-02,-7.808837294578552246e-02,9.261240363121032715e-01,-6.107642173767089844e+00,-3.938925266265869141e+00,-3.098884820938110352e+00,-3.956156730651855469e+00,-3.668230772018432617e+00,-4.266550064086914062e+00,-3.576204299926757812e+00,1.288167715072631836e+00,1.852850675582885742e+00,-3.398502826690673828e+00,-4.158228397369384766e+00,-4.367267131805419922e+00,-6.230794787406921387e-01,-3.841881275177001953e+00,-3.436711788177490234e+00,-1.241888761520385742e+00,-4.358870506286621094e+00,-2.833065509796142578e+00,-7.442293167114257812e-01,-3.058465957641601562e+00,-6.264536857604980469e+00,-7.294859886169433594e+00,-5.432004928588867188e+00,-5.269305706024169922e+00,-5.591960906982421875e+00,-4.219586372375488281e+00,-3.000526428222656250e+00,-8.503154516220092773e-01,-4.199399948120117188e+00,-4.823689460754394531e+00,-5.172284603118896484e+00,3.903255939483642578e+00,1.341627597808837891e+01,6.644190788269042969e+00,1.445204019546508789e-01,-3.223492860794067383e+00,2.352753400802612305e+00,5.012004852294921875e+00,3.826898574829101562e+00,2.940126895904541016e+00,3.803664207458496094e+00,1.052426719665527344e+01,7.422864913940429688e+00,5.345132827758789062e+00,8.872371673583984375e+00,1.142070198059082031e+01,1.140568351745605469e+01,6.819229602813720703e+00,4.068239212036132812e+00,-7.427669763565063477e-01,4.639233112335205078e+00,3.452409207820892334e-01,-1.526080965995788574e+00,-4.243934631347656250e+00,-4.865382671356201172e+00,-5.394703865051269531e+00,-3.483386278152465820e+00,1.669429779052734375e+00,-1.323552489280700684e+00,-5.608629703521728516e+00,-1.326412677764892578e+00,-1.240085840225219727e+00,7.917427420616149902e-01,2.537557601928710938e+00,2.243627309799194336e+00,-2.121882915496826172e+00,-1.694071888923645020e+00,-1.397953033447265625e+00,-1.809679508209228516e+00,-5.457283020019531250e+00,5.785119056701660156e+00,2.339574813842773438e+00,1.759343385696411133e+00,1.373883366584777832e+00,6.985458135604858398e-01,-4.709056854248046875e+00,-9.215730667114257812e+00,-5.396908283233642578e+00,-8.367504119873046875e+00,-1.949254989624023438e+01,-1.893101119995117188e+01,-1.336491775512695312e+01,-8.940293312072753906e+00,-1.341062736511230469e+01,-1.121647453308105469e+01,-4.513380050659179688e+00,-1.003096580505371094e+01,-1.280033874511718750e+01,-6.609693527221679688e+00,-4.204320430755615234e+00,-1.675504112243652344e+01,-2.009111404418945312e+01,-1.941522598266601562e+01,-2.259410476684570312e+01,-2.121086120605468750e+01,-1.973778152465820312e+01,-1.645984268188476562e+01,-1.866315269470214844e+01,-1.311645889282226562e+01,-6.064331054687500000e+00,-3.734932661056518555e+00,-1.071194458007812500e+01,-1.780063438415527344e+01,-1.770878982543945312e+01,-1.111731338500976562e+01,-6.445676803588867188e+00,-4.954753875732421875e+00,-4.934788703918457031e+00,-6.015910148620605469e+00,-1.147527503967285156e+01,-1.343873023986816406e+01,-5.410829544067382812e+00,-3.753892183303833008e+00,-5.127575874328613281e+00,-1.006587505340576172e+01,-9.409606933593750000e+00,-4.409988880157470703e+00,-4.408316135406494141e+00,-3.764530420303344727e+00,-6.699945449829101562e+00,-6.438031196594238281e+00,-4.643858432769775391e+00,1.323339223861694336e+00,-3.131925106048583984e+00,-7.679212093353271484e-01,2.694602489471435547e+00,1.400011897087097168e+00,-7.889145612716674805e-01,-8.534490585327148438e+00,-5.566326141357421875e+00,-3.511152744293212891e+00,-2.272193670272827148e+00,-1.132730603218078613e+00,-3.860550880432128906e+00,-7.378759384155273438e-01,3.072529733180999756e-01,-5.510447621345520020e-01,-4.727146029472351074e-01,-5.082955360412597656e+00,-6.170521736145019531e+00,-9.295237660408020020e-01,-5.912557601928710938e+00,-5.019208908081054688e+00,-4.215674400329589844e+00,-1.461044669151306152e+00,-1.969476342201232910e+00,-4.483633995056152344e+00,-5.391987800598144531e+00,-2.557524919509887695e+00,-2.487230300903320312e-02,2.520789861679077148e+00,-2.327157497406005859e+00,-6.282865524291992188e+00,-7.461419105529785156e+00,-9.502595901489257812e+00,-2.827287197113037109e+00,-2.044095039367675781e+00,-3.502996444702148438e+00,-3.158950090408325195e+00,-4.370067119598388672e-01,2.963571310043334961e+00,-9.108005523681640625e+00,-1.169924068450927734e+01,-5.961005210876464844e+00,1.166544198989868164e+00,-7.008231282234191895e-01,-5.459564208984375000e+00,-2.677897691726684570e+00,6.120720863342285156e+00,-2.300174832344055176e-01,-1.073086166381835938e+01,-1.494752502441406250e+01,-1.675599098205566406e+01,-1.636380386352539062e+01,-1.619019126892089844e+01,-6.044355392456054688e+00,-3.751898288726806641e+00,-1.176057147979736328e+01,-1.801907157897949219e+01,-1.794927597045898438e+01,-1.083267021179199219e+01,-2.705921649932861328e+00,-2.415054559707641602e+00,-5.247252941131591797e+00,-1.003624534606933594e+01,-1.330768108367919922e+01,-2.030716705322265625e+01,-2.370607376098632812e+01,-1.259135627746582031e+01,-8.634191155433654785e-01,3.900037050247192383e+00,5.329234600067138672e+00,6.204758167266845703e+00,5.596935749053955078e+00,1.291158914566040039e+00,-4.151475429534912109e+00,-7.984978675842285156e+00,-1.111334991455078125e+01,-1.362093067169189453e+01,-1.271406269073486328e+01,-1.279146194458007812e+01,-9.176021575927734375e+00,-8.606719970703125000e+00,-8.375614166259765625e+00,-9.162561416625976562e+00,-8.932609558105468750e+00,-1.445867919921875000e+01,-2.253735733032226562e+01,-2.398622894287109375e+01,-2.415203475952148438e+01,-1.576007270812988281e+01,-3.892146587371826172e+00,-5.249852180480957031e+00,-1.416323566436767578e+01,-1.282912063598632812e+01,-1.082021045684814453e+01,-9.680076599121093750e+00,-1.529705619812011719e+01,-1.437596416473388672e+01,-1.168797683715820312e+01,-1.409440231323242188e+01,-1.014102840423583984e+01,-8.688192367553710938e+00,-1.650737762451171875e+01,-1.688257789611816406e+01,-1.332852172851562500e+01,-1.652972412109375000e+01,-1.443452644348144531e+01,-9.677412033081054688e+00,-7.568002700805664062e+00,-1.899292373657226562e+01,-1.688560295104980469e+01,-1.933899307250976562e+01,-1.776815032958984375e+01,-1.319048500061035156e+01,-1.328907012939453125e+01,-1.414574909210205078e+01,-1.342612648010253906e+01,-1.691582489013671875e+01,-2.223385238647460938e+01,-1.523551177978515625e+01,-5.694113254547119141e+00,-2.928318262100219727e+00,-5.887171745300292969e+00,-1.174155044555664062e+01,-1.000758266448974609e+01,-8.727634429931640625e+00,-7.194795131683349609e+00,-6.335254669189453125e+00,-4.870389461517333984e+00,-6.324531555175781250e+00,-9.576425552368164062e+00,-7.162182807922363281e+00,-7.109258651733398438e+00,-2.784982681274414062e+00,-1.632301688194274902e+00,-1.713273048400878906e+00,3.325440883636474609e-01,1.388363122940063477e+00,1.287420392036437988e+00,-3.184129953384399414e+00,-1.263308882713317871e+00,-1.648729324340820312e+00,-4.064263343811035156e+00,-8.356693267822265625e+00,-1.209707069396972656e+01,-9.605105400085449219e+00,-1.175704479217529297e+01,-1.165000534057617188e+01,-1.216381359100341797e+01,-1.124847793579101562e+01,-1.720245361328125000e+01,-1.941111183166503906e+01,-5.806744575500488281e+00,4.354077279567718506e-01,9.206853866577148438e+00,1.134030532836914062e+01,6.030905723571777344e+00,3.798887968063354492e+00,1.812581300735473633e+00,1.184709906578063965e+00,-4.278923988342285156e+00,-3.915361404418945312e+00,-4.213783740997314453e+00,-6.628893852233886719e+00,4.276351332664489746e-01,5.077172517776489258e-01,-3.212492465972900391e+00,-4.076382637023925781e+00,-3.337929010391235352e+00,-6.704971194267272949e-01,-1.418225169181823730e+00,-5.150718212127685547e+00,-9.780954360961914062e+00,-1.264350891113281250e+01,-4.724123477935791016e+00,-4.227196693420410156e+00,-3.939451694488525391e+00,-3.298053264617919922e+00,-4.123221874237060547e+00,-6.072699546813964844e+00,-3.576772212982177734e+00,-5.356085300445556641e-01,-2.812000751495361328e+00,-1.691140174865722656e+00,-2.112282752990722656e+00,1.817485094070434570e-01,4.516774177551269531e+00,4.752746582031250000e+00,3.115881443023681641e+00,2.594765186309814453e+00,-2.446964502334594727e+00,-7.442735195159912109e+00,-8.383564949035644531e+00,5.053581595420837402e-01,-9.528110623359680176e-01,-5.832593917846679688e+00,-4.407826423645019531e+00,-5.128063201904296875e+00,-4.024429798126220703e+00,-8.978200912475585938e+00,-6.708395004272460938e+00,-8.059185028076171875e+00,-9.166124343872070312e+00,-3.309478759765625000e+00,-9.972032308578491211e-01,1.457446455955505371e+00,2.503240108489990234e+00,-1.687494516372680664e+00,1.276937365531921387e+00,7.344616889953613281e+00,6.965579986572265625e+00,7.383742332458496094e+00,2.628543138504028320e+00,-6.499238967895507812e+00,-2.168046951293945312e+00,7.934864997863769531e+00,7.624765872955322266e+00,6.165024757385253906e+00,3.825884342193603516e+00,-2.025342226028442383e+00,-6.080333709716796875e+00,-6.820199489593505859e+00,-5.449555397033691406e+00,-5.542796850204467773e-02,-9.608876109123229980e-01,1.948839545249938965e+00,4.075652122497558594e+00,1.736535668373107910e+00,1.708837270736694336e+00,-3.978900432586669922e+00,-4.353278160095214844e+00,-5.416893482208251953e+00,-3.136320114135742188e+00,-4.833693504333496094e+00,-9.046977996826171875e+00,-9.107637405395507812e+00,-1.099673461914062500e+01,-1.435757923126220703e+01,-1.052843761444091797e+01,-1.084548187255859375e+01,-8.841194152832031250e+00,-6.082342147827148438e+00,-7.180323004722595215e-01,1.720812618732452393e-01,-1.005221843719482422e+01,-7.154326438903808594e+00,-1.094572830200195312e+01,-7.830131530761718750e+00,-1.015818405151367188e+01,-1.516039848327636719e+01,-1.023976612091064453e+01,-7.234889030456542969e+00,-6.544349193572998047e+00,-2.833809375762939453e+00,-1.466113567352294922e+00,-7.833296775817871094e+00,-9.622947692871093750e+00,-5.960993766784667969e+00,-3.160384654998779297e+00,-1.126876068115234375e+01,-1.349772644042968750e+01,-9.552730560302734375e+00,-9.442360877990722656e+00,-9.393806457519531250e+00,-7.658499717712402344e+00,-6.791647911071777344e+00,-7.329259395599365234e+00,-1.178134918212890625e+01,-1.224992561340332031e+01,-4.108849048614501953e+00,-2.093244314193725586e+00,-1.204157257080078125e+01,-2.090666580200195312e+01,-1.784692192077636719e+01,-1.354985618591308594e+01,-1.805525970458984375e+01,-1.749260330200195312e+01,-1.263219070434570312e+01,-1.366547679901123047e+01,-2.138512992858886719e+01,-2.006740570068359375e+01,-1.839364624023437500e+01,-1.304488754272460938e+01,-8.431989669799804688e+00,-1.099834251403808594e+01,-1.573788738250732422e+01,-1.348488807678222656e+01,-1.458126068115234375e+01,-1.624547958374023438e+01,-1.378061866760253906e+01,-1.324358177185058594e+01,-1.082734584808349609e+01,-7.431969642639160156e+00,-6.730413436889648438e+00,-8.353191375732421875e+00,-1.645539093017578125e+01,-1.854527282714843750e+01,-1.004628181457519531e+01,-5.972035408020019531e+00,-1.336118698120117188e+00,3.487495183944702148e-01,-3.336502313613891602e+00,-6.033778190612792969e+00,-2.975502490997314453e+00,-1.530678510665893555e+00,-1.474299073219299316e+00,-5.672518730163574219e+00,-1.357592773437500000e+01,-1.655920028686523438e+01,-1.998476982116699219e+01,-1.973664665222167969e+01,-1.436498260498046875e+01,-7.768084526062011719e+00,-2.618999481201171875e+00,-5.220634937286376953e+00,-1.421491622924804688e+01,-1.772754669189453125e+01,-1.744916725158691406e+01,-1.273708152770996094e+01,-8.680993080139160156e+00,-8.274177551269531250e+00,-6.750537872314453125e+00,-5.859775543212890625e+00,7.041506171226501465e-01,2.033692836761474609e+00,-4.526477336883544922e+00,-1.412650871276855469e+01,-1.379261016845703125e+01,-1.082070922851562500e+01,-6.008479118347167969e+00,-6.582056283950805664e-01,-2.700372219085693359e+00,-5.272200584411621094e+00,-4.370493412017822266e+00,-9.986560821533203125e+00,-1.193248939514160156e+01,-5.271203517913818359e+00,-8.120431900024414062e+00,-7.602630615234375000e+00,-1.072825813293457031e+01,-1.630139160156250000e+01,-1.305385589599609375e+01,-1.499203681945800781e+01,-1.535139083862304688e+01,-8.557442665100097656e+00,2.759218692779541016e+00,5.106227874755859375e+00,5.298586368560791016e+00,7.342141151428222656e+00,6.089008331298828125e+00,2.419842243194580078e+00,3.584631681442260742e+00,-1.376535415649414062e+00,-9.531227946281433105e-01,-2.666324138641357422e+00,-6.111902236938476562e+00,-6.760844230651855469e+00,-1.713301539421081543e+00,-7.732582092285156250e-01,-1.442502260208129883e+00,-5.039541244506835938e+00,-3.236346244812011719e+00,-4.142475128173828125e+00,-2.737367153167724609e+00,-8.259946703910827637e-01,-2.350234508514404297e+00,-2.891878843307495117e+00,-7.246776580810546875e+00,-5.618892192840576172e+00,-8.708297729492187500e+00,-8.998980522155761719e+00,-6.991518497467041016e+00,-3.851816177368164062e+00,-3.304812908172607422e+00,-2.241255760192871094e+00,-4.115462303161621094e+00,-4.432560443878173828e+00,2.029953479766845703e+00,2.167769670486450195e+00,7.562971115112304688e-01,-4.496503829956054688e+00,-1.944523572921752930e+00,-3.802934169769287109e+00,-6.505589485168457031e+00,-1.024905204772949219e+01,-5.910201072692871094e+00,-5.266891479492187500e+00,-1.267488861083984375e+01,-2.187900924682617188e+01,-2.587594604492187500e+01,-2.597879028320312500e+01,-2.339105987548828125e+01,-1.677385330200195312e+01,-1.184107589721679688e+01,-3.389618396759033203e+00,-4.823805332183837891e+00,-9.475124359130859375e+00,-1.278319168090820312e+01,-1.486780929565429688e+01,-1.222504806518554688e+01,-1.027809333801269531e+01,-1.520646381378173828e+01,-1.696928405761718750e+01,-1.093535804748535156e+01,-7.981373310089111328e+00,-1.031889438629150391e+01,-1.185197448730468750e+01,-9.598735809326171875e+00,-6.340618133544921875e+00,-7.518658638000488281e+00,-7.484176635742187500e+00,-3.452043533325195312e+00,-5.085175514221191406e+00,-4.898865222930908203e+00,-1.180114746093750000e+00,-1.312248229980468750e+00,-6.811057090759277344e+00,-1.109709358215332031e+01,-6.692176342010498047e+00,-7.940022468566894531e+00,-9.424764633178710938e+00,-1.130232810974121094e+01,-8.559735298156738281e+00,-4.647886276245117188e+00,-4.395169258117675781e+00,-9.788783073425292969e+00,-7.310786247253417969e+00,-2.653090000152587891e+00,-7.364964485168457031e-01,-3.331025123596191406e+00,-3.814449071884155273e+00,-6.962465763092041016e+00,-1.426685523986816406e+01,-2.101726531982421875e+01,-2.561322021484375000e+01,-2.042764282226562500e+01,-5.063711643218994141e+00,9.541011810302734375e+00,1.299488830566406250e+01,9.908110618591308594e+00,2.092130899429321289e+00,-3.282393932342529297e+00,1.133718729019165039e+00,5.994914054870605469e+00,8.616752624511718750e+00,8.883409500122070312e+00,1.211845874786376953e+01,-1.580176353454589844e+00,-6.695013999938964844e+00,-4.916358590126037598e-01,6.715369701385498047e+00,5.156741142272949219e+00,-4.361339569091796875e+00,-3.488013744354248047e-01,1.842350244522094727e+00,-4.745863914489746094e+00,-9.332708358764648438e+00,-1.308034896850585938e+01,-1.024701881408691406e+01,-1.386905670166015625e+01,-1.097181320190429688e+01,-3.048238039016723633e+00,-2.878514289855957031e+00,-8.486285209655761719e+00,-9.494281768798828125e+00,-1.066105461120605469e+01,-9.431378364562988281e+00,-9.011233329772949219e+00,-1.378122138977050781e+01,-1.432700347900390625e+01,-1.168074512481689453e+01,-1.285640907287597656e+01,-2.164827919006347656e+01,-2.147222137451171875e+01,-1.619293403625488281e+01,-1.554215621948242188e+01,-1.406365203857421875e+01,-9.829574584960937500e+00,-9.027939796447753906e+00,-6.042977809906005859e+00,-5.066041946411132812e+00,2.815175056457519531e-01,3.439717531204223633e+00,1.495922327041625977e+00,-1.342020034790039062e+00,-5.261868238449096680e-01,-2.753065824508666992e+00,-6.669948101043701172e+00,-4.230231285095214844e+00,-5.195293426513671875e+00,-4.248569011688232422e+00,-6.440137863159179688e+00,-1.292401790618896484e+01,-1.388786697387695312e+01,-1.397747421264648438e+01,-1.370680046081542969e+01,-1.060211277008056641e+01,-7.677022457122802734e+00,-7.783720016479492188e+00,-1.181673717498779297e+01,-1.587647819519042969e+01,-1.410829162597656250e+01,-1.256627845764160156e+01,-2.027156448364257812e+01,-2.462059783935546875e+01,-2.239091110229492188e+01,-2.463044357299804688e+01,-2.381219863891601562e+01,-1.666724395751953125e+01,-1.175926399230957031e+01,-1.222877407073974609e+01,-1.171052169799804688e+01,-1.405876350402832031e+01,-1.859441184997558594e+01,-1.158574485778808594e+01,-9.690513610839843750e-01,-1.822326898574829102e+00,-3.835000991821289062e+00,-5.429319381713867188e+00,7.498878240585327148e-01,1.767541766166687012e+00,-9.992356300354003906e-01,-5.094486236572265625e+00,-5.189712524414062500e+00,-5.709616661071777344e+00,-7.048581123352050781e+00,-8.158496856689453125e+00,-1.292955207824707031e+01,-1.035173416137695312e+01,-5.889919281005859375e+00,-3.196749448776245117e+00,-5.514074325561523438e+00,-5.633680343627929688e+00,-8.323001861572265625e-02,2.912060737609863281e+00,-7.921917438507080078e-01,-9.488513946533203125e+00,-1.555806255340576172e+01,-1.710867691040039062e+01,-1.623154830932617188e+01,-1.164437294006347656e+01,-1.420646953582763672e+01,-1.884487533569335938e+01,-1.725022888183593750e+01,-1.663312721252441406e+01,-1.218947982788085938e+01,-1.449882316589355469e+01,-1.716984176635742188e+01,-1.349662113189697266e+01,-1.059388351440429688e+01,-1.183754539489746094e+01,-1.508252906799316406e+01,-1.286294078826904297e+01,-8.514346122741699219e+00,-1.117423629760742188e+01,-1.257346248626708984e+01,-1.991690635681152344e+01,-2.449969863891601562e+01,-2.126405715942382812e+01,-1.776475524902343750e+01,-2.205040359497070312e+01,-1.343691825866699219e+01,-4.459700584411621094e+00,-3.226743459701538086e+00,-4.654160022735595703e+00,-6.100685119628906250e+00,-8.533358573913574219e+00,-1.011737537384033203e+01,-1.098536109924316406e+01,-1.237205600738525391e+01,-9.888156890869140625e+00,-4.434244155883789062e+00,-4.048473358154296875e+00,-2.204634666442871094e+00,-2.181600332260131836e+00,1.657478570938110352e+00,5.206595897674560547e+00,4.076585769653320312e+00,8.780112266540527344e-01,-3.214908838272094727e-01,3.210956811904907227e+00,2.481562137603759766e+00,-1.736501097679138184e+00,-2.039499282836914062e+00,2.899657249450683594e+00,1.216925859451293945e+00,-8.771772384643554688e+00,-1.895485687255859375e+01,-2.579446029663085938e+01,-2.906826782226562500e+01,-2.453690338134765625e+01,-1.872292709350585938e+01,-1.191390228271484375e+01,-1.306581592559814453e+01,-1.366088294982910156e+01,-2.044149780273437500e+01,-1.979678916931152344e+01,-1.629907226562500000e+01,-1.164797019958496094e+01,-8.380510330200195312e+00,-6.268847465515136719e+00,-1.047222709655761719e+01,-1.031011295318603516e+01,-7.598693847656250000e+00,-1.062470054626464844e+01,-8.235028266906738281e+00,-1.125908660888671875e+01,-1.277406501770019531e+01,-7.138650894165039062e+00,-5.937167167663574219e+00,-8.643960952758789062e+00,-4.235869884490966797e+00,2.720594882965087891e+00,7.048332691192626953e-02,-6.390717983245849609e+00,-6.219977378845214844e+00,-5.482284545898437500e+00,-5.559564590454101562e+00,-1.058641338348388672e+01,-1.154789257049560547e+01,-8.752324104309082031e+00,-1.030648708343505859e+00,-1.060001611709594727e+00,-5.816823959350585938e+00,-1.448901844024658203e+01,-1.578796577453613281e+01,-1.173584938049316406e+01,-1.038143157958984375e+01,-1.424679279327392578e+01,-2.009972190856933594e+01,-2.403399658203125000e+01,-2.067228317260742188e+01,-2.195774269104003906e+01,-2.033968734741210938e+01,-5.667123794555664062e+00,3.381043910980224609e+00,6.553957462310791016e+00,6.033291339874267578e+00,9.173884391784667969e+00,1.136520099639892578e+01,1.516197299957275391e+01,1.305395889282226562e+01,1.237340354919433594e+01,5.802764415740966797e+00,2.187853813171386719e+00,4.131058692932128906e+00,7.858450412750244141e-01,-2.281614542007446289e+00,-7.968407630920410156e+00,-6.750512599945068359e+00,-7.776621818542480469e+00,-6.098540306091308594e+00,-7.809968471527099609e+00,-8.010454177856445312e+00,-1.133270072937011719e+01,-9.725342750549316406e+00,-6.784470558166503906e+00,-6.988472461700439453e+00,-1.173029661178588867e+00,-3.496908187866210938e+00,-1.123517417907714844e+01,-1.387657737731933594e+01,-7.586127281188964844e+00,-8.042473793029785156e-01,-2.944028615951538086e+00,-5.567053318023681641e+00,-5.518385887145996094e+00,-9.840974807739257812e+00,-9.065834045410156250e+00,-1.395151329040527344e+01,-1.702723312377929688e+01,-1.169895458221435547e+01,-6.566956996917724609e+00,-1.013515281677246094e+01,-1.036077594757080078e+01,-6.453365802764892578e+00,-3.163348913192749023e+00,-6.697405338287353516e+00,-8.413946151733398438e+00,-6.608867645263671875e+00,-6.552139282226562500e+00,-7.438583374023437500e+00,-1.439255523681640625e+01,-1.672080612182617188e+01,-1.384518241882324219e+01,-1.323488521575927734e+01,-1.270866966247558594e+01,-1.872442626953125000e+01,-2.200090599060058594e+01,-2.005059432983398438e+01,-2.049646759033203125e+01,-2.104209899902343750e+01,-2.055651092529296875e+01,-1.615284729003906250e+01,-2.669175720214843750e+01,-2.340088653564453125e+01,-1.779225730895996094e+01,-1.462039089202880859e+01,-1.278860092163085938e+01,-3.128113985061645508e+00,3.377798318862915039e+00,2.226601839065551758e-01,-2.536101579666137695e+00,-4.086229324340820312e+00,-1.662551879882812500e+00,-5.740981698036193848e-01,-2.911545634269714355e-01,-5.670808792114257812e+00,-1.265645980834960938e+01,-1.360713195800781250e+01,-1.310386085510253906e+01,-8.293970108032226562e+00,-1.347327423095703125e+01,-2.389901733398437500e+01,-2.903248214721679688e+01,-3.007500457763671875e+01,-2.260347366333007812e+01,-2.091045761108398438e+01,-2.005346679687500000e+01,-9.374134063720703125e+00,-5.660190582275390625e+00,-1.149895477294921875e+01,-1.188544845581054688e+01,-1.005528163909912109e+01,-1.109828186035156250e+01,-8.734183311462402344e+00,-1.056416606903076172e+01,-1.123002529144287109e+01,-1.254992008209228516e+01,-1.216889953613281250e+01,-1.360178947448730469e+01,-1.241073417663574219e+01,-9.425153732299804688e+00,-6.658485412597656250e+00,-1.608369588851928711e+00,-8.080510497093200684e-01,-5.156573772430419922e+00,-5.965353012084960938e+00,-6.978655815124511719e+00,-8.198226928710937500e+00,-9.093341827392578125e+00,-1.277304649353027344e+01,-1.359008598327636719e+01,-3.013053178787231445e+00,-9.620121002197265625e+00,-1.190316009521484375e+01,-1.176495742797851562e+01,-8.824888229370117188e+00,-9.627657890319824219e+00,-1.379610443115234375e+01,-1.439964866638183594e+01,-1.112864494323730469e+01,-6.922370910644531250e+00,-1.002285766601562500e+01,-1.226825141906738281e+01,-1.287540054321289062e+01,-1.187003326416015625e+01,-1.032086277008056641e+01,-8.758563995361328125e+00,-8.916022300720214844e+00,-4.840874671936035156e+00,4.079144001007080078e+00,6.706982612609863281e+00,1.026184844970703125e+01,4.763551235198974609e+00,2.952159643173217773e+00,1.036856889724731445e+00,-4.259204864501953125e-01,3.288906335830688477e+00,1.784956932067871094e+00,-4.565492868423461914e-01,1.053726673126220703e-02,1.048359394073486328e+00,-7.324385643005371094e-02,-4.691646575927734375e+00,1.928332328796386719e+00,7.549643993377685547e+00,1.071858978271484375e+01,6.486366748809814453e+00,8.491066694259643555e-01,1.939006328582763672e+00,2.595929145812988281e+00,9.164101600646972656e+00,1.295915317535400391e+01,5.957112312316894531e+00,3.654323101043701172e+00,6.664502143859863281e+00,-3.834455609321594238e-01,-1.685014724731445312e+00,-5.154558181762695312e+00,-1.281363868713378906e+01,-1.678777885437011719e+01,-1.204335975646972656e+01,-1.029502105712890625e+01,-1.426996421813964844e+01,-1.390471076965332031e+01,-6.361629486083984375e+00,-6.216432452201843262e-01,-5.596617460250854492e-01,2.140156030654907227e-01,-1.036530876159667969e+01,-7.753214836120605469e+00,-2.060386657714843750e+00,3.958046674728393555e+00,9.181724548339843750e+00,7.449500560760498047e+00,6.493644714355468750e+00,-1.409887909889221191e+00,-5.890275955200195312e+00,-3.584815263748168945e+00,1.934740781784057617e+00,-2.702208042144775391e+00,-3.655313014984130859e+00,-4.770593166351318359e+00,-9.126791954040527344e+00,-2.538012981414794922e+00,5.162308216094970703e-01,-6.101177930831909180e-01,-3.623968601226806641e+00,-7.912213325500488281e+00,-8.879067420959472656e+00,-7.242310047149658203e+00,-5.708889007568359375e+00,-6.321274757385253906e+00,-1.452919840812683105e+00,-3.331373453140258789e+00,-5.673409938812255859e+00,-7.201331615447998047e+00,-6.414341926574707031e+00,-4.072376728057861328e+00,-2.853297710418701172e+00,-4.841920852661132812e+00,-3.982919216156005859e+00,-3.133862972259521484e+00,-3.796537876129150391e+00,-9.544202089309692383e-01,-3.353535413742065430e+00,-3.391483068466186523e+00,-4.593403816223144531e+00,-4.378722667694091797e+00,-3.638264417648315430e+00,-5.271812438964843750e+00,-5.894112110137939453e+00,-7.376098155975341797e+00,-7.150918006896972656e+00,-1.048370170593261719e+01,-8.891227722167968750e+00,-3.815811872482299805e+00,-6.495661735534667969e+00,-6.730034351348876953e+00,-6.002092361450195312e+00,-5.781775474548339844e+00,2.401324957609176636e-01,-9.021398544311523438e+00,-1.116220283508300781e+01,-1.053139686584472656e+01,-1.307372474670410156e+01,-2.224910736083984375e+01,-2.481101608276367188e+01,-2.083863067626953125e+01,-2.143633651733398438e+01,-1.572235107421875000e+01,-1.714537048339843750e+01,-3.256232452392578125e+01,-3.838380050659179688e+01,-3.618669128417968750e+01,-3.328544998168945312e+01,-3.090436363220214844e+01,-2.755244064331054688e+01,-2.097006225585937500e+01,-2.167025375366210938e+01,-2.076007843017578125e+01,-1.797305679321289062e+01,-1.784733963012695312e+01,-1.208932685852050781e+01,-7.047823905944824219e+00,-6.333244800567626953e+00,-6.558679580688476562e+00,-1.225898742675781250e+01,-1.477812385559082031e+01,-8.281599044799804688e+00,-4.908557891845703125e+00,-2.065600872039794922e+00,-4.111932277679443359e+00,-5.843708038330078125e+00,-1.172253417968750000e+01,-1.558109188079833984e+01,-1.336563301086425781e+01,-1.438312625885009766e+01,-1.442498016357421875e+01,-1.825716590881347656e+01,-1.703157043457031250e+01,-1.394165420532226562e+01,-1.367440032958984375e+01,-1.324304103851318359e+01,-1.511763000488281250e+01,-1.188476371765136719e+01,-1.488699150085449219e+01,-2.273298645019531250e+01,-2.264783096313476562e+01,-1.959568786621093750e+01,-1.509305381774902344e+01,-2.122494125366210938e+01,-2.141742134094238281e+01,-1.855061531066894531e+01,-1.880502700805664062e+01,-2.182402420043945312e+01,-1.906515884399414062e+01,-1.229187393188476562e+01,-9.767208099365234375e+00,-1.051558876037597656e+01,-1.275602531433105469e+01,-1.548882865905761719e+01,-9.770030021667480469e+00,-5.210153579711914062e+00,-1.086735820770263672e+01,-1.050009536743164062e+01,-7.334658145904541016e+00,-9.049068450927734375e+00,-7.726874351501464844e+00,-7.450142860412597656e+00,-3.239404439926147461e+00,6.323552131652832031e-01,-3.537777960300445557e-01,-6.448207855224609375e+00,-2.278669595718383789e+00,-2.069638967514038086e+00,-7.019923210144042969e+00,-8.874423980712890625e+00,-8.877342224121093750e+00,-8.568325042724609375e+00,-7.726481437683105469e+00,-1.077361297607421875e+01,-1.439104747772216797e+01,-1.028259849548339844e+01,-9.149871826171875000e+00,-7.534308433532714844e+00,-8.537780761718750000e+00,-1.446050643920898438e+01,-2.162252807617187500e+01,-2.267924880981445312e+01,-1.942344856262207031e+01,-2.019818115234375000e+01,-1.761849975585937500e+01,-1.365432357788085938e+01,-1.364095115661621094e+01,-7.202845573425292969e+00,-9.528381347656250000e+00,-1.262534523010253906e+01,-2.648105621337890625e+00,9.586486816406250000e-01,-4.600445628166198730e-01,-2.203200817108154297e+00,-4.062780857086181641e+00,-3.867148876190185547e+00,1.886108636856079102e+00,7.937800884246826172e-01,-3.222724676132202148e+00,-5.045335292816162109e+00,-4.932453155517578125e+00,-7.039473533630371094e+00,-4.076501369476318359e+00,-3.363885879516601562e+00,-1.373587489128112793e+00,1.787945747375488281e+00,1.832532435655593872e-01,-6.447422027587890625e+00,-3.407413959503173828e-01,-1.197315812110900879e+00,-5.696342468261718750e+00,-8.117857933044433594e+00,-8.578407287597656250e+00,-9.246401786804199219e+00,-8.437038421630859375e+00,-7.728039264678955078e+00,-3.557828903198242188e+00,-4.872630596160888672e+00,-7.119145393371582031e+00,-3.591779708862304688e+00,-5.627287864685058594e+00,-6.177505493164062500e+00,-4.521822929382324219e+00,-7.278295993804931641e+00,-5.043251991271972656e+00,-1.403114080429077148e+00,-4.795531272888183594e+00,-6.900124073028564453e+00,-3.155004262924194336e+00,-1.813768625259399414e+00,-1.377390146255493164e+00,-4.969583988189697266e+00,-5.348509311676025391e+00,-5.396531105041503906e+00,-3.929342031478881836e+00,-5.543292999267578125e+00,-6.542717933654785156e+00,-1.075770378112792969e+01,-1.019088172912597656e+01,-2.228906393051147461e+00,4.323954582214355469e+00,4.600589752197265625e+00,2.760267734527587891e+00,-3.466445922851562500e+00,-4.036498069763183594e+00,-1.120658516883850098e+00,-5.319337844848632812e-01,-6.718969821929931641e+00,-2.092570114135742188e+01,-2.308711624145507812e+01,-2.053064346313476562e+01,-1.913260650634765625e+01,-8.590424537658691406e+00,-6.254515171051025391e+00,-1.251316928863525391e+01,-1.292391490936279297e+01,-1.056451606750488281e+01,-1.239846038818359375e+01,-1.510786628723144531e+01,-1.668606567382812500e+01,-1.740940856933593750e+01,-9.189400672912597656e+00,-5.324857234954833984e+00,-3.599475860595703125e+00,-3.223002910614013672e+00,-2.174919605255126953e+00,-1.869254350662231445e+00,-4.018562793731689453e+00,-7.444308280944824219e+00,-1.039699649810791016e+01,-1.013859272003173828e+01,-4.093012332916259766e+00,-4.792894363403320312e+00,-7.954143047332763672e+00,-4.374247550964355469e+00,-5.977553367614746094e+00,-7.465944290161132812e+00,-6.642819404602050781e+00,-1.137759208679199219e+01,-7.315173149108886719e+00,-5.671607971191406250e+00,-4.096846580505371094e+00,-3.226486921310424805e+00,-4.841514587402343750e+00,-3.047379016876220703e+00,-1.641133785247802734e+00,-2.468119382858276367e+00,-2.343611717224121094e+00,-4.950715899467468262e-01,-9.041385054588317871e-01,-3.769081830978393555e+00,-3.457736968994140625e+00,4.977273941040039062e-02,2.160470008850097656e+00,-1.664521455764770508e+00,-1.585194945335388184e+00,-4.203335285186767578e+00,-5.437050819396972656e+00,-5.338852882385253906e+00,-8.233001708984375000e+00,-1.275577735900878906e+01,-1.422247409820556641e+01,-1.163651657104492188e+01,-1.611328697204589844e+01,-1.827877426147460938e+01,-1.689279556274414062e+01,-1.977793312072753906e+01,-1.972840118408203125e+01,-1.430185508728027344e+01,-8.231212615966796875e+00,-1.094919872283935547e+01,-1.330109596252441406e+01,-1.520911788940429688e+01,-1.384277343750000000e+01,-5.168384552001953125e+00,-2.700098991394042969e+00,-1.432805061340332031e-01,-3.278845846652984619e-01,-1.227264404296875000e+00,-4.301437854766845703e+00,-1.444947719573974609e+00,-5.997776508331298828e+00,-1.281700420379638672e+01,-1.608891105651855469e+01,-1.610047912597656250e+01,-9.697811126708984375e+00,-2.894668102264404297e+00,-1.189953422546386719e+01,-2.720167350769042969e+01,-3.077710533142089844e+01,-2.598020553588867188e+01,-2.726034927368164062e+01,-2.764826011657714844e+01,-2.468841171264648438e+01,-2.184320831298828125e+01,-1.712633895874023438e+01,-1.484927272796630859e+01,-2.166990852355957031e+01,-2.574828910827636719e+01,-2.318984985351562500e+01,-2.039161300659179688e+01,-1.944360160827636719e+01,-1.355203628540039062e+01,-9.555578231811523438e+00,-1.224908256530761719e+01,-1.376657867431640625e+01,-4.980343341827392578e+00,-2.428154468536376953e+00,-4.764530181884765625e+00,-8.883045196533203125e+00,-1.390323066711425781e+01,-1.798595619201660156e+01,-1.998499679565429688e+01,-2.118768310546875000e+01,-2.145017242431640625e+01,-2.225868988037109375e+01,-2.076719474792480469e+01,-1.077336597442626953e+01,-6.578951358795166016e+00,2.057755947113037109e+00,3.745233297348022461e+00,3.769545555114746094e+00,2.649252891540527344e+00,4.616978764533996582e-01,2.407526493072509766e+00,4.784731864929199219e+00,3.150714874267578125e+00,4.792343616485595703e+00,-5.290806293487548828e-02,-2.009900569915771484e+00,-4.199048995971679688e+00,-8.840466737747192383e-01,6.041064858436584473e-01,-1.506701111793518066e+00,-4.492769241333007812e+00,-6.311974048614501953e+00,-6.044356346130371094e+00,-1.310881805419921875e+01,-1.501955223083496094e+01,-1.172363662719726562e+01,-4.592389106750488281e+00,-1.275757789611816406e+00,-7.255292892456054688e+00,-1.012004375457763672e+01,-6.474959373474121094e+00,-2.975789546966552734e+00,-4.385766029357910156e+00,-4.428206443786621094e+00,-6.424414157867431641e+00,-6.209470272064208984e+00,-7.986656665802001953e+00,-6.123190879821777344e+00,-6.798275947570800781e+00,-6.819688320159912109e+00,-1.218171715736389160e+00,-7.524201869964599609e-01,-1.103078842163085938e+00,-4.289088726043701172e+00,-7.230463981628417969e+00,-7.951953887939453125e+00,-8.071615219116210938e+00,-3.993170261383056641e+00,-4.287941455841064453e+00,-6.498615264892578125e+00,-8.774278640747070312e+00,-8.370035171508789062e+00,-6.275765419006347656e+00,-1.055478858947753906e+01,-1.569080924987792969e+01,-1.255270004272460938e+01,-8.016777038574218750e+00,-5.936955451965332031e+00,-3.231125831604003906e+00,-1.022006511688232422e+01,-1.175050449371337891e+01,-1.227671241760253906e+01,-1.054321670532226562e+01,-1.192213344573974609e+01,-1.404651451110839844e+01,-1.484698963165283203e+01,-1.993668365478515625e+01,-2.295428466796875000e+01,-1.863703346252441406e+01,-1.807151031494140625e+01,-2.156163597106933594e+01,-1.921193695068359375e+01,-2.201926803588867188e+01,-1.906041336059570312e+01,-1.494105434417724609e+01,-1.364221954345703125e+01,-1.385421371459960938e+01,-1.243697166442871094e+01,-1.082646179199218750e+01,-1.055951499938964844e+01,-6.979527473449707031e+00,-9.377576828002929688e+00,-8.023560523986816406e+00,-2.842696428298950195e+00,-2.638700008392333984e+00,-6.877826690673828125e+00,-6.470874786376953125e+00,-4.369661808013916016e-01,-1.315506815910339355e+00,-3.845863103866577148e+00,-1.654325604438781738e+00,-2.137564182281494141e+00,-9.207389831542968750e+00,-1.445223999023437500e+01,-9.193087577819824219e+00,-5.661947250366210938e+00,-1.077561759948730469e+01,-5.777495384216308594e+00,-4.584969997406005859e+00,-6.810949325561523438e+00,-7.703163146972656250e+00,-2.517822504043579102e+00,-1.148664712905883789e+00,-3.950031995773315430e+00,-6.981429100036621094e+00,-9.031778335571289062e+00,-6.754753112792968750e+00,-7.716315269470214844e+00,-1.324665737152099609e+01,-1.111030387878417969e+01,-3.757684230804443359e+00,-4.119136810302734375e+00,-3.797911643981933594e+00,-1.813740730285644531e+00,-1.122671127319335938e+00,-2.359952330589294434e-01,-2.735750198364257812e+00,-7.482700347900390625e+00,-8.519325256347656250e+00,-9.194617271423339844e+00,-3.733654260635375977e+00,-9.158535003662109375e+00,-1.486991691589355469e+01,-1.572239875793457031e+01,-1.013976001739501953e+01,-2.935662984848022461e+00,2.107190847396850586e+00,-3.193814754486083984e+00,-8.444904327392578125e+00,-6.653955936431884766e+00,-1.160357666015625000e+01,-8.521747589111328125e+00,-5.469018936157226562e+00,-5.201122283935546875e+00,-9.769714355468750000e+00,-1.977165985107421875e+01,-2.378499221801757812e+01,-1.335904979705810547e+01,-4.040289402008056641e+00,-6.469762802124023438e+00,-8.626473426818847656e+00,-5.963419914245605469e+00,-7.345789909362792969e+00,-4.903795242309570312e+00,2.038623690605163574e-01,-1.289203047752380371e+00,-7.904085159301757812e+00,-8.322675704956054688e+00,1.419149756431579590e+00,6.304439544677734375e+00,4.746407508850097656e+00,-1.443980187177658081e-01,-1.230289101600646973e+00,-2.955605030059814453e+00,-6.336901664733886719e+00,-1.076415443420410156e+01,-9.179944992065429688e+00,-8.671586990356445312e+00,-8.573667526245117188e+00,-8.072757720947265625e+00,-3.849278926849365234e+00,-5.954320907592773438e+00,-1.044114494323730469e+01,-9.693622589111328125e+00,-8.358325004577636719e+00,-7.450011253356933594e+00,-5.717870712280273438e+00,-8.185096740722656250e+00,-8.100357055664062500e+00,-5.508356571197509766e+00,-9.712391853332519531e+00,-1.248836517333984375e+01,-7.959582328796386719e+00,-8.444236755371093750e+00,-6.824496746063232422e+00,-1.373978996276855469e+01,-2.185260391235351562e+01,-2.483458709716796875e+01,-2.799603271484375000e+01,-2.597034454345703125e+01,-1.532247543334960938e+01,-1.243557548522949219e+01,-1.256212615966796875e+01,-9.265785217285156250e+00,-1.214286041259765625e+01,-1.197266578674316406e+01,-1.090469074249267578e+01,-1.260516357421875000e+01,-6.092915534973144531e+00,-2.693586349487304688e+00,-8.072019577026367188e+00,-1.400809669494628906e+01,-1.619768905639648438e+01,-1.185873413085937500e+01,-5.242448806762695312e+00,-1.110189628601074219e+01,-1.541344833374023438e+01,-1.660874557495117188e+01,-1.440921783447265625e+01,-1.319122695922851562e+01,-1.105283927917480469e+01,-7.062879562377929688e+00,-6.372312068939208984e+00,-2.949157714843750000e+00,-2.434919834136962891e+00,-1.723796463012695312e+01,-1.787987899780273438e+01,-1.003905582427978516e+01,-1.345395660400390625e+01,-1.221283531188964844e+01,-1.255039882659912109e+01,-2.137884521484375000e+01,-2.426084709167480469e+01,-2.675471115112304688e+01,-2.315708160400390625e+01,-1.939821434020996094e+01,-1.495845603942871094e+01,-1.217676734924316406e+01,-1.225024700164794922e+01,-1.075549507141113281e+01,-9.002165794372558594e+00,-5.331824302673339844e+00,2.130491733551025391e+00,-7.841762304306030273e-01,2.788527965545654297e+00,-1.266824901103973389e-01,-2.229881763458251953e+00,-4.401311874389648438e+00,-6.061532974243164062e+00,-1.147924423217773438e+00,-1.581821441650390625e+00,-4.127497673034667969e+00,-3.215046882629394531e+00,-3.334598541259765625e+00,-9.517830610275268555e-01,-8.954653739929199219e-01,-7.244971752166748047e+00,-8.982015609741210938e+00,-1.098695945739746094e+01,-6.115753173828125000e+00,-8.314476013183593750e+00,-7.507269382476806641e+00,-5.038362503051757812e+00,-1.117859363555908203e+01,-1.388243865966796875e+01,-1.294483375549316406e+01,-1.589890384674072266e+01,-2.058670806884765625e+01,-1.761413192749023438e+01,-1.275230789184570312e+01,-6.611357688903808594e+00,-4.865133762359619141e+00,-1.932215690612792969e+00,-1.026879692077636719e+01,-1.574725341796875000e+01,-1.463287162780761719e+01,-1.150856590270996094e+01,-1.751581573486328125e+01,-1.690253829956054688e+01,-1.311930656433105469e+01,-1.219989204406738281e+01,-5.996912956237792969e+00,-8.122142791748046875e+00,-8.573963165283203125e+00,-8.052633285522460938e+00,-6.295774459838867188e+00,-4.144123077392578125e+00,-5.919382095336914062e+00,2.917925357818603516e+00,2.272118091583251953e+00,9.672453403472900391e-01,-1.492303967475891113e+00,-7.394200563430786133e-02,8.527474403381347656e-01,-6.050810813903808594e+00,-4.545314788818359375e+00,-3.093447446823120117e+00,-7.262765884399414062e+00,-1.409195709228515625e+01,-1.273411655426025391e+01,-1.786105155944824219e+01,-1.559275913238525391e+01,-6.062228202819824219e+00,-2.183223247528076172e+00,-4.765351772308349609e+00,-8.323003768920898438e+00,-1.187220573425292969e+01,-6.189541816711425781e+00,-2.538130521774291992e+00,-5.142564296722412109e+00,-8.389078140258789062e+00,-1.088428783416748047e+01,-5.649778366088867188e+00,-3.304733276367187500e+00,7.103538513183593750e-01,-1.797715872526168823e-01,-7.888267517089843750e+00,-2.239222717285156250e+01,-1.311358451843261719e+01,-7.212695121765136719e+00,1.761623978614807129e+00,3.294145822525024414e+00,-2.570688962936401367e+00,-3.398555755615234375e+00,-7.910693287849426270e-01,3.122623205184936523e+00,3.259927630424499512e-01,-5.258563518524169922e+00,-8.332946777343750000e+00,-1.193275451660156250e+01,-1.612818908691406250e+01,-1.617943954467773438e+01,-1.772673034667968750e+01,-1.636842727661132812e+01,-1.572919464111328125e+01,-1.667875289916992188e+01,-2.509729766845703125e+01,-3.039469909667968750e+01,-2.298240280151367188e+01,-1.503437232971191406e+01,-7.461869239807128906e+00,-6.540394783020019531e+00,-8.944440841674804688e+00,-5.842872619628906250e+00,-4.298163414001464844e+00,-8.225677490234375000e+00,-1.100180053710937500e+01,-9.494306564331054688e+00,-1.057641220092773438e+01,-5.346121788024902344e+00,1.652042150497436523e+00,5.344215035438537598e-01,2.873605251312255859e+00,2.530122280120849609e+00,3.798944234848022461e+00,3.065355777740478516e+00,3.498813390731811523e+00,9.739158630371093750e+00,1.096313095092773438e+01,-3.504145383834838867e+00,-8.562000274658203125e+00,-1.012228298187255859e+01,-1.867445945739746094e+01,-2.407197189331054688e+01,-1.599642944335937500e+01,-6.868349075317382812e+00,-6.755608081817626953e+00,-7.633250236511230469e+00,-1.222466087341308594e+01,-1.949510574340820312e+01,-2.037390327453613281e+01,-1.908789825439453125e+01,-1.507036685943603516e+01,-1.313077545166015625e+01,-1.242641067504882812e+01,-1.750279998779296875e+01,-1.359343814849853516e+01,-1.161528778076171875e+01,-6.509329795837402344e+00,-4.090557098388671875e+00,-4.925899505615234375e+00,2.676448345184326172e+00,4.130567550659179688e+00,-1.220633983612060547e+00,-3.760416746139526367e+00,-1.288630485534667969e+00,-2.319288492202758789e+00,-7.471745491027832031e+00,-1.498498153686523438e+01,-1.518543910980224609e+01,-9.603927612304687500e+00,-6.897154808044433594e+00,-5.486063957214355469e+00,-5.646127223968505859e+00,-2.467707872390747070e+00,-2.596468210220336914e+00,-4.774309635162353516e+00,-5.661088943481445312e+00,-5.865627765655517578e+00,-4.644273757934570312e+00,-1.907662630081176758e+00,-3.778439760208129883e+00,-8.530754089355468750e+00,-7.887870788574218750e+00,-5.727046012878417969e+00,-3.412325620651245117e+00,-5.569293022155761719e+00,-6.612673759460449219e+00,-6.198559761047363281e+00,-1.096745586395263672e+01,-1.347970008850097656e+01,-8.305389404296875000e+00,-9.396418571472167969e+00,-1.010815429687500000e+01,-5.479203701019287109e+00,-3.431619405746459961e+00,-9.055401086807250977e-01,-6.718624591827392578e+00,-9.225871086120605469e+00,-9.492104530334472656e+00,-3.367764234542846680e+00,-7.302580833435058594e+00,-6.648379802703857422e+00,-2.953284978866577148e+00,-3.201343536376953125e+00,-3.502902507781982422e+00,-2.717377245426177979e-01,-3.402704715728759766e+00,-5.573331832885742188e+00,-4.026974201202392578e+00,-4.621518611907958984e+00,-9.565451622009277344e+00,-8.191612243652343750e+00,-3.484708309173583984e+00,-5.404278755187988281e+00,-8.349639892578125000e+00,-8.061597824096679688e+00,-1.471224308013916016e+00,-2.922277450561523438e+00,-6.704225063323974609e+00,-2.834087371826171875e+00,-8.809139251708984375e+00,-6.881815910339355469e+00,2.357314825057983398e+00,-2.482186079025268555e+00,-6.072606086730957031e+00,-2.069632530212402344e+00,-2.098703384399414062e-01,2.743618011474609375e+00,-1.412250518798828125e+00,-4.732886314392089844e+00,-2.986865282058715820e+00,1.133189320564270020e+00,-2.393061161041259766e+00,-7.156399726867675781e+00,-1.064012145996093750e+01,-7.940532684326171875e+00,-8.257881164550781250e+00,-3.682065010070800781e+00,3.744790077209472656e+00,-3.623424768447875977e-01,-1.307630920410156250e+01,-1.404132652282714844e+01,-1.560642242431640625e+01,-1.613051795959472656e+01,-1.870938301086425781e+01,-2.217840003967285156e+01,-1.495043373107910156e+01,-1.801035308837890625e+01,-1.933061790466308594e+01,-2.188919639587402344e+01,-2.647866439819335938e+01,-2.681138992309570312e+01,-2.782698440551757812e+01,-2.179714584350585938e+01,-1.718401336669921875e+01,-1.561606407165527344e+01,-1.351550769805908203e+01,-1.199215316772460938e+01,-1.196402549743652344e+01,-1.233105754852294922e+01,-8.582845687866210938e+00,-6.859299659729003906e+00,-1.899444699287414551e+00,8.380728960037231445e-02,1.667940974235534668e+00,-1.495315790176391602e+00,-7.040001392364501953e+00,-1.290545845031738281e+01,-9.796265602111816406e+00,-4.377173900604248047e+00,-7.191304206848144531e+00,-3.502686500549316406e+00,-2.664597988128662109e+00,-5.686009883880615234e+00,-5.563974380493164062e+00,-3.648298740386962891e+00,-4.730860710144042969e+00,-6.308507442474365234e+00,-4.951592445373535156e+00,-6.505355834960937500e+00,-9.458892822265625000e+00,-7.191464424133300781e+00,-4.865365982055664062e+00,-6.327682495117187500e+00,-1.011151695251464844e+01,-1.431429767608642578e+01,-8.887740135192871094e+00,-1.624635314941406250e+01,-2.108404159545898438e+01,-1.361855506896972656e+01,-1.208868408203125000e+01,-1.227023983001708984e+01,-5.208379745483398438e+00,-1.531328439712524414e+00,-1.780728340148925781e+00,-2.474228858947753906e+00,-8.286020278930664062e+00,-1.450124168395996094e+01,-8.830591201782226562e+00,-4.515915870666503906e+00,-5.030924797058105469e+00,-3.472494363784790039e+00,1.426031589508056641e+00,9.002587199211120605e-01,-1.656887233257293701e-01,1.706958532333374023e+00,1.165886640548706055e+00,-3.905301332473754883e+00,-5.609385490417480469e+00,-5.407020092010498047e+00,-1.585849571228027344e+01,-1.674382400512695312e+01,-1.046789360046386719e+01,-1.211805057525634766e+01,-1.788787841796875000e+01,-1.429389381408691406e+01,-1.411326026916503906e+01,-1.100533103942871094e+01,-1.149361419677734375e+01,-7.039956569671630859e+00,6.832672357559204102e-01,-2.521247625350952148e+00,-1.581094980239868164e+00,-1.284509468078613281e+01,-1.896584320068359375e+01,-1.781995010375976562e+01,-1.416555404663085938e+01,-1.126007080078125000e+01,-9.172142028808593750e+00,-1.076016044616699219e+01,-1.535205745697021484e+01,-1.583052635192871094e+01,-7.907298564910888672e+00,-3.438818931579589844e+00,-9.092442393302917480e-01,-3.625997066497802734e+00,-8.259385108947753906e+00,-8.992056846618652344e+00,-1.214659500122070312e+01,-9.234268188476562500e+00,-5.051190376281738281e+00,-8.748237609863281250e+00,-3.054761171340942383e+00,1.097761273384094238e+00,-1.885730266571044922e+00,-1.440493226051330566e+00,-1.374809741973876953e+00,9.990953803062438965e-01,5.057099342346191406e+00,7.492388725280761719e+00,1.974737167358398438e+00,1.678249359130859375e+00,-3.005766868591308594e+00,-1.244422531127929688e+01,-1.573955249786376953e+01,-1.512842941284179688e+01,-1.006882858276367188e+01,-8.265188217163085938e+00,-1.419529342651367188e+01,-1.274618530273437500e+01,-1.062654495239257812e+01,-9.841478347778320312e+00,-7.529002189636230469e+00,4.433659553527832031e+00,2.198953151702880859e+00,-1.381448507308959961e+00,-4.492117881774902344e+00,-1.017512893676757812e+01,-1.631458663940429688e+01,-1.777965545654296875e+01,-1.268007278442382812e+01,-4.437165737152099609e+00,-8.952143669128417969e+00,-9.498941421508789062e+00,-5.446481704711914062e+00,-3.377122163772583008e+00,-7.375435829162597656e+00,-6.646700859069824219e+00,-8.636814117431640625e+00,-1.184181976318359375e+01,-2.082791328430175781e+01,-2.314976501464843750e+01,-1.463084888458251953e+01,-1.484704208374023438e+01,-1.489428138732910156e+01,-5.344723701477050781e+00,-5.601643085479736328e+00,-8.742349624633789062e+00,-7.241375923156738281e+00,-1.108403110504150391e+01,-2.202253341674804688e+01,-2.153910446166992188e+01,-1.877922821044921875e+01,-1.979495239257812500e+01,-1.764683151245117188e+01,-1.476431655883789062e+01,-1.559172821044921875e+01,-7.341895103454589844e+00,-6.262518882751464844e+00,-4.042018890380859375e+00,-6.666735649108886719e+00,-1.215338993072509766e+01,-1.079380607604980469e+01,-8.286800384521484375e+00,-6.397521018981933594e+00,-4.713694095611572266e+00,-5.180035591125488281e+00,-2.535575866699218750e+00,1.810309648513793945e+00,-8.773483633995056152e-01,-1.133951902389526367e+00,4.890863418579101562e+00,3.995476245880126953e+00,-3.642850875854492188e+00,-1.187103652954101562e+01,-1.210803508758544922e+01,-1.596232128143310547e+01,-1.616494750976562500e+01,-1.624644851684570312e+01,-1.660769271850585938e+01,-1.501438522338867188e+01,-1.552582645416259766e+01,-1.509785747528076172e+01,-9.818813323974609375e+00,-4.703014850616455078e+00,-7.223531723022460938e+00,-2.443682432174682617e+00,7.079409599304199219e+00,6.130424022674560547e+00,7.368141412734985352e-01,-1.139524221420288086e+00,5.144025087356567383e-01,-3.286850929260253906e+00,-9.178709030151367188e+00,-1.061149501800537109e+01,-1.324638557434082031e+01,-1.172786140441894531e+01,-9.890033721923828125e+00,-5.316017150878906250e+00,-6.691575527191162109e+00,-8.934375762939453125e+00,-1.151830863952636719e+01,-1.456348228454589844e+01,-1.154020118713378906e+01,-8.332622528076171875e+00,-2.581372976303100586e+00,5.527029037475585938e+00,5.301057338714599609e+00,5.959183692932128906e+00,2.029711008071899414e+00,2.035646200180053711e+00,-4.064332008361816406e+00,-7.583617210388183594e+00,-4.211637675762176514e-01,-1.704584956169128418e+00,-3.642994642257690430e+00,-7.690190792083740234e+00,-1.171135520935058594e+01,-1.424994277954101562e+01,-1.079917335510253906e+01,-1.050650978088378906e+01,-9.967831611633300781e+00,-1.091374397277832031e+01,-1.114784622192382812e+01,-1.111069297790527344e+01,-1.717159652709960938e+01,-1.235044670104980469e+01,-1.370828628540039062e+01,-1.138048744201660156e+01,-7.613465309143066406e+00,-3.153949737548828125e+00,-1.639614701271057129e+00,4.016955375671386719e+00,5.477441310882568359e+00,2.695292949676513672e+00,-1.665839672088623047e+00,-2.987725257873535156e+00,-6.231163024902343750e+00,-3.950688838958740234e+00,-3.282723903656005859e+00,-1.950573682785034180e+00,-3.118926525115966797e+00,-6.798304080963134766e+00,-3.132338047027587891e+00,-6.604987144470214844e+00,-6.414051055908203125e+00,-5.840065002441406250e+00,-5.105466365814208984e+00,-4.729364871978759766e+00,-4.197029590606689453e+00,5.091953873634338379e-01,-9.916387796401977539e-01,-6.526810169219970703e+00,-8.374866485595703125e+00,-1.166664695739746094e+01,-1.099662017822265625e+01,-8.627563476562500000e+00,8.897507786750793457e-01,3.598052024841308594e+00,9.967967867851257324e-02,-3.492016077041625977e+00,-6.456827163696289062e+00,-5.459858417510986328e+00,-5.046885490417480469e+00,-7.027696132659912109e+00,-8.525804519653320312e+00,-1.060126018524169922e+01,-9.742971420288085938e+00,-4.016608238220214844e+00,-2.850136458873748779e-01,-4.516101360321044922e+00,-5.977260589599609375e+00,-8.944119453430175781e+00,-4.083392143249511719e+00,-1.983498454093933105e+00,-3.706520080566406250e+00,-6.403984069824218750e+00,-6.192891120910644531e+00,-5.460020065307617188e+00,-5.785920143127441406e+00,-4.615317344665527344e+00,-1.993033528327941895e+00,-5.713016510009765625e+00,-1.362165451049804688e+01,-9.490377426147460938e+00,-3.617445707321166992e+00,-3.016091585159301758e+00,-4.761457443237304688e+00,-6.953938007354736328e+00,-4.115621089935302734e+00,-3.027102947235107422e+00,-2.362465381622314453e+00,-3.353104114532470703e+00,-4.929988384246826172e+00,-3.035205841064453125e+00,6.466150283813476562e-03,2.689662694931030273e+00,6.842989444732666016e+00,9.129903793334960938e+00,4.395841598510742188e+00,4.017500877380371094e+00,7.314273834228515625e+00,4.790210723876953125e+00,6.897181510925292969e+00,6.504993438720703125e+00,4.541012048721313477e-01,-3.422415733337402344e+00,-6.086441993713378906e+00,-6.080060005187988281e+00,-2.442585468292236328e+00,-4.176066875457763672e+00,-3.177439451217651367e+00,4.937970042228698730e-01,2.096646308898925781e+00,-1.002652049064636230e+00,-3.384339809417724609e+00,1.010603189468383789e+00,7.665462493896484375e-01,-1.062742948532104492e+00,-1.880477309226989746e+00,-4.237184047698974609e+00,-3.577480792999267578e+00,2.139926671981811523e+00,1.706015586853027344e+00,6.542937755584716797e-01,3.831146359443664551e-01,3.076429367065429688e+00,5.584193229675292969e+00,7.737761020660400391e+00,6.651490211486816406e+00,6.303278923034667969e+00,2.542050838470458984e+00,-1.307446837425231934e+00,-7.406599044799804688e+00,-1.440909194946289062e+01,-1.270750045776367188e+01,-1.126154708862304688e+01,-6.555320739746093750e+00,5.153322815895080566e-01,1.856159687042236328e+00,6.247390270233154297e+00,2.427876949310302734e+00,1.017381310462951660e+00,7.533511161804199219e+00,8.578493118286132812e+00,2.156568527221679688e+00,3.934086322784423828e+00,5.211419582366943359e+00,-2.212187290191650391e+00,-4.146942615509033203e+00,-2.389532327651977539e+00,2.352406978607177734e+00,2.156382560729980469e+00,-3.727269172668457031e-01,4.462522268295288086e-01,-3.360249042510986328e+00,-4.606811523437500000e+00,-6.368830680847167969e+00,-8.692665100097656250e+00,-7.516342163085937500e+00,-9.612009048461914062e+00,-8.006603240966796875e+00,-6.889812946319580078e+00,-1.001900100708007812e+01,-9.294285774230957031e+00,-8.599437713623046875e+00,-6.455938339233398438e+00,-6.618314743041992188e+00,-1.018576622009277344e+01,-9.934446334838867188e+00,-8.536333084106445312e+00,-1.429579734802246094e+01,-1.273018264770507812e+01,-1.376049327850341797e+01,-1.716142082214355469e+01,-1.304233932495117188e+01,-1.027239131927490234e+01,-1.564602184295654297e+01,-2.269023132324218750e+01,-2.123089981079101562e+01,-1.149101448059082031e+01,-1.228361797332763672e+01,-1.439476966857910156e+01,-9.862276077270507812e+00,-9.159687042236328125e+00,-9.197905540466308594e+00,-7.038899421691894531e+00,-1.030908203125000000e+01,-8.642930984497070312e+00,-6.644505023956298828e+00,-6.289975166320800781e+00,-5.194934368133544922e+00,-6.004479408264160156e+00,-1.132962036132812500e+01,-1.085379409790039062e+01,-1.356080627441406250e+01,-1.205398941040039062e+01,-1.548833751678466797e+01,-1.293498897552490234e+01,-1.145010471343994141e+01,-6.272736549377441406e+00,-6.731798648834228516e+00,-7.243669033050537109e+00,-6.527297019958496094e+00,-1.537988185882568359e+00,-4.310889244079589844e-01,-1.066176295280456543e-01,4.156211376190185547e+00,8.422010421752929688e+00,6.378921508789062500e+00,7.787942886352539062e-03,-4.038862705230712891e+00,-7.955286979675292969e+00,-1.014640808105468750e+01,-5.880069732666015625e+00,-5.675428390502929688e+00,-8.448698043823242188e+00,-5.540410995483398438e+00,-1.593816280364990234e+00,-2.429087400436401367e+00,-5.083576202392578125e+00,-5.195458412170410156e+00,-5.025716423988342285e-01,-4.434874057769775391e+00,-9.231056213378906250e+00,-1.166897964477539062e+01,-1.119169425964355469e+01,-8.996515274047851562e+00,-1.010890769958496094e+01,-1.487238025665283203e+01,-8.441223144531250000e+00,-2.891360759735107422e+00,-4.162316799163818359e+00,-2.735226154327392578e+00,-4.751118659973144531e+00,-1.197419071197509766e+01,-1.137002277374267578e+01,-6.484810352325439453e+00,-8.044895172119140625e+00,-8.266252517700195312e+00,-1.013411331176757812e+01,-1.617473793029785156e+01,-1.590375041961669922e+01,-7.124925613403320312e+00,-3.951826810836791992e+00,-3.112246751785278320e+00,-9.899833679199218750e+00,-9.889257431030273438e+00,-9.641908645629882812e+00,-8.905129432678222656e+00,-7.000230789184570312e+00,-4.657237052917480469e+00,-1.917875885963439941e+00,-3.174831628799438477e+00,-7.187150955200195312e+00,-1.041416549682617188e+01,-1.482961845397949219e+01,-1.234250354766845703e+01,-7.861474990844726562e+00,-6.962378978729248047e+00,-6.410190105438232422e+00,-3.443191528320312500e+00,-2.930926322937011719e+00,4.571393728256225586e-01,2.995162010192871094e+00,9.384380340576171875e+00,7.178514957427978516e+00,3.859562873840332031e+00,7.907440662384033203e-01,-5.496761798858642578e+00,-5.605313301086425781e+00,-3.590564727783203125e+00,-2.656627178192138672e+00,-7.686079502105712891e+00,-1.008274269104003906e+01,-6.437705039978027344e+00,-6.115571975708007812e+00,-9.465541839599609375e-01,-6.781934499740600586e-01,-1.860654592514038086e+00,-5.217977523803710938e+00,-5.413151741027832031e+00,1.033211112022399902e+00,1.768304347991943359e+00,-6.856591701507568359e-01,-1.184467673301696777e+00,-9.022250175476074219e-01,2.848335742950439453e+00,6.291168212890625000e+00,5.285810470581054688e+00,8.373823165893554688e+00,6.927878856658935547e+00,4.466648101806640625e+00,3.034424781799316406e+00,-1.465553879737854004e+00,-5.918011665344238281e+00,-4.365193367004394531e+00,-4.810884475708007812e+00,-3.946223855018615723e-01,4.010517120361328125e+00,2.214623689651489258e+00,-1.823548555374145508e+00,-9.196248054504394531e-01,-2.726215600967407227e+00,-7.080387115478515625e+00,-1.025108098983764648e+00,-2.414372682571411133e+00,-3.516577720642089844e+00,3.610726594924926758e-01,-6.334412097930908203e-02,-9.911484718322753906e-01,5.137759208679199219e+00,4.129857540130615234e+00,-2.389499664306640625e+00,-2.486433744430541992e+00,-7.785192012786865234e+00,-6.573492050170898438e+00,-2.746551513671875000e+00,5.774845480918884277e-01,4.274081587791442871e-01,-9.005975723266601562e+00,-4.396615028381347656e+00,9.700079262256622314e-02,1.318624496459960938e+00,-4.038805484771728516e+00,-2.138259887695312500e+00,-2.278204441070556641e+00,1.182901740074157715e+00,-1.793902397155761719e+00,-5.023781776428222656e+00,-2.039496898651123047e+00,-7.658796310424804688e+00,-8.868304252624511719e+00,-6.403031349182128906e+00,-1.049130249023437500e+01,-2.004751586914062500e+01,-2.104753112792968750e+01,-2.574501800537109375e+01,-3.006291389465332031e+01,-2.363931846618652344e+01,-1.833463668823242188e+01,-2.030651855468750000e+01,-1.537250041961669922e+01,-1.202084541320800781e+01,-7.924486160278320312e+00,-4.419847428798675537e-01,1.400600910186767578e+00,3.077410221099853516e+00,1.795313835144042969e+00,-2.136435985565185547e+00,-6.066198348999023438e+00,-8.812797546386718750e+00,-6.825960636138916016e+00,-6.751045227050781250e+00,-5.626974105834960938e+00,-5.725025653839111328e+00,-9.802729606628417969e+00,-4.881729125976562500e+00,-7.979688167572021484e+00,-1.324869728088378906e+01,-9.212700843811035156e+00,-9.407464981079101562e+00,-8.926170349121093750e+00,-4.204892158508300781e+00,6.084820747375488281e+00,3.827528562396764755e-03,-1.054858589172363281e+01,-1.050726985931396484e+01,-6.188212394714355469e+00,-9.789188385009765625e+00,-1.132272338867187500e+01,-1.475674724578857422e+01,-1.579302787780761719e+01,-1.394735145568847656e+01,-1.356144809722900391e+01,-8.065935134887695312e+00,-1.213453674316406250e+01,-1.225802707672119141e+01,-8.567655563354492188e+00,-1.023741340637207031e+01,-8.414829254150390625e+00,-5.522529125213623047e+00,-1.047871208190917969e+01,-2.456736803054809570e+00,-1.713096618652343750e+00,-1.641707181930541992e+00,-4.723322868347167969e+00,1.119768917560577393e-01,-8.884945869445800781e+00,-1.415032577514648438e+01,-8.221481323242187500e+00,-4.364308834075927734e+00,-8.174935340881347656e+00,-3.853803873062133789e+00,-7.882953643798828125e+00,-1.199061203002929688e+01,-8.327260971069335938e+00,-8.853475570678710938e+00,-3.001937866210937500e+00,-9.325803816318511963e-02,2.001418113708496094e+00,-2.086084604263305664e+00,-2.381263256072998047e+00,-5.706920027732849121e-01,-2.734956264495849609e+00,-1.068598389625549316e+00,1.796472668647766113e+00,1.727761149406433105e+00,-2.745703756809234619e-01,4.776070594787597656e+00,6.515785217285156250e+00,8.694519042968750000e+00,3.136228561401367188e+00,3.103170871734619141e+00,9.227432608604431152e-01,-3.889005482196807861e-01,-6.972176551818847656e+00,-4.693342208862304688e+00,-8.787721395492553711e-02,2.862987995147705078e+00,-4.740170836448669434e-01,-2.966799736022949219e+00,-3.237292289733886719e+00,-1.254655456542968750e+01,-1.269101905822753906e+01,-6.430446147918701172e+00,3.173082470893859863e-01,-1.712743878364562988e+00,-3.687775373458862305e+00,1.659275770187377930e+00,-1.731339693069458008e-01,-1.708041548728942871e+00,-5.351140499114990234e-01,6.295629739761352539e-01,-2.711178302764892578e+00,-1.064305019378662109e+01,-1.082311820983886719e+01,-7.857937335968017578e+00,-5.581430912017822266e+00,-8.101341247558593750e+00,-1.212153816223144531e+01,-9.576402664184570312e+00,-3.680515766143798828e+00,-2.399882316589355469e+00,-7.746359825134277344e+00,-5.454904556274414062e+00,3.229944705963134766e-01,-5.376612663269042969e+00,-6.523535728454589844e+00,-7.951694488525390625e+00,-1.385928821563720703e+01,-9.511472702026367188e+00,-1.495106124877929688e+01,-1.739007949829101562e+01,-1.430119514465332031e+01,-1.296865653991699219e+01,-1.321001625061035156e+01,-1.697134780883789062e+01,-1.052238655090332031e+01,-1.271119952201843262e+00,-7.587060928344726562e-01,-1.166674733161926270e+00,-4.147139549255371094e+00,-4.291923046112060547e+00,-3.199242353439331055e+00,-4.278648853302001953e+00,8.096856117248535156e+00,1.297012901306152344e+01,3.357011318206787109e+00,-1.857043981552124023e+00,-4.324325561523437500e+00,1.728088498115539551e+00,2.983928680419921875e+00,-3.865677118301391602e-01,-1.023476791381835938e+01,-1.605820083618164062e+01,-1.349521732330322266e+01,-1.181577205657958984e+01,-1.289371299743652344e+01,-9.129350662231445312e+00,-6.575834274291992188e+00,-9.921585083007812500e+00,-7.938394546508789062e+00,-1.617288827896118164e+00,-3.062187433242797852e+00,-4.186269760131835938e+00,-5.501230716705322266e+00,-2.992281615734100342e-01,1.557220458984375000e+00,-1.221881508827209473e+00,2.699660658836364746e-01,5.673390865325927734e+00,2.898615598678588867e+00,2.819654226303100586e+00,3.794773101806640625e+00,8.676775693893432617e-01,-3.924817562103271484e+00,-7.550873756408691406e+00,-8.338127136230468750e+00,-6.549277305603027344e+00,-7.249971389770507812e+00,-9.337718009948730469e+00,-6.960871696472167969e+00,-2.375983238220214844e+00,-2.712965965270996094e+00,-2.441448688507080078e+00,-4.424261093139648438e+00,1.194919109344482422e+00,-3.101549744606018066e-01,-8.935230970382690430e-01,-3.028542995452880859e+00,-1.020048618316650391e+01,-1.228376579284667969e+01,-1.212188339233398438e+01,-1.036245346069335938e+01,-4.423478126525878906e+00,1.531973123550415039e+00,5.502824306488037109e+00,2.981343030929565430e+00,-7.809833526611328125e+00,-8.956532478332519531e+00,-1.337328529357910156e+01,-1.405893898010253906e+01,-1.917967796325683594e+01,-2.184225845336914062e+01,-2.078898048400878906e+01,-2.583842086791992188e+01,-2.520284271240234375e+01,-1.664762878417968750e+01,-1.425247764587402344e+01,-1.119365787506103516e+01,-6.419635772705078125e+00,-1.151118469238281250e+01,-2.249710464477539062e+01,-2.207727813720703125e+01,-1.780084419250488281e+01,-1.592315387725830078e+01,-2.392588806152343750e+01,-1.905844879150390625e+01,-1.317828559875488281e+01,-1.046975994110107422e+01,-9.746990203857421875e+00,-1.018409156799316406e+01,-5.915388107299804688e+00,-2.248713254928588867e+00,-2.653651475906372070e+00,-5.722073554992675781e+00,-2.846098423004150391e+00,-3.758606433868408203e+00,-7.740517616271972656e+00,-1.358524799346923828e+01,-1.036906814575195312e+01,-7.396506309509277344e+00,-4.688095569610595703e+00,-5.079950332641601562e+00,-9.146241188049316406e+00,-5.483898162841796875e+00,-4.637258529663085938e+00,-8.244562149047851562e+00,-7.422225952148437500e+00,-4.506117820739746094e+00,1.079663634300231934e-01,5.457861900329589844e+00,2.997406721115112305e+00,-1.009097695350646973e-01,3.122526407241821289e+00,2.864926815032958984e+00,-3.263893127441406250e+00,-1.134242534637451172e+01,-1.334572982788085938e+01,-1.467805862426757812e+01,-8.305564880371093750e+00,-6.162308692932128906e+00,-8.591165542602539062e+00,-5.589584350585937500e+00,-9.613408088684082031e+00,-1.778655624389648438e+01,-2.123625946044921875e+01,-2.108778762817382812e+01,-2.081975173950195312e+01,-2.108534049987792969e+01,-1.994871139526367188e+01,-2.083335494995117188e+01,-2.119751358032226562e+01,-1.996048927307128906e+01,-1.975288391113281250e+01,-1.767383575439453125e+01,-2.019470405578613281e+01,-1.343827056884765625e+01,-1.216262340545654297e+01,-1.926035690307617188e+01,-1.338814544677734375e+01,-8.002392768859863281e+00,-3.454310178756713867e+00,-6.689833641052246094e+00,-6.903454780578613281e+00,-7.514165401458740234e+00,-8.617439270019531250e+00,-3.450310230255126953e+00,3.186828494071960449e-01,5.439802646636962891e+00,7.979005813598632812e+00,8.529726028442382812e+00,4.948617935180664062e+00,-1.119441628456115723e+00,-2.998595237731933594e+00,-6.903066635131835938e+00,-5.702953815460205078e+00,-6.096983909606933594e+00,-7.314218521118164062e+00,-1.009775543212890625e+01,-9.800325393676757812e+00,-9.242097854614257812e+00,-8.653578758239746094e+00,-6.535829544067382812e+00,-7.538577079772949219e+00,-1.510143852233886719e+01,-1.679975509643554688e+01,-1.675939941406250000e+01,-1.943528366088867188e+01,-1.944123077392578125e+01,-7.511169910430908203e+00,-1.700175523757934570e+00,2.206530570983886719e+00,3.671854019165039062e+00,-8.727569580078125000e-01,-5.520802021026611328e+00,-5.598099827766418457e-01,1.189175605773925781e+00,-2.334308922290802002e-01,1.030346035957336426e+00,-2.202040672302246094e+00,4.258681535720825195e-01,-1.684828162193298340e+00,-1.060876274108886719e+01,-1.053754806518554688e+01,-8.539793014526367188e+00,-6.101175785064697266e+00,-1.759797811508178711e+00,-4.271580576896667480e-01,-1.834488987922668457e+00,-2.848322689533233643e-01,2.517366886138916016e+00,4.280558109283447266e+00,4.631994247436523438e+00,4.156468391418457031e+00,5.062876701354980469e+00,2.478393554687500000e+00,-8.396238684654235840e-01,3.255479335784912109e+00,3.816534519195556641e+00,4.032492637634277344e+00,1.528137683868408203e+00,-1.896828293800354004e+00,-1.271489977836608887e+00,1.567653536796569824e+00,-1.163335084915161133e+00,-7.048715591430664062e+00,-5.130383014678955078e+00,-2.549968242645263672e+00,-8.193165063858032227e-02,-5.887268781661987305e-01,9.710749983787536621e-01,4.886494159698486328e+00,1.123959183692932129e+00,-4.257825374603271484e+00,-3.615115642547607422e+00,1.625775218009948730e+00,1.042320728302001953e+00,-5.339145660400390625e-02,-2.459432601928710938e+00,-7.529506683349609375e-01,1.610027551651000977e+00,3.804929971694946289e+00,3.355298280715942383e+00,1.203285455703735352e-01,-1.088599205017089844e+01,-1.477860260009765625e+01,-1.683660507202148438e+01,-1.600036430358886719e+01,-1.528757190704345703e+01,-1.278184509277343750e+01,-1.332087898254394531e+01,-1.886797332763671875e+01,-2.327334976196289062e+01,-2.613017272949218750e+01,-2.396040344238281250e+01,-2.208147621154785156e+01,-2.044949722290039062e+01,-2.512488746643066406e+01,-2.586698722839355469e+01,-2.444675636291503906e+01,-2.812814331054687500e+01,-2.798455429077148438e+01,-2.383288574218750000e+01,-1.408598327636718750e+01,-9.052338600158691406e+00,-7.319428443908691406e+00,-1.071723079681396484e+01,-6.541109085083007812e+00,-1.615255951881408691e+00,-1.670509099960327148e+00,-8.072239875793457031e+00,-1.323048400878906250e+01,-1.520047378540039062e+01,-1.868515396118164062e+01,-2.129365539550781250e+01,-1.541832447052001953e+01,-6.010963916778564453e+00,-4.245132446289062500e+00,-3.137657165527343750e+00,2.805280447006225586e+00,-3.382366597652435303e-01,9.680742025375366211e-02,-1.615436077117919922e-01,2.966738939285278320e+00,9.604459762573242188e+00,1.055683326721191406e+01,8.824407577514648438e+00,-9.303839206695556641e-01,-9.428840637207031250e+00,-6.811025619506835938e+00,-4.154085636138916016e+00,2.389430284500122070e+00,1.976426362991333008e+00,2.288082838058471680e+00,3.397781610488891602e+00,-1.050040245056152344e+00,-5.985810279846191406e+00,-3.085900783538818359e+00,4.369300842285156250e+00,-8.986415863037109375e-01,-4.884443879127502441e-01,1.200497269630432129e+00,-5.746516704559326172e+00,-5.448747634887695312e+00,-7.817056655883789062e+00,-3.943782329559326172e+00,-7.901334166526794434e-01,-5.284157752990722656e+00,-9.650059700012207031e+00,-1.105021286010742188e+01,-9.342347145080566406e+00,-1.585556983947753906e+01,-1.773115158081054688e+01,-1.624785995483398438e+01,-1.446821308135986328e+01,-1.020564556121826172e+01,-5.301021575927734375e+00,-7.637343883514404297e+00,-4.694000720977783203e+00,-3.696666240692138672e+00,-4.613319873809814453e+00,-6.807130813598632812e+00,-1.656045532226562500e+01,-2.001616287231445312e+01,-2.035634994506835938e+01,-2.012204742431640625e+01,-1.863479614257812500e+01,-1.727245330810546875e+01,-9.323643684387207031e+00,-5.641994476318359375e+00,-6.234093189239501953e+00,-3.648405551910400391e+00,-2.261729717254638672e+00,-6.623459815979003906e+00,-3.424663066864013672e+00,-2.574353694915771484e+00,-4.500209808349609375e+00,-6.251314163208007812e+00,-8.176883697509765625e+00,-1.393336200714111328e+01,-9.384035110473632812e+00,-7.551460266113281250e+00,1.041134238243103027e+00,4.036600112915039062e+00,5.095863342285156250e+00,5.122363090515136719e+00,6.259963989257812500e+00,3.585138797760009766e+00,2.274330377578735352e+00,2.327076911926269531e+00,4.121720790863037109e+00,4.372236728668212891e-01,6.149541378021240234e+00,5.514094352722167969e+00,4.109938621520996094e+00,-5.068093538284301758e-02,-6.787503242492675781e+00,-8.665390014648437500e+00,-4.508943557739257812e+00,-8.107646703720092773e-01,1.052016973495483398e+00,-3.074893951416015625e-01,-6.659511327743530273e-01,-1.824972987174987793e+00,-1.123369097709655762e+00,2.489182710647583008e+00,-2.823495388031005859e+00,-2.560918807983398438e+00,-3.786672830581665039e+00,-2.165051221847534180e+00,-6.436878204345703125e+00,-1.376732730865478516e+01,-1.517108440399169922e+01,-4.993007659912109375e+00,5.090590715408325195e-01,-1.556475877761840820e+00,6.957516074180603027e-01,-1.533735632896423340e+00,-2.485205173492431641e+00,5.961304306983947754e-01,-3.196557998657226562e+00,-1.111657810211181641e+01,-7.239613533020019531e+00,-6.382897853851318359e+00,-8.773910522460937500e+00,-1.182584762573242188e+01,-7.826278209686279297e+00,-4.879551410675048828e+00,-6.336177825927734375e+00,-9.366582870483398438e+00,-1.742911338806152344e+01,-1.196544456481933594e+01,-6.310721397399902344e+00,-5.853002071380615234e+00,-9.764482498168945312e+00,-1.412496185302734375e+01,-7.265875816345214844e+00,-6.535032272338867188e+00,-1.016680449247360229e-01,8.999872207641601562e+00,6.715694427490234375e+00,5.382380008697509766e+00,7.536810398101806641e+00,1.564441680908203125e+00,-4.769659042358398438e+00,-3.186519384384155273e+00,-8.034915924072265625e+00,-1.360442447662353516e+01,-8.639083862304687500e+00,-4.592267990112304688e+00,-8.436656951904296875e+00,2.327354907989501953e+00,6.188233375549316406e+00,3.785282969474792480e-01,-5.621592044830322266e+00,-7.335033416748046875e+00,-9.817317962646484375e+00,-1.414692163467407227e+00,1.226918506622314453e+01,8.635093688964843750e+00,6.392517089843750000e+00,3.339411616325378418e-01,-2.494205236434936523e+00,-2.578629970550537109e+00,-1.205594539642333984e+01,-1.254514694213867188e+01,-1.140615844726562500e+01,-1.744883728027343750e+01,-1.747042846679687500e+01,-1.232606601715087891e+01,-1.302517795562744141e+01,-1.449901962280273438e+01,-1.368084526062011719e+01,-1.848486328125000000e+01,-1.460677337646484375e+01,-1.571346473693847656e+01,-1.909048843383789062e+01,-1.854425048828125000e+01,-1.254060554504394531e+01,-5.256884574890136719e+00,-3.639195442199707031e+00,-4.692848205566406250e+00,-3.297985076904296875e+00,-4.035320281982421875e+00,-1.871782779693603516e+00,2.008179873228073120e-01,4.840147495269775391e-02,-7.245683670043945312e-02,-1.676814436912536621e+00,1.691949963569641113e-01,7.236561775207519531e-01,-2.863506317138671875e+00,-1.420392751693725586e+00,-3.249793529510498047e+00,3.626390099525451660e-01,-1.376686096191406250e+00,1.146287083625793457e+00,9.801679849624633789e-01,-2.841596126556396484e+00,-1.120898723602294922e+00,-6.642889499664306641e+00,-4.170436382293701172e+00,-1.824069976806640625e+00,-1.881900787353515625e+00,-4.236915111541748047e+00,-4.339358806610107422e+00,-9.458959698677062988e-01,-2.775810241699218750e+00,-4.688211441040039062e+00,-3.085002422332763672e+00,-6.876001358032226562e+00,-1.184113216400146484e+01,-1.259377193450927734e+01,-1.075238132476806641e+01,-1.151040458679199219e+01,-8.319475173950195312e+00,-5.497930526733398438e+00,-6.531085968017578125e+00,-3.458221912384033203e+00,-1.156577587127685547e+00,-1.069541573524475098e-01,-4.729206562042236328e-01,9.167731404304504395e-01,3.920866489410400391e+00,1.422175645828247070e+00,3.382865905761718750e+00,-6.588875055313110352e-01,-4.632325172424316406e+00,3.559823632240295410e-01,5.675069093704223633e-01,-2.576388359069824219e+00,2.881558418273925781e+00,2.777112722396850586e-01,-4.552280426025390625e+00,-6.020660400390625000e+00,-6.283289909362792969e+00,-6.249439239501953125e+00,-6.220583915710449219e+00,-9.281326293945312500e+00,-5.101150512695312500e+00,-1.292252540588378906e+00,-5.171332359313964844e-01,-3.711134195327758789e-01,-5.827933788299560547e+00,-4.295364856719970703e+00,-3.992734193801879883e+00,-5.439479827880859375e+00,-7.939216613769531250e+00,-2.325601100921630859e+00,-4.108700752258300781e-01,-2.211328983306884766e+00,-1.076178073883056641e+00,-2.266131877899169922e+00,-1.316587209701538086e+00,6.617515087127685547e-01,-2.232886791229248047e+00,-4.408973217010498047e+00,-8.375181198120117188e+00,-7.965843200683593750e+00,-7.357244491577148438e+00,-5.389012813568115234e+00,-4.844618797302246094e+00,-9.481910705566406250e+00,-8.002947807312011719e+00,-7.468993186950683594e+00,-1.273624038696289062e+01,-7.883944988250732422e+00,-7.115392684936523438e+00,-5.856083393096923828e+00,-2.893135547637939453e+00,-8.304034471511840820e-01,-3.207134723663330078e+00,1.258143663406372070e+00,2.417287349700927734e+00,5.447257041931152344e+00,-1.507424712181091309e+00,-5.211188316345214844e+00,-3.037091732025146484e+00,-2.709145247936248779e-01,8.280912637710571289e-01,-2.530483484268188477e+00,-8.434022903442382812e+00,-6.667131900787353516e+00,-5.271792888641357422e+00,-8.843389511108398438e+00,-1.007477951049804688e+01,-6.402009487152099609e+00,-8.954165458679199219e+00,-6.191768646240234375e+00,-2.113088369369506836e+00,-2.433727264404296875e+00,1.600232362747192383e+00,3.704477310180664062e+00,1.423905611038208008e+00,-2.844798564910888672e-02,-8.408717513084411621e-01,1.358741402626037598e+00,6.282963752746582031e-01,-1.972215890884399414e+00,-3.341489076614379883e+00,-3.078810930252075195e+00,-5.182797431945800781e+00,-7.214013099670410156e+00,-9.848205566406250000e+00,-6.349705696105957031e+00,-9.951754570007324219e+00,-1.140354156494140625e+01,-9.640658378601074219e+00,-4.460431575775146484e+00,-1.228585004806518555e+00,1.850604534149169922e+00,1.419566631317138672e+00,3.522552013397216797e+00,-7.308943867683410645e-01,-2.806221485137939453e+00,3.204420328140258789e+00,4.487123966217041016e+00,4.067162990570068359e+00,-6.768738746643066406e+00,-9.364706039428710938e+00,-9.308206558227539062e+00,-1.231209945678710938e+01,-9.893486022949218750e+00,-2.941551446914672852e+00,-7.167401790618896484e+00,-7.838487625122070312e+00,-5.977612495422363281e+00,-9.820920944213867188e+00,-8.584102630615234375e+00,-7.103513717651367188e+00,-6.880307674407958984e+00,-5.406027793884277344e+00,-1.170467948913574219e+01,-1.380814838409423828e+01,-1.591826915740966797e+01,-1.689848136901855469e+01,-1.422573375701904297e+01,-1.729297828674316406e+01,-1.234080505371093750e+01,-4.715493202209472656e+00,-4.034127712249755859e+00,-4.711366891860961914e-01,-7.423195242881774902e-01,-1.735052108764648438e+01,-2.440889549255371094e+01,-2.346550369262695312e+01,-2.136191940307617188e+01,-1.782935333251953125e+01,-5.043572783470153809e-01,3.488631486892700195e+00,3.338069915771484375e-01,2.041375398635864258e+00,8.599063873291015625e+00,3.797647476196289062e+00,4.237010002136230469e+00,7.018576145172119141e+00,5.524408340454101562e+00,2.642458438873291016e+00,3.014498233795166016e+00,-3.658506870269775391e+00,-4.015735626220703125e+00,-1.701105713844299316e+00,-9.630455017089843750e+00,-9.511193275451660156e+00,1.631237149238586426e+00,2.036935329437255859e+00,3.311911106109619141e+00,-7.862058877944946289e-01,-1.079180145263671875e+01,-4.727927207946777344e+00,4.631337165832519531e+00,2.723187685012817383e+00,-8.257372379302978516e-01,-2.333686828613281250e+00,-2.590868473052978516e+00,-4.163354873657226562e+00,-6.310638427734375000e+00,-7.806043148040771484e+00,-2.693197011947631836e+00,-6.838523745536804199e-01,-6.917534351348876953e+00,-5.890954017639160156e+00,-2.407345771789550781e+00,3.789899587631225586e+00,3.551700592041015625e+00,-5.171150684356689453e+00,-5.311039924621582031e+00,-4.536370754241943359e+00,-8.401523590087890625e+00,-1.119030952453613281e+01,-7.280317783355712891e+00,-2.969761848449707031e+00,-3.661749124526977539e+00,-4.408797740936279297e+00,-7.869910597801208496e-01,-1.519026994705200195e+00,-9.137954115867614746e-01,-2.706213235855102539e+00,-5.474048614501953125e+00,-9.604011535644531250e+00,-1.493993759155273438e+01,-8.351976394653320312e+00,-4.798670768737792969e+00,-2.827383756637573242e+00,-4.013861656188964844e+00,-6.119148254394531250e+00,-8.067787170410156250e+00,-8.477380752563476562e+00,-6.672428131103515625e+00,-5.924260139465332031e+00,-6.899840354919433594e+00,-8.157378196716308594e+00,-3.583688735961914062e+00,-2.352977514266967773e+00,-5.243208408355712891e-01,-3.963469505310058594e+00,-6.082301616668701172e+00,-3.638803243637084961e+00,-3.504013776779174805e+00,-6.391098022460937500e+00,-3.203784704208374023e+00,-1.408861041069030762e+00,-7.342114925384521484e+00,5.107794761657714844e+00,-5.700349807739257812e-01,2.381590008735656738e-01,-1.898660659790039062e+00,-5.024782180786132812e+00,-5.051046609878540039e-01,-2.787451267242431641e+00,-3.273573398590087891e+00,2.921652235090732574e-02,2.799646615982055664e+00,-5.947594642639160156e-01,5.656475424766540527e-01,-2.623826503753662109e+00,-7.978415489196777344e+00,-1.621303176879882812e+01,-2.084995269775390625e+01,-1.993907165527343750e+01,-1.619305992126464844e+01,-1.838845062255859375e+01,-2.037830734252929688e+01,-2.166090774536132812e+01,-1.903395462036132812e+01,-1.557006549835205078e+01,-1.700539588928222656e+01,-1.432846260070800781e+01,-1.067913055419921875e+01,-1.481868457794189453e+01,-1.885064315795898438e+01,-2.044215774536132812e+01,-1.380417633056640625e+01,-1.320005989074707031e+01,-9.646375656127929688e+00,-1.012922954559326172e+01,-1.136473083496093750e+01,-7.643142223358154297e+00,-1.074638748168945312e+01,-1.048919296264648438e+01,-7.972494125366210938e+00,-8.351126670837402344e+00,-6.207632064819335938e+00,-6.373445987701416016e-01,2.007859945297241211e-01,-3.591114759445190430e+00,-4.799009323120117188e+00,-6.570126533508300781e+00,-1.072069644927978516e+01,-1.042288589477539062e+01,-1.163636398315429688e+01,-1.235979843139648438e+01,-9.141418457031250000e+00,-9.404251098632812500e+00,-7.256242275238037109e+00,-3.351279497146606445e+00,-5.389504909515380859e+00,-8.727124214172363281e+00,-4.400567054748535156e+00,-3.122355699539184570e+00,-3.856833934783935547e+00,-4.835833549499511719e+00,-1.203872680664062500e+00,6.784441471099853516e+00,-2.289490938186645508e+00,-8.804769515991210938e+00,-3.648355484008789062e+00,-9.595220565795898438e+00,-1.017561912536621094e+01,-7.397929191589355469e+00,1.373685956001281738e+00,1.095656394958496094e+01,1.826379394531250000e+01,1.747439193725585938e+01,1.185529518127441406e+01,1.093049430847167969e+01,1.185519027709960938e+01,1.129273509979248047e+01,1.199404525756835938e+01,1.336810398101806641e+01,6.310436248779296875e+00,2.214321851730346680e+00,1.454020261764526367e+00,-2.660545349121093750e+00,-2.116310834884643555e+00,-2.436108112335205078e+00,-8.997874259948730469e+00,-1.199305629730224609e+01,-1.407474517822265625e+01,-9.476734161376953125e+00,-9.118921279907226562e+00,-9.196367263793945312e+00,-2.353525161743164062e+00,5.275541305541992188e+00,7.783608436584472656e+00,5.462103843688964844e+00,4.409294128417968750e-01,-1.981835842132568359e+00,-7.831959247589111328e+00,-1.854304695129394531e+01,-2.171900177001953125e+01,-2.256944465637207031e+01,-1.854688262939453125e+01,-1.306937980651855469e+01,-9.211901664733886719e+00,-8.040910720825195312e+00,-1.041955947875976562e+01,-2.127959442138671875e+01,-1.696480178833007812e+01,-1.378692722320556641e+01,-1.363489341735839844e+01,-1.250869750976562500e+01,-1.391940116882324219e+01,-1.448660182952880859e+01,-1.553267383575439453e+01,-1.234197425842285156e+01,-1.243026733398437500e+01,-1.508655929565429688e+01,-1.828853988647460938e+01,-1.625386047363281250e+01,-1.573104858398437500e+01,-1.094904518127441406e+01,-6.866000175476074219e+00,-1.028653144836425781e+01,-1.627315139770507812e+01,-1.602379608154296875e+01,-1.439851760864257812e+01,-8.901354789733886719e+00,-5.695397377014160156e+00,-8.113892555236816406e+00,-1.309779357910156250e+01,-5.306486606597900391e+00,-3.230093717575073242e+00,-4.411193847656250000e+00,-2.231451034545898438e+00,-3.345747470855712891e+00,-7.016508579254150391e+00,-8.373197555541992188e+00,-1.372204399108886719e+01,-1.278448867797851562e+01,-7.547049999237060547e+00,-5.400348663330078125e+00,-4.400581836700439453e+00,-6.075607299804687500e+00,-6.645541191101074219e+00,-6.063571929931640625e+00,-2.753607988357543945e+00,-4.216738224029541016e+00,-2.594382286071777344e+00,-5.855247497558593750e+00,-2.252293586730957031e+00,-1.063861489295959473e+00,-6.297981262207031250e+00,-6.973982810974121094e+00,-3.651747465133666992e+00,-5.576649665832519531e+00,-8.569239616394042969e+00,-8.144972801208496094e+00,-2.785624742507934570e+00,-3.282732248306274414e+00,-1.327733421325683594e+01,-1.566363334655761719e+01,-2.025612831115722656e+01,-2.358832931518554688e+01,-1.896907043457031250e+01,-1.708956146240234375e+01,-1.590871429443359375e+01,-1.409979152679443359e+01,-1.294856452941894531e+01,-1.221573638916015625e+01,-1.486400794982910156e+01,-1.430499744415283203e+01,-2.086954498291015625e+01,-2.090002632141113281e+01,-1.825707244873046875e+01,-1.156146812438964844e+01,-1.125363063812255859e+01,-7.935074329376220703e+00,-8.211857795715332031e+00,-9.747880935668945312e+00,-9.032679557800292969e+00,-4.300590515136718750e+00,-6.323895454406738281e+00,-1.360698699951171875e+01,-1.859208297729492188e+01,-1.648230743408203125e+01,-1.098035621643066406e+01,-5.758545875549316406e+00,-1.900849819183349609e+00,-1.778251886367797852e+00,-3.534032821655273438e+00,-3.771054267883300781e+00,-4.268191337585449219e+00,-4.793626785278320312e+00,-8.993160247802734375e+00,-4.817482948303222656e+00,2.126295328140258789e+00,5.337045192718505859e+00,-1.002583503723144531e+00,-5.206739425659179688e+00,-5.631672859191894531e+00,-1.284544467926025391e+00,2.077639341354370117e+00,5.569114685058593750e+00,7.173453330993652344e+00,9.788570404052734375e+00,8.527703285217285156e+00,-7.829306125640869141e-01,2.477879762649536133e+00,6.793900012969970703e+00,1.542909383773803711e+00,5.914186835289001465e-01,-8.993080139160156250e+00,-1.921199035644531250e+01,-2.021714782714843750e+01,-1.568466091156005859e+01,-9.716948509216308594e+00,-4.313189506530761719e+00,-1.227854967117309570e+00,5.917350947856903076e-02,-1.947963088750839233e-01,1.689976215362548828e+00,-2.332800388336181641e+00,-6.632326126098632812e+00,-2.981729984283447266e+00,5.297731399536132812e+00,5.912520408630371094e+00,3.756132602691650391e+00,2.178898334503173828e+00,2.413960933685302734e+00,-3.879364728927612305e-01,-1.174087166786193848e+00,-6.302502632141113281e+00,-1.374227237701416016e+01,-1.006006050109863281e+01,-3.928863525390625000e+00,2.994975090026855469e+00,6.234269142150878906e+00,1.298521637916564941e+00,-3.996765613555908203e+00,-9.390279769897460938e+00,-9.908066749572753906e+00,-1.157589149475097656e+01,-1.478259658813476562e+01,-1.225084590911865234e+01,-1.011567115783691406e+01,-4.945465564727783203e+00,-4.137944698333740234e+00,-6.270449638366699219e+00,-6.871823310852050781e+00,-3.500918865203857422e+00,-1.049814224243164062e+00,-1.816893100738525391e+00,-4.729401588439941406e+00,-4.428951263427734375e+00,-2.352808713912963867e-01,-1.547029614448547363e+00,4.615427851676940918e-01,-1.338026404380798340e+00,-1.304848194122314453e+00,-3.973064422607421875e+00,-8.028740882873535156e+00,-7.429378509521484375e+00,-6.730027198791503906e+00,-7.242034912109375000e+00,-4.358442306518554688e+00,-7.180634975433349609e+00,-5.024431228637695312e+00,-1.048256874084472656e+01,-1.233722877502441406e+01,-7.112552642822265625e+00,-4.234313964843750000e+00,-5.825713157653808594e+00,-1.085041522979736328e+01,-1.675537109375000000e+01,-1.972299957275390625e+01,-2.088198471069335938e+01,-2.121923446655273438e+01,-2.412741088867187500e+01,-3.085677909851074219e+01,-2.755127334594726562e+01,-1.574389457702636719e+01,-5.343104362487792969e+00,-2.549550294876098633e+00,-1.418927288055419922e+01,-1.508482933044433594e+01,-8.219387054443359375e+00,3.100197076797485352e+00,5.592558860778808594e+00,7.091317653656005859e+00,3.219513177871704102e+00,1.633851528167724609e+00,3.518726110458374023e+00,6.977421760559082031e+00,6.718795299530029297e+00,6.128268718719482422e+00,-4.388294219970703125e+00,-1.645500755310058594e+01,-1.768435287475585938e+01,-1.579056167602539062e+01,-1.375293159484863281e+01,-4.636596202850341797e+00,-8.610548973083496094e-01,-3.144372105598449707e-01,-6.681230545043945312e+00,-6.848827838897705078e+00,-7.111045360565185547e+00,-1.260087203979492188e+01,-1.358021068572998047e+01,-9.870190620422363281e+00,-7.436182975769042969e+00,-1.084628677368164062e+01,-2.150403976440429688e+01,-2.307290267944335938e+01,-2.056653594970703125e+01,-2.084867095947265625e+01,-1.510233211517333984e+01,-1.266895675659179688e+01,-1.153433609008789062e+01,-4.363101005554199219e+00,-2.800714969635009766e-02,1.139697551727294922e+00,-6.007268905639648438e+00,-1.258032989501953125e+01,-8.563076019287109375e+00,-5.282455444335937500e+00,-8.029197692871093750e+00,-6.146368503570556641e+00,-4.854092597961425781e+00,-9.156191945075988770e-01,2.794232130050659180e+00,-4.168238639831542969e+00,-1.145298576354980469e+01,-9.793343544006347656e+00,-4.373651504516601562e+00,-6.956825256347656250e+00,-1.002145767211914062e+01,-6.388861656188964844e+00,-6.931559562683105469e+00,-1.217268848419189453e+01,-1.214069175720214844e+01,-5.137025833129882812e+00,-3.666928529739379883e+00,-3.349803447723388672e+00,-2.875096559524536133e+00,-2.191513538360595703e+00,-2.061871051788330078e+00,-8.166138648986816406e+00,-1.053499221801757812e+01,-5.383301734924316406e+00,3.678678512573242188e+00,5.239666938781738281e+00,2.025533199310302734e+00,-8.120872497558593750e+00,-8.877529144287109375e+00,-1.012845516204833984e+01,-1.309041213989257812e+01,-1.288156509399414062e+01,-1.056330680847167969e+01,-1.110805892944335938e+01,-1.871773529052734375e+01,-2.002886772155761719e+01,-1.556467723846435547e+01,-1.719730377197265625e+01,-1.910618972778320312e+01,-1.443296909332275391e+01,-1.197112464904785156e+01,-8.178499221801757812e+00,-3.880776643753051758e+00,-7.926959991455078125e+00,-4.827024936676025391e+00,-9.003080368041992188e+00,-1.137816238403320312e+01,-6.915424823760986328e+00,-4.944536209106445312e+00,-5.525763511657714844e+00,-9.870475769042968750e+00,-7.158375263214111328e+00,-3.917513132095336914e+00,-3.314450979232788086e+00,1.777201890945434570e-01,8.487015962600708008e-02,1.315974116325378418e+00,-1.929631710052490234e+00,-1.945487499237060547e+00,-6.032139778137207031e+00,-6.010621070861816406e+00,-8.402515411376953125e+00,-7.208164215087890625e+00,-1.118914031982421875e+01,-1.353362846374511719e+01,-1.052245521545410156e+01,-8.503145217895507812e+00,-8.255185127258300781e+00,-7.386083602905273438e+00,-4.092493057250976562e+00,9.947389364242553711e-01,2.563458681106567383e-02,-1.859837174415588379e-01,-4.372416973114013672e+00,-5.435982704162597656e+00,3.277411460876464844e-01,6.540195345878601074e-01,-4.229468345642089844e+00,-6.053101539611816406e+00,-6.542304992675781250e+00,-4.801437377929687500e+00,-7.117092609405517578e+00,-8.078482627868652344e+00,-1.146247673034667969e+01,-1.344478988647460938e+01,-1.151624011993408203e+01,-6.029131412506103516e+00,-3.066175699234008789e+00,-8.559403419494628906e+00,-1.056649875640869141e+01,-7.402696132659912109e+00,-9.634973526000976562e+00,-6.890210151672363281e+00,-4.242516517639160156e+00,-7.414250373840332031e+00,-1.080921554565429688e+01,-1.133127212524414062e+01,-7.057853698730468750e+00,1.629234671592712402e+00,2.526177644729614258e+00,3.688981771469116211e+00,5.802003383636474609e+00,-5.341433525085449219e+00,-4.589865207672119141e+00,4.310296773910522461e-01,4.815253257751464844e+00,4.290872097015380859e+00,1.796058654785156250e+00,1.269812941551208496e+00,-2.132452011108398438e+00,2.904202342033386230e-01,4.176500797271728516e+00,3.482460260391235352e+00,5.526558876037597656e+00,5.896066665649414062e+00,2.839147567749023438e+00,9.155072569847106934e-01,4.718926429748535156e+00,6.624898910522460938e+00,5.518187522888183594e+00,4.635352134704589844e+00,2.060788393020629883e+00,5.590694427490234375e+00,2.384831428527832031e+00,5.641861438751220703e+00,9.035020828247070312e+00,2.804137229919433594e+00,-2.197814226150512695e+00,-5.496760368347167969e+00,-1.272666740417480469e+01,-1.412990951538085938e+01,-1.711150741577148438e+01,-2.233275604248046875e+01,-2.353169250488281250e+01,-2.291947555541992188e+01,-1.891131210327148438e+01,-2.160606765747070312e+01,-2.850647926330566406e+01,-2.779666137695312500e+01,-1.987462615966796875e+01,-1.491979789733886719e+01,-1.589904975891113281e+01,-1.279787540435791016e+01,-5.950447082519531250e+00,-1.702807426452636719e+01,-2.124640083312988281e+01,-1.793364906311035156e+01,-1.430468177795410156e+01,-1.440073585510253906e+01,-1.605089187622070312e+01,-1.373259162902832031e+01,-1.298383808135986328e+01,-1.292135810852050781e+01,-1.459262466430664062e+01,-1.237846374511718750e+01,-1.168591976165771484e+01,-1.391458415985107422e+01,-1.525779533386230469e+01,-9.049394607543945312e+00,-9.098911285400390625e+00,-4.896087646484375000e+00,2.919278144836425781e+00,6.183273792266845703e-01,-8.281469345092773438e+00,-1.318337249755859375e+01,-9.952331542968750000e+00,-1.278302383422851562e+01,-1.346397018432617188e+01,-1.627484512329101562e+01,-1.773336219787597656e+01,-1.475401878356933594e+01,-1.137083339691162109e+01,-1.240356063842773438e+01,-1.318260097503662109e+01,-8.855459213256835938e+00,-8.291928291320800781e+00,-1.181575202941894531e+01,-8.778439521789550781e+00,-6.219268321990966797e+00,-5.610307216644287109e+00,-7.892388343811035156e+00,-1.236486244201660156e+01,-1.430661582946777344e+01,-1.570216274261474609e+01,-1.493806838989257812e+01,-1.582119464874267578e+01,-1.863411712646484375e+01,-1.358309364318847656e+01,-1.460333061218261719e+01,-1.674971771240234375e+01,-1.563828468322753906e+01,-8.019889831542968750e+00,-7.144371986389160156e+00,-7.593812465667724609e+00,-8.901753425598144531e+00,-9.216779708862304688e+00,-6.738507270812988281e+00,-1.217740345001220703e+01,-1.612802124023437500e+01,-1.820596122741699219e+01,-1.344970512390136719e+01,-1.108815193176269531e+01,-8.181844711303710938e+00,-5.276929378509521484e+00,-4.298578739166259766e+00,-1.018522453308105469e+01,-1.347256278991699219e+01,-1.308338737487792969e+01,-1.904316711425781250e+01,-1.880472183227539062e+01,-1.965092849731445312e+01,-1.707331657409667969e+01,-8.185491561889648438e+00,-1.863212943077087402e+00,-4.222782135009765625e+00,-1.138632488250732422e+01,-1.916899490356445312e+01,-2.046302032470703125e+01,-1.394695568084716797e+01,-1.323664188385009766e+01,-1.029977035522460938e+01,-8.097386360168457031e+00,-8.161712646484375000e+00,-9.452506065368652344e+00,-6.227188110351562500e+00,-6.747006416320800781e+00,-7.929852485656738281e+00,7.360241413116455078e+00,1.395648670196533203e+01,9.605353355407714844e+00,4.816690444946289062e+00,-1.368557453155517578e+00,-4.347730636596679688e+00,-3.347457885742187500e+00,-1.329645919799804688e+01,-1.337382698059082031e+01,-1.031315040588378906e+01,-3.829297065734863281e+00,-7.733322978019714355e-01,-6.667932510375976562e+00,-1.186375617980957031e+01,-6.604125499725341797e+00,-8.016565322875976562e+00,-1.094187736511230469e+01,-1.370437431335449219e+01,-8.185856819152832031e+00,-5.960087776184082031e+00,-1.054063034057617188e+01,-1.417008876800537109e+01,-1.762446594238281250e+01,-2.015515899658203125e+01,-1.966899871826171875e+01,-1.540566730499267578e+01,-1.515074539184570312e+01,-1.389559364318847656e+01,-1.240137386322021484e+01,-1.352090549468994141e+01,-5.839576721191406250e+00,-6.572771072387695312e+00,-5.773623466491699219e+00,-5.294739723205566406e+00,-3.379024028778076172e+00,-8.376365900039672852e-01,1.940354943275451660e+00,-8.287578821182250977e-01,1.505964159965515137e+00,5.526473522186279297e+00,3.449510812759399414e+00,1.656297802925109863e+00,6.405345439910888672e+00,5.471284866333007812e+00,-5.224659919738769531e+00,-3.382827281951904297e+00,2.867997646331787109e+00,1.370233297348022461e+00,-1.077073574066162109e+00,-4.341283321380615234e+00,-3.152094841003417969e+00,-4.537046432495117188e+00,-5.645880699157714844e+00,-8.479551315307617188e+00,-7.815054416656494141e+00,-6.595233917236328125e+00,-3.710100650787353516e+00,-3.817175865173339844e+00,-4.356791496276855469e+00,-1.174216985702514648e+00,-1.754674434661865234e+00,-7.546556591987609863e-01,-3.872817516326904297e+00,-1.368815422058105469e+00,-9.923163652420043945e-01,3.426677703857421875e+00,5.425651073455810547e-01,-9.115852355957031250e+00,-9.640423774719238281e+00,-1.403851509094238281e+01,-2.250787734985351562e+01,-2.469498825073242188e+01,-2.300336647033691406e+01,-2.248315620422363281e+01,-1.923523712158203125e+01,-1.617682075500488281e+01,-1.386381340026855469e+01,-1.762526130676269531e+01,-2.083481216430664062e+01,-1.602353286743164062e+01,-1.335125446319580078e+01,-1.350897789001464844e+01,-1.717027664184570312e+01,-1.394274234771728516e+01,-1.128100109100341797e+01,-7.410171985626220703e+00,-9.206608772277832031e+00,-1.045259189605712891e+01,-1.334722042083740234e+01,-1.509088325500488281e+01,-1.748055267333984375e+01,-1.740488624572753906e+01,-1.404331970214843750e+01,-1.613747215270996094e+01,-1.001843166351318359e+01,-7.040266513824462891e+00,-8.356642723083496094e+00,-4.082797050476074219e+00,-4.609160900115966797e+00,-1.453540706634521484e+01,-1.974969100952148438e+01,-1.588857460021972656e+01,-1.098436164855957031e+01,-6.793207168579101562e+00,-8.366184234619140625e+00,-1.113127231597900391e+01,-8.467657089233398438e+00,-1.740676116943359375e+01,-2.190089035034179688e+01,-1.841243934631347656e+01,-1.499422836303710938e+01,-1.082526493072509766e+01,-6.079551696777343750e+00,-5.067486763000488281e+00,-1.554980397224426270e+00,-3.438161134719848633e+00,-1.047062778472900391e+01,-1.511414718627929688e+01,-1.873282814025878906e+01,-1.722858810424804688e+01,-1.519027709960937500e+01,-1.595000743865966797e+01,-1.009559631347656250e+01,-9.705028533935546875e+00,-1.182504653930664062e+01,-1.003971195220947266e+01,-8.789383888244628906e+00,6.689150810241699219e+00,1.082693099975585938e+01,7.787823677062988281e+00,8.173901557922363281e+00,3.354931354522705078e+00,-1.444251179695129395e+00,5.716736316680908203e-01,1.745631694793701172e+00,-7.574397325515747070e-01,2.076669692993164062e+00,2.443086147308349609e+00,-5.532333374023437500e+00,-9.257164001464843750e+00,-6.703681945800781250e+00,-2.881056308746337891e+00,-1.744817733764648438e+00,-2.982671260833740234e+00,-3.247811317443847656e+00,-3.450952053070068359e+00,-4.348924636840820312e+00,-2.446845620870590210e-01,-1.268175482749938965e+00,-3.025369644165039062e+00,-2.632111310958862305e+00,-2.892079830169677734e+00,-4.585560798645019531e+00,-5.548937797546386719e+00,-1.200232505798339844e+01,-7.601957321166992188e+00,-5.386926651000976562e+00,-4.923185348510742188e+00,-8.280704498291015625e+00,-3.676845073699951172e+00,-3.729623079299926758e+00,-1.022801637649536133e+00,1.141587138175964355e+00,-3.051493406295776367e+00,-3.410155057907104492e+00,-2.494767665863037109e+00,3.644611358642578125e+00,1.648351103067398071e-01,-2.471236705780029297e+00,-2.047252178192138672e+00,1.605759859085083008e+00,-2.994508266448974609e+00,-5.829444885253906250e+00,-4.794923305511474609e+00,-7.738658905029296875e+00,-1.965492367744445801e+00,-9.488821029663085938e-02,-6.424326419830322266e+00,-2.243811607360839844e+01,-2.636294937133789062e+01,-2.691484069824218750e+01,-2.314458847045898438e+01,-1.694298553466796875e+01,-2.119043731689453125e+01,-1.199129676818847656e+01,-6.108222007751464844e+00,-7.038914203643798828e+00,-1.286183738708496094e+01,-1.012645339965820312e+01,-8.338537216186523438e+00,-1.065713119506835938e+01,-8.140447616577148438e+00,-9.863857269287109375e+00,-8.462690353393554688e+00,-4.417300224304199219e+00,-2.399187326431274414e+00,-8.773376464843750000e+00,-1.576490974426269531e+01,-1.541299629211425781e+01,-1.665462875366210938e+01,-2.367758750915527344e+01,-2.456358718872070312e+01,-2.457443237304687500e+01,-1.678134727478027344e+01,-9.993307113647460938e+00,-7.686589717864990234e+00,-6.838450431823730469e+00,-4.928213596343994141e+00,-2.420936107635498047e+00,-4.965424537658691406e-03,1.762873888015747070e+00,-3.353934288024902344e-01,-5.280385017395019531e+00,-7.912728190422058105e-02,-1.114176154136657715e+00,-9.349537491798400879e-01,5.449505448341369629e-01,-2.715543031692504883e+00,-6.464902400970458984e+00,-1.024754428863525391e+01,-1.037133979797363281e+01,-1.366856765747070312e+01,-1.484631443023681641e+01,-1.844027709960937500e+01,-1.925497817993164062e+01,-2.156487083435058594e+01,-2.141021347045898438e+01,-1.595193958282470703e+01,-1.671173477172851562e+01,-1.196659183502197266e+01,-7.664831161499023438e+00,-3.905923843383789062e+00,-1.356594562530517578e+00,-6.684461116790771484e+00,-1.100125503540039062e+01,-3.668914079666137695e+00,5.352211952209472656e+00,1.286287546157836914e+00,-6.152985572814941406e+00,-1.241378879547119141e+01,-1.239910316467285156e+01,-6.449523925781250000e+00,-7.077015876770019531e+00,-1.060779094696044922e+01,-9.821588516235351562e+00,-1.271616077423095703e+01,-1.024615478515625000e+01,-6.392947673797607422e+00,-1.054887199401855469e+01,-2.025394058227539062e+01,-2.363214874267578125e+01,-2.425166320800781250e+01,-1.870110702514648438e+01,-1.147749137878417969e+01,-7.500526905059814453e-01,1.347144484519958496e+00,1.770236968994140625e+00,-7.884757518768310547e+00,-1.279530715942382812e+01,-1.042450904846191406e+01,-4.625535964965820312e+00,-1.829634189605712891e+00,1.873440504074096680e+00,1.838125944137573242e+00,6.386345624923706055e-01,-2.118628472089767456e-02,-4.727693498134613037e-01,-4.218896865844726562e+00,-2.506097555160522461e+00,-2.853948831558227539e+00,-2.565060377120971680e+00,-8.559604644775390625e+00,-1.381819343566894531e+01,-1.644094085693359375e+01,-1.563592052459716797e+01,-1.687281608581542969e+01,-8.389106750488281250e+00,7.143047332763671875e+00,1.149062728881835938e+01,3.930861711502075195e+00,-1.051696777343750000e+01,-1.646438980102539062e+01,-1.716115188598632812e+01,-1.179016685485839844e+01,-1.527627944946289062e+01,-1.355416488647460938e+01,-1.325848484039306641e+01,-1.083485412597656250e+01,-6.974297046661376953e+00,-3.472945451736450195e+00,-5.372131347656250000e+00,-4.800415039062500000e+00,-1.134225368499755859e+01,-6.331719398498535156e+00,-1.096996498107910156e+01,-1.332695865631103516e+01,-7.491589546203613281e+00,-1.692541241645812988e+00,1.056562304496765137e+00,9.707902669906616211e-01,4.746108949184417725e-01,-3.052545785903930664e-01,-5.239096164703369141e+00,-8.424692153930664062e+00,-9.833184242248535156e+00,-1.079839706420898438e+01,-4.438718795776367188e+00,7.425772547721862793e-01,7.013711929321289062e-01,-5.715651512145996094e+00,-1.222226333618164062e+01,-1.392878341674804688e+01,-1.361717414855957031e+01,-1.463793373107910156e+01,-1.295166873931884766e+01,-9.885866165161132812e+00,-7.810892105102539062e+00,-1.768324279785156250e+01,-2.200941467285156250e+01,-1.286616516113281250e+01,-4.555444717407226562e+00,-3.644592285156250000e+00,-5.264656066894531250e+00,-7.971738815307617188e+00,-3.023473262786865234e+00,-5.728524923324584961e-01,-6.642877578735351562e+00,-1.238390922546386719e+01,-6.874249935150146484e+00,-8.086631774902343750e+00,-9.928168296813964844e+00,-6.521474838256835938e+00,-4.554175376892089844e+00,-4.675035476684570312e+00,-6.589542388916015625e+00,-5.685289382934570312e+00,-5.670414924621582031e+00,-5.115498542785644531e+00,-5.513998031616210938e+00,-6.714770317077636719e+00,-8.001638412475585938e+00,-4.193259239196777344e+00,-8.914973258972167969e+00,-8.526678085327148438e+00,-7.056669712066650391e+00,-6.568001270294189453e+00,-7.463844299316406250e+00,-7.190826416015625000e+00,-4.919930458068847656e+00,-6.599210262298583984e+00,-5.468674659729003906e+00,-5.596203804016113281e+00,-4.931386947631835938e+00,-3.867285966873168945e+00,-1.146172714233398438e+01,-1.505677604675292969e+01,-1.238152122497558594e+01,-1.043644809722900391e+01,-1.015801811218261719e+01,-1.301283264160156250e+01,-1.610129737854003906e+01,-1.241881847381591797e+01,-9.367733001708984375e+00,-9.216279983520507812e+00,-9.485405921936035156e+00,-3.442172288894653320e+00,-3.009636640548706055e+00,-5.065704345703125000e+00,-5.662152290344238281e+00,-1.270506668090820312e+01,-2.102016067504882812e+01,-1.308201980590820312e+01,-8.421516418457031250e+00,-8.991045951843261719e+00,-9.215499877929687500e+00,-4.803317070007324219e+00,-6.962760448455810547e+00,-1.109504890441894531e+01,-1.749514389038085938e+01,-1.830630493164062500e+01,-1.806995010375976562e+01,-1.540874385833740234e+01,-1.713754653930664062e+01,-2.328110694885253906e+01,-2.083158493041992188e+01,-1.298258399963378906e+01,-1.215872192382812500e+01,-1.426136589050292969e+01,-4.602079391479492188e+00,-4.006503582000732422e+00,5.145107507705688477e-01,-3.819387912750244141e+00,-1.001542472839355469e+01,-7.417724609375000000e+00,-7.147475719451904297e+00,-6.960211753845214844e+00,-7.167991161346435547e+00,-5.703161239624023438e+00,-3.812273979187011719e+00,-7.963050365447998047e+00,-8.334735870361328125e+00,-6.820757865905761719e+00,-6.153420448303222656e+00,-8.598032951354980469e+00,-7.723675727844238281e+00,-1.104601860046386719e+01,-1.415542507171630859e+01,-1.220283794403076172e+01,-1.014056777954101562e+01,-1.297757148742675781e+01,-2.283571243286132812e+01,-2.504759597778320312e+01,-2.298872756958007812e+01,-2.579098892211914062e+01,-2.167088508605957031e+01,-1.979551315307617188e+01,-1.395302677154541016e+01,-1.292231082916259766e+01,-1.474074363708496094e+01,-1.344519329071044922e+01,-1.137727165222167969e+01,-1.012358760833740234e+01,-1.517819786071777344e+01,-1.247326087951660156e+01,-1.235228657722473145e+00,-2.400588989257812500e+00,-6.879353523254394531e+00,-4.353688240051269531e+00,2.979744672775268555e-01,-1.238550901412963867e+00,-3.758742809295654297e-01,-4.032167434692382812e+00,-1.021790885925292969e+01,-1.779163932800292969e+01,-1.889646911621093750e+01,-1.456735038757324219e+01,-1.158293533325195312e+01,-1.047868156433105469e+01,-2.429059743881225586e+00,-1.784128665924072266e+00,-6.462519645690917969e+00,-1.033386802673339844e+01,-1.567776298522949219e+01,-1.306084442138671875e+01,-1.695739555358886719e+01,-1.958512496948242188e+01,-2.091826248168945312e+01,-1.621161651611328125e+01,-1.000896644592285156e+01,-1.003259658813476562e+01,-1.217466354370117188e+01,-1.299305725097656250e+01,-1.261550235748291016e+01,-1.246620941162109375e+01,-9.756643295288085938e+00,-8.379935264587402344e+00,-3.813974857330322266e+00,-6.697597503662109375e-01,-4.887820720672607422e+00,-5.163987159729003906e+00,-2.159352779388427734e+00,5.843890309333801270e-01,-5.419583320617675781e-01,-3.886725902557373047e+00,-6.700533866882324219e+00,-9.869501113891601562e+00,-8.002121925354003906e+00,-1.590185642242431641e+00,-6.535050392150878906e+00,-6.440660476684570312e+00,-3.857811927795410156e+00,-1.222123384475708008e+00,-1.893084287643432617e+00,8.081903457641601562e-01,2.681781768798828125e+00,-5.616775512695312500e+00,-5.635968208312988281e+00,-9.422904968261718750e+00,-1.320271682739257812e+01,-1.020572471618652344e+01,-6.706758499145507812e+00,-6.416827678680419922e+00,-6.071761608123779297e+00,-7.163764953613281250e+00,-2.420811414718627930e+00,-4.556952476501464844e+00,-6.021188735961914062e+00,-3.490937232971191406e+00,-8.218130111694335938e+00,-1.340089797973632812e+01,-1.295162296295166016e+01,-1.097716808319091797e+01,-1.121221637725830078e+01,-9.163166999816894531e+00,-1.269263362884521484e+01,-1.094920349121093750e+01,-8.600780487060546875e+00,-8.371526718139648438e+00,-6.923377037048339844e+00,-8.023123741149902344e+00,-7.232161045074462891e+00,-9.783837318420410156e+00,-5.473089694976806641e+00,-6.533048629760742188e+00,-7.188601493835449219e+00,-9.234395980834960938e+00,-8.279167175292968750e+00,-8.098966598510742188e+00,-6.248185157775878906e+00,-7.055402278900146484e+00,-1.077860260009765625e+01,-1.100409317016601562e+01,-1.153371238708496094e+01,-1.214757919311523438e+01,-1.129030036926269531e+01,-9.463862419128417969e+00,-7.597931861877441406e+00,-8.435461044311523438e+00,-6.495404243469238281e+00,-6.320930957794189453e+00,-7.455577850341796875e+00,-1.324571132659912109e+01,-1.564126777648925781e+01,-1.420623779296875000e+01,-1.412108993530273438e+01,-8.828027725219726562e+00,-1.100357246398925781e+01,-8.274774551391601562e+00,-5.602772712707519531e+00,-3.247489452362060547e+00,-1.224433898925781250e+01,-1.847303199768066406e+01,-1.538414859771728516e+01,-9.935783386230468750e+00,-7.609170913696289062e+00,-5.927890777587890625e+00,-7.755625724792480469e+00,-1.932420730590820312e+01,-1.690873908996582031e+01,-1.293587875366210938e+01,-1.107828617095947266e+01,-5.845992088317871094e+00,-7.232493162155151367e-01,-3.794456243515014648e+00,-7.411575317382812500e+00,-7.905354499816894531e+00,-1.203536319732666016e+01,-1.849545288085937500e+01,-2.280504608154296875e+01,-1.691852188110351562e+01,-1.581974411010742188e+01,-1.948345947265625000e+01,-1.561080741882324219e+01,-1.411899280548095703e+01,-2.761977577209472656e+01,-3.421753692626953125e+01,-3.107235336303710938e+01,-2.994788360595703125e+01,-2.763264083862304688e+01,-2.086341476440429688e+01,-1.735721206665039062e+01,-2.085708999633789062e+01,-1.505149269104003906e+01,-1.004377555847167969e+01,-8.127754211425781250e+00,-4.501913070678710938e+00,-8.626625061035156250e+00,-2.125600433349609375e+01,-2.426294898986816406e+01,-2.300828742980957031e+01,-2.225309753417968750e+01,-1.981702423095703125e+01,-1.528463363647460938e+01,-1.244390583038330078e+01,-7.878825187683105469e+00,-6.084491729736328125e+00,-1.905699920654296875e+01,-2.102740859985351562e+01,-2.314859771728515625e+01,-2.432907867431640625e+01,-2.698703765869140625e+01,-2.583414077758789062e+01,-2.248747062683105469e+01,-1.942430686950683594e+01,-8.332365036010742188e+00,3.719540238380432129e-01,-9.511085152626037598e-01,-5.070726871490478516e+00,-5.927079200744628906e+00,-5.052281379699707031e+00,-5.139702796936035156e+00,-8.457197189331054688e+00,-3.096855163574218750e+00,-2.344962835311889648e+00,-4.734728813171386719e+00,-7.266160011291503906e+00,-1.060959911346435547e+01,-1.434806537628173828e+01,-1.292228698730468750e+01,-1.126598358154296875e+01,-1.145219516754150391e+01,-1.076720333099365234e+01,-4.106735706329345703e+00,-5.696592807769775391e+00,-1.252840614318847656e+01,-1.790030479431152344e+01,-1.397795867919921875e+01,-6.187170982360839844e+00,-6.715352058410644531e+00,-2.316577672958374023e+00,-4.605690002441406250e+00,-6.364334583282470703e+00,-7.781115531921386719e+00,-1.148998928070068359e+01,-1.216983985900878906e+01,-3.920022726058959961e+00,-3.931036472320556641e+00,-8.851909637451171875e+00,-1.244235038757324219e+01,-1.009130096435546875e+01,-1.086038208007812500e+01,-9.406372070312500000e+00,-1.512323188781738281e+01,-1.758267021179199219e+01,-1.325508117675781250e+01,-1.019732284545898438e+01,-9.621136665344238281e+00,-1.123973464965820312e+01,-1.269083786010742188e+01,-5.773571014404296875e+00,-5.196084976196289062e+00,-4.465842247009277344e+00,-1.466534972190856934e+00,-1.070020294189453125e+01,-1.020354270935058594e+01,-1.049655342102050781e+01,-1.682101440429687500e+01,-1.562127876281738281e+01,-1.226774501800537109e+01,-7.010467052459716797e+00,-4.363020896911621094e+00,-9.462965965270996094e+00,2.756664752960205078e-01,5.640867710113525391e+00,6.648766040802001953e+00,6.219670772552490234e+00,2.484888076782226562e+00,-6.459621429443359375e+00,-1.305971622467041016e+01,-1.073009300231933594e+01,-7.122435092926025391e+00,-7.637285232543945312e+00,-5.868288993835449219e+00,-5.015732288360595703e+00,-8.267963409423828125e+00,-3.286733388900756836e+00,3.880421519279479980e-01,-6.880177497863769531e+00,-8.688351631164550781e+00,-4.632906913757324219e+00,-8.460702300071716309e-01,-3.385926485061645508e+00,-7.213515758514404297e+00,-6.451936721801757812e+00,-4.797410488128662109e+00,-9.403175354003906250e+00,-4.833017349243164062e+00,1.625206589698791504e+00,-4.385463237762451172e+00,-5.449431419372558594e+00,-4.678439140319824219e+00,-8.096052169799804688e+00,-1.152999305725097656e+01,-9.304483413696289062e+00,-1.084962844848632812e+01,-1.341245746612548828e+01,-6.758024215698242188e+00,9.210393905639648438e+00,4.435115814208984375e+00,4.594990253448486328e+00,4.654351711273193359e+00,-4.999882698059082031e+00,-1.320638847351074219e+01,-5.461921691894531250e+00,-5.483421325683593750e+00,-1.222860431671142578e+01,-1.116748714447021484e+01,-1.623844909667968750e+01,-1.895512008666992188e+01,-1.393814086914062500e+01,-7.398518562316894531e+00,-4.387378692626953125e+00,-3.171356201171875000e+00,-6.827386856079101562e+00,-1.354296875000000000e+01,-6.019636154174804688e+00,-4.231040000915527344e+00,-5.079793930053710938e+00,-5.054110527038574219e+00,-7.803537368774414062e+00,-1.169255924224853516e+01,-1.255581855773925781e+01,-1.150704479217529297e+01,-1.108757877349853516e+01,-9.299963951110839844e+00,-9.942924499511718750e+00,-9.934392929077148438e+00,-1.632834625244140625e+01,-1.735965156555175781e+01,-1.601842880249023438e+01,-2.117632484436035156e+01,-1.693594360351562500e+01,-1.352276420593261719e+01,-1.094589328765869141e+01,-1.122794818878173828e+01,-9.916055679321289062e+00,-1.517540931701660156e+01,-1.631206321716308594e+01,-1.607831192016601562e+01,-1.835435676574707031e+01,-1.169422626495361328e+01,-8.461982727050781250e+00,-8.241473197937011719e+00,-6.381822586059570312e+00,-8.101803779602050781e+00,-8.961690902709960938e+00,-1.425613594055175781e+01,-1.039299011230468750e+01,-4.241372585296630859e+00,-5.384937286376953125e+00,-1.151534843444824219e+01,-9.629128456115722656e+00,-1.313323974609375000e+01,-1.496553421020507812e+01,-1.202215099334716797e+01,-1.915191078186035156e+01,-1.597038269042968750e+01,-1.574865722656250000e+01,-1.611834526062011719e+01,-1.316338539123535156e+01,-1.584873771667480469e+01,-1.694786834716796875e+01,-1.860289955139160156e+01,-1.614142608642578125e+01,-1.695782279968261719e+01,-1.881148147583007812e+01,-2.121678543090820312e+01,-2.224945259094238281e+01,-1.760411071777343750e+01,-1.487543487548828125e+01,-1.687861633300781250e+01,-1.932403755187988281e+01,-2.028273010253906250e+01,-2.507085037231445312e+01,-2.222346305847167969e+01,-1.579169082641601562e+01,-1.119105052947998047e+01,-1.704555892944335938e+01,-2.379651641845703125e+01,-1.772841453552246094e+01,-1.200158309936523438e+01,-1.229205131530761719e+01,-1.557403182983398438e+01,-1.857006454467773438e+01,-1.942204666137695312e+01,-1.582072925567626953e+01,-1.123046207427978516e+01,-1.702933692932128906e+01,-2.445167541503906250e+01,-2.163052368164062500e+01,-1.647290611267089844e+01,-1.788353919982910156e+01,-2.206371498107910156e+01,-2.153177261352539062e+01,-2.585075759887695312e+01,-1.871564102172851562e+01,-1.889276695251464844e+01,-2.127893066406250000e+01,-2.331050491333007812e+01,-2.428277206420898438e+01,-2.657242584228515625e+01,-2.814414978027343750e+01,-2.800435256958007812e+01,-2.426082038879394531e+01,-1.219571113586425781e+01,-8.327390670776367188e+00,-6.620548725128173828e+00,-7.726929664611816406e+00,-1.114518737792968750e+01,-1.088022518157958984e+01,-9.014310836791992188e+00,-8.038887977600097656e+00,-5.949711322784423828e+00,-5.597048282623291016e+00,-7.222624301910400391e+00,-1.201827812194824219e+01,-1.183751201629638672e+01,-1.193601608276367188e+01,-1.160654830932617188e+01,-8.657492637634277344e+00,-9.222850799560546875e+00,-9.230497360229492188e+00,-2.372888565063476562e+01,-3.359999084472656250e+01,-2.887762451171875000e+01,-2.538810729980468750e+01,-2.414409065246582031e+01,-2.264532470703125000e+01,-1.945022964477539062e+01,-2.125562286376953125e+01,-1.524728965759277344e+01,-9.863749504089355469e+00,-6.991167545318603516e+00,-3.637251138687133789e+00,-4.736238479614257812e+00,-9.790639877319335938e+00,-1.213696098327636719e+01,-1.349953842163085938e+01,-1.439261627197265625e+01,-1.277752685546875000e+01,-1.283372306823730469e+01,-1.960526275634765625e+01,-1.708372879028320312e+01,-1.426106071472167969e+01,-1.269535827636718750e+01,-1.075130176544189453e+01,-1.189101791381835938e+01,-1.281386756896972656e+01,-1.398964309692382812e+01,-1.007814884185791016e+01,-7.176724433898925781e+00,-8.140823364257812500e+00,-1.500262546539306641e+01,-1.990439605712890625e+01,-1.866793441772460938e+01,-1.910111236572265625e+01,-1.951121902465820312e+01,-2.211229324340820312e+01,-1.858260917663574219e+01,-1.438842582702636719e+01,-1.137510871887207031e+01,-1.338963222503662109e+01,-8.860713958740234375e+00,-3.716247320175170898e+00,-4.321960926055908203e+00,-1.054356670379638672e+01,-1.261821746826171875e+01,-1.094279098510742188e+01,-8.428834915161132812e+00,-4.705339431762695312e+00,-2.226206779479980469e+00,-1.313508272171020508e+00,-1.998715996742248535e+00,-4.317926883697509766e+00,-6.907519340515136719e+00,-1.140340042114257812e+01,-1.090301227569580078e+01,-1.416679382324218750e+01,-1.069794559478759766e+01,-7.488322734832763672e+00,-1.092325401306152344e+01,-1.485079479217529297e+01,-1.575865554809570312e+01,-1.573280334472656250e+01,-1.194605445861816406e+01,-1.053958320617675781e+01,-1.524666213989257812e+01,-1.852129364013671875e+01,-1.831619262695312500e+01,-1.678787231445312500e+01,-1.592439460754394531e+01,-1.646394157409667969e+01,-1.630036544799804688e+01,-1.717735290527343750e+01,-2.030614089965820312e+01,-1.742933273315429688e+01,-1.306030941009521484e+01,-1.399699783325195312e+01,-8.633084297180175781e+00,-7.642435073852539062e+00,-9.171219825744628906e+00,-9.261124610900878906e+00,-5.905023097991943359e+00,-9.094463348388671875e+00,-1.323820018768310547e+01,-1.522311782836914062e+01,-7.575384616851806641e+00,-8.058804512023925781e+00,-9.850215911865234375e+00,-7.568283081054687500e+00,-6.832266807556152344e+00,-6.778049468994140625e+00,-6.832935810089111328e+00,-7.919074058532714844e+00,-1.358939933776855469e+01,-1.011158847808837891e+01,-1.096763038635253906e+01,-1.156593799591064453e+01,-1.508380889892578125e+01,-1.331602478027343750e+01,-9.578401565551757812e+00,-9.624260902404785156e+00,-1.281781959533691406e+01,-1.659802055358886719e+01,-1.593265724182128906e+01,-1.212369537353515625e+01,-9.671251296997070312e+00,-1.529115962982177734e+01,-1.868993759155273438e+01,-1.555944633483886719e+01,-1.325131607055664062e+01,-1.508312129974365234e+01,-1.319658088684082031e+01,-1.357177162170410156e+01,-1.616204643249511719e+01,-1.641727066040039062e+01,-1.217809295654296875e+01,-1.793798828125000000e+01,-2.439747810363769531e+01,-2.659383010864257812e+01,-2.727100753784179688e+01,-2.976285552978515625e+01,-2.650186538696289062e+01,-2.466894912719726562e+01,-2.321418952941894531e+01,-2.518420219421386719e+01,-1.765562248229980469e+01,-1.349361228942871094e+01,-1.466919612884521484e+01,-2.154510688781738281e+01,-1.851628875732421875e+01,-2.065163803100585938e+01,-1.824545669555664062e+01,-1.610035133361816406e+01,-2.512487792968750000e+01,-3.191630935668945312e+01,-3.297917938232421875e+01,-2.756261825561523438e+01,-2.167770004272460938e+01,-1.659064292907714844e+01,-1.253266716003417969e+01,-4.318752288818359375e+00,-3.720817327499389648e+00,2.009176015853881836e-01,-7.875981926918029785e-01,-2.337649166584014893e-01,-3.887893199920654297e+00,-8.877604484558105469e+00,-5.504993915557861328e+00,-1.054068326950073242e+00,2.091395378112792969e+00,-4.950470924377441406e+00,-9.428380966186523438e+00,-1.446358203887939453e+01,-1.459535503387451172e+01,-8.191131591796875000e+00,-5.132112979888916016e+00,-2.059972047805786133e+00,7.953472733497619629e-01,-2.663685083389282227e+00,-4.376388549804687500e+00,-5.611680030822753906e+00,-8.400321960449218750e+00,-1.294227790832519531e+01,-1.414381980895996094e+01,-1.322726821899414062e+01,-1.607873153686523438e+01,-1.704028892517089844e+01,-9.717985153198242188e+00,-7.257797718048095703e+00,-6.734811782836914062e+00,-7.456164360046386719e+00,-1.300069618225097656e+01,-1.347438716888427734e+01,-9.788467407226562500e+00,-8.722581863403320312e+00,-8.158383369445800781e+00,-9.474604606628417969e+00,-1.145690155029296875e+01,-1.151454544067382812e+01,-1.058600425720214844e+01,-1.388939476013183594e+01,-1.123173522949218750e+01,-1.359745025634765625e+01,-1.469721508026123047e+01,-1.359566307067871094e+01,-1.340336799621582031e+01,-9.854172706604003906e+00,-8.255054473876953125e+00,-1.177723979949951172e+01,-1.019664764404296875e+01,-7.636941432952880859e+00,-4.200717926025390625e+00,-1.312408208847045898e+00,-4.270396232604980469e-01,-4.092737674713134766e+00,-7.374485969543457031e+00,-7.784144401550292969e+00,-5.733965873718261719e+00,-3.286349296569824219e+00,-5.492803096771240234e+00,-5.362000942230224609e+00,-4.751754760742187500e+00,-5.827927589416503906e+00,-6.743387222290039062e+00,-8.987104415893554688e+00,-1.091192436218261719e+01,-8.557049751281738281e+00,-6.709519863128662109e+00,-1.078339576721191406e+01,-1.288915824890136719e+01,-9.012781143188476562e+00,-1.160979557037353516e+01,-1.339099502563476562e+01,-1.086281394958496094e+01,-7.984622955322265625e+00,-8.438246726989746094e+00,-9.115734100341796875e+00,-1.319564247131347656e+01,-1.500634384155273438e+01,-1.446372604370117188e+01,-1.184019470214843750e+01,-8.925279617309570312e+00,-7.602986335754394531e+00,-1.117476654052734375e+01,-1.080962944030761719e+01,-9.361037254333496094e+00,-7.354381561279296875e+00,-7.611016750335693359e+00,-8.366585731506347656e+00,-9.082190513610839844e+00,-9.840242385864257812e+00,-5.762007713317871094e+00,-8.484368324279785156e+00,-7.400146007537841797e+00,-4.361474037170410156e+00,-4.879971981048583984e+00,-6.518929481506347656e+00,-3.406743764877319336e+00,-6.110195636749267578e+00,-8.699077606201171875e+00,-1.053747463226318359e+01,-6.082146167755126953e+00,-5.066312789916992188e+00,-7.682406902313232422e+00,-3.509466648101806641e+00,-3.152511596679687500e+00,-9.162141799926757812e+00,-7.525199413299560547e+00,-2.269339799880981445e+00,-4.371625423431396484e+00,-9.434894323348999023e-01,-2.909517288208007812e+00,-4.390781402587890625e+00,-4.864128589630126953e+00,-7.423129081726074219e+00,-6.317546844482421875e+00,-5.235952377319335938e+00,-3.462718009948730469e+00,-6.706376075744628906e+00,-9.746315002441406250e+00,-3.825542211532592773e+00,-7.529832363128662109e+00,-8.489064216613769531e+00,-1.002907562255859375e+01,-1.162620544433593750e+01,-1.024083328247070312e+01,-9.441446304321289062e+00,-1.408687973022460938e+01,-1.285097885131835938e+01,-1.271212673187255859e+01,-9.643243789672851562e+00,-1.197790908813476562e+01,-1.363289833068847656e+01,-1.307563018798828125e+01,-1.338447093963623047e+01,-1.159742736816406250e+01,-6.290243148803710938e+00,-3.943842411041259766e+00,-3.735879898071289062e+00,-5.544134140014648438e+00,-5.869379997253417969e+00,-5.475004196166992188e+00,-3.703087329864501953e+00,-3.064895153045654297e+00,-9.104061126708984375e+00,-1.613188552856445312e+01,-1.315982246398925781e+01,-8.530515670776367188e+00,-7.620557785034179688e+00,-7.958889007568359375e+00,-1.006029796600341797e+01,-1.054127311706542969e+01,-6.956991195678710938e+00,-7.778879165649414062e+00,-8.971279144287109375e+00,-6.468691825866699219e+00,-6.581376075744628906e+00,-6.860395431518554688e+00,-6.472376823425292969e+00,-6.398585319519042969e+00,-4.455303668975830078e+00,-5.313610076904296875e+00,-5.711027145385742188e+00,-6.411732673645019531e+00,-6.735256671905517578e+00,-9.570794105529785156e+00,-1.038890743255615234e+01,-1.568552589416503906e+01,-1.832689285278320312e+01,-1.622874069213867188e+01,-1.687542724609375000e+01,-2.071116256713867188e+01,-2.091280937194824219e+01,-2.031948471069335938e+01,-1.711815261840820312e+01,-2.025876998901367188e+01,-1.982763290405273438e+01,-1.176436424255371094e+01,-1.477114677429199219e+01,-1.231710624694824219e+01,-7.866407394409179688e+00,-1.598051643371582031e+01,-2.370467758178710938e+01,-2.550754737854003906e+01,-1.335371208190917969e+01,-8.951985359191894531e+00,-6.914367198944091797e+00,-6.037733078002929688e+00,-9.400103569030761719e+00,-1.240452003479003906e+01,-7.162756919860839844e+00,-7.188524246215820312e+00,-1.151543140411376953e+01,-1.197626876831054688e+01,-9.190595626831054688e+00,-1.278726482391357422e+01,-1.072622966766357422e+01,-3.483261108398437500e+00,-2.217339515686035156e+00,-8.689603805541992188e+00,-1.066637611389160156e+01,-7.959503650665283203e+00,-6.523203372955322266e+00,-3.769736766815185547e+00,-6.963226318359375000e+00,-1.780806183815002441e+00,-1.986294388771057129e+00,-5.277694225311279297e+00,-5.365488052368164062e+00,-2.122589945793151855e-01,2.901837348937988281e+00,-2.034265756607055664e+00,-8.728672981262207031e+00,-7.983986854553222656e+00,-4.623972892761230469e+00,-4.849927425384521484e+00,-6.992114067077636719e+00,-4.821980476379394531e+00,-1.117183113098144531e+01,-1.300951766967773438e+01,-1.420971965789794922e+01,-1.455491638183593750e+01,-8.863872528076171875e+00,-9.393253326416015625e+00,-8.357955932617187500e+00,-5.629951477050781250e+00,-5.429346084594726562e+00,-7.537366867065429688e+00,-7.227344512939453125e+00,-2.045316219329833984e+00,-2.707259893417358398e+00,-3.187056064605712891e+00,1.289125680923461914e-01,-1.075989007949829102e+00,-3.713454008102416992e+00,-2.955240249633789062e+00,7.047075629234313965e-01,-1.226638793945312500e+00,1.333117485046386719e-03,2.325685501098632812e+00,1.399827003479003906e+00,-1.810195684432983398e+00,-4.334316253662109375e+00,-5.948151588439941406e+00,-5.369418144226074219e+00,-5.026554107666015625e+00,8.374571204185485840e-01,1.100293159484863281e+00,-3.487787961959838867e+00,-3.745143413543701172e+00,-1.420078277587890625e+00,5.347083210945129395e-01,-5.293686985969543457e-01,-1.394886970520019531e+00,-3.846683502197265625e-01,3.957390785217285156e+00,3.002280473709106445e+00,1.935698986053466797e+00,1.104640960693359375e+00,-1.509622335433959961e+00,-2.363828182220458984e+00,-6.085561752319335938e+00,-8.830304145812988281e+00,-1.117553901672363281e+01,-1.152181816101074219e+01,-5.850856781005859375e+00,-5.451057434082031250e+00,-3.047567844390869141e+00,-1.555135488510131836e+00,-6.992438793182373047e+00,-1.168462467193603516e+01,-1.415122413635253906e+01,-1.108564758300781250e+01,-1.114828109741210938e+01,-1.140694046020507812e+01,-1.542152786254882812e+01,-1.876003646850585938e+01,-1.319643974304199219e+01,-1.179866886138916016e+01,-7.119852066040039062e+00,-7.910417556762695312e+00,-6.795727729797363281e+00,-2.446189641952514648e+00,1.178713083267211914e+00,-1.064804315567016602e+00,-1.297008991241455078e+00,7.083082199096679688e-02,-7.709262371063232422e+00,-3.524940013885498047e+00,-6.167779922485351562e+00,-5.778349876403808594e+00,-3.267281129956245422e-02,-3.312939643859863281e+00,-8.362199783325195312e+00,-7.357993125915527344e+00,-3.538834571838378906e+00,-9.449279785156250000e+00,-8.158503532409667969e+00,-3.459081888198852539e+00,-8.853311538696289062e+00,-5.445295333862304688e+00,-6.400155067443847656e+00,-7.639502525329589844e+00,-5.715245246887207031e+00,-8.601789474487304688e+00,-3.641515731811523438e+00,3.927288532257080078e+00,-2.148537158966064453e+00,-4.747227668762207031e+00,-2.316202402114868164e+00,9.424542188644409180e-01,6.621860265731811523e-01,1.321362972259521484e+00,-4.158856868743896484e+00,-4.620264530181884766e+00,-4.947525978088378906e+00,-4.861852228641510010e-01,1.961634278297424316e+00,-2.260105609893798828e+00,-2.389842271804809570e+00,-3.097213029861450195e+00,-3.316969871520996094e+00,-6.060351133346557617e-01,1.709543228149414062e+00,-3.791031360626220703e+00,-6.349793434143066406e+00,-1.119581985473632812e+01,-8.137109756469726562e+00,-6.393580436706542969e+00,-8.885423660278320312e+00,-4.838526248931884766e+00,-2.902642726898193359e+00,-6.068683624267578125e+00,-3.453184127807617188e+00,-1.538893699645996094e+00,-4.372208595275878906e+00,-4.048111915588378906e+00,-4.520021438598632812e+00,-8.070676803588867188e+00,-1.124066925048828125e+01,-6.756692886352539062e+00,-1.904708623886108398e+00,3.632339477539062500e+00,-3.947738647460937500e+00,-9.630784988403320312e+00,-9.358146667480468750e+00,-5.925529479980468750e+00,-4.193320274353027344e+00,-3.843863964080810547e+00,-6.878141403198242188e+00,-1.130543136596679688e+01,-1.116737174987792969e+01,-1.161310386657714844e+01,-1.028158950805664062e+01,-1.448908233642578125e+01,-1.555561256408691406e+01,-5.405354022979736328e+00,7.187709808349609375e-01,-2.142123937606811523e+00,-6.595241546630859375e+00,-6.766288280487060547e+00,-8.636708259582519531e+00,-1.504371738433837891e+01,-1.396614837646484375e+01,-1.114521598815917969e+01,-6.807928085327148438e+00,-3.055943012237548828e+00,-1.046887397766113281e+01,-2.382646560668945312e+01,-2.295571708679199219e+01,-1.702963638305664062e+01,-1.335946655273437500e+01,-9.525954246520996094e+00,-7.752384185791015625e+00,-8.906686782836914062e+00,-2.223687362670898438e+01,-2.452907180786132812e+01,-2.110214233398437500e+01,-1.646225547790527344e+01,-1.294303321838378906e+01,-1.788538169860839844e+01,-1.624670982360839844e+01,-1.922135162353515625e+01,-1.933100318908691406e+01,-1.813188934326171875e+01,-2.386148834228515625e+01,-1.879792022705078125e+01,-1.736653518676757812e+01,-1.858520507812500000e+01,-1.306719207763671875e+01,-1.122152137756347656e+01,-1.345646667480468750e+01,-1.528586578369140625e+01,-1.232201576232910156e+01,-8.535844802856445312e+00,-9.235573768615722656e+00,-1.100795173645019531e+01,-1.042334079742431641e+01,-1.369555187225341797e+01,-1.882282257080078125e+01,-1.542198944091796875e+01,-1.197599983215332031e+01,-6.665658950805664062e+00,-1.867525577545166016e+00,-1.062837982177734375e+01,-1.904869270324707031e+01,-2.141792297363281250e+01,-1.229140281677246094e+01,-1.166208267211914062e+01,-1.149906921386718750e+01,-1.529475116729736328e+01,-1.852761840820312500e+01,-2.219533348083496094e+01,-1.889072799682617188e+01,-8.702352523803710938e+00,-1.005160522460937500e+01,-1.449495124816894531e+01,-8.233082771301269531e+00,-4.289309024810791016e+00,-7.497798919677734375e+00,-1.519923591613769531e+01,-1.452113533020019531e+01,-9.363134384155273438e+00,-8.218830108642578125e+00,-3.231475114822387695e+00,-6.617277145385742188e+00,-1.442020320892333984e+01,-1.541113281250000000e+01,-1.453154945373535156e+01,-1.502394580841064453e+01,-1.621196174621582031e+01,-9.310851097106933594e+00,-9.931896209716796875e+00,-1.072582721710205078e+01,-1.458945083618164062e+01,-1.271920967102050781e+01,-8.033912658691406250e+00,-9.126806259155273438e+00,-8.774927139282226562e+00,-6.058767318725585938e+00,-1.133048439025878906e+01,-5.311839103698730469e+00,-2.221161365509033203e+00,-6.493701934814453125e+00,-1.241212272644042969e+01,-1.370615386962890625e+01,-8.574330329895019531e+00,-2.519244432449340820e+00,-4.853168487548828125e+00,-6.865296840667724609e+00,-6.140734672546386719e+00,-7.347898483276367188e+00,-1.183885574340820312e+01,-1.268665885925292969e+01,-1.356379604339599609e+01,-1.315979003906250000e+01,-8.584714889526367188e+00,-4.306306838989257812e+00,-2.140232086181640625e+00,-1.533699035644531250e+00,-3.373110294342041016e+00,-1.002815437316894531e+01,-1.235767459869384766e+01,-8.448674201965332031e+00,-7.700345039367675781e+00,-7.186852455139160156e+00,-8.460390090942382812e+00,-4.977712631225585938e+00,-4.020279884338378906e+00,-1.151059150695800781e+01,-1.248654174804687500e+01,-1.098560047149658203e+01,-7.549930572509765625e+00,-6.423442840576171875e+00,-7.773440361022949219e+00,-9.447822570800781250e+00,-5.448905467987060547e+00,-4.964161813259124756e-01,-1.767194271087646484e-01,-7.499098777770996094e-02,-4.137863516807556152e-01,1.011863470077514648e+00,-1.459976673126220703e+00,-4.642278671264648438e+00,-2.093279838562011719e+00,-2.592759609222412109e+00,-5.631763935089111328e+00,-8.988048553466796875e+00,-9.032001495361328125e+00,-8.603389739990234375e+00,-1.220605659484863281e+01,-9.139358520507812500e+00,-2.851312875747680664e+00,7.376617193222045898e-01,-5.917016029357910156e+00,-3.406706809997558594e+00,-4.186607360839843750e+00,-6.469092369079589844e+00,-8.740527629852294922e-01,-8.991230130195617676e-01,-4.196772575378417969e+00,3.131492137908935547e-01,-1.219600439071655273e+00,2.338835239410400391e+00,1.338657617568969727e+00,5.344126224517822266e-01,-5.906620502471923828e+00,-2.056426525115966797e+00,-6.576292991638183594e+00,-6.583641529083251953e+00,-7.851416587829589844e+00,-4.931250572204589844e+00,-1.789482355117797852e+00,-1.614311456680297852e+00,2.129108667373657227e+00,-4.176508188247680664e-01,-2.975830316543579102e+00,-5.775179386138916016e+00,-8.927940368652343750e+00,-7.885257720947265625e+00,-8.770240783691406250e+00,-8.417942047119140625e+00,-8.364376068115234375e+00,-6.989615440368652344e+00,-1.050209045410156250e+01,-1.480364799499511719e+01,-1.328528976440429688e+01,-1.026837921142578125e+01,-1.452981948852539062e+01,-5.458647727966308594e+00,-2.233081340789794922e+00,-3.545320510864257812e+00,-4.040661334991455078e+00,-6.196090221405029297e+00,-6.294730186462402344e+00,-6.743815422058105469e+00,-3.803597211837768555e+00,-3.417769432067871094e+00,-6.133732795715332031e+00,-1.020754146575927734e+01,-9.565609931945800781e+00,-7.084307670593261719e+00,-7.624441623687744141e+00,-6.964698314666748047e+00,-5.458116531372070312e+00,-7.857069969177246094e-01,1.058033704757690430e+00,2.992077767848968506e-01,-5.215620994567871094e+00,-1.214108705520629883e+00,4.440167427062988281e+00,3.380609512329101562e+00,-9.590494632720947266e-02,-2.902746677398681641e+00,-1.908411979675292969e+00,-2.925799369812011719e+00,-4.313933849334716797e+00,-1.668367385864257812e+00,5.506358623504638672e+00,7.326475143432617188e+00,-9.447392225265502930e-01,-1.457827568054199219e+00,2.737179994583129883e-01,1.298673629760742188e+00,2.625911235809326172e+00,1.905941486358642578e+00,3.803630352020263672e+00,2.199814796447753906e+00,3.369091749191284180e-01,1.947020649909973145e+00,1.616481542587280273e+00,9.936290979385375977e-01,-1.073836326599121094e+00,-9.207838773727416992e-01,-2.182662725448608398e+00,-3.193401813507080078e+00,8.901352882385253906e-01,-3.396711587905883789e+00,-6.798548221588134766e+00,-6.104801654815673828e+00,-2.354161262512207031e+00,-2.580843210220336914e+00,4.113468527793884277e-01,-4.113266944885253906e+00,-1.076452636718750000e+01,-8.111232757568359375e+00,-1.904698610305786133e+00,-3.437720537185668945e-01,1.845859408378601074e+00,-3.285323143005371094e+00,-4.742624282836914062e+00,-3.578488349914550781e+00,-4.031270027160644531e+00,-5.325521469116210938e+00,-6.129400253295898438e+00,-7.142807006835937500e+00,-8.262308120727539062e+00,-3.208536148071289062e+00,1.319723844528198242e+00,-2.913673639297485352e+00,-8.704916000366210938e+00,-7.046412467956542969e+00,-4.105614662170410156e+00,-2.088415145874023438e+00,4.865277111530303955e-01,3.204941511154174805e+00,2.119637966156005859e+00,1.474122047424316406e+00,-3.917948246002197266e+00,-3.665697574615478516e+00,-5.709774017333984375e+00,-3.201402187347412109e+00,5.381126403808593750e+00,2.985626220703125000e+00,2.401579856872558594e+00,-3.238634824752807617e+00,-2.672415733337402344e+00,-7.853155136108398438e+00,-7.616737842559814453e+00,-6.318785190582275391e+00,-5.093335151672363281e+00,-1.105625629425048828e+00,-2.343159914016723633e+00,9.602626562118530273e-01,-1.300662398338317871e+00,-5.788102149963378906e+00,-4.405813217163085938e+00,-8.193626403808593750e+00,-1.012168979644775391e+01,-6.196687698364257812e+00,-1.168361425399780273e+00,-4.078286647796630859e+00,-2.624590158462524414e+00,-1.352150082588195801e+00,-3.640954017639160156e+00,-9.059085249900817871e-01,-5.912706375122070312e+00,-5.649905681610107422e+00,-4.227660655975341797e+00,-1.421555876731872559e-01,-3.927481472492218018e-01,-1.116177797317504883e+00,-3.182365596294403076e-01,-4.547788619995117188e+00,-3.607244014739990234e+00,-5.998770713806152344e+00,-7.882854461669921875e+00,-7.170270919799804688e+00,-6.045882225036621094e+00,-3.104360103607177734e+00,-3.239897966384887695e+00,-8.417981266975402832e-01,3.975695848464965820e+00,2.779617905616760254e-01,-3.222965240478515625e+00,-6.237842559814453125e+00,-4.971191406250000000e+00,-8.044628143310546875e+00,-1.009714221954345703e+01,-8.285356521606445312e+00,-7.407268524169921875e+00,-8.471719741821289062e+00,-1.657851409912109375e+01,-2.119592285156250000e+01,-2.609625625610351562e+01,-2.320499992370605469e+01,-1.440721321105957031e+01,-9.905689239501953125e+00,-1.152255058288574219e+01,-1.319877529144287109e+01,-1.003566074371337891e+01,-4.646347045898437500e+00,-8.195252418518066406e+00,-9.654605865478515625e+00,-1.273597812652587891e+01,-1.541591453552246094e+01,-1.873855209350585938e+01,-1.833205604553222656e+01,-1.586482334136962891e+01,-7.850128650665283203e+00,-3.767863750457763672e+00,-9.489234924316406250e+00,-1.945509338378906250e+01,-2.029990768432617188e+01,-1.883218765258789062e+01,-2.477310943603515625e+01,-2.823011016845703125e+01,-1.771786117553710938e+01,-8.825028419494628906e+00,-1.182184600830078125e+01,-1.557737731933593750e+01,-1.088998985290527344e+01,-5.076781272888183594e+00,5.147744417190551758e-01,4.628709793090820312e+00,1.930383324623107910e+00,-7.916190624237060547e-01,-8.124462127685546875e+00,-1.325563716888427734e+01,-1.675050354003906250e+01,-2.076048469543457031e+01,-2.031254196166992188e+01,-2.189918518066406250e+01,-1.985884475708007812e+01,-2.115625381469726562e+01,-2.093925857543945312e+01,-1.819753074645996094e+01,-1.491501331329345703e+01,-1.147647857666015625e+01,-9.139097213745117188e+00,-1.015717124938964844e+01,-9.903820037841796875e+00,-8.102266311645507812e+00,-1.174635505676269531e+01,-1.622241973876953125e+01,-1.732773208618164062e+01,-1.939049148559570312e+01,-1.540145301818847656e+01,-1.458016014099121094e+01,-1.531079292297363281e+01,-8.538329124450683594e+00,-1.476638126373291016e+01,-1.593283939361572266e+01,-7.123929023742675781e+00,-1.117624282836914062e+01,-8.435152053833007812e+00,1.092529892921447754e+00,1.727461814880371094e-01,-6.422369480133056641e+00,-9.176520347595214844e+00,-9.943283081054687500e+00,-1.517276382446289062e+01,-1.819541549682617188e+01,-1.714841079711914062e+01,-1.521000766754150391e+01,-1.361301040649414062e+01,-1.292647361755371094e+01,-6.402037143707275391e+00,-3.863387107849121094e+00,-3.077781200408935547e-01,-5.560853958129882812e+00,-9.370903015136718750e+00,-9.127828598022460938e+00,-1.289691638946533203e+01,-1.476480770111083984e+01,-9.056806564331054688e+00,-7.203829765319824219e+00,-9.102348327636718750e+00,-1.851208496093750000e+01,-2.405333328247070312e+01,-1.566060543060302734e+01,-8.792527198791503906e+00,-2.305313110351562500e+00,-3.895701885223388672e+00,-7.965651512145996094e+00,-1.324044418334960938e+01,-9.502462387084960938e+00,-3.865815401077270508e+00,-9.104331016540527344e+00,-9.646406173706054688e+00,-1.036940860748291016e+01,-6.592493057250976562e+00,-6.446285724639892578e+00,-3.595352649688720703e+00,-7.073581218719482422e+00,-1.056681823730468750e+01,-1.140628242492675781e+01,-1.267148113250732422e+01,-1.169772624969482422e+01,-1.088231468200683594e+01,-4.453200340270996094e+00,3.328877449035644531e+00,1.776955842971801758e+00,-8.815962672233581543e-01,2.911088466644287109e-01,-2.632426261901855469e+00,-4.398961067199707031e+00,-2.660588741302490234e+00,-4.090972900390625000e+00,-3.315930843353271484e+00,-2.386105298995971680e+00,-3.736853837966918945e+00,-3.698942899703979492e+00,-6.025238990783691406e+00,-1.041106224060058594e+01,-8.824330329895019531e+00,-6.000007629394531250e+00,-7.036234855651855469e+00,-5.077610015869140625e+00,-4.777433395385742188e+00,-7.834412097930908203e+00,-1.342224311828613281e+01,-2.120018005371093750e+01,-2.331026649475097656e+01,-1.958837890625000000e+01,-1.448519134521484375e+01,-1.346990871429443359e+01,-1.316525650024414062e+01,-1.459378051757812500e+01,-1.334045696258544922e+01,-1.361852264404296875e+01,-1.464225959777832031e+01,-1.496977996826171875e+01,-1.442772579193115234e+01,-1.152570915222167969e+01,-1.194621276855468750e+01,-1.595017147064208984e+01,-1.356332397460937500e+01,-1.319962596893310547e+01,-1.273728179931640625e+01,-1.255660629272460938e+01,-1.171905899047851562e+01,-6.353202342987060547e+00,-5.391959190368652344e+00,-3.776366710662841797e+00,-6.298657655715942383e-01,-1.598613977432250977e+00,-8.988885879516601562e+00,-1.112454986572265625e+01,-1.039792346954345703e+01,-1.233938789367675781e+01,-1.394691371917724609e+01,-9.737176895141601562e+00,-4.242264747619628906e+00,-9.939881324768066406e+00,-1.269939422607421875e+01,-1.184903621673583984e+01,-1.021085453033447266e+01,-5.395206928253173828e+00,-9.458600997924804688e+00,-4.596255302429199219e+00,-4.958721160888671875e+00,-7.057154178619384766e+00,-6.761871337890625000e+00,-6.128626823425292969e+00,-1.171491813659667969e+01,-1.176793575286865234e+01,-1.770783996582031250e+01,-1.622690963745117188e+01,-7.783987045288085938e+00,-3.331819772720336914e+00,-3.810790777206420898e+00,-4.497642517089843750e+00,-6.115275025367736816e-01,-1.088852286338806152e+00,-4.123256206512451172e+00,-3.854038000106811523e+00,-6.118751525878906250e+00,-8.833496093750000000e+00,-9.655662536621093750e+00,-1.068057823181152344e+01,3.564874649047851562e+00,-3.903307914733886719e-01,-3.389636754989624023e+00,-7.878928661346435547e+00,-1.002917289733886719e+01,-1.641957283020019531e+01,-1.600388336181640625e+01,-1.246464729309082031e+01,-1.311815261840820312e+01,-8.369146347045898438e+00,-3.219051599502563477e+00,-7.597928047180175781e+00,-6.377254009246826172e+00,-4.208389282226562500e+00,-1.441215133666992188e+01,-1.481597900390625000e+01,-1.070345211029052734e+01,-1.140305137634277344e+01,-9.669584274291992188e+00,-6.554873466491699219e+00,-6.730000972747802734e+00,-7.213768005371093750e+00,-9.362764358520507812e+00,-8.375640869140625000e+00,-1.133925533294677734e+01,-1.479428100585937500e+01,-8.942238807678222656e+00,-1.014448928833007812e+01,-1.336021518707275391e+01,-1.762314796447753906e+01,-2.309757995605468750e+01,-2.089155197143554688e+01,-1.720461654663085938e+01,-1.299608421325683594e+01,-1.037652587890625000e+01,-1.216371536254882812e+01,-1.377839279174804688e+01,-1.102390289306640625e+01,-1.276645183563232422e+01,-1.491433429718017578e+01,-1.893903732299804688e+01,-2.105361557006835938e+01,-2.367911911010742188e+01,-1.178620529174804688e+01,-1.584454178810119629e-01,4.105871200561523438e+00,-2.432731389999389648e+00,-6.578087806701660156e+00,-7.674794197082519531e+00,-1.220526218414306641e+00,2.318330705165863037e-01,-5.416542053222656250e+00,-5.337035655975341797e+00,-4.394083619117736816e-01,5.699895858764648438e+00,8.372519016265869141e-01,-1.497041463851928711e+00,-7.668128013610839844e+00,-9.339755058288574219e+00,-8.649756431579589844e+00,-6.223437786102294922e+00,-5.131484031677246094e+00,-5.918241977691650391e+00,-9.787744522094726562e+00,-1.102832412719726562e+01,-1.468011188507080078e+01,-1.461069774627685547e+01,-1.412306022644042969e+01,-1.676332855224609375e+01,-9.611051559448242188e+00,-3.740717649459838867e+00,-2.730873346328735352e+00,-8.116956710815429688e+00,-1.446028423309326172e+01,-9.372171401977539062e+00,-1.063073921203613281e+01,-1.095955467224121094e+01,-7.112354278564453125e+00,-6.577267646789550781e+00,-8.641397476196289062e+00,-8.359999656677246094e+00,-1.122987365722656250e+01,-1.027019500732421875e+01,-7.678745269775390625e+00,-7.514837265014648438e+00,-1.040230941772460938e+01,-1.160974311828613281e+01,-7.615621566772460938e+00,-7.768972396850585938e+00,-7.747762680053710938e+00,-9.486202239990234375e+00,-1.664013671875000000e+01,-1.855172920227050781e+01,-2.211660957336425781e+01,-2.394591140747070312e+01,-1.981076240539550781e+01,-1.539806461334228516e+01,-1.560333156585693359e+01,-1.142904472351074219e+01,-1.131151008605957031e+01,-1.350826930999755859e+01,-9.613591194152832031e+00,-1.127632331848144531e+01,-1.295730400085449219e+01,-8.184310913085937500e+00,-6.000668048858642578e+00,-6.356332898139953613e-01,-5.521204948425292969e+00,-9.254900932312011719e+00,-3.949178218841552734e+00,-2.428987264633178711e+00,-5.438822746276855469e+00,-4.838738441467285156e+00,-7.599341392517089844e+00,-1.272155857086181641e+01,-1.214393234252929688e+01,-1.139415264129638672e+01,-1.111190605163574219e+01,-1.205466461181640625e+01,-1.853147506713867188e+01,-1.943738937377929688e+01,-2.136335372924804688e+01,-1.647386932373046875e+01,-1.032405662536621094e+01,-1.161391067504882812e+01,-1.221756744384765625e+01,-1.077370834350585938e+01,-1.120949935913085938e+01,-1.606823348999023438e+01,-2.363140106201171875e+01,-2.412976455688476562e+01,-2.427626037597656250e+01,-2.493626785278320312e+01,-1.799454689025878906e+01,-1.369533538818359375e+01,-6.444749832153320312e+00,-7.308334350585937500e+00,-8.801732063293457031e+00,-7.830541610717773438e+00,-1.140578269958496094e+01,-1.225193023681640625e+01,-1.350078582763671875e+01,-5.893623352050781250e+00,-7.451621055603027344e+00,-8.385436058044433594e+00,-7.920268058776855469e+00,-8.396275520324707031e+00,-7.803057193756103516e+00,-5.656412124633789062e+00,-9.109608650207519531e+00,-1.611694526672363281e+01,-1.278279399871826172e+01,-1.019139575958251953e+01,-1.191201591491699219e+01,-1.860853958129882812e+01,-1.952704429626464844e+01,-2.264148330688476562e+01,-2.291927337646484375e+01,-1.687738037109375000e+01,-1.622570037841796875e+01,-1.666172027587890625e+01,-1.384195613861083984e+01,-1.315314483642578125e+01,-1.632623291015625000e+01,-1.668857002258300781e+01,-1.680723381042480469e+01,-1.506473922729492188e+01,-7.408427238464355469e+00,-8.205520629882812500e+00,-1.126599025726318359e+01,-1.099162960052490234e+01,-9.466007232666015625e+00,-5.462085247039794922e+00,-3.938551902770996094e+00,-6.467330932617187500e+00,-5.748798370361328125e+00,-4.284107208251953125e+00,-5.008942604064941406e+00,-1.047707557678222656e+01,-1.086503982543945312e+01,-1.364696311950683594e+01,-1.336238861083984375e+01,-1.474562644958496094e+01,-1.493213081359863281e+01,-1.090743446350097656e+01,-1.320587730407714844e+01,-1.273719787597656250e+01,-7.923118114471435547e+00,-8.083444595336914062e+00,-1.504984664916992188e+01,-1.501992225646972656e+01,-1.243237400054931641e+01,-1.178756999969482422e+01,-1.185434722900390625e+01,-1.359078407287597656e+01,-1.603545761108398438e+01,-1.676066970825195312e+01,-1.632867813110351562e+01,-1.101005744934082031e+01,-8.900715827941894531e+00,-2.729689598083496094e+00,-3.410959243774414062e-02,-6.015188217163085938e+00,-9.214160919189453125e+00,-7.766241550445556641e+00,-2.819251298904418945e+00,-3.037552595138549805e+00,7.475361824035644531e-01,5.438181877136230469e+00,4.957968711853027344e+00,-3.035494327545166016e+00,-2.748142480850219727e+00,-2.183881282806396484e+00,-1.386249661445617676e+00,-4.942438125610351562e+00,-7.887130260467529297e+00,-6.390209674835205078e+00,-7.892909049987792969e+00,-1.396014404296875000e+01,-1.244232177734375000e+01,-1.057104682922363281e+01,-1.634595870971679688e+01,-2.103385353088378906e+01,-1.985548973083496094e+01,-1.957393646240234375e+01,-1.886207580566406250e+01,-2.036376762390136719e+01,-1.615654373168945312e+01,-1.065478324890136719e+01,-9.075191497802734375e+00,-9.078260421752929688e+00,-3.596307754516601562e+00,-1.859756469726562500e+00,-4.806471347808837891e+00,-6.032186508178710938e+00,-7.346364974975585938e+00,-7.754054069519042969e+00,-6.430155754089355469e+00,-7.860035419464111328e+00,-8.788575172424316406e+00,-1.135292053222656250e+01,-7.195116043090820312e+00,-6.892707824707031250e+00,-1.105766487121582031e+01,-1.199034690856933594e+01,-1.147358894348144531e+01,-1.144639778137207031e+01,-1.853294754028320312e+01,-1.922282409667968750e+01,-1.732671737670898438e+01,-8.696261405944824219e+00,-6.300571918487548828e+00,-8.678350448608398438e+00,-8.355484008789062500e+00,-6.041203498840332031e+00,-1.076604723930358887e+00,-5.329395294189453125e+00,-9.202677726745605469e+00,-5.525437355041503906e+00,-7.399587631225585938e+00,-1.044974613189697266e+01,-1.285498428344726562e+01,-1.656893539428710938e+01,-1.428190612792968750e+01,-1.300246620178222656e+01,-1.488120079040527344e+01,-1.485420036315917969e+01,-1.046481323242187500e+01,-1.114242267608642578e+01,-1.370167541503906250e+01,-1.974794578552246094e+01,-2.424868583679199219e+01,-2.652324295043945312e+01,-2.924797821044921875e+01,-3.053124237060546875e+01,-2.597974014282226562e+01,-2.137717628479003906e+01,-1.905861282348632812e+01,-1.999122810363769531e+01,-2.061797714233398438e+01,-1.789517402648925781e+01,-1.767019271850585938e+01,-1.028532886505126953e+01,-3.845561027526855469e+00,-1.986114740371704102e+00,3.773968935012817383e+00,6.613835334777832031e+00,8.308057785034179688e+00,1.095444488525390625e+01,1.242665004730224609e+01,1.061054039001464844e+01,1.030162429809570312e+01,4.969776630401611328e+00,1.411202311515808105e+00,1.959191441535949707e+00,3.098819255828857422e+00,1.662867665290832520e+00,3.823756277561187744e-01,1.325933218002319336e+00,4.097697734832763672e+00,4.092127323150634766e+00,-2.345751523971557617e-01,-4.747067689895629883e-01,1.236862421035766602e+00,1.217438101768493652e+00,-1.158788323402404785e+00,-4.309697628021240234e+00,-9.838636398315429688e+00,-1.254932022094726562e+01,-9.503335952758789062e+00,-8.436544418334960938e+00,-7.545143127441406250e+00,-1.077968215942382812e+01,-1.210179138183593750e+01,-9.979822158813476562e+00,-4.785492897033691406e+00,-5.283742904663085938e+00,-3.742047786712646484e+00,1.520906448364257812e+00,1.746448874473571777e+00,-5.520062446594238281e+00,-1.123897933959960938e+01,-9.265884399414062500e+00,-3.366465091705322266e+00,-8.857812881469726562e+00,-1.754058074951171875e+01,-2.158765029907226562e+01,-2.563954353332519531e+01,-2.356454849243164062e+01,-2.053370666503906250e+01,-1.904035186767578125e+01,-2.055419158935546875e+01,-2.110308837890625000e+01,-1.473354530334472656e+01,-1.026220417022705078e+01,-8.910359382629394531e+00,-1.025961112976074219e+01,-1.606307029724121094e+01,-1.283842182159423828e+01,-1.658473968505859375e+01,-9.829198837280273438e+00,-5.228923797607421875e+00,-9.941824913024902344e+00,-1.210365581512451172e+01,-1.471206092834472656e+01,-1.349683856964111328e+01,-1.382328987121582031e+01,-1.123721313476562500e+01,-6.017889022827148438e+00,-4.728358745574951172e+00,-5.296599864959716797e+00,-9.431840896606445312e+00,-1.238447761535644531e+01,-7.334801673889160156e+00,-6.425891399383544922e+00,-8.285923004150390625e+00,-9.175190925598144531e+00,-7.317328453063964844e+00,-7.581237316131591797e+00,-1.018037033081054688e+01,-1.766928100585937500e+01,-1.751602745056152344e+01,-1.262855148315429688e+01,-1.331329727172851562e+01,-1.614347267150878906e+01,-1.822471237182617188e+01,-1.702050209045410156e+01,-2.104910278320312500e+01,-1.650976371765136719e+01,-2.208179664611816406e+01,-2.099961471557617188e+01,-2.076175308227539062e+01,-2.058304595947265625e+01,-2.567256546020507812e+01,-2.393259429931640625e+01,-2.463769149780273438e+01,-2.650750732421875000e+01,-2.564904022216796875e+01,-2.219564437866210938e+01,-1.896562194824218750e+01,-1.915271377563476562e+01,-1.948660659790039062e+01,-1.408504295349121094e+01,-1.434443473815917969e+01,-1.380432891845703125e+01,-1.593849182128906250e+01,-1.070731449127197266e+01,-9.696319580078125000e+00,-1.041725921630859375e+01,-1.484271621704101562e+01,-1.224565410614013672e+01,-1.403527069091796875e+01,-1.558053874969482422e+01,-1.371959400177001953e+01,-1.034879684448242188e+01,-3.453978061676025391e+00,-4.900834560394287109e+00,-4.228905677795410156e+00,-1.866158246994018555e+00,1.788414359092712402e+00,-2.677921295166015625e+00,-6.413223266601562500e+00,-7.088386535644531250e+00,-7.343076229095458984e+00,-5.927124977111816406e+00,-3.342765808105468750e+00,-8.126177787780761719e-01,-3.227185904979705811e-01,-3.874783039093017578e+00,-1.680421471595764160e+00,8.577314615249633789e-01,-1.595735907554626465e+00,3.303116798400878906e+00,1.788005828857421875e-01,-2.147569656372070312e+00,1.386111617088317871e+00,-5.798019409179687500e+00,-1.122280311584472656e+01,-1.245001220703125000e+01,-1.369534587860107422e+01,-1.426040649414062500e+01,-1.528101062774658203e+01,-1.297043418884277344e+01,-1.421401405334472656e+01,-1.119566822052001953e+01,-1.631817626953125000e+01,-1.094620323181152344e+01,-4.090250015258789062e+00,-6.905500411987304688e+00,-9.805868148803710938e+00,-1.060018348693847656e+01,-8.495876312255859375e+00,-1.302765846252441406e+01,-1.463727855682373047e+01,-8.579008102416992188e+00,-5.983050823211669922e+00,-1.055744934082031250e+01,-9.047390937805175781e+00,-8.319394111633300781e+00,-1.027706336975097656e+01,-1.029159927368164062e+01,-1.622840309143066406e+01,-1.336139678955078125e+01,-1.571412277221679688e+01,-1.118640422821044922e+01,-8.790280342102050781e+00,-8.800890922546386719e+00,-5.619884490966796875e+00,-8.935975074768066406e+00,-1.118262100219726562e+01,-6.521580696105957031e+00,-7.306996345520019531e+00,-6.462018013000488281e+00,-3.228332519531250000e+00,-5.914733886718750000e+00,-2.608998060226440430e+00,7.627773880958557129e-01,1.891139149665832520e+00,1.930692195892333984e+00,5.267480611801147461e-01,-4.123984813690185547e+00,-5.724100112915039062e+00,-2.323391437530517578e+00,-1.134715199470520020e+00,-5.523540973663330078e+00,-8.533536911010742188e+00,-1.089704704284667969e+01,-1.224200057983398438e+01,-1.876717567443847656e+01,-1.705117225646972656e+01,-1.576433563232421875e+01,-1.324919891357421875e+01,-1.277949714660644531e+01,-1.540672397613525391e+01,-1.449501228332519531e+01,-2.401460266113281250e+01,-2.428954696655273438e+01,-1.971195983886718750e+01,-1.496657562255859375e+01,-9.555451393127441406e+00,-9.698195457458496094e+00,-1.233839225769042969e+01,-1.161688423156738281e+01,-6.795216560363769531e+00,-8.483258247375488281e+00,-9.377876281738281250e+00,-9.932432174682617188e+00,-1.201932621002197266e+01,-1.034696865081787109e+01,-7.105591773986816406e+00,-7.260916709899902344e+00,-3.786159276962280273e+00,-4.272886276245117188e+00,-5.654035568237304688e+00,-3.831712007522583008e+00,-2.676033020019531250e+00,-3.438508510589599609e+00,-1.034350776672363281e+01,-5.054230213165283203e+00,-7.080428123474121094e+00,-1.511479568481445312e+01,-1.796373748779296875e+01,-2.278199195861816406e+01,-2.342296981811523438e+01,-2.231751251220703125e+01,-2.015634536743164062e+01,-2.401345062255859375e+01,-2.268628311157226562e+01,-2.423468780517578125e+01,-2.647739791870117188e+01,-2.271360397338867188e+01,-1.787086105346679688e+01,-1.067440319061279297e+01,-1.429472732543945312e+01,-1.841321563720703125e+01,-1.205486774444580078e+01,-7.346536636352539062e+00,-1.018039894104003906e+01,-1.269893836975097656e+01,-1.082381629943847656e+01,-5.607978820800781250e+00,5.205352306365966797e-01,5.014121055603027344e+00,3.043287515640258789e+00,1.492777585983276367e+00,2.977759838104248047e-01,2.901971638202667236e-01,-4.355704784393310547e-02,-5.581132888793945312e+00,-9.468294143676757812e+00,-6.855585575103759766e+00,-5.226337313652038574e-01,-5.073825716972351074e-01,-2.081091880798339844e+00,-2.994789600372314453e+00,-9.614440917968750000e+00,-8.090827465057373047e-01,8.435462951660156250e+00,6.805274963378906250e+00,3.911517858505249023e-01,-4.181405067443847656e+00,-6.237708568572998047e+00,-5.054469108581542969e+00,-1.891715764999389648e+00,-4.338013648986816406e+00,-7.629498004913330078e+00,-7.363101959228515625e+00,-7.215338706970214844e+00,-1.397119426727294922e+01,-1.889020538330078125e+01,-9.525176048278808594e+00,-3.631274700164794922e+00,-1.031750106811523438e+01,-1.416403388977050781e+01,-3.902952671051025391e+00,6.627185821533203125e+00,5.752297878265380859e+00,3.404245853424072266e+00,1.381854295730590820e+00,8.657385110855102539e-01,1.230296611785888672e+00,6.066332817077636719e+00,1.064433002471923828e+01,9.286635398864746094e+00,3.665067672729492188e+00,-8.359560966491699219e+00,-1.662217521667480469e+01,-1.720122909545898438e+01,-1.555272102355957031e+01,-1.106997299194335938e+01,-8.662970542907714844e+00,-3.382985115051269531e+00,-4.068773269653320312e+00,-3.511996507644653320e+00,-6.401012420654296875e+00,-1.203137111663818359e+01,-1.709645652770996094e+01,-1.542525482177734375e+01,-1.217172908782958984e+01,-1.349922370910644531e+01,-1.206655502319335938e+01,-9.846395492553710938e+00,-2.983746290206909180e+00,-1.539902091026306152e+00,-6.314023971557617188e+00,-1.325523281097412109e+01,-1.697973632812500000e+01,-1.549746894836425781e+01,-8.553154945373535156e+00,-6.917224884033203125e+00,-1.164361095428466797e+01,-9.630092620849609375e+00,-8.799022674560546875e+00,-4.564481735229492188e+00,-4.859247207641601562e+00,-3.672632217407226562e+00,-6.437343597412109375e+00,-1.080027675628662109e+01,-1.038221836090087891e+01,-9.532974243164062500e+00,-9.966835021972656250e+00,-8.430299758911132812e+00,-8.294543266296386719e+00,-1.237434482574462891e+01,-1.464638710021972656e+01,-1.290822315216064453e+01,-8.695167541503906250e+00,-8.025239944458007812e+00,-8.256269454956054688e+00,-9.476545333862304688e+00,-7.298513889312744141e+00,-9.038266181945800781e+00,-4.899265289306640625e+00,-9.738475084304809570e-02,-4.037234783172607422e+00,-5.194143652915954590e-01,-4.808135509490966797e+00,-1.398506355285644531e+01,-8.385766029357910156e+00,-7.473672866821289062e+00,-9.238673210144042969e+00,-3.296164512634277344e+00,-1.085010766983032227e+00,-6.288818836212158203e+00,-5.592483520507812500e+00,-2.825401306152343750e+00,-2.186416864395141602e+00,-4.716192245483398438e+00,-1.114117050170898438e+01,-8.190880775451660156e+00,-5.381675720214843750e+00,-1.064926338195800781e+01,-1.205609321594238281e+01,-9.355583190917968750e+00,3.284361839294433594e+00,-1.523739099502563477e-02,-9.379618644714355469e+00,-1.481280994415283203e+01,-1.739623641967773438e+01,-1.718305778503417969e+01,-1.863248634338378906e+01,-2.087782287597656250e+01,-2.214424896240234375e+01,-1.779542541503906250e+01,-1.506056785583496094e+01,-1.422664260864257812e+01,-1.325664138793945312e+01,-1.397073364257812500e+01,-1.077926349639892578e+01,-6.412583351135253906e+00,3.788430690765380859e+00,9.604452133178710938e+00,4.717682361602783203e+00,1.564780473709106445e-01,-4.544451236724853516e+00,-7.746574401855468750e+00,-9.719216346740722656e+00,-9.089662551879882812e+00,-9.132668495178222656e+00,-5.270319938659667969e+00,-1.163420295715332031e+01,-1.336799049377441406e+01,-1.796715164184570312e+01,-2.441033935546875000e+01,-2.540571403503417969e+01,-2.183081054687500000e+01,-1.505770587921142578e+01,-8.556533813476562500e+00,-4.469385623931884766e+00,-4.929513931274414062e-01,-1.459775865077972412e-01,-2.545639276504516602e-01,-5.128709793090820312e+00,-8.638034820556640625e+00,-1.035118675231933594e+01,-1.031665611267089844e+01,-9.341056823730468750e+00,-7.218370437622070312e+00,-8.794042587280273438e+00,-6.576787948608398438e+00,-9.793416976928710938e+00,-1.512793922424316406e+01,-1.263293170928955078e+01,-5.128681659698486328e+00,-6.257399559020996094e+00,-1.076499748229980469e+01,-1.266828536987304688e+01,-1.323925399780273438e+01,-1.439527511596679688e+01,-1.704538154602050781e+01,-1.150762939453125000e+01,-6.019248008728027344e+00,-6.222856521606445312e+00,-8.870849609375000000e+00,-1.126416492462158203e+01,-1.228530120849609375e+01,-9.431350708007812500e+00,-8.263750076293945312e+00,-8.060495376586914062e+00,-8.061570167541503906e+00,-9.434510231018066406e+00,-5.898899555206298828e+00,-6.794115066528320312e+00,-7.566443920135498047e+00,-7.817777156829833984e+00,-7.398273944854736328e+00,-9.515530586242675781e+00,-5.353624343872070312e+00,-5.226759910583496094e+00,-6.042621135711669922e+00,-6.258603096008300781e+00,-4.621795654296875000e+00,-8.668445587158203125e+00,-4.469502449035644531e+00,-1.688736319541931152e+00,-3.604321956634521484e+00,-5.678766250610351562e+00,-5.686469078063964844e+00,-8.543226242065429688e+00,-6.444933891296386719e+00,-4.133833885192871094e+00,-1.458217620849609375e+01,-2.094068145751953125e+01,-2.302251434326171875e+01,-2.489056015014648438e+01,-2.779203796386718750e+01,-1.858758544921875000e+01,-1.037153244018554688e+01,-6.217638492584228516e+00,-1.171619033813476562e+01,-1.975256347656250000e+01,-1.998321533203125000e+01,-2.167481613159179688e+01,-1.952449035644531250e+01,-2.014121818542480469e+01,-1.884540557861328125e+01,-1.686255645751953125e+01,-1.781995010375976562e+01,-1.347912120819091797e+01,-1.275452899932861328e+01,-1.382479476928710938e+01,-1.219531154632568359e+01,-8.675027847290039062e+00,-9.327226638793945312e+00,-8.137315750122070312e+00,-5.929935455322265625e+00,-1.353475689888000488e+00,-4.180085659027099609e-02,-2.261910438537597656e+00,-4.838238716125488281e+00,-5.388415813446044922e+00,-9.861639738082885742e-01,-2.250973224639892578e+00,-1.450282096862792969e+00,-3.962379932403564453e+00,-6.383467197418212891e+00,-1.269901084899902344e+01,-2.040827941894531250e+01,-2.121040534973144531e+01,-1.682441711425781250e+01,-1.570240211486816406e+01,-1.710526275634765625e+01,-1.699608993530273438e+01,-9.150066375732421875e+00,-1.256658935546875000e+01,-1.169738960266113281e+01,-5.640999794006347656e+00,-7.601972579956054688e+00,-8.967061042785644531e+00,-9.693475723266601562e+00,-9.325958251953125000e+00,-7.447287559509277344e+00,-4.519427299499511719e+00,2.140172004699707031e+00,1.197435498237609863e+00,-3.667410314083099365e-01,2.094714164733886719e+00,4.849373400211334229e-01,-3.669295072555541992e+00,-5.806273937225341797e+00,-7.256129741668701172e+00,-8.658958435058593750e+00,-1.436328315734863281e+01,-1.718205261230468750e+01,-2.225151443481445312e+01,-2.531255149841308594e+01,-2.422797012329101562e+01,-1.799894142150878906e+01,-1.957218551635742188e+01,-2.243251800537109375e+01,-1.382621002197265625e+01,-1.402155971527099609e+01,-1.510563278198242188e+01,-1.402248382568359375e+01,-8.079392433166503906e+00,-6.852497100830078125e+00,-2.196439361572265625e+01,-2.580820655822753906e+01,-2.098195266723632812e+01,-1.528543663024902344e+01,-1.544075393676757812e+01,-1.775683784484863281e+01,-1.785018730163574219e+01,-1.795346260070800781e+01,-1.853419876098632812e+01,-2.004510307312011719e+01,-2.346189498901367188e+01,-2.734459877014160156e+01,-2.641257667541503906e+01,-1.958989334106445312e+01,-2.104764366149902344e+01,-2.040988540649414062e+01,-1.764683723449707031e+01,-1.106637096405029297e+01,-2.801353454589843750e+00,-2.541688442230224609e+00,-2.868000745773315430e+00,-9.456118345260620117e-01,1.119452953338623047e+00,5.833964824676513672e+00,4.101376533508300781e+00,7.120840072631835938e+00,5.224034309387207031e+00,-2.923094034194946289e+00,-2.944679498672485352e+00,-6.670340061187744141e+00,-1.227167606353759766e+01,-9.880599021911621094e+00,-3.252638101577758789e+00,-3.957554578781127930e+00,-8.056962966918945312e+00,-7.835265159606933594e+00,-5.364813804626464844e+00,-1.348985671997070312e+01,-1.072336292266845703e+01,-9.239939689636230469e+00,-8.328525543212890625e+00,-8.519952774047851562e+00,-8.496189117431640625e+00,-7.472322463989257812e+00,-1.223775672912597656e+01,-1.172838592529296875e+01,-1.162515830993652344e+01,-9.065424919128417969e+00,-1.089132595062255859e+01,-1.288868713378906250e+01,-1.236544990539550781e+01,-1.416189384460449219e+01,-9.423570632934570312e+00,-1.017498779296875000e+01,-3.913413286209106445e-01,2.245858192443847656e+00,1.255191326141357422e+00,2.312959909439086914e+00,1.079627037048339844e+00,-2.431253910064697266e+00,-6.527377128601074219e+00,-1.204041194915771484e+01,-1.330324363708496094e+01,-1.196953582763671875e+01,-7.077378749847412109e+00,-5.101518630981445312e+00,-5.347177982330322266e+00,-8.204744338989257812e+00,-1.103838348388671875e+01,-1.622354507446289062e+01,-1.907220840454101562e+01,-1.295590591430664062e+01,-8.184015274047851562e+00,-4.382881164550781250e+00,-4.206167221069335938e+00,-1.167060470581054688e+01,-1.354254150390625000e+01,-1.459794807434082031e+01,-1.544537162780761719e+01,-1.580906677246093750e+01,-9.000668525695800781e+00,-7.882083058357238770e-01,-1.422707676887512207e+00,-4.192497253417968750e+00,-1.192995452880859375e+01,-1.441972351074218750e+01,-1.694181823730468750e+01,-1.639410972595214844e+01,-1.847570800781250000e+01,-1.667856979370117188e+01,-1.616472434997558594e+01,-1.708580970764160156e+01,-1.900161361694335938e+01,-1.136638832092285156e+01,-7.977181434631347656e+00,-9.833972930908203125e+00,-7.050401687622070312e+00,-4.018437385559082031e+00,-2.021539926528930664e+00,-2.275373458862304688e+00,-6.361446380615234375e+00,-8.708798408508300781e+00,-4.177975654602050781e+00,-4.347495555877685547e+00,-8.069711685180664062e+00,-7.382619380950927734e+00,-2.299951076507568359e+00,-4.738468647003173828e+00,-2.698976516723632812e+00,2.140877962112426758e+00,-5.034656524658203125e+00,-3.479194402694702148e+00,-2.756066322326660156e+00,-3.956966400146484375e+00,1.405287384986877441e+00,9.658587574958801270e-01,-2.755214214324951172e+00,-1.831158995628356934e+00,-5.800209999084472656e+00,-6.314507484436035156e+00,-8.538740158081054688e+00,-8.370018005371093750e+00,-6.441228866577148438e+00,-6.271349906921386719e+00,-1.089155673980712891e+01,-1.750431060791015625e+01,-2.178139877319335938e+01,-2.369603729248046875e+01,-3.123248672485351562e+01,-2.769490051269531250e+01,-2.078245544433593750e+01,-1.505049896240234375e+01,-1.312923240661621094e+01,-9.506043434143066406e+00,-1.119929313659667969e+01,-1.138129234313964844e+01,-9.354825973510742188e+00,-1.251549720764160156e+01,-9.363128662109375000e+00,-6.884096622467041016e+00,-9.384296417236328125e+00,-1.218251609802246094e+01,-9.368943214416503906e+00,-1.060419940948486328e+01,-1.396813964843750000e+01,-1.523534774780273438e+01,-1.379357910156250000e+01,-1.212662792205810547e+01,-1.032318115234375000e+01,-4.865914821624755859e+00,-2.556081771850585938e+00,3.915269613265991211e+00,6.515199661254882812e+00,5.984882354736328125e+00,1.469079136848449707e+00,1.137326478958129883e+00,-1.943029403686523438e+00,-4.521227836608886719e+00,-9.380575180053710938e+00,-1.102897644042968750e+01,-9.744234085083007812e+00,-7.028579711914062500e+00,-7.348012924194335938e+00,-1.013982868194580078e+01,-6.421981811523437500e+00,-6.118867874145507812e+00,-9.696024894714355469e+00,-8.811847686767578125e+00,-1.017991065979003906e+01,-7.313449382781982422e+00,-1.001187229156494141e+01,-8.399193763732910156e+00,-8.323964118957519531e+00,-8.274629592895507812e+00,-4.842971324920654297e+00,-8.189125061035156250e+00,-1.421103286743164062e+01,-1.533568572998046875e+01,-1.202026176452636719e+01,-9.465118408203125000e+00,-1.361774826049804688e+01,-2.012935829162597656e+01,-1.880358505249023438e+01,-2.213156127929687500e+01,-2.757232666015625000e+01,-1.714360427856445312e+01,-5.085791587829589844e+00,-9.121358394622802734e-01,2.521582603454589844e+00,2.871622562408447266e+00,3.530735015869140625e+00,-1.640857219696044922e+00,-6.739982604980468750e+00,-6.348619461059570312e+00,-7.944198608398437500e+00,-1.684057235717773438e+01,-2.101682662963867188e+01,-2.032065582275390625e+01,-1.860546684265136719e+01,-1.907128143310546875e+01,-2.013186073303222656e+01,-1.432602214813232422e+01,-1.587664031982421875e+01,-2.164813613891601562e+01,-2.669775390625000000e+01,-2.033625030517578125e+01,-2.172408294677734375e+01,-2.146487617492675781e+01,-1.417166709899902344e+01,-1.425557136535644531e+01,-1.282514095306396484e+01,-1.633399963378906250e+01,-1.993629074096679688e+01,-2.055826187133789062e+01,-2.123527908325195312e+01,-2.348577308654785156e+01,-1.893888092041015625e+01,-1.396995162963867188e+01,-1.193513679504394531e+01,-1.618601799011230469e+01,-1.441010570526123047e+01,-1.057397174835205078e+01,-8.161414146423339844e+00,-6.708103179931640625e+00,-1.158747291564941406e+01,-1.454159450531005859e+01,-2.060275268554687500e+01,-1.610938835144042969e+01,-8.654131889343261719e+00,-7.670079231262207031e+00,-1.043805694580078125e+01,-9.325908660888671875e+00,-4.206854820251464844e+00,-5.391480445861816406e+00,-7.875243186950683594e+00,-1.009928894042968750e+01,-1.027046203613281250e+01,-1.206939888000488281e+01,-1.245608901977539062e+01,-1.265183258056640625e+01,-1.224835681915283203e+01,-7.918557643890380859e+00,-4.540860176086425781e+00,-1.806805610656738281e+00,-4.343472480773925781e+00,-4.673935890197753906e+00,-1.292029619216918945e+00,-7.870603084564208984e+00,-7.718835353851318359e+00,-6.354516983032226562e+00,-7.192820072174072266e+00,-9.353776931762695312e+00,-1.008733749389648438e+01,-7.963088512420654297e+00,-8.904294967651367188e+00,-1.001856803894042969e+01,-8.705443382263183594e+00,-1.813631057739257812e+00,2.412004470825195312e+00,2.541168689727783203e+00,-1.299876332283020020e+00,-2.020961284637451172e+00,-3.305280447006225586e+00,-2.772456884384155273e+00,-2.233485221862792969e+00,-2.571884155273437500e+00,-7.563977241516113281e+00,-6.842092514038085938e+00,-8.344469666481018066e-01,-9.135716438293457031e+00,-1.930639266967773438e+01,-1.802465820312500000e+01,-1.627169036865234375e+01,-6.038367271423339844e+00,-3.878423213958740234e+00,-1.221185493469238281e+01,-1.375428199768066406e+01,-1.670499038696289062e+01,-1.712847900390625000e+01,-1.105557250976562500e+01,-6.655633926391601562e+00,-1.256824111938476562e+01,-1.735966300964355469e+01,-1.543467140197753906e+01,-1.412826919555664062e+01,-1.386050605773925781e+01,-1.297111701965332031e+01,-1.503954982757568359e+01,-1.410093498229980469e+01,-1.183226585388183594e+01,-1.126501560211181641e+01,-1.329987621307373047e+01,-1.066963577270507812e+01,-7.549750328063964844e+00,-6.867667198181152344e+00,-1.326846504211425781e+01,-1.923515701293945312e+01,-1.647379112243652344e+01,-1.361952400207519531e+01,-1.394129180908203125e+01,-1.211066436767578125e+01,-7.276051998138427734e+00,-3.755604267120361328e+00,-3.307301282882690430e+00,-1.000744438171386719e+01,-2.008855056762695312e+01,-2.346180725097656250e+01,-2.197974014282226562e+01,-1.914469146728515625e+01,-2.125527191162109375e+01,-1.719888877868652344e+01,-8.527376174926757812e+00,-7.192674636840820312e+00,-1.351807212829589844e+01,-2.080951309204101562e+01,-2.151797294616699219e+01,-2.145701599121093750e+01,-1.543248176574707031e+01,-2.027951240539550781e+01,-1.994253158569335938e+01,-1.498609352111816406e+01,-1.615713500976562500e+01,-2.154683876037597656e+01,-2.630662918090820312e+01,-2.411003494262695312e+01,-2.192370223999023438e+01,-1.360357093811035156e+01,-9.233222007751464844e+00,-1.156277847290039062e+01,-1.223907947540283203e+01,-1.486759471893310547e+01,-1.092271614074707031e+01,-8.852127075195312500e+00,-3.940009593963623047e+00,-1.387732863426208496e+00,-1.480790495872497559e+00,6.151232719421386719e+00,7.289617538452148438e+00,4.398598670959472656e+00,-5.001574158668518066e-01,-6.640123367309570312e+00,-5.707016944885253906e+00,-2.241864919662475586e+00,-4.446086883544921875e+00,-8.726284027099609375e+00,-7.901112556457519531e+00,-3.665186882019042969e+00,-5.169257164001464844e+00,1.900722384452819824e-01,2.357305049896240234e+00,1.069639444351196289e+00,1.550760149955749512e+00,-1.916506052017211914e+00,-6.974550724029541016e+00,-1.227192020416259766e+01,-1.292513751983642578e+01,-1.263737392425537109e+01,-1.673588562011718750e+01,-1.535610580444335938e+01,-1.443560981750488281e+01,-2.103765869140625000e+01,-1.779177474975585938e+01,-8.886236190795898438e+00,-9.098901748657226562e+00,-1.024207401275634766e+01,-9.845951080322265625e+00,-9.210569381713867188e+00,-3.482235670089721680e+00,-1.162917017936706543e+00,-5.596592426300048828e+00,-9.100053787231445312e+00,-8.799861907958984375e+00,-3.822868585586547852e+00,-6.922986030578613281e+00,-5.626527786254882812e+00,-2.609601020812988281e+00,-2.270614147186279297e+00,-3.568497657775878906e+00,-1.470277786254882812e+00,-5.280035972595214844e+00,-4.896542549133300781e+00,-1.622119069099426270e+00,-5.934530258178710938e+00,-6.506602287292480469e+00,-1.709377288818359375e+00,-5.260623097419738770e-01,2.713358879089355469e+00,-5.601673722267150879e-01,-4.495946407318115234e+00,-7.137718200683593750e+00,-6.990453720092773438e+00,-6.718249320983886719e+00,-7.489812850952148438e+00,-2.611546993255615234e+00,-6.465949058532714844e+00,-6.832692623138427734e+00,-2.389936685562133789e+00,-5.799156188964843750e+00,-1.311402320861816406e+01,-1.176946735382080078e+01,-2.025046825408935547e+00,-1.560274243354797363e+00,-4.715355873107910156e+00,-1.712805271148681641e+00,-7.155155181884765625e+00,-2.496206760406494141e+00,-3.110300540924072266e+00,-9.954006195068359375e+00,-7.965567588806152344e+00,-1.065456390380859375e+00,-1.048391982913017273e-01,4.664871394634246826e-01,-4.456352233886718750e+00,-5.626412391662597656e+00,3.456989765167236328e+00,1.845557689666748047e+00,5.096987724304199219e+00,1.014996409416198730e+00,-3.176898002624511719e+00,-7.099475860595703125e-01,-9.589703083038330078e-01,-2.684630155563354492e-01,1.439392566680908203e-01,-1.084007740020751953e+00,-2.610017538070678711e+00,-4.142957210540771484e+00,-4.296775817871093750e+00,-6.827662467956542969e+00,-6.620143890380859375e+00,-4.327180385589599609e+00,-2.907343864440917969e+00,-2.048594474792480469e+00,-1.419427514076232910e+00,-5.084249496459960938e+00,-6.716224670410156250e+00,-1.001843261718750000e+01,-6.003349781036376953e+00,-5.528864383697509766e+00,-8.883286476135253906e+00,-1.015382575988769531e+01,-8.034379959106445312e+00,-7.338548660278320312e+00,-2.997665405273437500e+00,-6.709673881530761719e+00,-1.449257469177246094e+01,-1.275045108795166016e+01,-6.912213802337646484e+00,-8.945338249206542969e+00,-1.101501083374023438e+01,-1.031028556823730469e+01,-6.817094802856445312e+00,-5.960000991821289062e+00,-3.381211280822753906e+00,-3.358251571655273438e+00,-2.977832317352294922e+00,-6.901907920837402344e+00,-9.894256591796875000e+00,-1.261149978637695312e+01,-1.287596607208251953e+01,-8.099824905395507812e+00,-7.994063854217529297e+00,-7.565164566040039062e+00,-9.452450752258300781e+00,-1.190510845184326172e+01,-9.273766517639160156e+00,-8.293160438537597656e+00,-2.775067090988159180e+00,-7.145215034484863281e+00,-9.963464736938476562e+00,-8.760603904724121094e+00,-9.637168884277343750e+00,-6.827201366424560547e+00,-6.633028984069824219e+00,-5.132555961608886719e+00,-3.922306537628173828e+00,-8.434829711914062500e+00,-1.208828067779541016e+01,-1.381740379333496094e+01,-1.388199615478515625e+01,-1.326991462707519531e+01,-7.492726325988769531e+00,-6.754253387451171875e+00,-1.098497295379638672e+01,-7.794706821441650391e+00,-7.383284091949462891e+00,-5.151830673217773438e+00,-6.154876708984375000e+00,-6.422735691070556641e+00,-1.052296829223632812e+01,-7.371118545532226562e+00,-1.033188819885253906e+01,-1.029579257965087891e+01,-6.551427841186523438e+00,-6.539278984069824219e+00,-3.758343219757080078e+00,-1.165856957435607910e+00,-5.251846313476562500e+00,-1.180594444274902344e+01,-1.355077266693115234e+01,-1.496558189392089844e+01,-9.248516082763671875e+00,-7.819031715393066406e+00,-7.832977771759033203e+00,-8.444528579711914062e+00,-8.885054588317871094e+00,-9.469764709472656250e+00,-1.130883312225341797e+01,-7.134478569030761719e+00,-7.051949977874755859e+00,-1.013262844085693359e+01,-1.022717952728271484e-01,8.699871063232421875e+00,1.033528614044189453e+01,9.100589752197265625e+00,1.166554164886474609e+01,1.322764968872070312e+01,8.221708297729492188e+00,1.027132606506347656e+01,1.122901439666748047e+01,5.810201644897460938e+00,-6.279049515724182129e-01,-1.617898702621459961e+00,1.169463276863098145e+00,2.901222467422485352e+00,-3.551058769226074219e-01,-1.761725425720214844e+00,-1.531974971294403076e-01,-2.612607479095458984e+00,3.125922679901123047e-01,-2.405584454536437988e-01,-4.940984249114990234e+00,-5.919982910156250000e+00,-5.760379314422607422e+00,-8.044182777404785156e+00,-1.019937324523925781e+01,-9.231125831604003906e+00,-1.104362487792968750e+01,-1.181247711181640625e+01,-8.030482292175292969e+00,-9.322231292724609375e+00,-7.654403209686279297e+00,-8.481831550598144531e+00,-7.528930187225341797e+00,1.834741532802581787e-01,1.136679649353027344e+00,-3.374452114105224609e+00,-6.478045940399169922e+00,-5.202557086944580078e+00,-4.135597705841064453e+00,-4.811858654022216797e+00,-7.748165130615234375e+00,-6.981898307800292969e+00,-8.866209983825683594e+00,-6.228722095489501953e+00,1.135213017463684082e+00,-9.454872608184814453e-01,-9.336958885192871094e+00,-3.319524288177490234e+00,-2.852843701839447021e-01,-5.927341461181640625e+00,-1.492821121215820312e+01,-1.942477798461914062e+01,-2.032540130615234375e+01,-2.037222290039062500e+01,-2.085589981079101562e+01,-2.338983154296875000e+01,-2.211396408081054688e+01,-2.567810058593750000e+01,-2.151642417907714844e+01,-1.913289260864257812e+01,-1.575868511199951172e+01,-1.117878341674804688e+01,-7.698472976684570312e+00,-2.505671977996826172e+00,-7.442603111267089844e+00,-9.358403205871582031e+00,-9.971061706542968750e+00,-1.519395160675048828e+01,-1.562656021118164062e+01,-1.532657241821289062e+01,-1.108718109130859375e+01,-4.640709400177001953e+00,-5.535093307495117188e+00,-2.218436956405639648e+00,7.224496603012084961e-01,-2.010826587677001953e+00,-8.570046424865722656e+00,-1.971148681640625000e+01,-1.828103256225585938e+01,-1.161124038696289062e+01,-1.327991867065429688e+01,-2.140128898620605469e+01,-1.860898208618164062e+01,-9.093484878540039062e+00,-8.252712249755859375e+00,-9.557746887207031250e+00,-1.266361236572265625e+01,-1.432513046264648438e+01,-1.084596824645996094e+01,-9.950645446777343750e+00,-1.062633895874023438e+01,-1.192846679687500000e+01,-1.328084373474121094e+01,-1.037214851379394531e+01,-1.250591945648193359e+01,-1.270881652832031250e+01,-1.695200729370117188e+01,-1.620792388916015625e+01,-1.222389984130859375e+01,-1.335372447967529297e+01,-1.376198005676269531e+01,-1.083315849304199219e+01,-1.407569885253906250e+01,-1.684162139892578125e+01,-1.155254554748535156e+01,-8.108397483825683594e+00,-9.960027694702148438e+00,-8.633762359619140625e+00,-7.103428840637207031e+00,-4.625902175903320312e+00,-7.175460338592529297e+00,-5.365603446960449219e+00,-1.154676914215087891e+00,-3.848562479019165039e+00,-4.097227573394775391e+00,-3.269286632537841797e+00,-8.750511169433593750e+00,-1.288606071472167969e+01,-1.016744613647460938e+01,-8.579521179199218750e+00,-5.611923217773437500e+00,-5.756009101867675781e+00,-3.702830791473388672e+00,4.168117523193359375e+00,4.686067581176757812e+00,3.628463268280029297e+00,-6.317089796066284180e-01,-1.000790882110595703e+01,-1.017320823669433594e+01,-4.491038322448730469e+00,-2.519317150115966797e+00,-5.972332954406738281e+00,-6.824774742126464844e+00,-1.383180809020996094e+01,-2.099075317382812500e+01,-2.210110473632812500e+01,-1.958928871154785156e+01,-1.966047286987304688e+01,-1.743560028076171875e+01,-1.393390083312988281e+01,-1.027967929840087891e+01,-1.417435741424560547e+01,-1.887584686279296875e+01,-2.184903717041015625e+01,-2.633086395263671875e+01,-2.523628234863281250e+01,-2.153584289550781250e+01,-2.143623733520507812e+01,-1.898706054687500000e+01,-9.435646057128906250e+00,-6.361180305480957031e+00,-1.259006023406982422e+01,-1.031183052062988281e+01,-1.140771293640136719e+01,-8.854207038879394531e+00,-1.043157577514648438e+00,4.060372114181518555e-01,-3.295712709426879883e+00,-8.198419570922851562e+00,-1.127310276031494141e+01,-7.617672920227050781e+00,-4.243514060974121094e+00,-1.130839824676513672e+01,-1.839448738098144531e+01,-1.886778831481933594e+01,-1.290775585174560547e+01,1.287360548973083496e+00,6.555571079254150391e+00,3.166071414947509766e+00,-2.268007993698120117e+00,-4.547043323516845703e+00,-3.624523401260375977e+00,1.101021647453308105e+00,-3.333161830902099609e+00,-5.857739448547363281e+00,-7.133879661560058594e+00,-7.983826160430908203e+00,-9.463084220886230469e+00,-8.291883468627929688e+00,-4.104953765869140625e+00,-4.012257099151611328e+00,-3.158764123916625977e+00,-4.975047588348388672e+00,1.639855980873107910e+00,1.528634071350097656e+00,-2.260280609130859375e+00,-1.562592029571533203e+00,3.617221117019653320e-01,7.061030864715576172e-01,7.707779407501220703e+00,2.047207117080688477e+00,-8.974565505981445312e+00,-1.466634178161621094e+01,-1.373241615295410156e+01,-9.796337127685546875e+00,-1.160314273834228516e+01,-1.004220008850097656e+01,-1.145160102844238281e+01,-1.089686965942382812e+01,-5.400785446166992188e+00,-1.088765382766723633e+00,-4.428342819213867188e+00,-6.639851570129394531e+00,4.232683777809143066e-01,1.079314470291137695e+00,2.396272659301757812e+00,2.698553204536437988e-01,-1.454843997955322266e+00,2.819414615631103516e+00,1.536889433860778809e+00,8.637498617172241211e-01,4.601711273193359375e+00,-1.528020501136779785e+00,-4.974720001220703125e+00,-7.089809417724609375e+00,-7.923049926757812500e+00,-7.314600944519042969e+00,-4.659805774688720703e+00,-1.033539772033691406e+01,-9.424369812011718750e+00,-3.065895080566406250e+00,-4.083079338073730469e+00,-3.062782287597656250e+00,9.318250417709350586e-02,-1.901883482933044434e+00,-3.726947784423828125e+00,-3.108642578125000000e+00,-6.982495784759521484e+00,-1.648907089233398438e+01,-9.395070075988769531e+00,2.009994268417358398e+00,-6.822578430175781250e+00,-1.775369644165039062e+01,-2.313933944702148438e+01,-2.003306579589843750e+01,-1.644406318664550781e+01,-1.625297927856445312e+01,-1.212490749359130859e+01,-1.866069316864013672e+00,7.114945352077484131e-02,-9.141643524169921875e+00,-1.109859943389892578e+01,-7.685861587524414062e+00,-8.277938842773437500e+00,-7.433159351348876953e+00,-1.644409370422363281e+01,-1.735402679443359375e+01,-1.127223205566406250e+01,-7.060154438018798828e+00,-1.158778572082519531e+01,-1.541260910034179688e+01,-1.443256950378417969e+01,-1.673034477233886719e+01,-1.988683509826660156e+01,-1.917979240417480469e+01,-1.499214553833007812e+01,-1.751373481750488281e+01,-2.037178802490234375e+01,-1.818493843078613281e+01,-1.199295997619628906e+01,-1.297492027282714844e+01,-1.350889396667480469e+01,-1.015859603881835938e+01,-1.125929069519042969e+01,-1.451309204101562500e+01,-1.231444931030273438e+01,-1.491242980957031250e+01,-1.632356834411621094e+01,-1.715122985839843750e+01,-1.761923217773437500e+01,-1.377203464508056641e+01,-9.785671234130859375e+00,-5.204648017883300781e+00,-2.345030784606933594e+00,-3.902544975280761719e+00,-6.868760108947753906e+00,-6.236815452575683594e+00,-8.354768753051757812e+00,-1.809586334228515625e+01,-2.383362388610839844e+01,-2.642450714111328125e+01,-1.523876476287841797e+01,-1.328845119476318359e+01,-1.800839996337890625e+01,-2.028872871398925781e+01,-1.404325389862060547e+01,-7.745923042297363281e+00,-6.424734115600585938e+00,-1.026637744903564453e+01,-8.112684249877929688e+00,-1.895975470542907715e+00,-6.018123149871826172e+00,-9.458831787109375000e+00,-9.015718460083007812e+00,-6.248479843139648438e+00,-1.186274528503417969e+01,-1.454222679138183594e+01,-2.263459777832031250e+01,-2.720384216308593750e+01,-2.474716186523437500e+01,-2.240427207946777344e+01,-2.291918182373046875e+01,-2.488718795776367188e+01,-2.185331726074218750e+01,-1.451130676269531250e+01,-1.534903430938720703e+01,-1.753456878662109375e+01,-1.875941848754882812e+01,-1.646842956542968750e+01,-1.521873760223388672e+01,-1.640981101989746094e+01,-2.673307418823242188e+01,-2.483451080322265625e+01,-1.757118606567382812e+01,-1.788369941711425781e+01,-1.440799331665039062e+01,-1.461308479309082031e+01,-1.217108631134033203e+01,-1.518149757385253906e+01,-1.642412757873535156e+01,-1.719129371643066406e+01,-1.258156776428222656e+01,-7.623703479766845703e+00,-8.800170898437500000e+00,-1.137129211425781250e+01,-4.699919223785400391e+00,-1.844195365905761719e+00,3.416186809539794922e+00,3.853230476379394531e+00,1.550368547439575195e+00,-1.093151330947875977e+00,-1.623048067092895508e+00,-1.031222343444824219e-01,-2.886263608932495117e+00,-4.348661899566650391e+00,-2.669011592864990234e+00,-7.613733768463134766e+00,-1.076034736633300781e+01,-3.607352733612060547e+00,-3.155888080596923828e+00,-3.162890911102294922e+00,3.796721696853637695e-01,-3.141090154647827148e+00,-1.767071485519409180e+00,7.071243524551391602e-01,-4.955533027648925781e+00,-1.801505279541015625e+01,-2.090946578979492188e+01,-1.151288032531738281e+01,4.410178661346435547e-01,1.115722084045410156e+01,1.025364780426025391e+01,1.075520896911621094e+01,8.405843734741210938e+00,3.256276130676269531e+00,-3.719415187835693359e+00,-5.861205101013183594e+00,-6.846475601196289062e+00,-5.486611366271972656e+00,-1.923416256904602051e+00,2.393437027931213379e-01,-3.499373435974121094e+00,-1.221060943603515625e+01,-8.836021423339843750e+00,-9.154571533203125000e+00,-1.326776695251464844e+01,-4.353155136108398438e+00,1.447140336036682129e+00,6.863377094268798828e-01,-3.088502645492553711e+00,-4.798691749572753906e+00,-2.660631656646728516e+00,-2.467832088470458984e+00,-1.568067550659179688e+00,-4.142601490020751953e+00,-6.305265426635742188e+00,-4.953762054443359375e+00,-5.806132316589355469e+00,-7.704218387603759766e+00,-1.056350135803222656e+01,-1.052907848358154297e+01,-5.251231193542480469e+00,-5.136585712432861328e+00,4.009543418884277344e+00,7.394808292388916016e+00,7.456439495086669922e+00,3.666237354278564453e+00,1.262134909629821777e-01,-1.632381677627563477e+00,-5.955290794372558594e-01,-3.729611396789550781e+00,-7.030720710754394531e+00,-2.367726087570190430e+00,4.567722320556640625e+00,4.145952224731445312e+00,7.314403057098388672e-01,-1.791384100914001465e+00,-2.676594734191894531e+00,8.797253370285034180e-01,2.737715959548950195e+00,-4.772742271423339844e+00,-7.615580558776855469e+00,-6.277796268463134766e+00,-9.310365676879882812e+00,-1.204088687896728516e+01,-5.796894073486328125e+00,3.035126924514770508e-01,-8.645853042602539062e+00,-1.880496597290039062e+01,-1.658770561218261719e+01,-9.416664123535156250e+00,-1.067360305786132812e+01,-1.159802055358886719e+01,-1.430239295959472656e+01,-1.550578498840332031e+01,-1.310462093353271484e+01,-8.220621109008789062e+00,-8.601027488708496094e+00,-9.268595695495605469e+00,-6.235409736633300781e+00,-5.551358699798583984e+00,-5.805202484130859375e+00,-2.216888904571533203e+00,-1.641070008277893066e+00,-7.160783767700195312e+00,-9.105530738830566406e+00,-2.792207479476928711e+00,9.694449305534362793e-01,-2.558652400970458984e+00,-7.218292713165283203e+00,-6.191220283508300781e+00,-6.913365125656127930e-01,-5.710445642471313477e-01,-7.625205516815185547e+00,-9.413820266723632812e+00,-9.411561965942382812e+00,-1.089497947692871094e+01,-1.353670883178710938e+01,-1.545182418823242188e+01,-1.415481758117675781e+01,-1.515866661071777344e+01,-1.501603317260742188e+01,-1.129817199707031250e+01,-1.443975448608398438e+01,-1.666387557983398438e+01,-6.242999076843261719e+00,-6.960237503051757812e+00,-1.468432998657226562e+01,-1.845936965942382812e+01,-1.677328109741210938e+01,-1.443472385406494141e+01,-1.154354858398437500e+01,-7.087482452392578125e+00,-7.310562133789062500e+00,-1.701712989807128906e+01,-2.274499511718750000e+01,-1.254629135131835938e+01,1.625080823898315430e+00,1.098995876312255859e+01,1.731687164306640625e+01,6.643479347229003906e+00,-4.697093009948730469e+00,-2.397482395172119141e+00,-1.142796397209167480e+00,-3.446619272232055664e+00,-1.039707565307617188e+01,-7.867988109588623047e+00,-4.313796520233154297e+00,-5.433020591735839844e+00,-4.493214607238769531e+00,2.785237431526184082e-01,-4.454576969146728516e+00,-3.021649599075317383e+00,-1.699168086051940918e+00,-1.935623288154602051e+00,-9.318977355957031250e+00,-1.663790321350097656e+01,-1.645757675170898438e+01,-1.422592926025390625e+01,-9.696052551269531250e+00,-6.447706222534179688e+00,-6.036550521850585938e+00,-3.812211751937866211e+00,-1.321797180175781250e+01,-2.348056221008300781e+01,-2.239738655090332031e+01,-2.202014350891113281e+01,-1.837322425842285156e+01,-7.689872264862060547e+00,-2.119603395462036133e+00,4.102706313133239746e-01,-9.326800346374511719e+00,-8.558837890625000000e+00,-5.183159828186035156e+00,-8.052280426025390625e+00,-5.691268920898437500e+00,3.801638603210449219e+00,8.030486106872558594e+00,5.370637893676757812e+00,3.322625160217285156e+00,1.581306457519531250e-01,-3.618700504302978516e+00,-6.715672492980957031e+00,-9.576513290405273438e+00,-8.802996635437011719e+00,-5.313352584838867188e+00,-2.822557449340820312e+00,-1.935022115707397461e+00,-1.470282316207885742e+00,-6.151066780090332031e+00,-7.575552940368652344e+00,-4.310904026031494141e+00,-4.000286579132080078e+00,-3.463179588317871094e+00,-7.044779777526855469e+00,-1.892099761962890625e+01,-2.813749694824218750e+01,-1.918315887451171875e+01,-1.460506343841552734e+01,-4.322255134582519531e+00,6.283240795135498047e+00,1.069608116149902344e+01,8.814805030822753906e+00,6.464811801910400391e+00,6.246541976928710938e+00,5.330340862274169922e+00,5.896831750869750977e-01,-4.974559783935546875e+00,-7.589217662811279297e+00,-1.184952259063720703e+01,-1.226834106445312500e+01,-5.412723541259765625e+00,-4.115370750427246094e+00,-1.210137724876403809e+00,-6.833458900451660156e+00,-6.100951671600341797e+00,-3.042268991470336914e+00,-2.433344364166259766e+00,-2.588530540466308594e+00,-6.124117851257324219e+00,-8.044556617736816406e+00,-1.225984191894531250e+01,-1.157043838500976562e+01,-6.302268981933593750e+00,-7.493380069732666016e+00,-1.328187179565429688e+01,-1.120511150360107422e+01,-7.147299289703369141e+00,-8.057067871093750000e+00,-1.069149971008300781e+01,-7.817606925964355469e+00,-6.464524745941162109e+00,-3.369878530502319336e+00,-6.368730545043945312e+00,-6.550588607788085938e+00,-6.587715625762939453e+00,-5.315388679504394531e+00,-4.375319004058837891e+00,-2.674443721771240234e+00,-4.893865585327148438e+00,-6.249764442443847656e+00,-7.036403656005859375e+00,-1.111657905578613281e+01,-9.810689926147460938e+00,-7.574343204498291016e+00,-1.130075073242187500e+01,-7.037823677062988281e+00,-7.648361206054687500e+00,-6.878944396972656250e+00,-4.217668056488037109e+00,-5.281842708587646484e+00,-1.055394935607910156e+01,-1.382585144042968750e+01,-1.028041172027587891e+01,-8.561569213867187500e+00,-8.629169464111328125e+00,-4.504760265350341797e+00,-5.156310081481933594e+00,-9.307819366455078125e+00,-2.009696006774902344e+00,2.847407817840576172e+00,-1.267012953758239746e+00,-1.136584091186523438e+01,-1.882151031494140625e+01,-1.662737083435058594e+01,-1.655396270751953125e+01,-1.843153762817382812e+01,-1.349941730499267578e+01,-8.013826370239257812e+00,-1.908819317817687988e+00,-3.369870662689208984e+00,-5.547772645950317383e-01,4.106855690479278564e-01,1.198400020599365234e+00,1.677728891372680664e-01,-3.183126926422119141e+00,-6.210586547851562500e+00,-1.071008014678955078e+01,-1.462596893310546875e+01,-1.178598117828369141e+01,-8.005819320678710938e+00,-1.373295879364013672e+01,-1.743071937561035156e+01,-1.823212814331054688e+01,-1.801263809204101562e+01,-1.940750503540039062e+01,-1.031430721282958984e+01,-1.351042175292968750e+01,-1.490495967864990234e+01,-1.076087951660156250e+01,-1.266081428527832031e+01,-1.929869079589843750e+01,-1.619056701660156250e+01,-9.629981994628906250e+00,-6.886030673980712891e+00,-4.393424034118652344e+00,-4.966158866882324219e+00,-9.932757377624511719e+00,-1.745582199096679688e+01,-1.934621810913085938e+01,-1.275918960571289062e+01,-1.108735275268554688e+01,-1.075060081481933594e+01,-1.498665809631347656e+01,-1.342784595489501953e+01,-2.442034149169921875e+01,-3.082987594604492188e+01,-2.513104248046875000e+01,-1.905535507202148438e+01,-1.239124679565429688e+01,-9.155881881713867188e+00,-7.672297954559326172e+00,-8.712882041931152344e+00,-1.223450469970703125e+01,-7.740680694580078125e+00,-2.113107681274414062e+00,-2.238848924636840820e+00,-1.091604614257812500e+01,-1.532835197448730469e+01,-8.578978538513183594e+00,-1.016418266296386719e+01,-6.672439575195312500e+00,-1.295877814292907715e+00,2.004543066024780273e+00,-5.035409927368164062e+00,-2.710115909576416016e+00,4.072619915008544922e+00,7.100123405456542969e+00,2.730736494064331055e+00,1.700454711914062500e+00,-4.585727691650390625e+00,-6.220335006713867188e+00,1.301740407943725586e+00,6.363437175750732422e+00,3.948469638824462891e+00,2.587371110916137695e+00,1.647938489913940430e-01,8.978686928749084473e-01,-7.554641962051391602e-01,-4.082209587097167969e+00,-1.241223216056823730e+00,-4.644758224487304688e+00,-8.790954589843750000e+00,-1.063311576843261719e+01,-8.761749267578125000e+00,-7.090912818908691406e+00,-7.303024291992187500e+00,-4.281331062316894531e+00,-9.015144348144531250e+00,-1.020638561248779297e+01,-9.574193000793457031e+00,-6.076461791992187500e+00,-4.318260192871093750e+00,-1.178008174896240234e+01,-1.032744121551513672e+01,-1.320928478240966797e+01,-1.036373424530029297e+01,-6.845800399780273438e+00,-5.988780975341796875e+00,-2.879416465759277344e+00,-3.364675521850585938e+00,-4.791390419006347656e+00,-9.203515052795410156e-01,2.632588148117065430e+00,-2.057706415653228760e-01,-8.297059059143066406e+00,-8.111970901489257812e+00,-6.129293441772460938e+00,-4.596963405609130859e+00,-5.616255283355712891e+00,-6.449373245239257812e+00,-1.111184406280517578e+01,-1.571759319305419922e+01,-1.514588069915771484e+01,-1.023556137084960938e+01,-9.657727241516113281e+00,-8.961503982543945312e+00,-1.017124938964843750e+01,-9.340565681457519531e+00,-1.297351074218750000e+01,-1.214805316925048828e+01,-9.340398788452148438e+00,-9.645440101623535156e+00,-1.161097335815429688e+01,-1.612798500061035156e+01,-1.077884197235107422e+01,-4.144351482391357422e+00,-7.520127773284912109e+00,-6.359060287475585938e+00,1.487609744071960449e-01,-1.407005310058593750e+00,-3.767096042633056641e+00,-1.937196254730224609e+00,-3.023719787597656250e+00,-2.905920445919036865e-01,2.326996326446533203e+00,1.805561482906341553e-01,-5.210365653038024902e-01,1.471156835556030273e+00,1.308840990066528320e+00,-2.562254667282104492e-01,-1.832970619201660156e+00,-1.646449327468872070e+00,-8.754121780395507812e+00,-1.630954551696777344e+01,-1.652459716796875000e+01,-1.413242721557617188e+01,-1.483479118347167969e+01,-1.448283481597900391e+01,-1.313524723052978516e+01,-1.439903640747070312e+01,-1.415914916992187500e+01,-1.747038269042968750e+01,-2.122346878051757812e+01,-1.228084754943847656e+01,-5.739109992980957031e+00,-1.045532989501953125e+01,-1.158883666992187500e+01,-1.023769664764404297e+01,-1.902020645141601562e+01,-1.794993972778320312e+01,-1.427404594421386719e+01,-1.127118968963623047e+01,-1.553370285034179688e+01,-2.363054275512695312e+01,-2.113633346557617188e+01,-1.467102241516113281e+01,-1.179766845703125000e+01,-7.247186660766601562e+00,-9.837481498718261719e+00,-1.236652755737304688e+01,-1.233053398132324219e+01,-1.187229347229003906e+01,-1.295828247070312500e+01,-1.310210800170898438e+01,-1.141226768493652344e+01,-7.770175457000732422e+00,-2.335453748703002930e+00,-7.533593177795410156e-01,-4.036593914031982422e+00,-9.208130836486816406e+00,-5.608529090881347656e+00,-6.327908992767333984e+00,-1.466641807556152344e+01,-1.268153762817382812e+01,-1.008092594146728516e+01,-1.361727333068847656e+01,-1.975659942626953125e+01,-2.031279945373535156e+01,-1.702288818359375000e+01,-2.322655868530273438e+01,-2.703293228149414062e+01,-2.297646522521972656e+01,-1.997089004516601562e+01,-1.991075515747070312e+01,-1.779988861083984375e+01,-1.676062583923339844e+01,-1.391418838500976562e+01,-9.976942062377929688e+00,-6.859617233276367188e-01,-1.006444454193115234e+01,-1.007884883880615234e+01,-1.242350673675537109e+01,-1.505378150939941406e+01,-1.846592330932617188e+01,-1.862935638427734375e+01,-7.817337512969970703e+00,-1.705734014511108398e+00,-7.281371116638183594e+00,-9.611433029174804688e+00,-5.324782371520996094e+00,-1.234666252136230469e+01,-1.941209411621093750e+01,-2.216485977172851562e+01,-1.555307197570800781e+01,-1.007775878906250000e+01,-1.158479309082031250e+01,-1.220905494689941406e+01,-1.437875556945800781e+01,-1.265819644927978516e+01,-8.674487113952636719e+00,-1.968503355979919434e+00,-2.812465429306030273e+00,-9.557481765747070312e+00,-1.059379959106445312e+01,-7.858446121215820312e+00,-1.224126338958740234e+01,-9.930160522460937500e+00,-1.064185810089111328e+01,-1.008725547790527344e+01,-1.159442234039306641e+01,-1.266001892089843750e+01,-5.185726642608642578e+00,-6.097529411315917969e+00,-3.823660850524902344e+00,-2.982360124588012695e+00,-4.155284881591796875e+00,-4.226504802703857422e+00,-6.867185592651367188e+00,-4.918148040771484375e+00,-4.017536163330078125e+00,-4.755099296569824219e+00,-1.295022249221801758e+00,3.109486103057861328e+00,1.456477165222167969e+00,-6.606033444404602051e-01,-1.403499841690063477e+00,2.398177146911621094e+00,3.593880653381347656e+00,6.053600311279296875e+00,7.813872337341308594e+00,3.307615995407104492e+00,-9.637116789817810059e-01,-3.889711380004882812e+00,-6.174821853637695312e-01,-2.982798576354980469e+00,-6.123342514038085938e+00,-4.411897659301757812e+00,-2.144937753677368164e+00,-2.580230474472045898e+00,-1.160474967956542969e+01,-1.224516105651855469e+01,-5.707613945007324219e+00,2.361655235290527344e-02,-6.805406570434570312e+00,-1.910518836975097656e+01,-2.327117156982421875e+01,-2.172223281860351562e+01,-1.935080718994140625e+01,-2.036859893798828125e+01,-2.171413803100585938e+01,-1.970265007019042969e+01,-1.911788558959960938e+01,-2.142455673217773438e+01,-2.233918190002441406e+01,-1.570997047424316406e+01,-1.377072334289550781e+01,-9.788697242736816406e+00,-1.324852943420410156e+01,-1.288008689880371094e+01,-1.034044933319091797e+01,-7.358644485473632812e+00,9.757351875305175781e-02,-3.412280797958374023e+00,-5.001089096069335938e+00,-7.378531932830810547e+00,-1.182092571258544922e+01,-1.174678421020507812e+01,-6.208070278167724609e+00,-2.539404630661010742e+00,6.179931163787841797e-01,2.777759552001953125e+00,4.262607574462890625e+00,3.539725840091705322e-01,-7.046207904815673828e+00,-1.267778277397155762e+00,5.858705997467041016e+00,3.616015434265136719e+00,4.478021621704101562e+00,-1.859564781188964844e+00,-6.880064487457275391e+00,-4.960994243621826172e+00,-7.111732006072998047e+00,-8.686023712158203125e+00,-5.659677505493164062e+00,-8.113802909851074219e+00,-1.699995803833007812e+01,-2.224313735961914062e+01,-2.288193321228027344e+01,-2.150869560241699219e+01,-1.633935546875000000e+01,-1.140883350372314453e+01,-1.081809616088867188e+01,-9.333454132080078125e+00,-1.035373401641845703e+01,-9.322404861450195312e+00,-1.241234493255615234e+01,-1.251053237915039062e+01,-2.005716323852539062e+01,-2.642245292663574219e+01,-2.738559532165527344e+01,-2.584566497802734375e+01,-2.278998184204101562e+01,-1.792330169677734375e+01,-1.680606269836425781e+01,-1.643118286132812500e+01,-1.655201721191406250e+01,-1.690156173706054688e+01,-1.964024162292480469e+01,-2.537370681762695312e+01,-2.228609085083007812e+01,-2.021332550048828125e+01,-1.631721115112304688e+01,-1.114170074462890625e+01,-1.067888164520263672e+01,-1.456564521789550781e+01,-1.697463607788085938e+01,-2.116343498229980469e+01,-1.723221206665039062e+01,-1.253908348083496094e+01,-1.939288330078125000e+01,-1.754108428955078125e+01,-6.164192676544189453e+00,-5.580722689628601074e-01,-4.027928352355957031e+00,-3.950950145721435547e+00,-5.899882316589355469e-02,-5.246843099594116211e-01,4.710107147693634033e-01,-1.097575426101684570e+00,-6.457742691040039062e+00,-1.246854496002197266e+01,-4.861699104309082031e+00,4.796869277954101562e+00,3.862678766250610352e+00,2.834188938140869141e+00,4.256962776184082031e+00,3.835398674011230469e+00,-2.850544214248657227e+00,-8.831017494201660156e+00,-2.247644186019897461e+00,4.325144767761230469e+00,-3.731503486633300781e-01,-1.452283024787902832e+00,-7.932312488555908203e+00,-8.685776710510253906e+00,-7.479338645935058594e+00,-1.272888851165771484e+01,-1.126392555236816406e+01,-7.327372074127197266e+00,-2.819960355758666992e+00,-3.941156625747680664e+00,-7.385273933410644531e+00,-5.996486663818359375e+00,-4.354514122009277344e+00,-2.455062866210937500e+00,-4.305025100708007812e+00,-8.239439010620117188e+00,-9.749669075012207031e+00,-1.388457584381103516e+01,-1.305112648010253906e+01,-7.828743934631347656e+00,-5.581829071044921875e+00,-1.621420478820800781e+01,-1.981338310241699219e+01,-2.094466400146484375e+01,-1.926193809509277344e+01,-1.430883789062500000e+01,-1.032233619689941406e+01,-9.398514747619628906e+00,-1.201189994812011719e+01,-1.095690822601318359e+01,-2.056669473648071289e+00,-8.359925270080566406e+00,-1.109279823303222656e+01,-6.149640083312988281e+00,-8.056140899658203125e+00,-1.484275817871093750e+01,-1.306629085540771484e+01,-1.343587303161621094e+01,-7.105134010314941406e+00,-8.578849792480468750e+00,-1.292630767822265625e+01,-1.426958084106445312e+01,-1.599090385437011719e+01,-1.425827789306640625e+01,-1.760756683349609375e+01,-1.428007316589355469e+01,-4.522552013397216797e+00,-3.089353322982788086e+00,-4.304816246032714844e+00,-6.475768089294433594e+00,-9.089290618896484375e+00,-8.650745391845703125e+00,-5.961332798004150391e+00,-6.818394660949707031e+00,-1.010246372222900391e+01,-4.714787483215332031e+00,-1.618926286697387695e+00,1.915215373039245605e+00,4.765811562538146973e-01,4.571339607238769531e+00,5.887358665466308594e+00,5.038870334625244141e+00,6.979179859161376953e+00,1.197999000549316406e+01,6.555246829986572266e+00,3.869545698165893555e+00,4.339865207672119141e+00,6.684677004814147949e-01,-6.789249420166015625e+00,-9.659708976745605469e+00,-6.643512725830078125e+00,-9.646808624267578125e+00,-1.088652896881103516e+01,-7.865090370178222656e+00,-5.642001152038574219e+00,-9.414084434509277344e+00,-1.310677146911621094e+01,-1.532811641693115234e+01,-1.236070823669433594e+01,-1.113491058349609375e+01,-9.996637344360351562e+00,-7.671373844146728516e+00,-5.336068630218505859e+00,-9.180741310119628906e+00,-1.098857879638671875e+01,-1.346901893615722656e+01,-1.935867309570312500e+01,-1.668340492248535156e+01,-3.755411863327026367e+00,-1.190675258636474609e+00,-4.666120052337646484e+00,-4.424122333526611328e+00,3.903162479400634766e-01,-3.142747879028320312e-01,-1.289469480514526367e+00,-9.738308906555175781e+00,-1.466779041290283203e+01,-1.667251777648925781e+01,-1.359457969665527344e+01,-9.555360794067382812e+00,-6.657719135284423828e+00,1.578035950660705566e+00,-7.519879937171936035e-01,-2.361447811126708984e+00,6.782856583595275879e-01,-2.242280960083007812e+00,-2.505251884460449219e+00,-1.996078133583068848e+00,2.049230098724365234e+00,-4.557815551757812500e+00,-4.566687345504760742e-02,9.392541885375976562e+00,7.557723999023437500e+00,-1.337627053260803223e+00,-3.451701402664184570e-01,6.514248847961425781e+00,5.158532142639160156e+00,1.762325286865234375e+00,-1.252313375473022461e+00,-2.192485481500625610e-01,2.314252614974975586e+00,-6.046185493469238281e+00,-1.445630836486816406e+01,-1.205195617675781250e+01,-1.192940711975097656e+01,-8.876094818115234375e+00,-2.934789180755615234e+00,1.689737081527709961e+00,5.729443550109863281e+00,9.514841079711914062e+00,6.778529167175292969e+00,1.539580345153808594e+00,1.397940814495086670e-01,2.068338394165039062e+00,1.539000868797302246e+00,2.723853588104248047e+00,4.119044780731201172e+00,-4.757652759552001953e+00,-3.129091024398803711e+00,5.946181774139404297e+00,-8.679574728012084961e-01,-4.503037929534912109e+00,-5.072379112243652344e+00,-4.770368099212646484e+00,-8.778877258300781250e+00,-7.347011089324951172e+00,-3.732252836227416992e+00,-3.857247352600097656e+00,-7.675183296203613281e+00,-9.363300323486328125e+00,-8.085396766662597656e+00,-9.239796638488769531e+00,-8.606312751770019531e+00,-2.235333919525146484e+00,-1.349696755409240723e+00,-7.609522819519042969e+00,-9.861758232116699219e+00,-1.016243553161621094e+01,-1.182889175415039062e+01,-1.296914005279541016e+01,-8.744012832641601562e+00,-8.037546157836914062e+00,-6.997934341430664062e+00,-7.727781295776367188e+00,-7.355401039123535156e+00,-1.055499458312988281e+01,-7.922411918640136719e+00,-6.517881393432617188e+00,-1.278544998168945312e+01,-1.514491176605224609e+01,-1.106864356994628906e+01,-8.248815536499023438e+00,-9.823162078857421875e+00,-1.743894386291503906e+01,-2.135752868652343750e+01,-1.518516921997070312e+01,-1.423816776275634766e+01,-1.279284286499023438e+01,-1.413698005676269531e+01,-1.401924133300781250e+01,-1.762254333496093750e+01,-1.931094360351562500e+01,-1.677543830871582031e+01,-1.756527519226074219e+01,-1.465762710571289062e+01,-1.104497337341308594e+01,-1.316557502746582031e+01,-1.716065216064453125e+01,-1.886912918090820312e+01,-2.258419799804687500e+01,-2.609481430053710938e+01,-2.192031860351562500e+01,-2.054175949096679688e+01,-1.997177886962890625e+01,-1.832473564147949219e+01,-1.925553512573242188e+01,-1.638890075683593750e+01,-8.807119369506835938e+00,-4.882601261138916016e+00,-6.412128448486328125e+00,-3.863392591476440430e+00,-8.545885682106018066e-01,-3.856265544891357422e+00,-7.014722824096679688e+00,-1.443995857238769531e+01,-1.755197143554687500e+01,-1.727412414550781250e+01,-1.191936683654785156e+01,-1.280970382690429688e+01,-1.313614273071289062e+01,-9.682569503784179688e+00,-1.113905525207519531e+01,-1.497507095336914062e+01,-1.653044128417968750e+01,-3.689439535140991211e+00,3.997555017471313477e+00,4.840761184692382812e+00,3.736411571502685547e+00,3.031622409820556641e+00,3.903467178344726562e+00,-3.547808825969696045e-01,-5.552274703979492188e+00,-2.378649950027465820e+00,-8.509600162506103516e-01,-3.003426074981689453e+00,-3.644879817962646484e+00,-6.307326316833496094e+00,-1.407023715972900391e+01,-1.674003601074218750e+01,-2.040369415283203125e+01,-1.869805526733398438e+01,-1.730027389526367188e+01,-1.431916046142578125e+01,-1.156050968170166016e+01,-1.619701385498046875e+01,-1.756194496154785156e+01,-6.672907829284667969e+00,4.109779834747314453e+00,9.156713485717773438e+00,1.113824081420898438e+01,1.134403705596923828e+00,-3.749000549316406250e+00,-1.908718466758728027e+00,3.573690652847290039e+00,5.603283882141113281e+00,3.519904375076293945e+00,-1.397597789764404297e+00,-1.112689208984375000e+01,-1.112556171417236328e+01,-8.100831985473632812e+00,-3.300881385803222656e+00,-3.294142961502075195e+00,-5.614578247070312500e+00,-6.537776947021484375e+00,-1.705271959304809570e+00,-2.827383875846862793e-01,1.913229107856750488e+00,-1.439525485038757324e+00,-5.305456161499023438e+00,-8.074770927429199219e+00,-5.006624221801757812e+00,-3.115602016448974609e+00,-8.818248748779296875e+00,-5.517148017883300781e+00,-2.247761726379394531e+00,1.064513802528381348e+00,-1.397395968437194824e+00,-1.932989358901977539e+00,-2.362341642379760742e+00,-9.614756107330322266e-01,-2.035199403762817383e-01,-6.242675304412841797e+00,-8.721700668334960938e+00,-5.782701492309570312e+00,-2.886856317520141602e+00,-5.407215118408203125e+00,-4.313921928405761719e-01,-6.031016111373901367e-01,-4.504818916320800781e+00,-7.135193347930908203e+00,-4.540158748626708984e+00,-4.131313323974609375e+00,-6.459897518157958984e+00,-4.086040019989013672e+00,-5.464205265045166016e+00,-7.099059104919433594e+00,-5.256536483764648438e+00,-2.845185279846191406e+00,-4.693075656890869141e+00,-6.804359436035156250e+00,-1.800446867942810059e+00,1.749960422515869141e+00,-2.463480472564697266e+00,-3.988481521606445312e+00,-4.104501724243164062e+00,-4.994999408721923828e+00,3.382483482360839844e+00,6.023705005645751953e-02,-5.470405578613281250e+00,-9.514903068542480469e+00,-6.591787815093994141e+00,-3.468100547790527344e+00,-7.712326526641845703e+00,-1.516975498199462891e+01,-1.428309249877929688e+01,-9.824245452880859375e+00,-7.066190719604492188e+00,-6.723728179931640625e+00,-6.945157051086425781e+00,-8.230748176574707031e+00,-9.441917419433593750e+00,-6.135645866394042969e+00,-7.215374708175659180e-01,-7.029406547546386719e+00,-1.233656120300292969e+01,-1.577016830444335938e+01,-2.089484024047851562e+01,-1.916785812377929688e+01,-1.234776878356933594e+01,-9.206855773925781250e+00,-7.957257270812988281e+00,-9.429982185363769531e+00,-9.882142066955566406e+00,-2.044967651367187500e+01,-2.188850784301757812e+01,-1.796268081665039062e+01,-1.259084129333496094e+01,-7.791617393493652344e+00,-1.035977363586425781e+01,-1.224572944641113281e+01,-1.235643291473388672e+01,-1.087845706939697266e+01,-7.107548713684082031e+00,-3.275474071502685547e+00,-1.361146688461303711e+00,-7.835713386535644531e+00,-8.458352088928222656e+00,-3.723207712173461914e+00,-1.358878612518310547e-01,-3.676687002182006836e+00,-1.057284545898437500e+01,-3.129599332809448242e+00,-3.902213573455810547e+00,-2.423074483871459961e+00,-4.642816543579101562e+00,-2.024861335754394531e+00,2.867099285125732422e+00,4.767796516418457031e+00,2.563392877578735352e+00,-1.697059869766235352e-01,-5.341269493103027344e+00,-8.563263893127441406e+00,-1.308698654174804688e+01,-7.690545082092285156e+00,-1.177863121032714844e+01,-1.567103576660156250e+01,-1.664303588867187500e+01,-1.568983459472656250e+01,-1.891372299194335938e+01,-1.650574111938476562e+01,-1.526277542114257812e+01,-1.468205738067626953e+01,-1.875463676452636719e+01,-1.624980735778808594e+01,-1.436560058593750000e+01,-2.076313018798828125e+01,-1.810252761840820312e+01,-7.141175746917724609e+00,-9.579584121704101562e+00,-1.697967338562011719e+01,-1.857336997985839844e+01,-1.761809921264648438e+01,-1.245639038085937500e+01,-1.246554374694824219e+01,-9.566521644592285156e+00,-1.152804946899414062e+01,-1.526038837432861328e+01,-1.611255264282226562e+01,-1.562095165252685547e+01,-1.452009582519531250e+01,-1.846346282958984375e+01,-1.499762630462646484e+01,-1.054208374023437500e+01,-4.627278327941894531e+00,-7.548451423645019531e-01,-1.480708003044128418e+00,-9.110273361206054688e+00,-1.041224193572998047e+01,-4.899710655212402344e+00,-7.706206321716308594e+00,-9.118454933166503906e+00,-4.808448791503906250e+00,-2.830691099166870117e+00,-7.541285514831542969e+00,-1.092569732666015625e+01,-6.536320686340332031e+00,-6.863551139831542969e+00,-8.124000549316406250e+00,-5.389829635620117188e+00,-7.970901489257812500e+00,-4.628206253051757812e+00,-6.841415882110595703e+00,-5.902281284332275391e+00
-3.800855636596679688e+00,3.837010383605957031e+00,9.406251907348632812e+00,7.891865730285644531e+00,1.108246135711669922e+01,1.254737663269042969e+01,1.194698524475097656e+01,1.075696945190429688e+01,7.497002601623535156e+00,6.783164024353027344e+00,5.783867835998535156e+00,6.582010269165039062e+00,1.603289985656738281e+01,1.748438835144042969e+01,2.068301582336425781e+01,1.671439743041992188e+01,1.088371181488037109e+01,1.045257759094238281e+01,9.783979415893554688e+00,1.446823787689208984e+01,1.719399642944335938e+01,1.278573608398437500e+01,1.079990291595458984e+01,1.360746002197265625e+01,1.556914424896240234e+01,1.286482524871826172e+01,8.170390129089355469e+00,1.308543872833251953e+01,1.197245979309082031e+01,1.009436988830566406e+01,1.218657112121582031e+01,1.001089286804199219e+01,9.091800689697265625e+00,8.853996276855468750e+00,1.542681121826171875e+01,1.431135940551757812e+01,1.048744392395019531e+01,5.575047492980957031e+00,6.972129821777343750e+00,5.255053520202636719e+00,1.153712868690490723e+00,-9.499158859252929688e-01,5.312950611114501953e+00,1.067673873901367188e+01,1.110717010498046875e+01,1.319441986083984375e+01,1.364917945861816406e+01,1.085721683502197266e+01,5.537484645843505859e+00,9.297492504119873047e-01,2.101763010025024414e+00,4.589179039001464844e+00,7.373816967010498047e+00,9.983946800231933594e+00,7.612327098846435547e+00,6.605791091918945312e+00,7.996560096740722656e+00,8.990554809570312500e+00,1.144975662231445312e+01,1.137605953216552734e+01,1.101182365417480469e+01,1.342862796783447266e+01,1.780674171447753906e+01,2.076869010925292969e+01,1.768470764160156250e+01,1.757791900634765625e+01,1.821421241760253906e+01,1.815034484863281250e+01,1.641562652587890625e+01,1.320396804809570312e+01,1.563092994689941406e+01,1.677171325683593750e+01,1.338936042785644531e+01,1.273108673095703125e+01,1.265404510498046875e+01,1.172654151916503906e+01,9.384382247924804688e+00,1.048005390167236328e+01,9.858750343322753906e+00,1.534920024871826172e+01,1.550553703308105469e+01,1.578610610961914062e+01,1.713658523559570312e+01,1.630949211120605469e+01,1.636232566833496094e+01,1.350245475769042969e+01,1.453479003906250000e+01,1.960839843750000000e+01,2.011626815795898438e+01,1.338782429695129395e+00,-1.006547355651855469e+01,1.827305674552917480e+00,1.126784706115722656e+01,1.240829849243164062e+01,1.100606727600097656e+01,5.466747760772705078e+00,3.117489516735076904e-01,3.721311688423156738e-01,7.032841205596923828e+00,1.001861476898193359e+01,1.448837947845458984e+01,1.186405563354492188e+01,6.798407077789306641e+00,5.032607078552246094e+00,2.447001457214355469e+00,2.884471416473388672e+00,1.789301514625549316e+00,2.654578685760498047e-01,-4.536298751831054688e+00,2.033245801925659180e+00,1.165044498443603516e+01,1.055302810668945312e+01,8.097064018249511719e+00,1.136261177062988281e+01,8.720394134521484375e+00,5.490827560424804688e+00,7.815484046936035156e+00,8.395997047424316406e+00,6.885693550109863281e+00,6.502764701843261719e+00,8.011820793151855469e+00,7.373621940612792969e+00,1.139754104614257812e+01,9.919952392578125000e+00,1.317760658264160156e+01,1.195893669128417969e+01,1.364006900787353516e+01,7.784035682678222656e+00,5.031022071838378906e+00,8.622801899909973145e-01,1.503780841827392578e+00,8.782142639160156250e+00,5.781318187713623047e+00,9.073873519897460938e+00,6.274547100067138672e+00,1.549290657043457031e+00,1.857153892517089844e+00,7.407823562622070312e+00,6.805228233337402344e+00,1.158003997802734375e+01,1.886613464355468750e+01,1.402058410644531250e+01,9.005210876464843750e+00,1.000341415405273438e+01,6.318773746490478516e+00,1.579837501049041748e-02,4.620815277099609375e+00,3.640260696411132812e+00,5.388146638870239258e-01,-2.367326021194458008e+00,-1.710740804672241211e+00,1.764913558959960938e+00,-3.024189233779907227e+00,-6.594052314758300781e-01,3.102535009384155273e-01,-3.336232900619506836e+00,-1.413715720176696777e+00,1.576122522354125977e+00,-8.307404518127441406e-01,4.656968593597412109e+00,1.106698608398437500e+01,6.742530345916748047e+00,4.005084991455078125e+00,4.357081413269042969e+00,6.714922904968261719e+00,4.314655303955078125e+00,-3.743332624435424805e-02,5.369295120239257812e+00,4.430113315582275391e+00,4.890920162200927734e+00,1.456733131408691406e+01,1.195393085479736328e+01,1.050857257843017578e+01,9.034563064575195312e+00,6.498721122741699219e+00,2.039615869522094727e+00,1.078974485397338867e+00,4.447684288024902344e+00,1.089739227294921875e+01,1.264867401123046875e+01,-1.385721802711486816e+00,7.761834859848022461e-01,5.471499919891357422e+00,6.471092700958251953e+00,2.571012496948242188e+00,1.990363240242004395e+00,3.701392889022827148e+00,9.127805709838867188e+00,2.430779218673706055e+00,2.180337429046630859e+00,5.082235336303710938e+00,6.675380706787109375e+00,8.876211166381835938e+00,1.332322502136230469e+01,9.221935272216796875e+00,3.175035953521728516e+00,1.066128253936767578e+00,2.876466751098632812e+00,-7.117472648620605469e+00,-8.615407943725585938e+00,-5.187698364257812500e+00,-6.434066295623779297e+00,-3.383887767791748047e+00,-2.013559818267822266e+00,-2.091879844665527344e+00,-2.745070457458496094e+00,-2.607990264892578125e+00,-3.699003219604492188e+00,-9.770029783248901367e-01,1.902265787124633789e+00,3.122321605682373047e+00,1.829511284828186035e+00,4.825634002685546875e+00,3.007050514221191406e+00,1.235631704330444336e+00,1.548401117324829102e+00,6.264153957366943359e+00,6.124877452850341797e+00,2.883641719818115234e+00,1.243527221679687500e+01,1.341534614562988281e+01,9.281744956970214844e+00,8.281454086303710938e+00,1.314380836486816406e+01,1.377571105957031250e+01,1.099063491821289062e+01,5.048905372619628906e+00,6.477524280548095703e+00,1.275383377075195312e+01,1.487218379974365234e+01,1.671414947509765625e+01,1.116631889343261719e+01,1.050472068786621094e+01,1.023556137084960938e+01,1.126181411743164062e+01,1.133706855773925781e+01,1.217005825042724609e+01,1.493913650512695312e+01,1.120063209533691406e+01,1.262630462646484375e+01,8.552715301513671875e+00,5.498403549194335938e+00,6.849431037902832031e+00,2.560424804687500000e+00,-2.302515268325805664e+00,-2.751252651214599609e+00,3.461495399475097656e+00,1.209189605712890625e+01,1.229292106628417969e+01,9.442592620849609375e+00,7.937959671020507812e+00,5.561927318572998047e+00,-1.049687981605529785e+00,7.566205978393554688e+00,9.310695648193359375e+00,2.042859792709350586e+00,-1.170646071434020996e+00,1.278102397918701172e-01,5.947058677673339844e+00,1.145388698577880859e+01,1.786002349853515625e+01,1.600329208374023438e+01,1.125317192077636719e+01,6.596714973449707031e+00,2.433161735534667969e-01,5.863321304321289062e+00,7.675271987915039062e+00,5.416536808013916016e+00,5.084332466125488281e+00,2.471658229827880859e+00,3.561313390731811523e+00,1.227119565010070801e-01,-2.951421499252319336e+00,-5.060303211212158203e-01,-1.316442251205444336e+00,-3.157906532287597656e+00,-1.769809246063232422e+00,-6.014564037322998047e+00,-2.393830776214599609e+00,-3.692313909530639648e+00,6.832541227340698242e-01,5.818504333496093750e+00,8.726432800292968750e+00,6.088669776916503906e+00,4.372899055480957031e+00,4.340441703796386719e+00,2.513123989105224609e+00,6.550898075103759766e+00,5.965735912322998047e+00,6.333823204040527344e+00,1.161252307891845703e+01,9.611549377441406250e+00,6.401291847229003906e+00,4.769506454467773438e+00,6.695363998413085938e+00,9.284257888793945312e+00,7.178226947784423828e+00,4.365132808685302734e+00,5.299326896667480469e+00,9.682649612426757812e+00,8.529612541198730469e+00,1.142907905578613281e+01,1.140485000610351562e+01,8.223593711853027344e+00,7.297283649444580078e+00,1.241463565826416016e+01,8.659166336059570312e+00,9.158321380615234375e+00,9.073020935058593750e+00,6.922776699066162109e+00,3.118252992630004883e+00,1.135042762756347656e+01,1.528861618041992188e+01,1.402045726776123047e+01,9.965452194213867188e+00,9.379214286804199219e+00,4.064218521118164062e+00,6.372402191162109375e+00,1.152060317993164062e+01,1.497567176818847656e+01,8.766889572143554688e+00,4.824328422546386719e+00,5.109313964843750000e+00,5.598396301269531250e+00,8.355947494506835938e+00,7.484681129455566406e+00,2.747576475143432617e+00,3.916253089904785156e+00,1.015794944763183594e+01,1.341389274597167969e+01,1.265049171447753906e+01,1.338062191009521484e+01,1.189997673034667969e+01,4.157213211059570312e+00,-5.716130733489990234e+00,1.580046296119689941e+00,8.959794998168945312e+00,1.272738456726074219e+01,7.163166046142578125e+00,3.054013729095458984e+00,4.830203056335449219e+00,1.076390266418457031e+01,1.407807159423828125e+01,6.111626148223876953e+00,4.296571016311645508e-01,6.043491363525390625e-01,-1.586036086082458496e-01,7.631922960281372070e-01,6.603268623352050781e+00,1.384928989410400391e+01,1.893734550476074219e+01,1.998182296752929688e+01,1.750190925598144531e+01,1.662228965759277344e+01,9.654039382934570312e+00,7.389646530151367188e+00,7.254289627075195312e+00,1.261121940612792969e+01,1.291018486022949219e+01,1.183755779266357422e+01,1.418557357788085938e+01,1.272162723541259766e+01,7.708700180053710938e+00,7.068027496337890625e+00,1.027078247070312500e+01,7.679779052734375000e+00,1.115878486633300781e+01,1.224105548858642578e+01,1.579370117187500000e+01,1.928355026245117188e+01,1.398828315734863281e+01,1.052186203002929688e+01,4.958760738372802734e+00,-4.792112708091735840e-01,-8.070018291473388672e-01,1.494601964950561523e+00,-1.395130872726440430e+00,5.636987686157226562e+00,3.116117954254150391e+00,7.357983589172363281e+00,1.590968322753906250e+01,1.178226947784423828e+01,4.240603446960449219e+00,4.898844242095947266e+00,6.387995719909667969e+00,4.876612186431884766e+00,-4.353715479373931885e-02,3.274341106414794922e+00,8.230253219604492188e+00,9.525241851806640625e+00,9.734447479248046875e+00,8.197996139526367188e+00,7.736122131347656250e+00,2.071395397186279297e+00,4.977444648742675781e+00,7.109409332275390625e+00,4.540393829345703125e+00,7.109164714813232422e+00,4.703022480010986328e+00,7.432806015014648438e+00,8.371942520141601562e+00,9.039443969726562500e+00,9.691326141357421875e+00,6.215225696563720703e+00,3.802356719970703125e+00,2.067186594009399414e+00,1.093710899353027344e+00,3.842001914978027344e+00,1.150992774963378906e+01,7.696868896484375000e+00,7.503432273864746094e+00,1.966204881668090820e+00,-3.861584424972534180e+00,1.193884849548339844e+00,5.970007896423339844e+00,2.579802989959716797e+00,-5.958013534545898438e+00,-9.082931518554687500e+00,-6.956771373748779297e+00,-2.301727056503295898e+00,-3.811899423599243164e-01,8.133813738822937012e-01,2.625240087509155273e+00,4.892652034759521484e+00,4.678494453430175781e+00,5.854160189628601074e-01,4.601502418518066406e+00,7.888125419616699219e+00,1.474711418151855469e+00,3.553330898284912109e+00,9.354729652404785156e+00,9.607542037963867188e+00,1.257239341735839844e+01,2.103851699829101562e+01,2.253393554687500000e+01,1.508582687377929688e+01,1.405082798004150391e+01,1.654207611083984375e+01,1.936358261108398438e+01,6.840970039367675781e+00,-1.122410178184509277e+00,-3.326377868652343750e+00,-1.079108119010925293e-01,-2.261131286621093750e+00,-1.435243487358093262e-01,2.494000434875488281e+00,4.520494461059570312e+00,3.287978649139404297e+00,7.203276634216308594e+00,7.058146953582763672e+00,8.494056701660156250e+00,7.158176422119140625e+00,6.822336196899414062e+00,1.485484123229980469e+01,1.616792488098144531e+01,8.911649703979492188e+00,1.079075622558593750e+01,9.485076904296875000e+00,7.566623687744140625e+00,9.167348861694335938e+00,8.821628570556640625e+00,-2.518262863159179688e+00,-8.107786178588867188e+00,-6.455736160278320312e+00,-4.784317612648010254e-01,-5.938607454299926758e-01,-6.976599693298339844e-01,-3.828958511352539062e+00,-3.300185203552246094e+00,7.854233980178833008e-01,1.949814796447753906e+00,-5.750094890594482422e+00,1.071257710456848145e+00,6.982682228088378906e+00,1.220806884765625000e+01,8.137680053710937500e+00,2.076185703277587891e+00,3.811743259429931641e-01,6.307538151741027832e-01,2.999859809875488281e+00,-1.067724108695983887e+00,-1.388833999633789062e+00,-4.808593273162841797e+00,-4.275533676147460938e+00,7.150155067443847656e+00,6.350038051605224609e+00,9.102134704589843750e+00,1.385228061676025391e+01,1.812857437133789062e+01,1.045084667205810547e+01,8.249145507812500000e+00,5.934638977050781250e+00,4.666866779327392578e+00,6.849059104919433594e+00,5.797922134399414062e+00,4.191255092620849609e+00,4.539018630981445312e+00,1.051242160797119141e+01,1.342778205871582031e+01,1.149172592163085938e+01,1.388334369659423828e+01,1.156785202026367188e+01,6.657228469848632812e+00,5.055275440216064453e+00,5.906949043273925781e+00,9.382591247558593750e+00,1.506851387023925781e+01,1.138613128662109375e+01,6.329766750335693359e+00,9.654365539550781250e+00,7.550399780273437500e+00,3.832154273986816406e+00,3.933308601379394531e+00,5.224625587463378906e+00,7.897393703460693359e+00,1.017667007446289062e+01,1.140352058410644531e+01,1.013427066802978516e+01,1.006267642974853516e+01,1.272018527984619141e+01,1.305528450012207031e+01,1.378942012786865234e+01,1.488516426086425781e+01,1.455991172790527344e+01,2.688612937927246094e+00,3.343754529953002930e+00,8.329912185668945312e+00,4.307695865631103516e+00,1.834054112434387207e+00,-1.029101610183715820e+00,-3.131231546401977539e+00,-7.464605331420898438e+00,-2.039903068542480469e+01,-1.975603485107421875e+01,-8.646940231323242188e+00,-1.254731178283691406e+00,-1.843346834182739258e+00,-4.904629707336425781e+00,-2.304965019226074219e+00,1.761991262435913086e+00,3.025145530700683594e+00,2.716168403625488281e+00,-2.100235223770141602e-01,-3.136860370635986328e+00,-9.279000163078308105e-01,2.893124103546142578e+00,6.374375343322753906e+00,4.863572597503662109e+00,2.768257379531860352e+00,3.112065553665161133e+00,4.063958168029785156e+00,6.191604614257812500e+00,9.587244033813476562e+00,9.438276290893554688e+00,1.306380844116210938e+01,1.180721378326416016e+01,1.146422386169433594e+01,1.281981182098388672e+01,1.060690975189208984e+01,6.048516273498535156e+00,8.325984001159667969e+00,1.211385726928710938e+01,1.038177585601806641e+01,1.161997032165527344e+01,1.109463691711425781e+01,1.199246215820312500e+01,1.373998451232910156e+01,1.288784122467041016e+01,7.836004257202148438e+00,1.517723655700683594e+01,2.389226722717285156e+01,1.623792076110839844e+01,9.556486129760742188e+00,4.534817695617675781e+00,3.757928371429443359e+00,3.923046112060546875e+00,1.450291275978088379e+00,7.198691368103027344e+00,6.908264160156250000e+00,-2.207901954650878906e+00,-2.964096784591674805e+00,2.954286098480224609e+00,7.348725795745849609e+00,8.177718162536621094e+00,5.241409301757812500e+00,5.880341529846191406e+00,1.414756870269775391e+01,1.297889900207519531e+01,1.638171768188476562e+01,2.076643371582031250e+01,2.057409667968750000e+01,1.854735755920410156e+01,1.787791061401367188e+01,1.923126220703125000e+01,1.958731460571289062e+01,1.605784606933593750e+01,1.181122875213623047e+01,1.008470535278320312e+01,6.913418769836425781e+00,6.408245086669921875e+00,1.082754325866699219e+01,8.482507705688476562e+00,9.230417609214782715e-01,5.638601303100585938e+00,9.411372184753417969e+00,8.052957534790039062e+00,1.103382873535156250e+01,5.906353950500488281e+00,1.101419353485107422e+01,8.797507286071777344e+00,5.273646354675292969e+00,9.120228767395019531e+00,1.376125717163085938e+01,8.835454940795898438e+00,9.029680252075195312e+00,1.281434822082519531e+01,1.819702911376953125e+01,2.348546600341796875e+01,2.598998641967773438e+01,2.076125144958496094e+01,1.519229030609130859e+01,8.287435531616210938e+00,4.548486232757568359e+00,1.014035797119140625e+01,1.234123229980468750e+01,1.168154239654541016e+01,8.081377983093261719e+00,1.221189689636230469e+01,3.971799373626708984e+00,8.304038047790527344e+00,8.836827278137207031e+00,1.254034614562988281e+01,7.577170372009277344e+00,3.941374778747558594e+00,4.226487636566162109e+00,-2.843426942825317383e+00,-1.625069379806518555e+00,8.086766600608825684e-01,6.048877716064453125e+00,9.644939422607421875e+00,1.240893936157226562e+01,1.654611206054687500e+01,1.781395339965820312e+01,1.974580955505371094e+01,2.226908874511718750e+01,2.151182556152343750e+01,2.545435333251953125e+01,2.483180999755859375e+01,2.057852935791015625e+01,1.542931175231933594e+01,1.091008758544921875e+01,1.189822006225585938e+01,1.115873527526855469e+01,1.391188812255859375e+01,1.121147537231445312e+01,2.726747751235961914e+00,-2.669415950775146484e+00,1.296141147613525391e+00,8.736536026000976562e+00,9.468928337097167969e+00,6.302257537841796875e+00,3.963933467864990234e+00,4.571617126464843750e+00,5.333008766174316406e+00,8.308141708374023438e+00,1.445804882049560547e+01,9.994061470031738281e+00,3.974560737609863281e+00,1.114233875274658203e+01,8.926651000976562500e+00,2.860137939453125000e+00,4.788380622863769531e+00,2.723434925079345703e+00,3.747736454010009766e+00,5.530576705932617188e+00,6.109979629516601562e+00,-1.714322090148925781e+00,1.821395158767700195e+00,1.099794578552246094e+01,1.271381759643554688e+01,8.832047462463378906e+00,1.334349155426025391e+00,4.219485521316528320e-01,6.487966060638427734e+00,1.062545204162597656e+01,7.571147918701171875e+00,2.661394119262695312e+00,1.147454738616943359e+01,8.721698760986328125e+00,7.936595916748046875e+00,6.231734275817871094e+00,7.428470134735107422e+00,6.815820217132568359e+00,3.856286048889160156e+00,4.176013946533203125e+00,4.815594196319580078e+00,4.683245658874511719e+00,8.501939773559570312e+00,1.361421585083007812e+01,1.025306701660156250e+01,1.040629196166992188e+01,9.707502365112304688e+00,1.218024921417236328e+01,2.122377967834472656e+01,1.569019317626953125e+01,1.440066146850585938e+01,1.129397201538085938e+01,7.471273899078369141e+00,6.580298423767089844e+00,-6.738286018371582031e-01,1.518789231777191162e-01,3.432230472564697266e+00,6.005206108093261719e+00,8.867086410522460938e+00,9.246562957763671875e+00,4.806014060974121094e+00,-2.336274862289428711e+00,-3.615416049957275391e+00,-4.995105743408203125e+00,-1.477051448822021484e+01,-2.094140625000000000e+01,-2.506681823730468750e+01,-2.088174057006835938e+01,-2.072217941284179688e+01,-2.245379257202148438e+01,-2.084443473815917969e+01,-1.774945068359375000e+01,-1.258601188659667969e+01,-8.669775009155273438e+00,-8.309403419494628906e+00,-6.842682838439941406e+00,-9.404135704040527344e+00,-1.155392646789550781e+01,-8.307476043701171875e+00,-3.396826267242431641e+00,4.107459545135498047e+00,7.542980194091796875e+00,9.615932464599609375e+00,6.935156345367431641e+00,1.858063220977783203e+00,3.240560770034790039e+00,4.411803245544433594e+00,4.885766506195068359e+00,7.825241088867187500e+00,3.722380638122558594e+00,2.708173274993896484e+00,6.712144851684570312e+00,1.156370830535888672e+01,7.746820449829101562e+00,7.502266407012939453e+00,8.838622093200683594e+00,1.279739379882812500e+01,8.940566062927246094e+00,8.582635879516601562e+00,8.476005554199218750e+00,9.028620719909667969e+00,9.326782226562500000e+00,1.008829784393310547e+01,1.291860866546630859e+01,1.418686485290527344e+01,1.420399761199951172e+01,1.369517517089843750e+01,9.957614898681640625e+00,6.701820373535156250e+00,8.247898101806640625e+00,1.902131915092468262e+00,-2.615365684032440186e-01,5.511803627014160156e+00,2.849896430969238281e+00,7.797083854675292969e-01,5.615360260009765625e+00,8.045922517776489258e-01,-4.892617702484130859e+00,-2.453578114509582520e-01,-2.678233146667480469e+00,-6.871564388275146484e+00,-3.780233383178710938e+00,-7.006825447082519531e+00,-3.814040660858154297e+00,4.439003169536590576e-01,5.719779729843139648e-01,-4.731884956359863281e+00,-5.410677433013916016e+00,-2.561037778854370117e+00,-2.054940462112426758e+00,-1.779662132263183594e+00,2.484547138214111328e+00,4.614986419677734375e+00,8.176002502441406250e+00,1.013458919525146484e+01,1.615196990966796875e+01,1.878972625732421875e+01,1.450531101226806641e+01,2.877466917037963867e+00,4.284958839416503906e+00,9.275623321533203125e+00,8.224512100219726562e+00,5.827842712402343750e+00,5.693943500518798828e+00,1.202329444885253906e+01,1.201838111877441406e+01,8.099466323852539062e+00,3.632134199142456055e+00,-1.367053508758544922e+00,-9.269721508026123047e-01,-1.137312173843383789e+00,-2.106012821197509766e+00,5.460193157196044922e-01,4.715615272521972656e+00,6.197271347045898438e+00,5.442162513732910156e+00,6.577794075012207031e+00,1.452190399169921875e+01,1.698981475830078125e+01,1.795999526977539062e+01,1.638730812072753906e+01,2.755976104736328125e+01,2.367640686035156250e+01,1.045200443267822266e+01,-3.571798801422119141e-01,-1.274252772331237793e+00,5.939831733703613281e+00,7.130039215087890625e+00,-2.465048432350158691e-01,-1.725482702255249023e+00,2.828341722488403320e+00,2.136413335800170898e+00,-1.183032512664794922e+00,-3.010626792907714844e+00,-1.417825579643249512e+00,-4.608687758445739746e-02,5.396448135375976562e+00,7.394745826721191406e+00,-9.320746064186096191e-01,-6.954265594482421875e+00,-6.623857498168945312e+00,-5.479038715362548828e+00,2.681972026824951172e+00,5.453929424285888672e+00,5.973454475402832031e+00,1.244378805160522461e+00,-7.429114341735839844e+00,-1.281849861145019531e+01,-9.195592880249023438e+00,-1.156489086151123047e+01,-1.242724418640136719e+01,-1.016180896759033203e+01,-1.009382820129394531e+01,-6.536590576171875000e+00,-6.156450271606445312e+00,3.989234685897827148e+00,4.366296768188476562e+00,7.047656059265136719e+00,5.680148124694824219e+00,4.665731906890869141e+00,9.132227897644042969e+00,8.514353752136230469e+00,1.082238578796386719e+01,1.068982219696044922e+01,9.927829742431640625e+00,1.252017211914062500e+01,1.270894622802734375e+01,7.727653503417968750e+00,3.611901760101318359e+00,4.991300582885742188e+00,1.101482772827148438e+01,1.201685047149658203e+01,9.918024063110351562e+00,7.449983596801757812e+00,8.515949249267578125e+00,7.598379135131835938e+00,6.860301017761230469e+00,4.989593505859375000e+00,5.161402225494384766e+00,8.607778549194335938e+00,9.262107849121093750e+00,1.270800781250000000e+01,1.674074554443359375e+01,1.065603637695312500e+01,1.127230644226074219e+01,1.433310890197753906e+01,6.736435890197753906e+00,-1.582284212112426758e+00,1.154766559600830078e+00,2.694092512130737305e+00,1.018578529357910156e+00,3.968177080154418945e+00,8.830629348754882812e+00,9.753636360168457031e+00,5.304096221923828125e+00,3.090379953384399414e+00,-1.352342367172241211e-01,3.033322334289550781e+00,2.040865898132324219e+00,5.627793788909912109e+00,7.538500785827636719e+00,5.422116279602050781e+00,3.500297546386718750e+00,5.477410793304443359e+00,4.894880294799804688e+00,-4.214804768562316895e-01,-5.747949123382568359e+00,-5.064214706420898438e+00,-9.090295791625976562e+00,-3.363647937774658203e+00,2.141544818878173828e+00,-1.576659083366394043e-01,-9.678003787994384766e-01,1.309386193752288818e-01,4.732666969299316406e+00,7.613279342651367188e+00,4.043127536773681641e+00,5.992159843444824219e+00,1.159321594238281250e+01,1.437376594543457031e+01,1.971463966369628906e+01,2.353289794921875000e+01,2.384102249145507812e+01,2.080883026123046875e+01,2.551697921752929688e+01,2.454875946044921875e+01,1.412538909912109375e+01,3.212682247161865234e+00,1.248643159866333008e+00,3.737503051757812500e+00,3.771078586578369141e+00,1.845869898796081543e+00,2.578304290771484375e+00,6.130486488342285156e+00,5.347927093505859375e+00,5.054944992065429688e+00,6.798116207122802734e+00,5.139607429504394531e+00,5.045094966888427734e+00,6.477439880371093750e+00,9.961397171020507812e+00,1.723319816589355469e+01,1.860188674926757812e+01,9.249322891235351562e+00,7.250732421875000000e+00,1.468997001647949219e+01,1.553495883941650391e+01,1.351110553741455078e+01,7.052254676818847656e+00,8.845527648925781250e+00,1.381504821777343750e+01,1.513094902038574219e+01,1.260387897491455078e+01,1.464362335205078125e+01,1.017624282836914062e+01,7.562529563903808594e+00,1.139699268341064453e+01,1.065638732910156250e+01,8.425567626953125000e+00,9.468466758728027344e+00,9.450859069824218750e+00,1.197927093505859375e+01,9.999170303344726562e+00,8.973815917968750000e+00,4.175651073455810547e+00,4.936065673828125000e+00,9.251781463623046875e+00,6.981216430664062500e+00,6.814684391021728516e+00,9.747121810913085938e+00,5.803993225097656250e+00,6.967362403869628906e+00,4.944689273834228516e+00,-1.349173545837402344e+00,1.038395786285400391e+01,1.803343772888183594e+01,1.414063644409179688e+01,9.212540626525878906e+00,4.574409484863281250e+00,-4.536935091018676758e-01,3.490347862243652344e+00,5.511869430541992188e+00,3.301246643066406250e+00,3.435896873474121094e+00,7.465075492858886719e+00,8.912616729736328125e+00,6.283764362335205078e+00,6.205218791961669922e+00,8.608201980590820312e+00,1.524938392639160156e+01,1.537692451477050781e+01,1.596995162963867188e+01,1.290551948547363281e+01,1.466595458984375000e+01,2.017510414123535156e+01,1.618161201477050781e+01,7.252761840820312500e+00,4.241719245910644531e+00,7.963181018829345703e+00,5.983689308166503906e+00,3.932488441467285156e+00,5.329429626464843750e+00,5.016956806182861328e+00,4.683652877807617188e+00,9.244513511657714844e+00,1.468876266479492188e+01,1.248341369628906250e+01,4.613509178161621094e+00,5.003699302673339844e+00,1.131891441345214844e+01,1.711883735656738281e+01,1.475031852722167969e+01,1.440779685974121094e+01,9.845445632934570312e+00,1.098478698730468750e+01,8.044077873229980469e+00,8.517879486083984375e+00,7.110409736633300781e+00,6.698117256164550781e+00,1.281086540222167969e+01,1.221990489959716797e+01,9.213936805725097656e+00,6.058819770812988281e+00,1.128431034088134766e+01,1.656030273437500000e+01,1.491194152832031250e+01,-6.110713481903076172e+00,-1.044875144958496094e+01,-2.777749061584472656e+00,5.305767059326171875e-03,-2.629337787628173828e+00,-9.216325759887695312e+00,-6.542661666870117188e+00,-9.727565765380859375e+00,-3.349725723266601562e+00,-6.532917022705078125e-01,7.270778656005859375e+00,1.058545303344726562e+01,1.466179084777832031e+01,1.602032852172851562e+01,1.336441802978515625e+01,8.506778717041015625e+00,7.660034179687500000e+00,3.859148502349853516e+00,6.704667568206787109e+00,5.349020004272460938e+00,1.051910114288330078e+01,1.238105392456054688e+01,8.105950355529785156e+00,1.192936325073242188e+01,1.352963829040527344e+01,1.652956008911132812e+01,2.080669593811035156e+01,1.964338684082031250e+01,1.988091850280761719e+01,1.624526596069335938e+01,9.139533996582031250e+00,4.258500576019287109e+00,4.969438076019287109e+00,4.260656356811523438e+00,1.099876999855041504e+00,9.182255864143371582e-01,6.199363708496093750e+00,6.962383270263671875e+00,2.876307249069213867e+00,1.753456592559814453e+00,-2.374720335006713867e+00,9.633924365043640137e-01,1.077376365661621094e+01,2.150310707092285156e+01,2.534624481201171875e+01,1.740230178833007812e+01,1.472195434570312500e+01,1.570523929595947266e+01,1.848534965515136719e+01,1.731575393676757812e+01,1.788508605957031250e+01,1.512358856201171875e+01,1.422912120819091797e+01,9.789033889770507812e+00,5.953890800476074219e+00,1.654678344726562500e+01,2.133580017089843750e+01,1.807241821289062500e+01,1.373248863220214844e+01,9.316615104675292969e+00,9.906414031982421875e+00,4.363219738006591797e+00,4.233037471771240234e+00,4.201666355133056641e+00,1.559123992919921875e+00,2.162354469299316406e+00,7.587062358856201172e+00,9.269308090209960938e+00,3.881815433502197266e+00,4.248178958892822266e+00,1.851145863533020020e+00,-3.493139028549194336e+00,-6.773669719696044922e+00,-3.697498798370361328e+00,-5.577124595642089844e+00,-1.571797013282775879e+00,4.788217544555664062e+00,8.405888557434082031e+00,6.372310638427734375e+00,4.036666870117187500e+00,1.016945838928222656e+01,1.552032852172851562e+01,1.363883781433105469e+01,1.049756813049316406e+01,1.055757427215576172e+01,1.365597152709960938e+01,1.611857604980468750e+01,9.367050170898437500e+00,5.080102443695068359e+00,7.779743194580078125e+00,8.014497756958007812e+00,9.736768722534179688e+00,8.727445602416992188e+00,5.856544017791748047e+00,9.222513198852539062e+00,1.186678504943847656e+01,1.150159072875976562e+01,7.957318782806396484e+00,7.011299610137939453e+00,7.877485275268554688e+00,3.804701268672943115e-01,-7.237429618835449219e-01,-4.401261806488037109e+00,-7.621371269226074219e+00,-2.798761844635009766e+00,1.163662195205688477e+00,9.280023574829101562e+00,7.686955451965332031e+00,1.042697048187255859e+01,6.981874465942382812e+00,3.302505731582641602e+00,6.473147392272949219e+00,5.528790950775146484e+00,5.750641345977783203e+00,6.699522972106933594e+00,1.993316888809204102e+00,2.161954641342163086e+00,3.652493000030517578e+00,2.035808563232421875e+00,3.675758838653564453e+00,1.179974174499511719e+01,1.866489028930664062e+01,1.647749519348144531e+01,1.302231121063232422e+01,6.401497840881347656e+00,-2.381394803524017334e-01,-4.029062271118164062e+00,-4.752236366271972656e+00,-6.306709289550781250e+00,-9.276987075805664062e+00,-4.133561134338378906e+00,8.723260879516601562e+00,1.218917655944824219e+01,1.170175552368164062e+01,1.187762451171875000e+01,9.925481796264648438e+00,6.731649398803710938e+00,7.416027545928955078e+00,1.187358570098876953e+01,1.155756187438964844e+01,1.096688652038574219e+01,1.206458854675292969e+01,1.051827049255371094e+01,9.596091270446777344e+00,1.182871246337890625e+01,8.514129638671875000e+00,6.469253540039062500e+00,5.100079536437988281e+00,5.915995121002197266e+00,7.869428157806396484e+00,9.174162864685058594e+00,1.144694900512695312e+01,1.640546417236328125e+01,1.277165317535400391e+01,8.337041854858398438e+00,3.352315902709960938e+00,1.928908824920654297e+00,3.206230401992797852e+00,2.596008300781250000e+00,3.009447813034057617e+00,6.327198982238769531e+00,1.121296501159667969e+01,5.604586601257324219e+00,3.902409315109252930e+00,-9.608778953552246094e-01,-5.140719413757324219e+00,-1.065135574340820312e+01,-2.111180067062377930e+00,-4.345002174377441406e+00,-5.495904922485351562e+00,-2.712601661682128906e+00,-4.464355468750000000e+00,-1.142177200317382812e+01,-1.285264396667480469e+01,4.872613847255706787e-01,1.588232040405273438e+01,1.723890304565429688e+01,8.233327865600585938e+00,-9.867811203002929688e-02,5.069863319396972656e+00,7.252835273742675781e+00,1.684660339355468750e+01,1.731690979003906250e+01,2.140987014770507812e+01,2.248252487182617188e+01,1.070382022857666016e+01,7.391479492187500000e+00,6.498870849609375000e+00,2.961405277252197266e+00,-4.067901134490966797e+00,-4.028071403503417969e+00,-2.173118114471435547e+00,3.019709825515747070e+00,6.126974105834960938e+00,7.199806213378906250e+00,9.567014694213867188e+00,4.887755870819091797e+00,7.139071464538574219e+00,3.106475353240966797e+00,-4.680531024932861328e+00,-7.376575469970703125e-02,1.361395549774169922e+01,2.020526885986328125e+01,1.103359985351562500e+01,4.646225452423095703e+00,1.424203205108642578e+01,1.793466377258300781e+01,1.668691253662109375e+01,1.209629821777343750e+01,4.202307701110839844e+00,3.447677612304687500e+00,1.476973295211791992e+00,3.893106460571289062e+00,6.557003498077392578e+00,2.664432764053344727e+00,3.506135940551757812e+00,3.049126863479614258e+00,1.725754976272583008e+00,3.604825496673583984e+00,7.246313095092773438e-01,-2.118362903594970703e+00,-4.417803764343261719e+00,2.271680831909179688e+00,1.304916954040527344e+01,1.587175178527832031e+01,1.729934692382812500e+01,1.232972908020019531e+01,9.724769592285156250e+00,1.181945037841796875e+01,7.126062393188476562e+00,2.022229909896850586e+00,-1.542846441268920898e+00,1.252228379249572754e+00,6.010943055152893066e-01,4.186198234558105469e+00,7.461900234222412109e+00,1.426505851745605469e+01,6.007594108581542969e+00,1.176410484313964844e+01,2.165841674804687500e+01,1.614207839965820312e+01,1.821273422241210938e+01,1.716737365722656250e+01,1.420189476013183594e+01,1.593375205993652344e+01,1.081092643737792969e+01,1.164368629455566406e+01,1.749122619628906250e+01,1.759116744995117188e+01,2.112267875671386719e+01,2.175551414489746094e+01,1.566174793243408203e+01,1.001954841613769531e+01,8.477580070495605469e+00,-5.386303663253784180e-01,-1.247300982475280762e+00,-1.210494399070739746e+00,2.376273870468139648e-01,2.238166093826293945e+00,-6.143640279769897461e-01,-1.145361304283142090e+00,-3.756776809692382812e+00,3.900045394897460938e+00,1.846121430397033691e+00,7.456280231475830078e+00,1.105240058898925781e+01,1.973562240600585938e+00,4.846380054950714111e-01,-1.492247581481933594e-01,-6.243940591812133789e-01,-9.464049935340881348e-01,1.934283256530761719e+00,5.999609470367431641e+00,1.163590812683105469e+01,1.502729225158691406e+01,1.125432872772216797e+01,1.037476539611816406e+01,1.721769142150878906e+01,1.648932647705078125e+01,1.861082649230957031e+01,2.580473518371582031e+01,2.036529541015625000e+01,1.601317596435546875e+01,1.187399864196777344e+01,1.194329547882080078e+01,2.274798965454101562e+01,2.209188461303710938e+01,2.148677253723144531e+01,2.050368499755859375e+01,1.772481346130371094e+01,2.090826797485351562e+01,1.608328056335449219e+01,1.716381454467773438e+01,1.566383361816406250e+01,8.773944854736328125e+00,1.031523704528808594e+01,9.065755844116210938e+00,6.338274955749511719e+00,7.417599678039550781e+00,9.903284072875976562e+00,1.276000404357910156e+01,1.095388793945312500e+01,1.321900749206542969e+01,1.729030990600585938e+01,9.439568519592285156e+00,2.664454698562622070e+00,7.620624542236328125e+00,1.144200515747070312e+01,1.131858348846435547e+01,1.092529296875000000e+01,1.193924713134765625e+01,1.465327835083007812e+01,1.043413734436035156e+01,1.146675300598144531e+01,9.965682983398437500e+00,8.208593368530273438e+00,8.914452552795410156e+00,5.593214511871337891e+00,3.736203670501708984e+00,7.934996604919433594e+00,9.423677444458007812e+00,4.243299961090087891e+00,2.808929204940795898e+00,9.729484558105468750e+00,1.196895599365234375e+01,8.880769729614257812e+00,1.254445075988769531e+01,1.074660587310791016e+01,7.297041416168212891e+00,1.686885070800781250e+01,1.607042884826660156e+01,1.318219280242919922e+01,3.330463886260986328e+00,7.244437217712402344e+00,9.566896438598632812e+00,5.381429672241210938e+00,8.054297447204589844e+00,1.446436882019042969e+01,1.823748016357421875e+01,1.768232154846191406e+01,1.418910408020019531e+01,6.683130264282226562e+00,-3.405826091766357422e+00,-5.086471557617187500e+00,2.770215988159179688e+00,2.076261043548583984e-01,-2.450816869735717773e+00,2.287956476211547852e+00,5.794325828552246094e+00,8.637952804565429688e+00,-2.356283426284790039e+00,-6.657582283020019531e+00,-5.473172187805175781e+00,-1.073031663894653320e+00,-6.106278419494628906e+00,-1.182123851776123047e+01,-1.055499839782714844e+01,-2.011348152160644531e+01,-1.758790969848632812e+01,-1.043050193786621094e+01,-1.363243484497070312e+01,-1.293663406372070312e+01,-6.672584533691406250e+00,-3.628170251846313477e+00,-5.840883255004882812e-01,-8.790557861328125000e+00,-7.777312278747558594e+00,-5.463677883148193359e+00,-2.222017526626586914e+00,-4.230151176452636719e+00,-6.884376049041748047e+00,-2.284348487854003906e+00,-2.260389566421508789e+00,-1.803567528724670410e+00,3.199002265930175781e+00,2.479923248291015625e+00,6.654489517211914062e+00,8.348894119262695312e+00,3.948694944381713867e+00,2.944982528686523438e+00,5.086533546447753906e+00,1.297683811187744141e+01,1.774554252624511719e+01,1.584392929077148438e+01,6.556156158447265625e+00,1.685815811157226562e+00,2.215821743011474609e-01,-4.612917900085449219e+00,-1.893332004547119141e+00,1.633605480194091797e+00,-7.348865270614624023e-01,4.027657985687255859e+00,9.163201332092285156e+00,3.053194046020507812e+00,5.225742340087890625e+00,1.405275630950927734e+01,1.327996540069580078e+01,1.639855194091796875e+01,1.650111198425292969e+01,1.290331268310546875e+01,1.510457229614257812e+01,1.502407073974609375e+01,1.138086414337158203e+01,1.303952884674072266e+01,1.036538124084472656e+01,8.013570785522460938e+00,9.667675018310546875e+00,6.529521465301513672e+00,6.217542648315429688e+00,7.272466659545898438e+00,1.054128074645996094e+01,6.689873695373535156e+00,2.515143871307373047e+00,5.311381816864013672e+00,6.058302879333496094e+00,4.632706642150878906e+00,5.880631446838378906e+00,1.511898517608642578e+01,1.265074920654296875e+01,6.597703456878662109e+00,5.089350223541259766e+00,6.905713081359863281e+00,6.562618255615234375e+00,4.443364620208740234e+00,8.551295280456542969e+00,1.124766540527343750e+01,1.613610076904296875e+01,1.845005798339843750e+01,1.961418342590332031e+01,2.243923187255859375e+01,2.657490158081054688e+01,2.146537208557128906e+01,1.945589065551757812e+01,1.925434684753417969e+01,1.373033332824707031e+01,1.607547569274902344e+01,2.021133422851562500e+01,1.655418586730957031e+01,1.305031585693359375e+01,6.018903732299804688e+00,4.131466865539550781e+00,8.999995231628417969e+00,1.230772590637207031e+01,1.059954833984375000e+01,9.099468231201171875e+00,9.904981613159179688e+00,8.977226257324218750e+00,6.681661128997802734e+00,8.465620040893554688e+00,8.560281753540039062e+00,4.120704174041748047e+00,2.728239536285400391e+00,4.263923645019531250e+00,4.723143577575683594e+00,4.491058349609375000e+00,2.484988689422607422e+00,8.521593093872070312e+00,5.455965995788574219e+00,6.093634605407714844e+00,3.363204479217529297e+00,5.259925842285156250e+00,3.158427000045776367e+00,4.045085430145263672e+00,3.721679210662841797e+00,1.304144412279129028e-01,-7.695981860160827637e-01,4.967725276947021484e-01,2.800699472427368164e+00,5.842681884765625000e+00,1.025158309936523438e+01,7.523724079132080078e+00,1.052686691284179688e+01,9.867483139038085938e+00,4.838872909545898438e+00,2.190807580947875977e+00,1.257042884826660156e+01,1.632131576538085938e+01,1.145963096618652344e+01,9.278582572937011719e+00,9.185134887695312500e+00,4.588984012603759766e+00,9.019529819488525391e-01,-1.650012135505676270e+00,-5.528331756591796875e+00,-5.927139759063720703e+00,-4.591008186340332031e+00,-1.643699645996093750e+00,-2.335493087768554688e+00,-2.746461629867553711e-01,-6.466165542602539062e+00,2.132397413253784180e+00,1.018455791473388672e+01,1.814514923095703125e+01,2.062655830383300781e+01,1.446203422546386719e+01,1.439808368682861328e+01,1.771098327636718750e+01,1.461252021789550781e+01,1.400017833709716797e+01,1.507337570190429688e+01,1.253004837036132812e+01,1.396222400665283203e+01,1.486686325073242188e+01,1.092712020874023438e+01,8.712875366210937500e+00,1.391053199768066406e+01,1.830952835083007812e+01,2.231797027587890625e+01,2.398302459716796875e+01,2.414915657043457031e+01,2.685594558715820312e+01,2.434579849243164062e+01,1.706017303466796875e+01,1.145398616790771484e+01,1.292933273315429688e+01,1.684561157226562500e+01,1.735748481750488281e+01,1.371041870117187500e+01,1.309780693054199219e+01,1.088768005371093750e+01,1.679105949401855469e+01,1.506926250457763672e+01,1.140598869323730469e+01,1.248327922821044922e+01,1.654233169555664062e+01,1.565173912048339844e+01,1.565558624267578125e+01,1.881065750122070312e+01,1.679227066040039062e+01,1.043658161163330078e+01,1.232367706298828125e+01,1.484072303771972656e+01,1.760133743286132812e+01,1.554757690429687500e+01,1.322787189483642578e+01,1.183886146545410156e+01,1.540089035034179688e+01,1.218055915832519531e+01,1.664575958251953125e+01,2.019116210937500000e+01,1.868122482299804688e+01,1.761946868896484375e+01,2.105503654479980469e+01,1.726033973693847656e+01,1.631455993652343750e+01,1.584192276000976562e+01,1.409793376922607422e+01,1.682728004455566406e+01,1.939499855041503906e+01,1.522099590301513672e+01,1.745130157470703125e+01,1.345041942596435547e+01,1.213881492614746094e+01,1.485711097717285156e+01,1.848297500610351562e+01,1.530027389526367188e+01,1.571127796173095703e+01,1.591055107116699219e+01,1.423433589935302734e+01,1.937454223632812500e+01,2.055008697509765625e+01,1.860249519348144531e+01,1.698487091064453125e+01,1.944307899475097656e+01,1.421913909912109375e+01,9.328558921813964844e+00,1.422805023193359375e+01,1.223435974121093750e+01,5.808253765106201172e+00,8.985497474670410156e+00,9.245436668395996094e+00,8.876484870910644531e+00,1.608733749389648438e+01,1.754807853698730469e+01,1.985558319091796875e+01,1.938791465759277344e+01,1.402984905242919922e+01,8.820046424865722656e+00,4.801919937133789062e+00,7.904921531677246094e+00,1.062280941009521484e+01,4.757149696350097656e+00,7.945376873016357422e+00,2.128484725952148438e+01,2.187846755981445312e+01,1.906331253051757812e+01,1.432596588134765625e+01,1.181460189819335938e+01,1.036553382873535156e+01,1.192847061157226562e+01,8.765106201171875000e+00,1.271057319641113281e+01,1.522172164916992188e+01,1.675465011596679688e+01,1.553485584259033203e+01,1.801025009155273438e+01,1.544387340545654297e+01,9.621601104736328125e+00,7.661161899566650391e+00,9.000078201293945312e+00,8.591484069824218750e+00,8.156739473342895508e-01,-3.415315151214599609e+00,3.150543451309204102e+00,4.116887092590332031e+00,6.042803287506103516e+00,1.028404903411865234e+01,1.071902656555175781e+01,1.327574729919433594e+01,1.461284446716308594e+01,1.745979690551757812e+01,1.339089679718017578e+01,1.107665348052978516e+01,1.083198738098144531e+01,1.420557975769042969e+01,1.551665687561035156e+01,1.414785289764404297e+01,9.488795280456542969e+00,7.465637683868408203e+00,8.896298408508300781e+00,1.317525482177734375e+01,1.839600372314453125e+01,2.012313842773437500e+01,1.893393707275390625e+01,1.860580253601074219e+01,1.294718933105468750e+01,1.141944789886474609e+01,1.434712219238281250e+01,1.524001979827880859e+01,1.300694465637207031e+01,1.324966430664062500e+01,8.069766998291015625e+00,9.095947265625000000e+00,1.257201194763183594e+01,1.256657600402832031e+01,1.022081375122070312e+01,9.938181877136230469e+00,1.334588432312011719e+01,1.745810317993164062e+01,1.457602310180664062e+01,1.449989318847656250e+01,1.528406047821044922e+01,1.545247077941894531e+01,1.111417388916015625e+01,1.395737266540527344e+01,1.420277595520019531e+01,9.961563110351562500e+00,1.224973869323730469e+01,9.237112045288085938e+00,2.058939695358276367e+00,4.624556541442871094e+00,8.634936332702636719e+00,6.593521595001220703e+00,2.502495765686035156e+00,4.818172454833984375e+00,7.321010112762451172e+00,6.991133213043212891e+00,9.808575630187988281e+00,2.072810173034667969e+01,1.973685264587402344e+01,2.026212120056152344e+01,1.505800342559814453e+01,1.531452178955078125e+01,1.396499633789062500e+01,1.470600032806396484e+01,1.052659606933593750e+01,6.542757987976074219e+00,7.778134346008300781e+00,1.096175003051757812e+01,1.541544914245605469e+01,1.662342071533203125e+01,1.734233474731445312e+01,1.921933937072753906e+01,1.842441177368164062e+01,1.464782047271728516e+01,1.183278274536132812e+01,9.763862609863281250e+00,7.612117767333984375e+00,6.014679908752441406e+00,6.089910030364990234e+00,1.138696289062500000e+01,8.021120071411132812e+00,3.259199380874633789e+00,2.076926469802856445e+00,3.053098917007446289e-01,3.063267469406127930e+00,-3.145299911499023438e+00,-8.600061416625976562e+00,-1.032466888427734375e+01,-7.222466945648193359e+00,1.044791221618652344e+00,8.862270355224609375e+00,5.339031219482421875e+00,-3.650118350982666016e+00,-7.554158210754394531e+00,-1.958146333694458008e+00,1.153880119323730469e+00,1.552433133125305176e+00,5.570724964141845703e+00,2.713234901428222656e+00,7.187813520431518555e-01,-4.113129615783691406e+00,1.729404926300048828e+00,6.182720184326171875e+00,1.092590141296386719e+01,1.103170967102050781e+01,7.492639064788818359e+00,9.390756607055664062e+00,1.185535621643066406e+01,7.737708091735839844e+00,6.623326778411865234e+00,1.034048080444335938e+01,7.647213459014892578e+00,6.495728492736816406e+00,4.356137275695800781e+00,5.807866096496582031e+00,6.031083583831787109e+00,6.623578548431396484e+00,1.077084159851074219e+01,1.028069686889648438e+01,1.035514068603515625e+01,1.021457099914550781e+01,1.122073078155517578e+01,1.106099605560302734e+01,1.336471176147460938e+01,1.205241775512695312e+01,1.008851337432861328e+01,1.014289951324462891e+01,1.025823879241943359e+01,1.220298862457275391e+01,1.403524112701416016e+01,9.463179588317871094e+00,9.025302886962890625e+00,1.154721546173095703e+01,1.189787864685058594e+01,1.244055938720703125e+01,1.168037319183349609e+01,8.392567634582519531e+00,8.762269973754882812e+00,8.128969192504882812e+00,8.166200637817382812e+00,9.921462059020996094e+00,1.072878265380859375e+01,7.205435752868652344e+00,6.013365745544433594e+00,8.203340530395507812e+00,7.695253849029541016e+00,1.294173049926757812e+01,1.053962516784667969e+01,8.504075050354003906e+00,8.588092803955078125e+00,8.395481109619140625e+00,1.132723331451416016e+01,1.540718078613281250e+01,1.033690357208251953e+01,1.163844108581542969e+01,1.062321567535400391e+01,1.107803344726562500e+01,8.643484115600585938e+00,4.406421661376953125e+00,1.260808944702148438e+01,1.243743896484375000e+01,8.610075950622558594e+00,7.762130737304687500e+00,1.310395812988281250e+01,1.187254714965820312e+01,9.421465873718261719e+00,5.339776039123535156e+00,7.764431476593017578e+00,1.727339267730712891e+00,6.769506931304931641e+00,1.093246841430664062e+01,1.100874233245849609e+01,1.356300163269042969e+01,6.770910263061523438e+00,3.225155115127563477e+00,5.745862960815429688e+00,1.144796562194824219e+01,1.165464115142822266e+01,7.253100872039794922e+00,3.156406402587890625e+00,-3.396934509277343750e+00,-3.729801774024963379e-01,2.295176744461059570e+00,2.024102449417114258e+00,3.087249040603637695e+00,4.167836189270019531e+00,9.061103820800781250e+00,2.533576250076293945e+00,3.420860767364501953e+00,9.686412811279296875e+00,6.492520809173583984e+00,7.167059898376464844e+00,6.828655719757080078e+00,5.458317756652832031e+00,8.120924949645996094e+00,9.607091903686523438e+00,1.916809439659118652e+00,8.377335548400878906e+00,7.960546970367431641e+00,3.412888288497924805e+00,7.534433841705322266e+00,9.476316452026367188e+00,1.164250278472900391e+01,7.626195907592773438e+00,7.338387489318847656e+00,8.281127929687500000e+00,6.710831165313720703e+00,1.048431396484375000e+01,9.065852165222167969e+00,8.731644630432128906e+00,8.327714920043945312e+00,8.030107498168945312e+00,7.404533386230468750e+00,9.359617233276367188e+00,6.718011856079101562e+00,1.311301040649414062e+01,2.117475128173828125e+01,2.308399772644042969e+01,1.619264030456542969e+01,1.456946372985839844e+01,1.183485221862792969e+01,1.373739814758300781e+01,2.344858169555664062e+01,2.555910110473632812e+01,1.762102508544921875e+01,1.999745941162109375e+01,2.286380004882812500e+01,2.369464683532714844e+01,1.803428077697753906e+01,1.387995147705078125e+01,1.317768669128417969e+01,1.287648677825927734e+01,1.098342514038085938e+01,1.412416839599609375e+01,1.398538303375244141e+01,4.276426792144775391e+00,3.884990453720092773e+00,3.820680618286132812e+00,1.558150291442871094e+00,1.114747762680053711e+00,2.370995283126831055e-01,-1.795050382614135742e+00,3.744607925415039062e+00,1.865407180786132812e+01,1.997230148315429688e+01,1.171286106109619141e+01,6.115452766418457031e+00,2.088100671768188477e+00,-2.597801208496093750e+00,2.399235248565673828e+00,3.018624305725097656e+00,2.777555704116821289e+00,5.961640357971191406e+00,4.588994979858398438e+00,2.398708820343017578e+00,8.222021102905273438e+00,9.974514007568359375e+00,9.020107269287109375e+00,3.936156749725341797e+00,2.692906856536865234e-01,2.832821846008300781e+00,5.114898204803466797e+00,9.040512084960937500e+00,9.777378082275390625e+00,6.529348373413085938e+00,6.309784889221191406e+00,9.776900291442871094e+00,1.145038414001464844e+01,8.952116966247558594e+00,1.141799926757812500e+01,9.827682495117187500e+00,6.625230789184570312e+00,5.546356201171875000e+00,5.410469055175781250e+00,9.172245979309082031e+00,1.063259983062744141e+01,1.240822219848632812e+01,1.309172725677490234e+01,8.540858268737792969e+00,1.084584331512451172e+01,9.809350967407226562e+00,9.964693069458007812e+00,1.234503936767578125e+01,1.124111747741699219e+01,1.083847045898437500e+01,7.294701576232910156e+00,2.440548658370971680e+00,7.500758171081542969e+00,7.074092864990234375e+00,5.436848640441894531e+00,9.882982254028320312e+00,1.148955917358398438e+01,7.821853637695312500e+00,9.894144058227539062e+00,1.454985427856445312e+01,1.212336540222167969e+01,1.130378723144531250e+01,1.370086479187011719e+01,1.324208259582519531e+01,5.956632137298583984e+00,7.293477535247802734e+00,8.271903991699218750e+00,3.463662147521972656e+00,7.256144523620605469e+00,1.348329257965087891e+01,2.899609565734863281e+00,1.707624197006225586e+00,4.911273956298828125e+00,7.376472473144531250e+00,1.057638168334960938e+01,1.101606369018554688e+01,7.157731533050537109e+00,4.706397533416748047e+00,1.182409095764160156e+01,1.265651321411132812e+01,1.267347526550292969e+01,9.322115898132324219e+00,2.303919315338134766e+00,2.800557136535644531e+00,6.031345844268798828e+00,4.453803539276123047e+00,8.732348442077636719e+00,1.138504505157470703e+01,8.672428131103515625e+00,1.198649978637695312e+01,1.580175590515136719e+01,1.200484466552734375e+01,1.045090389251708984e+01,9.995590209960937500e+00,1.371831512451171875e+01,1.742331123352050781e+01,1.370882987976074219e+01,1.418948173522949219e+01,1.947200775146484375e+01,1.556000614166259766e+01,1.979887390136718750e+01,2.400197601318359375e+01,1.719174194335937500e+01,6.640272617340087891e+00,8.224347114562988281e+00,2.038122940063476562e+01,2.534883880615234375e+01,2.361569976806640625e+01,1.604108428955078125e+01,8.724922180175781250e+00,9.149847984313964844e+00,1.409793567657470703e+01,7.255110740661621094e+00,8.363485336303710938e-01,7.525486946105957031e+00,1.192215633392333984e+01,7.079730987548828125e+00,1.362394523620605469e+01,2.272008132934570312e+01,2.712470245361328125e+01,2.774012374877929688e+01,2.457948303222656250e+01,1.280764865875244141e+01,2.469540357589721680e+00,2.000121831893920898e+00,3.203372001647949219e+00,9.201941490173339844e+00,1.240393161773681641e+01,1.254308700561523438e+01,1.513181781768798828e+01,9.345990180969238281e+00,9.129899024963378906e+00,1.456408977508544922e+01,6.743763923645019531e+00,3.185447931289672852e+00,6.141477584838867188e+00,6.140272140502929688e+00,4.612447261810302734e+00,2.085335254669189453e+00,3.846172332763671875e+00,9.244428634643554688e+00,1.477882003784179688e+01,1.371441364288330078e+01,1.629062461853027344e+01,2.013903427124023438e+01,2.193404769897460938e+01,2.529066848754882812e+01,2.264990234375000000e+01,1.931358528137207031e+01,1.330340576171875000e+01,7.396017551422119141e+00,7.641963005065917969e+00,7.253744125366210938e+00,8.444272994995117188e+00,6.849488258361816406e+00,6.126572132110595703e+00,4.770803928375244141e+00,7.073459148406982422e+00,8.084329605102539062e+00,1.058356666564941406e+01,9.327465057373046875e+00,1.100582313537597656e+01,1.077733421325683594e+01,1.139463996887207031e+01,8.595734596252441406e+00,4.264348506927490234e+00,2.712305545806884766e+00,2.026342630386352539e+00,3.181446552276611328e+00,6.658421039581298828e+00,5.748294830322265625e+00,2.066313743591308594e+00,-1.285382509231567383e-01,1.146116852760314941e-01,3.755291700363159180e+00,1.441388225555419922e+01,1.704873275756835938e+01,1.507451057434082031e+01,1.487597084045410156e+01,1.808357810974121094e+01,1.704401397705078125e+01,1.492166221141815186e-01,-2.636296033859252930e+00,8.346965789794921875e+00,5.630447864532470703e+00,6.158475875854492188e+00,4.121643066406250000e+00,4.123926639556884766e+00,4.366224288940429688e+00,1.296574878692626953e+01,1.750646209716796875e+01,1.538227272033691406e+01,1.246181869506835938e+01,1.031100463867187500e+01,1.268715858459472656e+01,1.174921989440917969e+01,5.799408912658691406e+00,8.443819046020507812e+00,7.548506736755371094e+00,2.905859231948852539e+00,9.557937622070312500e+00,1.236695003509521484e+01,1.138107299804687500e+01,1.015728187561035156e+01,1.202527999877929688e+01,1.734995460510253906e+01,1.699098205566406250e+01,1.559276485443115234e+01,1.825891494750976562e+01,1.258522415161132812e+01,8.002225875854492188e+00,1.058482265472412109e+01,1.257267951965332031e+01,1.756441879272460938e+01,1.726078033447265625e+01,1.220949745178222656e+01,1.546897888183593750e+01,1.669389724731445312e+01,2.003590774536132812e+01,1.398792934417724609e+01,1.280044269561767578e+01,1.041312789916992188e+01,4.385803699493408203e+00,6.891696929931640625e+00,1.346646785736083984e+01,1.524871635437011719e+01,1.605554008483886719e+01,1.215833568572998047e+01,1.079028224945068359e+01,1.100591754913330078e+01,1.236293983459472656e+01,1.605721282958984375e+01,1.625903511047363281e+01,9.331737518310546875e+00,9.124582290649414062e+00,1.345009422302246094e+01,1.328434371948242188e+01,7.935556411743164062e+00,6.729115962982177734e+00,1.608669281005859375e+01,2.517737007141113281e+01,2.207254981994628906e+01,1.713846397399902344e+01,8.134604454040527344e+00,1.362297415733337402e+00,1.757214069366455078e+00,6.236561775207519531e+00,1.083963108062744141e+01,6.126031875610351562e+00,1.243390679359436035e+00,6.042236328125000000e+00,1.148954582214355469e+01,1.160018634796142578e+01,1.212799072265625000e+01,1.461148548126220703e+01,1.251791381835937500e+01,9.965169906616210938e+00,8.486525535583496094e+00,9.521387100219726562e+00,1.614409065246582031e+01,1.584460544586181641e+01,1.454878425598144531e+01,1.296364402770996094e+01,1.198971366882324219e+01,1.064331626892089844e+01,5.044322967529296875e+00,2.992120027542114258e+00,3.716486096382141113e-01,4.084019660949707031e+00,1.146607589721679688e+01,9.586174011230468750e+00,5.139764308929443359e+00,7.938313484191894531e+00,3.747653484344482422e+00,1.066028785705566406e+01,1.123972892761230469e+01,1.025258922576904297e+01,8.555475234985351562e+00,1.076818847656250000e+01,7.457778930664062500e+00,4.599485099315643311e-01,3.642796516418457031e+00,8.273253440856933594e+00,9.980123519897460938e+00,8.041794776916503906e+00,9.338768005371093750e+00,1.224591827392578125e+01,1.184278392791748047e+01,9.274206161499023438e+00,9.545898437500000000e+00,3.004357337951660156e+00,3.437101125717163086e+00,4.113171577453613281e+00,1.838559150695800781e+00,5.035996437072753906e+00,9.100698471069335938e+00,8.381109237670898438e+00,1.129471015930175781e+01,1.688394927978515625e+01,1.814865303039550781e+01,1.729257965087890625e+01,1.680589866638183594e+01,1.863272476196289062e+01,6.147885322570800781e+00,1.162607192993164062e+01,2.087510299682617188e+01,1.810991859436035156e+01,2.311837387084960938e+01,2.424659729003906250e+01,2.282961654663085938e+01,1.727343750000000000e+01,6.908785820007324219e+00,3.116213560104370117e+00,6.642022132873535156e+00,8.950304031372070312e+00,7.019089698791503906e+00,9.787935256958007812e+00,9.979974746704101562e+00,7.185317993164062500e+00,8.375063896179199219e+00,2.174710512161254883e+00,-1.296098470687866211e+00,-1.934755325317382812e+00,1.470862627029418945e+00,5.018439769744873047e+00,5.835083007812500000e+00,5.630283832550048828e+00,7.240960121154785156e+00,1.286335229873657227e+00,4.051815032958984375e+00,6.994771003723144531e+00,8.293092727661132812e+00,5.775660514831542969e+00,4.956389904022216797e+00,7.288867950439453125e+00,2.634988546371459961e+00,-6.111873626708984375e+00,2.482154369354248047e+00,1.058715248107910156e+01,1.742912864685058594e+01,1.128185081481933594e+01,8.772926330566406250e+00,9.044907569885253906e+00,1.065473079681396484e+01,1.061986923217773438e+01,7.619562149047851562e+00,1.146095657348632812e+01,1.847290039062500000e+01,2.171941375732421875e+01,2.010191154479980469e+01,1.228630161285400391e+01,9.136085510253906250e+00,1.020918083190917969e+01,9.587016105651855469e+00,6.135454654693603516e+00,3.615064620971679688e+00,2.573032855987548828e+00,5.248913764953613281e+00,6.964471817016601562e+00,1.128235244750976562e+01,1.069096565246582031e+01,3.244246482849121094e+00,-1.846759557723999023e+00,-5.669362068176269531e+00,-7.010656356811523438e+00,-1.514595985412597656e+01,-1.984028625488281250e+01,-1.934286880493164062e+01,-1.658363914489746094e+01,-1.305151653289794922e+01,-1.406546211242675781e+01,-8.186901092529296875e+00,1.493310928344726562e-01,2.700652837753295898e+00,3.299950361251831055e-01,-2.211102724075317383e+00,3.663597106933593750e-01,-4.280459403991699219e+00,-6.563109874725341797e+00,-6.597155570983886719e+00,-6.476685047149658203e+00,-8.444064140319824219e+00,-3.031532049179077148e+00,-3.138747692108154297e+00,-2.373740196228027344e+00,1.288010358810424805e+00,5.117635726928710938e-01,-3.595783710479736328e-01,4.207536697387695312e+00,4.003557682037353516e+00,5.886668205261230469e+00,3.265509605407714844e+00,2.370164871215820312e+00,5.701934814453125000e+00,8.529073715209960938e+00,1.143859672546386719e+01,1.333624649047851562e+01,1.342810440063476562e+01,1.091811561584472656e+01,8.909559249877929688e+00,6.443666934967041016e+00,7.834134101867675781e+00,1.060606002807617188e+01,1.249466896057128906e+01,1.007106208801269531e+01,1.060399246215820312e+01,7.919956207275390625e+00,9.827714920043945312e+00,1.351734352111816406e+01,1.177080821990966797e+01,1.197756385803222656e+01,1.257224845886230469e+01,1.304749679565429688e+01,1.108557128906250000e+01,7.207002639770507812e+00,1.626011729240417480e+00,5.922750473022460938e+00,4.328206062316894531e+00,5.501250743865966797e+00,6.988910675048828125e+00,1.313135814666748047e+01,1.730611038208007812e+01,1.882300949096679688e+01,1.566504859924316406e+01,1.222227859497070312e+01,9.326692581176757812e+00,8.508568763732910156e+00,7.794082641601562500e+00,1.903569698333740234e+00,-1.690732359886169434e+00,-4.595334053039550781e+00,-3.373288631439208984e+00,-1.642695426940917969e+01,-1.824702644348144531e+01,-2.024911880493164062e+01,-1.510140323638916016e+01,-1.046739959716796875e+01,-1.084200096130371094e+01,-6.518900394439697266e+00,-4.948102951049804688e+00,-6.522505760192871094e+00,-1.109303283691406250e+01,-8.854246139526367188e+00,-9.833564758300781250e+00,-1.184458541870117188e+01,-1.110305595397949219e+01,-1.138260459899902344e+01,-3.309520721435546875e+00,-2.122898340225219727e+00,-3.352153778076171875e+00,2.043774127960205078e+00,3.635008096694946289e+00,-6.268775463104248047e-02,3.243085384368896484e+00,7.354079723358154297e+00,5.223598003387451172e+00,7.030928611755371094e+00,8.172392845153808594e+00,8.122506141662597656e+00,1.026911735534667969e+01,1.046058464050292969e+01,1.209821605682373047e+01,1.114859199523925781e+01,1.058305549621582031e+01,1.657463455200195312e+01,1.732984161376953125e+01,1.551278877258300781e+01,1.544952583312988281e+01,1.562255287170410156e+01,1.469544410705566406e+01,2.056638717651367188e+01,1.688858222961425781e+01,9.383278846740722656e+00,6.901812553405761719e+00,2.701482295989990234e+00,6.594187259674072266e+00,7.320104598999023438e+00,2.763202190399169922e+00,8.840774536132812500e+00,1.646949386596679688e+01,1.214909362792968750e+01,8.727674484252929688e+00,1.299338912963867188e+01,1.014632225036621094e+01,1.001034832000732422e+01,1.196885299682617188e+01,7.828732490539550781e+00,7.513141632080078125e+00,6.899356365203857422e+00,7.310564994812011719e+00,4.567966461181640625e+00,8.612407445907592773e-01,-2.146689414978027344e+00,-9.372816681861877441e-01,6.798394918441772461e-01,1.293776273727416992e+00,-1.469868898391723633e+00,-3.241569757461547852e+00,-4.233267307281494141e-01,2.128695011138916016e+00,1.607092285156250000e+01,1.863548660278320312e+01,1.387893390655517578e+01,8.073638916015625000e+00,7.220931529998779297e+00,1.058511161804199219e+01,9.635013580322265625e+00,3.944688558578491211e+00,6.067107677459716797e+00,1.099042654037475586e+00,2.588599205017089844e+00,6.369344711303710938e+00,1.371312141418457031e+01,1.793257141113281250e+01,1.672302246093750000e+01,1.331619262695312500e+01,9.884790420532226562e+00,9.273593902587890625e+00,8.681377410888671875e+00,5.030381202697753906e+00,-4.703297615051269531e-01,8.028008937835693359e-01,2.190752983093261719e+00,7.702273368835449219e+00,1.559479427337646484e+01,1.640687370300292969e+01,8.426918983459472656e+00,3.860245645046234131e-01,6.586137294769287109e+00,8.694785118103027344e+00,5.775098800659179688e+00,8.798862695693969727e-01,-3.509158134460449219e+00,-4.099649906158447266e+00,-7.335419058799743652e-01,4.966657638549804688e+00,8.264165878295898438e+00,1.402540588378906250e+01,1.256534576416015625e+01,7.379982948303222656e+00,4.993760108947753906e+00,7.878209352493286133e-01,-5.264515280723571777e-01,9.028176069259643555e-01,4.267136096954345703e+00,5.497154235839843750e+00,1.314309692382812500e+01,1.386261558532714844e+01,1.195020675659179688e+01,1.049181175231933594e+01,9.886490821838378906e+00,9.617658615112304688e+00,7.904692649841308594e+00,4.744395732879638672e+00,5.955700874328613281e+00,1.052018737792968750e+01,1.182048606872558594e+01,1.159130859375000000e+01,1.098501491546630859e+01,1.412337875366210938e+01,1.559553337097167969e+01,1.294185638427734375e+01,1.523275375366210938e+01,1.603565216064453125e+01,1.445961952209472656e+01,1.055928039550781250e+01,8.289344787597656250e+00,1.002121925354003906e+01,4.785273551940917969e+00,1.146442174911499023e+00,6.557619571685791016e+00,5.104143142700195312e+00,5.446382522583007812e+00,1.143989944458007812e+01,1.614620590209960938e+01,1.289791107177734375e+01,1.688310241699218750e+01,1.032086944580078125e+01,-1.133622884750366211e+00,6.869319438934326172e+00,9.055182456970214844e+00,9.667742729187011719e+00,5.139872074127197266e+00,3.618694543838500977e+00,5.978808403015136719e+00,-6.246588706970214844e+00,-3.496282577514648438e+00,-2.100161314010620117e-01,-4.416944503784179688e+00,-4.902565002441406250e+00,-1.837336778640747070e+00,-5.431956291198730469e+00,-2.519650936126708984e+00,-6.914005279541015625e+00,-1.287546920776367188e+01,-1.249047565460205078e+01,-5.889332771301269531e+00,3.608225345611572266e+00,9.793726921081542969e+00,9.537360191345214844e+00,7.538988590240478516e+00,8.918739318847656250e+00,1.429199409484863281e+01,1.139733791351318359e+01,1.659935760498046875e+01,6.807697296142578125e+00,8.389397621154785156e+00,1.096151161193847656e+01,8.305356025695800781e+00,-1.007493376731872559e+00,2.517455220222473145e-01,6.337025165557861328e+00,2.655371427536010742e-01,3.172190189361572266e-01,4.006412506103515625e+00,5.024346351623535156e+00,3.225463390350341797e+00,8.418025970458984375e+00,1.078290462493896484e+01,6.645524024963378906e+00,2.747206926345825195e+00,1.871499538421630859e+00,4.860569477081298828e+00,1.516042423248291016e+01,9.971000671386718750e+00,3.428649902343750000e+00,1.143764019012451172e+01,1.176905250549316406e+01,1.125854206085205078e+01,4.671002864837646484e+00,3.570322513580322266e+00,5.965167999267578125e+00,2.215058803558349609e+00,3.347884654998779297e+00,1.180299949645996094e+01,1.501754856109619141e+01,1.565381050109863281e+01,1.419105052947998047e+01,1.454152202606201172e+01,1.554004573822021484e+01,1.395090675354003906e+01,6.559936523437500000e+00,8.337572097778320312e+00,2.943863391876220703e+00,2.271231651306152344e+00,9.300550460815429688e+00,8.732112884521484375e+00,2.761125564575195312e+00,4.349741935729980469e+00,5.605121612548828125e+00,4.576828956604003906e+00,-1.208935499191284180e+00,-4.637461662292480469e+00,-4.779534339904785156e+00,1.069156646728515625e+00,4.573320388793945312e+00,-5.740416049957275391e-02,-6.185352325439453125e+00,-8.061485290527343750e+00,-7.385989665985107422e+00,1.152777314186096191e+00,1.214232063293457031e+01,1.826073837280273438e+01,1.408036613464355469e+01,1.468959999084472656e+01,1.317123508453369141e+01,4.555326461791992188e+00,2.581638097763061523e+00,-2.081994533538818359e+00,-6.443983316421508789e-01,-3.519691228866577148e-01,-1.757465839385986328e+00,7.025034427642822266e-01,3.798525333404541016e+00,2.202932596206665039e+00,1.839974999427795410e+00,8.131544113159179688e+00,7.562088966369628906e+00,5.590319156646728516e+00,3.455274105072021484e+00,1.143849015235900879e+00,8.626797795295715332e-01,4.046029090881347656e+00,-4.035489261150360107e-02,2.202667236328125000e+00,4.508290767669677734e+00,7.421352386474609375e+00,8.862703323364257812e+00,3.582322597503662109e+00,6.011801719665527344e+00,7.621316432952880859e+00,-2.465149879455566406e+00,-1.281006932258605957e-01,-2.307662487030029297e+00,-1.532159805297851562e+00,1.213645339012145996e+00,1.368922472000122070e+00,-9.912831783294677734e-01,2.914051532745361328e+00,8.972146987915039062e+00,6.559797286987304688e+00,6.847444534301757812e+00,1.804877042770385742e+00,-4.968297004699707031e+00,-3.243686676025390625e+00,-7.626106739044189453e-01,-5.978421211242675781e+00,-5.561119079589843750e+00,-1.851211309432983398e+00,2.273164272308349609e+00,7.326663970947265625e+00,1.283725357055664062e+01,1.149059963226318359e+01,3.523462772369384766e+00,1.889106273651123047e+00,1.995579481124877930e+00,-2.528611898422241211e+00,1.707007586956024170e-01,8.079580307006835938e+00,9.911254882812500000e+00,8.140714645385742188e+00,1.388664054870605469e+01,1.428390502929687500e+01,9.351952552795410156e+00,1.242652988433837891e+01,1.362699604034423828e+01,1.365380859375000000e+01,1.128763389587402344e+01,1.229947090148925781e+01,1.255279350280761719e+01,9.626461982727050781e+00,1.396166992187500000e+01,1.341593551635742188e+01,9.217944145202636719e+00,4.324948310852050781e+00,5.554728507995605469e+00,8.891287803649902344e+00,1.148100852966308594e+01,7.717409133911132812e+00,-7.186167240142822266e-01,1.097878336906433105e+00,-1.357255935668945312e+00,2.498255968093872070e+00,2.767855167388916016e+00,7.718195915222167969e+00,9.293380737304687500e+00,1.094158840179443359e+01,1.255234432220458984e+01,4.821487426757812500e+00,1.392821431159973145e+00,5.848881721496582031e+00,3.905022382736206055e+00,-3.351787567138671875e+00,-9.396767616271972656e+00,-1.270197296142578125e+01,-1.695215606689453125e+01,-1.926380157470703125e+01,-1.188379955291748047e+01,-6.479992866516113281e+00,-6.994463205337524414e-01,8.400573730468750000e+00,1.292391395568847656e+01,1.169938087463378906e+01,5.204412937164306641e+00,-5.231492519378662109e-01,4.196688652038574219e+00,6.016421794891357422e+00,6.301361083984375000e+00,6.503736972808837891e-02,-2.987435340881347656e+00,-5.016216039657592773e-01,-1.136183381080627441e+00,-2.505300045013427734e+00,-8.994001150131225586e-01,1.296462893486022949e+00,9.033638000488281250e+00,1.718533134460449219e+01,1.876990127563476562e+01,1.635939407348632812e+01,1.406739330291748047e+01,1.016530036926269531e+01,7.668916702270507812e+00,7.062005996704101562e+00,-2.588367700576782227e+00,-3.991941928863525391e+00,-3.207266807556152344e+00,-5.644902229309082031e+00,-9.135654449462890625e+00,-9.967367172241210938e+00,-3.601809024810791016e+00,5.429076671600341797e+00,7.642389297485351562e+00,8.735256195068359375e+00,7.362100601196289062e+00,5.128088474273681641e+00,9.609066009521484375e+00,9.546590805053710938e+00,7.337206840515136719e+00,5.606685161590576172e+00,8.862630844116210938e+00,9.728084564208984375e+00,5.579971790313720703e+00,7.368499755859375000e+00,6.461132526397705078e+00,4.009757518768310547e+00,-9.272208809852600098e-02,-7.033926248550415039e-01,3.913249015808105469e+00,9.622875213623046875e+00,8.894335746765136719e+00,3.330641984939575195e+00,2.132040739059448242e+00,4.869161128997802734e+00,6.839304447174072266e+00,3.849911689758300781e+00,4.236746311187744141e+00,8.043643951416015625e+00,7.678062438964843750e+00,7.010666370391845703e+00,9.780498504638671875e+00,8.820863723754882812e+00,5.947404861450195312e+00,-7.716771364212036133e-01,-3.217052221298217773e+00,-4.819881319999694824e-01,1.203341960906982422e+00,2.891257286071777344e+00,5.098705768585205078e+00,1.758531928062438965e+00,-1.705674529075622559e+00,5.049716234207153320e-01,-1.728852152824401855e+00,3.014065980911254883e+00,1.696988701820373535e+00,1.692031919956207275e-01,-1.933062553405761719e+00,-2.393110513687133789e+00,-2.009868144989013672e+00,-4.026173353195190430e-01,1.059092879295349121e-01,-3.964286565780639648e+00,-8.695150017738342285e-01,4.757133483886718750e+00,8.287821769714355469e+00,1.075853252410888672e+01,1.457001304626464844e+01,9.648279190063476562e+00,3.636835813522338867e-01,2.794133663177490234e+00,1.727630233764648438e+01,1.795905876159667969e+01,1.036382293701171875e+01,5.760684967041015625e+00,4.413989067077636719e+00,4.130313873291015625e+00,2.802934408187866211e+00,5.019879341125488281e+00,7.497993946075439453e+00,4.231290817260742188e+00,6.744970321655273438e+00,3.501249074935913086e+00,2.982015013694763184e-01,2.950651884078979492e+00,6.065752983093261719e+00,1.152369594573974609e+01,1.513316154479980469e+01,1.145914268493652344e+01,8.434026718139648438e+00,1.125829887390136719e+01,1.034773826599121094e+01,5.915312767028808594e+00,5.026857376098632812e+00,5.387270927429199219e+00,7.214158535003662109e+00,7.056614875793457031e+00,7.640505790710449219e+00,4.685279846191406250e+00,3.592411518096923828e+00,7.650177955627441406e+00,8.692152023315429688e+00,1.067786026000976562e+01,1.386953163146972656e+01,7.239569664001464844e+00,2.379231452941894531e+00,-1.287658500671386719e+01,-7.517765998840332031e+00,5.699481010437011719e+00,6.753344058990478516e+00,-4.588986396789550781e+00,-1.198266696929931641e+01,-8.427852630615234375e+00,-9.137815475463867188e+00,-3.491349220275878906e+00,-6.292988657951354980e-01,-1.033407306671142578e+01,-6.599352836608886719e+00,-2.003285646438598633e+00,2.885073661804199219e+00,2.193522453308105469e+00,4.119642376899719238e-01,-1.141672849655151367e+00,-2.561358213424682617e+00,-3.241726398468017578e+00,-3.690316200256347656e+00,8.232733607292175293e-02,-9.052864313125610352e-01,3.222500085830688477e-01,1.132101565599441528e-01,7.111322402954101562e+00,1.070388031005859375e+01,7.254580974578857422e+00,3.081994056701660156e+00,6.432663440704345703e+00,8.076997756958007812e+00,6.424158096313476562e+00,5.875163078308105469e+00,1.182841110229492188e+01,1.335535430908203125e+01,1.521866416931152344e+01,1.378091144561767578e+01,1.394659233093261719e+01,1.625148773193359375e+01,1.752155113220214844e+01,1.204562568664550781e+01,5.163568496704101562e+00,5.743515014648437500e+00,9.942434310913085938e+00,2.250832748413085938e+01,2.281673049926757812e+01,2.184307098388671875e+01,2.180771446228027344e+01,1.496918106079101562e+01,1.207508087158203125e+01,6.962530136108398438e+00,1.518837451934814453e+00,1.727762579917907715e+00,6.716070652008056641e+00,8.875285148620605469e+00,8.127090454101562500e+00,9.722059249877929688e+00,1.216784095764160156e+01,6.682757377624511719e+00,4.074093341827392578e+00,3.550123214721679688e+00,1.097926521301269531e+01,1.892920303344726562e+01,1.922793006896972656e+01,1.343213462829589844e+01,1.000903415679931641e+01,1.253584766387939453e+01,1.836330032348632812e+01,2.073417663574218750e+01,1.781950759887695312e+01,1.336236000061035156e+01,6.234419822692871094e+00,4.503254890441894531e+00,1.474804210662841797e+01,1.289873695373535156e+01,4.613405227661132812e+00,-3.093185424804687500e-01,2.602859735488891602e-01,2.221369266510009766e+00,3.936473369598388672e+00,1.649357378482818604e-03,2.559191226959228516e+00,5.708120822906494141e+00,5.271096229553222656e+00,1.005926704406738281e+01,4.872501850128173828e+00,-2.749503254890441895e-01,2.784511327743530273e+00,1.003573989868164062e+01,1.274098205566406250e+01,1.033313369750976562e+01,4.177125453948974609e+00,4.239109516143798828e+00,4.989150047302246094e+00,2.857578754425048828e+00,3.541613221168518066e-01,2.950550079345703125e+00,5.341753005981445312e+00,-2.178743839263916016e+00,2.969562768936157227e+00,7.806414604187011719e+00,3.950475692749023438e+00,5.516626834869384766e+00,4.054048538208007812e+00,1.029596328735351562e-01,-1.896647095680236816e+00,2.110288619995117188e+00,6.910490989685058594e-02,-5.759921073913574219e+00,-6.215702056884765625e+00,-2.780947923660278320e+00,-2.200028896331787109e-01,2.786770105361938477e+00,5.501723289489746094e+00,7.673365592956542969e+00,5.755292892456054688e+00,8.819585800170898438e+00,8.092273712158203125e+00,9.959793090820312500e+00,6.615011215209960938e+00,7.652266979217529297e+00,3.441296100616455078e+00,3.408287525177001953e+00,5.026872634887695312e+00,6.336299180984497070e-01,1.034233093261718750e+00,4.652546405792236328e+00,3.136922836303710938e+00,1.278388977050781250e+01,1.030971908569335938e+01,8.021756172180175781e+00,1.511537742614746094e+01,1.513197422027587891e+01,9.221336364746093750e+00,4.529638290405273438e+00,4.753865242004394531e+00,4.013979911804199219e+00,8.522632598876953125e+00,8.590057373046875000e+00,1.393043041229248047e+00,4.565991401672363281e+00,1.238611984252929688e+01,1.237122344970703125e+01,9.191200256347656250e+00,4.590848922729492188e+00,4.164495468139648438e+00,9.869260787963867188e+00,1.746960067749023438e+01,1.691229248046875000e+01,1.868352890014648438e+01,1.348852062225341797e+01,1.089902687072753906e+01,9.181529045104980469e+00,7.067065715789794922e+00,4.669394016265869141e+00,-2.337221622467041016e+00,2.101468801498413086e+00,1.111098098754882812e+01,1.143079566955566406e+01,6.043794631958007812e+00,3.704135179519653320e+00,8.963441848754882812e+00,1.101604080200195312e+01,1.297586441040039062e+01,1.158724784851074219e+01,1.130119800567626953e+01,7.236387729644775391e+00,7.551510810852050781e+00,1.150637149810791016e+01,6.516712188720703125e+00,4.596963882446289062e+00,1.284978389739990234e+00,3.752818822860717773e+00,9.014955520629882812e+00,1.321456146240234375e+01,1.112880706787109375e+01,1.005314159393310547e+01,1.337135028839111328e+01,1.709881591796875000e+01,1.512604236602783203e+01,8.937970161437988281e+00,1.018966865539550781e+01,1.157250022888183594e+01,1.283912181854248047e+01,1.184770679473876953e+01,8.167577743530273438e+00,1.217557334899902344e+01,1.155558776855468750e+01,1.140770149230957031e+01,1.454359912872314453e+01,1.001529502868652344e+01,9.846016883850097656e+00,1.435588645935058594e+01,1.595297050476074219e+01,1.462788581848144531e+01,1.392344856262207031e+01,1.199097919464111328e+01,7.632031440734863281e+00,9.844538688659667969e+00,1.382994365692138672e+01,1.905474090576171875e+01,1.589962196350097656e+01,1.070349025726318359e+01,8.811515808105468750e+00,8.652101516723632812e+00,1.351175880432128906e+01,1.470841407775878906e+01,7.716513156890869141e+00,1.057797050476074219e+01,1.722156524658203125e+01,9.950176239013671875e+00,8.442873001098632812e+00,1.286832618713378906e+01,8.833768844604492188e+00,7.909743309020996094e+00,9.913787841796875000e+00,7.267704963684082031e+00,3.032215595245361328e+00,1.025513267517089844e+01,1.978084182739257812e+01,1.748814010620117188e+01,1.748794555664062500e+01,9.163284301757812500e+00,2.039325714111328125e+00,7.091114521026611328e-01,2.571935892105102539e+00,1.825542569160461426e+00,4.224615097045898438e+00,6.172065258026123047e+00,1.030980491638183594e+01,7.252903938293457031e+00,5.813752412796020508e-01,2.803285598754882812e+00,7.326517105102539062e+00,5.610724925994873047e+00,9.329166412353515625e+00,1.583219432830810547e+01,1.826847457885742188e+01,1.678897857666015625e+01,1.887943267822265625e+01,1.809120368957519531e+01,1.417844009399414062e+01,1.441244792938232422e+01,1.288840293884277344e+01,1.144329833984375000e+01,1.555413436889648438e+01,1.767863082885742188e+01,1.836781692504882812e+01,1.542892932891845703e+01,1.222944355010986328e+01,9.567946434020996094e+00,1.008928012847900391e+01,1.083911132812500000e+01,7.130688667297363281e+00,-1.325642585754394531e+00,-2.263563632965087891e+00,-4.213769733905792236e-01,-2.322178840637207031e+00,-6.132468223571777344e+00,-8.385319113731384277e-01,7.160235404968261719e+00,6.658110141754150391e+00,6.207581982016563416e-02,2.163159847259521484e-01,2.548470020294189453e+00,2.232720613479614258e+00,2.389572381973266602e+00,4.156345129013061523e-01,-2.261340618133544922e+00,-3.744845867156982422e+00,-4.769116401672363281e+00,-1.268068194389343262e+00,-1.334455013275146484e-01,-1.273835420608520508e+00,3.990589380264282227e-01,4.102454185485839844e+00,4.240003585815429688e+00,2.827860593795776367e+00,5.914511680603027344e+00,8.706599235534667969e+00,1.167439651489257812e+01,6.312705993652343750e+00,3.452775955200195312e+00,4.386047363281250000e+00,-1.926885366439819336e+00,3.167444229125976562e+00,6.906021595001220703e+00,1.192636489868164062e+01,1.250724411010742188e+01,9.861873626708984375e+00,8.043614387512207031e+00,6.389866828918457031e+00,1.121889495849609375e+01,1.184987258911132812e+01,8.773229598999023438e+00,9.200681686401367188e+00,1.371650600433349609e+01,1.501128864288330078e+01,1.136289405822753906e+01,1.133889579772949219e+01,1.117061996459960938e+01,1.100273990631103516e+01,1.050142860412597656e+01,9.366575241088867188e+00,7.653326988220214844e+00,9.929920196533203125e+00,7.072720527648925781e+00,3.244503498077392578e+00,6.734934806823730469e+00,5.032782554626464844e+00,2.075220584869384766e+00,1.778964638710021973e+00,5.154835224151611328e+00,4.166926860809326172e+00,8.494565010070800781e+00,6.810797691345214844e+00,9.464344024658203125e+00,1.064766120910644531e+01,9.882789611816406250e+00,3.388850927352905273e+00,5.096279382705688477e-01,3.517454862594604492e+00,5.138330459594726562e+00,9.795610427856445312e+00,9.613462448120117188e+00,5.569119453430175781e+00,9.964918136596679688e+00,1.042565536499023438e+01,5.277679443359375000e+00,-2.976921081542968750e+00,-5.428915500640869141e+00,4.059202194213867188e+00,8.290277481079101562e+00,1.310330200195312500e+01,1.551209259033203125e+01,1.741036033630371094e+01,1.862432861328125000e+01,1.732551002502441406e+01,1.726274490356445312e+01,1.335076522827148438e+01,9.892879486083984375e+00,9.831546783447265625e+00,1.106755733489990234e+01,8.119258880615234375e+00,5.307329654693603516e+00,1.139281463623046875e+01,5.072240829467773438e-01,-3.585557639598846436e-01,9.789878845214843750e+00,1.252789878845214844e+01,8.921314239501953125e+00,7.314267635345458984e+00,4.161238670349121094e+00,-1.493600726127624512e+00,-4.746873855590820312e+00,1.325956702232360840e+00,8.878623008728027344e+00,9.848290443420410156e+00,1.270746421813964844e+01,1.195984649658203125e+01,9.753543853759765625e+00,7.412326335906982422e+00,8.074474334716796875e+00,1.457499599456787109e+01,1.435447692871093750e+01,5.227375030517578125e+00,-2.750096321105957031e+00,3.846385002136230469e+00,7.912426471710205078e+00,5.702583312988281250e+00,8.931593298912048340e-01,2.994185447692871094e+00,2.213627338409423828e+00,5.350951194763183594e+00,2.289959669113159180e+00,1.868645429611206055e+00,4.814990997314453125e+00,5.898624897003173828e+00,-1.064325124025344849e-01,3.377798557281494141e+00,3.423011302947998047e+00,2.027228593826293945e+00,4.878328323364257812e+00,8.230604171752929688e+00,6.273045539855957031e+00,1.007923507690429688e+01,1.835570907592773438e+01,1.311277008056640625e+01,8.099155426025390625e+00,1.471888661384582520e+00,-1.371661901473999023e+00,-2.723877668380737305e+00,-5.048530101776123047e+00,-1.847265839576721191e+00,1.959412097930908203e-01,-7.328127026557922363e-01,-7.284610748291015625e+00,-6.456972122192382812e+00,-1.256879329681396484e+00,3.146452903747558594e+00,1.138253211975097656e+00,1.600155591964721680e+00,2.465231418609619141e-01,2.675877571105957031e+00,1.460348606109619141e+01,1.510293960571289062e+01,1.025915527343750000e+01,9.408614158630371094e+00,6.628712654113769531e+00,7.190488338470458984e+00,1.034037780761718750e+01,9.602058410644531250e+00,6.309295177459716797e+00,4.394776344299316406e+00,9.765196800231933594e+00,1.157574653625488281e+01,1.638344883918762207e+00,-3.481010913848876953e+00,-1.536878347396850586e+00,4.774380207061767578e+00,9.598436355590820312e+00,6.267250061035156250e+00,8.971302986145019531e+00,1.156827831268310547e+01,1.473876762390136719e+01,1.469147109985351562e+01,1.130887794494628906e+01,1.040437316894531250e+01,6.877726554870605469e+00,6.347126007080078125e+00,4.302586078643798828e+00,1.978184700012207031e+00,9.420182108879089355e-01,1.848724603652954102e+00,2.940005302429199219e+00,-1.899635195732116699e-01,-8.319125175476074219e+00,-4.973439216613769531e+00,2.233431339263916016e+00,5.026371955871582031e+00,2.544257640838623047e+00,6.258723258972167969e+00,6.633180618286132812e+00,-2.354924678802490234e+00,-2.612862110137939453e+00,1.170905113220214844e+00,-2.667783260345458984e+00,-2.150930643081665039e+00,-2.321655035018920898e+00,-7.975319623947143555e-01,5.203767776489257812e+00,8.837044715881347656e+00,1.062564659118652344e+01,1.516428661346435547e+01,1.857238769531250000e+01,1.852046203613281250e+01,1.602799606323242188e+01,1.557981967926025391e+01,1.262008094787597656e+01,7.462089538574218750e+00,5.152542591094970703e+00,6.066452026367187500e+00,4.047554016113281250e+00,3.647592782974243164e+00,6.115436077117919922e+00,5.327659606933593750e+00,-1.910069882869720459e-01,3.252041578292846680e+00,6.502696037292480469e+00,3.078878521919250488e-01,2.852697670459747314e-01,5.327567100524902344e+00,8.527908325195312500e+00,1.263242340087890625e+01,1.050909042358398438e+01,8.086603164672851562e+00,5.291827201843261719e+00,3.804685592651367188e+00,5.590526580810546875e+00,3.921800613403320312e+00,3.683499693870544434e-01,1.981501936912536621e+00,4.928033828735351562e+00,1.223352718353271484e+01,1.191719722747802734e+01,9.241602897644042969e+00,1.311270523071289062e+01,1.100575065612792969e+01,1.065070533752441406e+01,1.267648029327392578e+01,8.777431488037109375e+00,6.289336204528808594e+00,4.818540573120117188e+00,4.091071605682373047e+00,-9.956955909729003906e-04,-2.472674608230590820e+00,-1.201468658447265625e+01,-1.553677082061767578e+01,-6.364835739135742188e+00,-1.747338891029357910e+00,4.499130249023437500e+00,-3.360638022422790527e-01,-3.814314365386962891e+00,1.501801013946533203e+00,2.357058048248291016e+00,9.210916757583618164e-01,6.240058898925781250e+00,6.585421562194824219e+00,1.963024854660034180e+00,3.232026576995849609e+00,-1.507789254188537598e+00,-1.713734865188598633e+00,2.382418215274810791e-01,2.799890518188476562e+00,1.224537789821624756e-01,-2.707723379135131836e+00,-2.632360935211181641e+00,2.566510915756225586e+00,-1.200226068496704102e+00,-3.922428131103515625e+00,-4.890894412994384766e+00,-5.653733253479003906e+00,2.830596446990966797e+00,5.851792335510253906e+00,2.997761726379394531e+00,6.226330757141113281e+00,1.054714202880859375e+01,9.884691238403320312e+00,9.978860855102539062e+00,1.033249855041503906e+01,3.851083278656005859e+00,4.032022476196289062e+00,4.506320476531982422e+00,6.524295330047607422e+00,7.044728755950927734e+00,7.172923088073730469e+00,9.282585144042968750e+00,8.319438934326171875e+00,8.848731040954589844e+00,1.064455699920654297e+01,1.365393829345703125e+01,1.598282527923583984e+01,1.470614242553710938e+01,1.034398841857910156e+01,8.497961044311523438e+00,3.778571128845214844e+00,-1.245511174201965332e-01,1.408787488937377930e+00,3.245029449462890625e+00,2.146481752395629883e+00,-1.608166992664337158e-01,-1.151116847991943359e+00,-6.977736949920654297e-02,8.879001617431640625e+00,6.089468955993652344e+00,4.843659400939941406e+00,8.296833038330078125e+00,5.853369235992431641e+00,7.333017349243164062e+00,1.507876968383789062e+01,1.473076820373535156e+01,1.428238964080810547e+01,1.750466918945312500e+01,1.647945785522460938e+01,1.517628955841064453e+01,1.797832870483398438e+01,1.730552482604980469e+01,1.435419654846191406e+01,1.375597000122070312e+01,1.474193382263183594e+01,2.083460998535156250e+01,2.311466026306152344e+01,2.039723777770996094e+01,1.186277389526367188e+01,4.733377933502197266e+00,1.026324558258056641e+01,1.413386344909667969e+01,1.133591079711914062e+01,9.924844741821289062e+00,8.327800750732421875e+00,8.779861450195312500e+00,9.692282676696777344e+00,1.063445472717285156e+01,1.124528884887695312e+01,1.070401477813720703e+01,1.016600322723388672e+01,8.358411788940429688e+00,6.388674736022949219e+00,9.510280609130859375e+00,4.556697845458984375e+00,2.201268196105957031e+00,-1.179281949996948242e+00,2.750135898590087891e+00,7.575102806091308594e+00,5.852037429809570312e+00,9.472942352294921875e+00,9.409313201904296875e+00,5.265047073364257812e+00,9.341172218322753906e+00,1.019448852539062500e+01,9.255133628845214844e+00,1.874493598937988281e+00,2.806498050689697266e+00,1.543487787246704102e+00,-1.540762424468994141e+00,-6.027054309844970703e+00,-3.340213775634765625e+00,-3.131797790527343750e+00,-1.127003729343414307e-01,7.307394981384277344e+00,1.541836547851562500e+01,1.891876602172851562e+01,1.760754776000976562e+01,1.476397991180419922e+01,1.937442398071289062e+01,2.092539978027343750e+01,1.767317581176757812e+01,1.186664962768554688e+01,1.115042114257812500e+01,1.550383758544921875e+01,1.466457557678222656e+01,1.400954723358154297e+01,1.415220451354980469e+01,1.038847541809082031e+01,3.829091787338256836e+00,-2.785115242004394531e+00,4.362137794494628906e+00,1.172097301483154297e+01,1.093939876556396484e+01,8.216943740844726562e+00,5.214599609375000000e+00,8.542896270751953125e+00,7.893836975097656250e+00,9.390859603881835938e+00,8.084634780883789062e+00,9.253294944763183594e+00,8.617782592773437500e+00,1.030736732482910156e+01,1.325686168670654297e+01,1.287452030181884766e+01,1.061914920806884766e+01,6.242236137390136719e+00,6.896288394927978516e+00,8.185239791870117188e+00,1.593966388702392578e+01,1.715543365478515625e+01,1.353638267517089844e+01,9.303689956665039062e+00,1.021434402465820312e+01,9.180210113525390625e+00,8.413195610046386719e+00,8.722560882568359375e+00,8.642543792724609375e+00,7.962210655212402344e+00,1.481750106811523438e+01,1.809496688842773438e+01,1.271828365325927734e+01,1.353495502471923828e+01,1.010086154937744141e+01,7.415844440460205078e+00,1.051239967346191406e+01,1.373220062255859375e+01,1.068367767333984375e+01,1.064004325866699219e+01,1.243106079101562500e+01,1.313953590393066406e+01,1.195140933990478516e+01,1.103628730773925781e+01,5.992725372314453125e+00,6.398340702056884766e+00,5.513444423675537109e+00,-8.198018074035644531e-01,1.788043737411499023e+00,3.151618957519531250e+00,4.389267921447753906e+00,6.242804527282714844e+00,8.655258178710937500e+00,6.674839973449707031e+00,8.792760848999023438e+00,8.878555297851562500e+00,6.741133213043212891e+00,1.042050075531005859e+01,8.166749954223632812e+00,1.225996971130371094e+01,1.643774032592773438e+01,1.111371326446533203e+01,1.085490417480468750e+01,1.172894859313964844e+01,1.541761970520019531e+01,2.095655822753906250e+01,1.248789405822753906e+01,7.382417678833007812e+00,7.130536079406738281e+00,1.651309204101562500e+01,1.705615234375000000e+01,1.432098770141601562e+01,1.134034824371337891e+01,1.429861640930175781e+01,1.920376205444335938e+01,1.542589759826660156e+01,7.688429832458496094e+00,4.604963779449462891e+00,2.508696556091308594e+00,6.922555446624755859e+00,1.211473083496093750e+01,1.428201866149902344e+01,1.428221893310546875e+01,1.006684303283691406e+01,1.121142005920410156e+01,9.086483001708984375e+00,6.215639591217041016e+00,6.695527076721191406e+00,1.123308944702148438e+01,1.107284927368164062e+01,1.135054206848144531e+01,1.980324935913085938e+01,1.872200965881347656e+01,1.420124244689941406e+01,7.697072029113769531e+00,7.703515052795410156e+00,6.766230583190917969e+00,3.365876913070678711e+00,6.209839820861816406e+00,1.599232435226440430e+00,-1.422857046127319336e-01,3.001705169677734375e+00,6.119694709777832031e+00,7.971312046051025391e+00,1.146820068359375000e+01,1.336052322387695312e+01,8.556340217590332031e+00,1.378841018676757812e+01,1.129147338867187500e+01,1.071319007873535156e+01,4.439585208892822266e+00,1.215640544891357422e+01,1.854873657226562500e+01,1.212351322174072266e+01,6.870603084564208984e+00,4.142812728881835938e+00,-5.201430320739746094e+00,-1.102013874053955078e+01,-1.279073905944824219e+01,-1.167127609252929688e+01,-5.696841239929199219e+00,-1.014336585998535156e+01,-1.050927925109863281e+01,-7.057249069213867188e+00,-5.709991455078125000e+00,-1.967232465744018555e+00,-2.742830514907836914e+00,-3.595608711242675781e+00,-4.921873569488525391e+00,-2.539810895919799805e+00,9.273458123207092285e-01,6.278804779052734375e+00,1.092113876342773438e+01,1.359751987457275391e+01,1.213951110839843750e+01,8.383690834045410156e+00,1.133169841766357422e+01,1.631099319458007812e+01,2.221766662597656250e+01,2.313744354248046875e+01,2.222333908081054688e+01,1.979871749877929688e+01,1.569446659088134766e+01,1.125558662414550781e+01,8.060826301574707031e+00,5.367938995361328125e+00,9.366529464721679688e+00,1.729565811157226562e+01,2.055807876586914062e+01,1.740591049194335938e+01,2.081887817382812500e+01,2.031649017333984375e+01,1.674082374572753906e+01,1.645169830322265625e+01,1.303323173522949219e+01,1.344449901580810547e+01,1.170994949340820312e+01,8.444864273071289062e+00,1.309789466857910156e+01,1.206313133239746094e+01,7.122034072875976562e+00,-2.168466091156005859e+00,2.659868001937866211e-01,4.284211158752441406e+00,7.097561359405517578e+00,8.365764617919921875e+00,7.332880020141601562e+00,1.023946285247802734e+01,6.840933322906494141e+00,-3.035980939865112305e+00,2.289711475372314453e+00,7.442378997802734375e+00,2.430879831314086914e+00,-1.863834619522094727e+00,-1.310804748535156250e+01,-1.149474906921386719e+01,-6.429246902465820312e+00,-1.291264772415161133e+00,-4.151199340820312500e+00,-4.025285720825195312e+00,-3.484207987785339355e-01,5.481737136840820312e+00,8.053853988647460938e+00,7.951399803161621094e+00,8.340307235717773438e+00,1.249939823150634766e+01,1.798557281494140625e+01,2.040130424499511719e+01,1.108301353454589844e+01,9.878282546997070312e+00,9.023591041564941406e+00,2.277294635772705078e+00,-4.224009513854980469e+00,-2.902296304702758789e+00,-8.411710262298583984e-01,3.995767116546630859e+00,4.326632976531982422e+00,6.192090034484863281e+00,5.425257682800292969e+00,8.167269706726074219e+00,8.665143966674804688e+00,1.563721847534179688e+01,1.582973861694335938e+01,2.026132774353027344e+01,1.775784301757812500e+01,7.700484275817871094e+00,9.632822275161743164e-01,2.915205359458923340e-01,1.831367135047912598e+00,1.259250998497009277e+00,-6.419281959533691406e+00,-5.646515369415283203e+00,9.270881414413452148e-01,5.971740722656250000e+00,2.558363437652587891e+00,3.010051250457763672e+00,5.227492332458496094e+00,7.537336349487304688e+00,4.698100566864013672e+00,4.590896129608154297e+00,1.052437400817871094e+01,8.387138366699218750e+00,4.530775070190429688e+00,5.816872596740722656e+00,1.428523540496826172e+00,6.290496826171875000e+00,7.124140739440917969e+00,6.408797264099121094e+00,7.719239234924316406e+00,9.325201034545898438e+00,8.556169509887695312e+00,7.657588005065917969e+00,9.245267868041992188e+00,9.385765075683593750e+00,8.403615951538085938e+00,7.246981620788574219e+00,6.791772842407226562e+00,7.640111923217773438e+00,1.289265155792236328e+01,1.553980827331542969e+01,1.661636352539062500e+01,1.637548255920410156e+01,8.841697692871093750e+00,2.183881044387817383e+00,6.104186058044433594e+00,7.064769744873046875e+00,8.133937835693359375e+00,4.678490161895751953e+00,-1.463017463684082031e+00,-9.024755954742431641e-01,1.349947690963745117e+00,1.281558394432067871e+00,4.454764723777770996e-01,-5.226552009582519531e+00,-6.698018550872802734e+00,-5.982972145080566406e+00,-8.086328506469726562e+00,-6.332539558410644531e+00,-1.386067867279052734e-01,5.339981079101562500e+00,9.474977493286132812e+00,1.130110740661621094e+01,8.204689979553222656e+00,6.153150081634521484e+00,6.233855247497558594e+00,-5.328955650329589844e+00,-1.425225067138671875e+01,-4.620149612426757812e+00,-1.658723115921020508e+00,7.176311016082763672e-01,-4.394769191741943359e+00,-3.026328802108764648e+00,9.967058897018432617e-01,6.390822410583496094e+00,8.052755355834960938e+00,3.271380186080932617e+00,9.085854530334472656e+00,1.317487907409667969e+01,9.337243080139160156e+00,7.475093841552734375e+00,5.249042510986328125e+00,7.876149177551269531e+00,7.670765876770019531e+00,-6.921148300170898438e-01,2.077727794647216797e+00,2.140473604202270508e+00,1.201935529708862305e+00,-2.788727760314941406e+00,1.027730107307434082e-01,-4.145956039428710938e+00,-3.601975917816162109e+00,3.321291923522949219e+00,1.098731803894042969e+01,1.423165512084960938e+01,1.334123611450195312e+01,1.131388950347900391e+01,1.510696792602539062e+01,1.948594856262207031e+01,1.077316665649414062e+01,5.738175392150878906e+00,3.543346405029296875e+00,-4.164080142974853516e+00,-5.560054779052734375e+00,-7.301055431365966797e+00,-5.770995140075683594e+00,-1.262176132202148438e+01,-7.125726699829101562e+00,-2.502137899398803711e+00,-3.813697338104248047e+00,-4.458277821540832520e-01,7.114351272583007812e+00,7.278975486755371094e+00,4.437777519226074219e+00,2.573481082916259766e+00,4.222726345062255859e+00,7.504635810852050781e+00,7.897402763366699219e+00,6.344651699066162109e+00,5.236021995544433594e+00,1.062776756286621094e+01,9.397220611572265625e+00,8.673998832702636719e+00,8.710012435913085938e+00,9.352229118347167969e+00,4.407578468322753906e+00,3.179398536682128906e+00,8.608850479125976562e+00,9.167206764221191406e+00,5.711327552795410156e+00,5.736672878265380859e+00,7.925549507141113281e+00,1.199284934997558594e+01,9.346691131591796875e+00,7.571107864379882812e+00,1.102711582183837891e+01,1.075549793243408203e+01,1.247019290924072266e+01,6.392740249633789062e+00,4.950394630432128906e+00,1.017135810852050781e+01,7.484561920166015625e+00,1.169361686706542969e+01,1.223917007446289062e+01,1.198884582519531250e+01,8.513241767883300781e+00,-3.856016397476196289e-01,1.388389766216278076e-01,6.871572494506835938e+00,-7.542008399963378906e+00,-7.064861297607421875e+00,-2.491547107696533203e+00,3.226983785629272461e+00,3.579524517059326172e+00,7.571174144744873047e+00,7.924194335937500000e+00,8.434592247009277344e+00,9.603559494018554688e+00,7.351336479187011719e+00,5.719397544860839844e+00,6.082606315612792969e+00,8.335502624511718750e+00,7.550472259521484375e+00,4.036304473876953125e+00,6.896991729736328125e+00,7.297760009765625000e+00,1.164371204376220703e+01,1.390844154357910156e+01,1.366270828247070312e+01,1.187913894653320312e+01,1.270808029174804688e+01,1.130797576904296875e+01,1.078840923309326172e+01,1.255185127258300781e+01,1.401875305175781250e+01,1.849024200439453125e+01,2.396994400024414062e+01,2.180035018920898438e+01,2.102290534973144531e+01,2.120689201354980469e+01,2.125961112976074219e+01,2.052409362792968750e+01,2.326136970520019531e+01,1.813814163208007812e+01,1.575305461883544922e+01,1.356126689910888672e+01,1.404130554199218750e+01,1.641959381103515625e+01,1.573124313354492188e+01,1.099306201934814453e+01,7.748291969299316406e+00,1.210030364990234375e+01,1.105875110626220703e+01,5.606894016265869141e+00,5.423702716827392578e+00,7.340871334075927734e+00,7.862846374511718750e+00,8.819710731506347656e+00,1.056414890289306641e+01,5.391293048858642578e+00,8.375358581542968750e+00,7.972205162048339844e+00,8.716571807861328125e+00,1.219538497924804688e+01,1.312116050720214844e+01,1.100917530059814453e+01,9.821573257446289062e+00,1.037743186950683594e+01,8.268180847167968750e+00,7.389911651611328125e+00,9.757293701171875000e+00,9.504091262817382812e+00,8.086913108825683594e+00,7.463871955871582031e+00,2.135371208190917969e+00,-4.869272232055664062e+00,-5.131463050842285156e+00,-4.458919525146484375e+00,-9.188809394836425781e-01,3.285642623901367188e+00,1.585713386535644531e+00,4.922153472900390625e+00,6.580624103546142578e+00,7.863865852355957031e+00,2.028958797454833984e+00,1.582658290863037109e-01,4.549004077911376953e+00,-3.821446895599365234e-01,-6.329953670501708984e-03,6.758052825927734375e+00,1.091106510162353516e+01,4.835179328918457031e+00,2.934060096740722656e+00,9.013577699661254883e-01,-6.246134281158447266e+00,-8.087498664855957031e+00,-1.325863361358642578e+00,4.446653842926025391e+00,8.475309371948242188e+00,8.660979270935058594e+00,1.020957374572753906e+01,3.825916528701782227e+00,4.012476444244384766e+00,5.280115604400634766e+00,7.508906841278076172e+00,8.827589035034179688e+00,1.347408771514892578e+01,1.538141441345214844e+01,1.312029170989990234e+01,1.099700355529785156e+01,5.229129314422607422e+00,4.923902511596679688e+00,5.370366096496582031e+00,3.329239606857299805e+00,6.502023696899414062e+00,6.350769996643066406e+00,9.701776504516601562e+00,9.292963981628417969e+00,1.328605365753173828e+01,1.907305145263671875e+01,2.221578598022460938e+01,2.418901443481445312e+01,2.201064872741699219e+01,1.567072200775146484e+01,5.532115459442138672e+00,3.079375743865966797e+00,3.803803682327270508e+00,1.225598716735839844e+01,1.160891914367675781e+01,1.154541587829589844e+01,1.397809600830078125e+01,1.106362724304199219e+01,1.401723480224609375e+01,2.140598297119140625e+01,2.137473487854003906e+01,2.115874099731445312e+01,1.924497604370117188e+01,1.156784629821777344e+01,8.558738708496093750e+00,1.381027221679687500e+01,9.666885375976562500e+00,3.876089811325073242e+00,2.585998773574829102e+00,4.569036006927490234e+00,4.875041484832763672e+00,7.202702999114990234e+00,8.540831565856933594e+00,9.547387123107910156e+00,9.472661972045898438e+00,5.600142478942871094e+00,-5.615887165069580078e+00,-1.069521427154541016e+01,-1.054337882995605469e+01,-1.159736037254333496e+00,1.233673214912414551e+00,-2.763436138629913330e-01,1.484126567840576172e+00,5.454888343811035156e+00,4.774965763092041016e+00,3.701188564300537109e+00,4.245857238769531250e+00,4.829481124877929688e+00,2.581163942813873291e-01,7.735524177551269531e-01,1.338118195533752441e+00,1.148759007453918457e+00,2.302858352661132812e+00,1.127642989158630371e-01,-5.936284065246582031e-01,3.438225030899047852e+00,1.132333755493164062e+01,1.155166435241699219e+01,4.725427627563476562e+00,1.570500373840332031e+00,2.638870716094970703e+00,-8.077186346054077148e-01,-2.596962928771972656e+00,2.849810123443603516e+00,5.893319606781005859e+00,5.260670661926269531e+00,8.095825195312500000e+00,1.331838226318359375e+01,1.682822227478027344e+01,1.986338615417480469e+01,2.054892730712890625e+01,1.557846450805664062e+01,8.428654670715332031e+00,3.672616481781005859e-01,-1.699496507644653320e-01,1.579980015754699707e+00,7.699562311172485352e-01,4.564840316772460938e+00,4.213853836059570312e+00,2.239405632019042969e+00,9.488179206848144531e+00,1.801320648193359375e+01,1.778160285949707031e+01,1.128302955627441406e+01,3.196784019470214844e+00,5.989742279052734375e+00,1.058919048309326172e+01,8.978702545166015625e+00,5.576098918914794922e+00,6.466232776641845703e+00,1.613466453552246094e+01,1.847188186645507812e+01,1.910644149780273438e+01,1.040461540222167969e+01,2.509404420852661133e+00,1.684310674667358398e+00,-1.977164149284362793e+00,-8.748948097229003906e+00,-7.622267723083496094e+00,-4.276893615722656250e+00,1.113597869873046875e+00,6.134320259094238281e+00,9.112763404846191406e+00,7.704376220703125000e+00,6.333000183105468750e+00,6.443174839019775391e+00,7.384993076324462891e+00,3.219083309173583984e+00,2.503235340118408203e-01,1.031829595565795898e+00,1.769044876098632812e+00,1.123404502868652344e+00,2.532239437103271484e+00,5.106966495513916016e+00,4.328596591949462891e+00,5.066330909729003906e+00,2.303137063980102539e+00,1.963345766067504883e+00,8.924364089965820312e+00,8.693138122558593750e+00,6.876798152923583984e+00,5.950056076049804688e+00,5.854942321777343750e+00,9.964800834655761719e+00,1.164629840850830078e+01,1.219977378845214844e+01,1.244960021972656250e+01,1.181434345245361328e+01,1.058473968505859375e+01,8.881328582763671875e+00,1.119556331634521484e+01,1.199146080017089844e+01,7.711344718933105469e+00,6.160214900970458984e+00,8.230578422546386719e+00,1.120710659027099609e+01,8.319920539855957031e+00,1.036356353759765625e+01,1.048577785491943359e+01,7.602782249450683594e+00,2.192084550857543945e+00,3.231518507003784180e+00,9.709466934204101562e+00,1.221067428588867188e+01,9.277090072631835938e+00,5.355825424194335938e+00,6.604849815368652344e+00,9.015024185180664062e+00,5.136458873748779297e+00,2.613161087036132812e+00,6.879958629608154297e+00,6.640025615692138672e+00,1.123624038696289062e+01,1.387289810180664062e+01,1.042553806304931641e+01,9.595157623291015625e+00,7.185664176940917969e+00,6.864936351776123047e+00,5.150811672210693359e+00,1.173365211486816406e+01,9.499453544616699219e+00,1.026956558227539062e+01,6.490738391876220703e+00,5.565655708312988281e+00,1.197661399841308594e+01,1.096498489379882812e+01,6.402724266052246094e+00,8.130133628845214844e+00,2.035868644714355469e+00,-7.021238327026367188e+00,-1.358001899719238281e+01,-1.347583866119384766e+01,-7.771538257598876953e+00,-8.824104309082031250e+00,-1.583410072326660156e+01,-2.005119323730468750e+01,-1.929317474365234375e+01,-1.829376983642578125e+01,-1.480659484863281250e+01,-7.231256008148193359e+00,-3.612423419952392578e+00,1.728493571281433105e+00,4.763744771480560303e-01,5.678211212158203125e+00,1.079719734191894531e+01,1.664803504943847656e+01,1.503100013732910156e+01,9.707010269165039062e+00,8.855268478393554688e+00,1.447939300537109375e+01,8.105685234069824219e+00,1.183383178710937500e+01,1.788021087646484375e+01,1.929730606079101562e+01,1.575545501708984375e+01,1.379355335235595703e+01,9.286521911621093750e+00,8.206729888916015625e-01,2.562268733978271484e+00,4.266276359558105469e+00,4.200617790222167969e+00,5.298422813415527344e+00,5.800652503967285156e+00,7.323269367218017578e+00,6.567523002624511719e+00,5.859291076660156250e+00,7.241796493530273438e+00,-1.284637212753295898e+00,-5.061564445495605469e-01,9.268946647644042969e+00,1.789830017089843750e+01,1.531471538543701172e+01,1.545407867431640625e+01,5.205533027648925781e+00,3.961956024169921875e+00,5.256976127624511719e+00,3.359315872192382812e+00,-5.263650417327880859e-02,7.037987232208251953e+00,1.807110071182250977e+00,-2.835078716278076172e+00,1.889283299446105957e+00,6.905941963195800781e+00,1.262669372558593750e+01,7.546407222747802734e+00,6.986987113952636719e+00,1.089784431457519531e+01,8.695202827453613281e+00,4.077315330505371094e+00,5.146433353424072266e+00,1.161772346496582031e+01,1.576056861877441406e+01,1.223972702026367188e+01,8.473306655883789062e+00,1.375366592407226562e+01,1.374890136718750000e+01,9.853359222412109375e+00,7.503657341003417969e+00,8.559410095214843750e+00,4.519777774810791016e+00,6.985922336578369141e+00,8.272356033325195312e+00,1.203997611999511719e+01,1.658060455322265625e+01,1.676133728027343750e+01,1.185250854492187500e+01,9.025972366333007812e+00,9.361606597900390625e+00,1.009980583190917969e+01,1.368323135375976562e+01,1.369874000549316406e+01,1.548688888549804688e+01,1.199462318420410156e+01,9.731538772583007812e+00,1.325636482238769531e+01,1.013765716552734375e+01,6.190271377563476562e+00,5.758935213088989258e-02,-9.182709455490112305e-02,1.027932167053222656e+01,1.630868339538574219e+01,1.868491363525390625e+01,2.024314880371093750e+01,1.946549034118652344e+01,1.041602706909179688e+01,6.464859008789062500e+00,3.453273534774780273e+00,1.098305130004882812e+01,9.381238937377929688e+00,2.955152511596679688e+00,3.816650390625000000e+00,6.028752803802490234e+00,-1.780552625656127930e+00,-4.175722599029541016e-01,2.277242898941040039e+00,9.239149093627929688e-02,5.215217590332031250e+00,1.188292503356933594e+01,1.010029125213623047e+01,6.410912036895751953e+00,1.326317787170410156e+01,2.121224212646484375e+01,2.540325355529785156e+01,2.352245140075683594e+01,2.013957405090332031e+01,2.072969436645507812e+01,1.797471427917480469e+01,1.597523880004882812e+01,1.834751319885253906e+01,1.719707489013671875e+01,8.790752410888671875e+00,1.510550880432128906e+01,1.395654582977294922e+01,5.336367607116699219e+00,8.605947494506835938e+00,1.297515296936035156e+01,1.527142429351806641e+01,1.331510353088378906e+01,7.694643974304199219e+00,1.002060794830322266e+01,1.726902389526367188e+01,2.100310134887695312e+01,2.463813972473144531e+01,2.711770248413085938e+01,2.349534606933593750e+01,2.175989532470703125e+01,1.777260208129882812e+01,1.123879337310791016e+01,1.508483886718750000e+01,1.608263778686523438e+01,1.241720962524414062e+01,8.335802078247070312e+00,1.217277336120605469e+01,1.370919895172119141e+01,1.165438747406005859e+01,1.014599609375000000e+01,1.055327606201171875e+01,5.241578102111816406e+00,8.976968765258789062e+00,1.361621284484863281e+01,1.209765052795410156e+01,1.047688102722167969e+01,9.721145629882812500e+00,7.502423286437988281e+00,6.759729385375976562e+00,9.829211235046386719e+00,1.479305076599121094e+01,1.222305679321289062e+01,1.231552696228027344e+01,1.169840812683105469e+01,7.557859420776367188e+00,7.418657302856445312e+00,8.800658226013183594e+00,6.145562171936035156e+00,7.008658409118652344e+00,1.237368583679199219e+01,1.602909660339355469e+01,1.826272964477539062e+01,1.298868942260742188e+01,9.451919555664062500e+00,9.375389099121093750e+00,6.912821769714355469e+00,4.463056564331054688e+00,7.968834400177001953e+00,1.144389533996582031e+01,1.808239364624023438e+01,1.832934951782226562e+01,1.528138351440429688e+01,1.269856262207031250e+01,1.333676338195800781e+01,1.659751510620117188e+01,1.631939315795898438e+01,1.369768333435058594e+01,1.577075767517089844e+01,1.489960765838623047e+01,1.908132171630859375e+01,2.041038894653320312e+01,1.815504264831542969e+01,8.849033355712890625e+00,8.608824610710144043e-01,-1.338186502456665039e+00,2.696756124496459961e+00,8.513347625732421875e+00,1.112477970123291016e+01,2.694482326507568359e+00,9.093771576881408691e-01,1.220975756645202637e+00,3.818525314331054688e+00,7.571549415588378906e+00,5.843090057373046875e+00,3.408512592315673828e+00,4.330758094787597656e+00,6.296516895294189453e+00,1.195557403564453125e+01,1.218425369262695312e+01,7.815641403198242188e+00,1.298621082305908203e+01,1.819148635864257812e+01,1.727160453796386719e+01,9.956429481506347656e+00,1.391092109680175781e+01,1.265564155578613281e+01,9.133207321166992188e+00,1.468060874938964844e+01,1.972454261779785156e+01,1.636973190307617188e+01,1.100286769866943359e+01,6.365956783294677734e+00,5.653562545776367188e+00,2.922889232635498047e+00,1.944279193878173828e+00,4.058636665344238281e+00,1.115076828002929688e+01,1.782329559326171875e+01,2.245748138427734375e+01,1.624360275268554688e+01,9.815168380737304688e+00,9.225469589233398438e+00,4.059750080108642578e+00,5.050715923309326172e+00,1.062709045410156250e+01,1.337813758850097656e+01,1.154851722717285156e+01,1.493261146545410156e+01,1.906835937500000000e+01,1.612026977539062500e+01,2.044873046875000000e+01,2.170259094238281250e+01,1.499657917022705078e+01,4.207477092742919922e+00,8.311294555664062500e+00,1.275770187377929688e+01,1.755206680297851562e+01,1.908898544311523438e+01,1.143509864807128906e+01,8.348340988159179688e+00,3.272592782974243164e+00,-1.418966054916381836e-01,6.158587932586669922e+00,1.543161582946777344e+01,2.315923500061035156e+01,1.617770957946777344e+01,1.187824630737304688e+01,8.648700714111328125e+00,1.071606636047363281e+01,7.287359237670898438e+00,1.065892934799194336e+00,-2.466468334197998047e+00,5.414104461669921875e+00,1.133339214324951172e+01,1.055922698974609375e+01,2.709331512451171875e+00,1.147272586822509766e+00,1.440455555915832520e+00,7.905877113342285156e+00,6.178676605224609375e+00,4.797792732715606689e-01,-1.902461767196655273e+00,-7.224765777587890625e+00,-6.825198173522949219e+00,-6.598113059997558594e+00,-8.371709823608398438e+00,-2.035683155059814453e+00,8.740875244140625000e+00,1.464512109756469727e+00,-7.682971000671386719e+00,-8.738350868225097656e+00,-1.218723297119140625e+01,-7.226031303405761719e+00,-9.653465270996093750e+00,-1.482753276824951172e+01,-1.661619567871093750e+01,-1.765011596679687500e+01,-2.097447967529296875e+01,-2.413026428222656250e+01,-2.068469238281250000e+01,-1.851394081115722656e+01,-1.256397533416748047e+01,-8.722680091857910156e+00,-6.328769207000732422e+00,-4.608189582824707031e+00,-1.355165004730224609e+00,-3.458464860916137695e+00,-1.700182676315307617e+00,3.114604473114013672e+00,6.801320075988769531e+00,1.194557380676269531e+01,1.518660545349121094e+01,1.562440490722656250e+01,1.741156387329101562e+01,1.247601413726806641e+01,1.573793888092041016e+01,1.954220962524414062e+01,1.535586452484130859e+01,1.306884860992431641e+01,1.530467319488525391e+01,1.649960327148437500e+01,1.063530826568603516e+01,1.033838939666748047e+01,8.565842628479003906e+00,1.148416519165039062e+01,1.084220600128173828e+01,5.516908645629882812e+00,7.117921352386474609e+00,7.301619052886962891e+00,9.924751281738281250e+00,7.699647903442382812e+00,8.301945686340332031e+00,1.495879745483398438e+01,1.704975128173828125e+01,1.577687263488769531e+01,1.199204540252685547e+01,9.028520584106445312e+00,8.834735870361328125e+00,9.565700531005859375e+00,8.391525268554687500e+00,9.785474777221679688e+00,1.229219627380371094e+01,1.649524116516113281e+01,1.405126857757568359e+01,6.936700820922851562e+00,7.131854057312011719e+00,1.251667213439941406e+01,1.243174171447753906e+01,7.775771141052246094e+00,-3.397063493728637695e+00,-5.929119586944580078e+00,-1.358724355697631836e+00,-2.054504394531250000e+00,-2.890965700149536133e+00,-2.218174695968627930e+00,-1.238899111747741699e+00,-1.559816598892211914e-01,3.028534054756164551e-01,-9.990642547607421875e+00,-5.645713806152343750e+00,-4.429425597190856934e-01,-1.118474841117858887e+00,-1.089746713638305664e+00,-2.303906202316284180e+00,1.214690446853637695e+00,-5.222059488296508789e-01,3.525655269622802734e+00,3.769209861755371094e+00,4.340280532836914062e+00,4.682649612426757812e+00,9.884788513183593750e+00,1.103859138488769531e+01,1.411206245422363281e+01,1.659181785583496094e+01,1.668201065063476562e+01,1.725044631958007812e+01,1.702289772033691406e+01,2.100769233703613281e+01,2.276861572265625000e+01,2.000461959838867188e+01,1.654865837097167969e+01,1.390977668762207031e+01,1.776156997680664062e+01,1.673586273193359375e+01,1.392600250244140625e+01,1.297423934936523438e+01,1.317980384826660156e+01,9.558176040649414062e+00,1.088285732269287109e+01,1.383018493652343750e+01,1.102693176269531250e+01,9.850320816040039062e+00,1.312592792510986328e+01,1.037537002563476562e+01,9.381986618041992188e+00,5.453728675842285156e+00,-1.544569492340087891e+00,-6.821011543273925781e+00,-6.264976024627685547e+00,3.910567760467529297e+00,4.074456691741943359e+00,2.855371952056884766e+00,-7.703372240066528320e-01,-7.391665875911712646e-02,7.626702308654785156e+00,1.575423145294189453e+01,1.950958251953125000e+01,1.874645233154296875e+01,1.415801906585693359e+01,8.829739570617675781e+00,1.042920207977294922e+01,1.033121490478515625e+01,8.428699493408203125e+00,9.553521156311035156e+00,6.782136440277099609e+00,6.036627769470214844e+00,3.734952926635742188e+00,3.404015302658081055e+00,4.945219993591308594e+00,6.982126712799072266e+00,1.113158035278320312e+01,9.739850044250488281e+00,1.043085861206054688e+01,1.393521118164062500e+01,1.726001358032226562e+01,1.694949150085449219e+01,1.556387424468994141e+01,1.376841735839843750e+01,1.377017021179199219e+01,1.645239639282226562e+01,1.968775177001953125e+01,1.574694633483886719e+01,1.364430999755859375e+01,1.100719451904296875e+01,8.395942687988281250e+00,6.293859004974365234e+00,9.223003387451171875e+00,1.337109375000000000e+01,1.587850761413574219e+01,1.607147216796875000e+01,1.101065635681152344e+01,5.663361549377441406e+00,4.026309013366699219e+00,1.352951240539550781e+01,1.310316467285156250e+01,1.246938610076904297e+01,1.307597732543945312e+01,1.352554702758789062e+01,1.259818553924560547e+01,1.320049285888671875e+01,1.515656089782714844e+01,1.958571434020996094e+01,1.745165443420410156e+01,5.675355434417724609e+00,7.998691082000732422e+00,7.736944675445556641e+00,4.983906745910644531e+00,6.896515846252441406e+00,2.660388231277465820e+00,1.794754743576049805e+00,4.815316200256347656e+00,5.205478668212890625e+00,2.238352537155151367e+00,1.681557655334472656e+00,1.608464479446411133e+00,3.704161167144775391e+00,1.819993853569030762e+00,-2.942559242248535156e+00,-1.426201701164245605e+00,5.671633481979370117e-01,-4.957400321960449219e+00,-6.782522201538085938e+00,-3.322740793228149414e+00,5.278524160385131836e-01,-1.496308684349060059e+00,6.699836254119873047e-02,-2.067379951477050781e-01,2.097601652145385742e+00,-3.081215381622314453e+00,-9.382930755615234375e+00,-8.890219688415527344e+00,-1.161898517608642578e+01,-1.202508544921875000e+01,-6.112632751464843750e+00,-2.647986650466918945e+00,-2.228648662567138672e+00,8.238452911376953125e+00,1.719414520263671875e+01,1.095098114013671875e+01,3.473911523818969727e+00,1.167550802230834961e+00,4.441731452941894531e+00,1.133909988403320312e+01,1.091939544677734375e+01,9.485384941101074219e+00,5.870080471038818359e+00,-1.467500925064086914e-01,-8.122936248779296875e+00,-1.066393089294433594e+01,-7.885536670684814453e+00,-5.696534156799316406e+00,-2.362799882888793945e+00,2.509538650512695312e+00,4.511426925659179688e+00,4.149373054504394531e+00,2.538991689682006836e+00,4.314517974853515625e-02,1.306667327880859375e+00,1.595221281051635742e+00,7.966017723083496094e+00,1.205544948577880859e+01,4.269190311431884766e+00,1.241368198394775391e+01,1.654208755493164062e+01,1.040310096740722656e+01,1.066081523895263672e+01,1.045547962188720703e+01,6.785799980163574219e+00,1.099316310882568359e+01,-2.054867744445800781e+00,-6.818131923675537109e+00,-3.884542465209960938e+00,-3.813163757324218750e+00,-5.704148292541503906e+00,-2.860047101974487305e+00,-1.483152151107788086e+00,-3.952006340026855469e+00,4.951900482177734375e+00,7.763278961181640625e+00,5.434804439544677734e+00,4.056608200073242188e+00,1.907624483108520508e+00,4.272298812866210938e+00,2.369090318679809570e+00,-1.468057632446289062e+00,4.007770538330078125e+00,5.799748420715332031e+00,2.044005393981933594e+00,-6.090935707092285156e+00,-4.227798938751220703e+00,4.620776653289794922e+00,8.652080535888671875e+00,3.620529890060424805e+00,1.952052712440490723e+00,1.232686519622802734e+00,1.106759452819824219e+01,1.443343353271484375e+01,1.222294998168945312e+01,3.263222217559814453e+00,2.880043506622314453e+00,6.181044101715087891e+00,8.848225593566894531e+00,7.039599418640136719e+00,7.926327705383300781e+00,9.924226760864257812e+00,1.250865173339843750e+01,7.866547584533691406e+00,7.629740715026855469e+00,1.173285675048828125e+01,9.325027465820312500e+00,6.890747070312500000e+00,-1.091268301010131836e+00,4.026472091674804688e+00,9.823873519897460938e+00,9.387935638427734375e+00,1.071088504791259766e+01,1.685952758789062500e+01,1.412520503997802734e+01,1.292129516601562500e+01,1.182228469848632812e+01,1.431309890747070312e+01,1.389159584045410156e+01,1.273303794860839844e+01,1.274336624145507812e+01,1.073414993286132812e+01,1.252298927307128906e+01,2.190803909301757812e+01,2.088983917236328125e+01,2.061845016479492188e+01,2.069028091430664062e+01,2.011334228515625000e+01,1.679605865478515625e+01,9.529714584350585938e+00,1.285635185241699219e+01,1.693777465820312500e+01,1.647594261169433594e+01,1.321119117736816406e+01,9.157836914062500000e+00,4.915748596191406250e+00,8.153592109680175781e+00,1.383550071716308594e+01,1.664698410034179688e+01,1.491672706604003906e+01,1.588367080688476562e+01,1.575753211975097656e+01,1.082054519653320312e+01,6.573199748992919922e+00,7.016599655151367188e+00,9.515665054321289062e+00,5.905283927917480469e+00,8.896951675415039062e+00,1.018005275726318359e+01,1.100761127471923828e+01,9.737792968750000000e+00,3.634689807891845703e+00,5.702646255493164062e+00,1.210057640075683594e+01,1.093768405914306641e+01,7.665903091430664062e+00,1.132418632507324219e+01,1.358630371093750000e+01,7.805863380432128906e+00,4.489938259124755859e+00,8.480802536010742188e+00,8.494119644165039062e+00,9.984794616699218750e+00,1.045563030242919922e+01,1.153239345550537109e+01,8.768651008605957031e+00,9.109418869018554688e+00,1.172021102905273438e+01,1.208475494384765625e+01,1.073017311096191406e+01,7.275089263916015625e+00,9.257171630859375000e+00,6.378777503967285156e+00,7.086018562316894531e+00,1.341389751434326172e+01,1.352839183807373047e+01,1.245044136047363281e+01,8.856418609619140625e+00,1.076501083374023438e+01,9.856752395629882812e+00,8.892623901367187500e+00,8.789375305175781250e+00,1.292490577697753906e+01,9.529371261596679688e+00,8.155756950378417969e+00,9.535106658935546875e+00,9.310523986816406250e+00,1.070866870880126953e+01,7.829123497009277344e+00,3.249375820159912109e+00,4.088151931762695312e+00,-6.195399165153503418e-02,-1.055575942993164062e+01,-4.878379821777343750e+00,-1.099297285079956055e+00,-4.809815883636474609e+00,-3.464375734329223633e+00,1.075757265090942383e+00,5.661548376083374023e-01,3.926388740539550781e+00,2.300364971160888672e+00,4.396788597106933594e+00,1.211624145507812500e+01,8.353303909301757812e+00,2.560331106185913086e+00,-1.858289122581481934e+00,1.504045724868774414e-02,3.483829975128173828e+00,2.996852397918701172e+00,-5.894110798835754395e-01,-2.354656934738159180e+00,-2.109777450561523438e+00,-9.840320587158203125e+00,-1.644998931884765625e+01,-1.277723121643066406e+01,-8.736474990844726562e+00,-1.202630043029785156e+01,-1.373360347747802734e+01,-1.329467773437500000e+01,-1.277849388122558594e+01,-6.236114025115966797e+00,-8.856451988220214844e+00,-5.850190639495849609e+00,1.048996734619140625e+01,1.274361419677734375e+01,1.337890243530273438e+01,5.455795288085937500e+00,1.060642480850219727e+00,-2.064997673034667969e+00,-5.830767154693603516e+00,-2.517781734466552734e+00,3.886518478393554688e+00,2.638264417648315430e+00,1.450664401054382324e+00,1.475308686494827271e-01,-3.093609333038330078e+00,6.021604537963867188e-01,4.196895122528076172e+00,6.548418521881103516e+00,2.306721210479736328e+00,4.838447570800781250e-01,-5.325833320617675781e+00,-9.892417907714843750e+00,-1.102432632446289062e+01,-9.023217201232910156e+00,-8.689369201660156250e+00,-1.050768661499023438e+01,-8.877084732055664062e+00,-6.623465538024902344e+00,-4.377365112304687500e+00,-4.255008697509765625e+00,-2.809082031250000000e+00,-3.740521430969238281e+00,-1.508104920387268066e+00,1.505600214004516602e+00,5.667097091674804688e+00,1.542761325836181641e+01,1.386088752746582031e+01,1.592917251586914062e+01,1.526835155487060547e+01,8.065807342529296875e+00,6.909329414367675781e+00,3.213342189788818359e+00,1.614469528198242188e+00,3.299613714218139648e+00,2.067938327789306641e+00,4.129834651947021484e+00,-3.559977769851684570e+00,-9.387988090515136719e+00,-1.313578605651855469e+01,-1.779277420043945312e+01,-1.568177223205566406e+01,-9.429531097412109375e+00,-7.695686340332031250e+00,-4.330021381378173828e+00,9.792865514755249023e-01,-5.614909172058105469e+00,-5.576246738433837891e+00,5.418027639389038086e-01,1.108948469161987305e+00,7.837646007537841797e-01,-1.472619414329528809e+00,1.820226907730102539e-01,5.710060596466064453e-01,8.681451797485351562e+00,8.205380439758300781e+00,3.295989274978637695e+00,8.137683868408203125e+00,7.321504116058349609e+00,8.180133819580078125e+00,3.007915019989013672e+00,9.705095291137695312e+00,1.165339660644531250e+01,3.423615932464599609e+00,4.112913131713867188e+00,7.045498371124267578e+00,6.518814563751220703e+00,8.118651509284973145e-01,1.680464148521423340e+00,6.855411529541015625e+00,6.134692192077636719e+00,8.833329200744628906e+00,8.318008422851562500e+00,2.982110381126403809e-01,7.796072006225585938e+00,9.702462196350097656e+00,2.398360013961791992e+00,5.469841003417968750e+00,1.227260494232177734e+01,9.540454864501953125e+00,6.376127243041992188e+00,4.796270847320556641e+00,7.526053428649902344e+00,7.966876029968261719e+00,3.927875518798828125e+00,1.054466843605041504e+00,4.472327709197998047e+00,9.169532775878906250e+00,9.880187988281250000e+00,6.631012916564941406e+00,8.713008880615234375e+00,7.899123191833496094e+00,3.148407697677612305e+00,3.073815703392028809e-01,-2.717390060424804688e-01,5.020179271697998047e+00,7.645769119262695312e+00,9.662340164184570312e+00,1.345015716552734375e+01,1.130511856079101562e+01,5.272848129272460938e+00,1.959051704406738281e+01,1.861048126220703125e+01,1.932275581359863281e+01,1.197535133361816406e+01,5.784104824066162109e+00,7.219951629638671875e+00,1.189154434204101562e+01,1.003414535522460938e+01,7.098628997802734375e+00,-5.486449003219604492e-01,4.426494836807250977e-01,1.303619003295898438e+01,1.871997833251953125e+01,1.367226028442382812e+01,9.277057647705078125e+00,6.224924325942993164e-01,-2.823776245117187500e+00,-5.249205589294433594e+00,1.187016963958740234e+00,5.381601333618164062e+00,1.023382759094238281e+01,1.721621704101562500e+01,1.069123840332031250e+01,5.128733158111572266e+00,4.604586601257324219e+00,5.188508510589599609e+00,3.556491613388061523e+00,2.133754014968872070e+00,3.937274217605590820e+00,4.702227592468261719e+00,-6.669754385948181152e-01,3.846984863281250000e+00,1.201440429687500000e+01,1.190299892425537109e+01,1.180430889129638672e+01,2.657175540924072266e+00,3.565902709960937500e+00,3.297718763351440430e+00,-1.477733492851257324e+00,-6.043438911437988281e-01,2.937703847885131836e+00,9.055159568786621094e+00,1.081576824188232422e+01,7.081233978271484375e+00,3.321399688720703125e+00,4.693822383880615234e+00,7.619412899017333984e+00,6.706098556518554688e+00,7.341888904571533203e+00,8.445843696594238281e+00,7.406167030334472656e+00,6.183959484100341797e+00,9.611126899719238281e+00,5.408003807067871094e+00,3.556044578552246094e+00,5.260603427886962891e+00,4.112366199493408203e+00,5.405947685241699219e+00,2.928181648254394531e+00,-1.830208301544189453e-01,-6.802303791046142578e-01,-7.693011760711669922e-01,6.663089990615844727e-02,5.267386913299560547e+00,4.196839332580566406e-01,-5.221183776855468750e+00,-1.616558790206909180e+00,7.176460742950439453e+00,1.298805713653564453e+01,1.799868583679199219e+01,2.053135681152343750e+01,1.596382617950439453e+01,1.764057922363281250e+01,1.123059940338134766e+01,6.357070446014404297e+00,3.183061361312866211e+00,9.472008943557739258e-01,6.780500411987304688e+00,1.323753452301025391e+01,1.299291801452636719e+01,1.244893741607666016e+01,1.201817703247070312e+01,1.296921539306640625e+01,1.376937866210937500e+01,1.854627609252929688e+01,1.604509544372558594e+01,1.451062917709350586e+00,-3.673489093780517578e+00,-3.951508998870849609e+00,-2.626975297927856445e+00,6.295624971389770508e-01,5.810759067535400391e+00,6.217578887939453125e+00,4.014065563678741455e-01,-9.132888317108154297e-01,1.118148684501647949e+00,-1.254556894302368164e+00,7.953503608703613281e+00,1.101498413085937500e+01,1.073020458221435547e+01,4.947970867156982422e+00,1.268555641174316406e+00,4.673020243644714355e-01,2.288583755493164062e+00,-1.164991259574890137e+00,-1.114649534225463867e+00,5.382238388061523438e+00,3.956396579742431641e+00,-5.446085929870605469e-01,-1.441667914390563965e+00,-3.958140850067138672e+00,-3.505983352661132812e+00,-5.791336894035339355e-01,-2.491090774536132812e+00,-3.260285854339599609e+00,-1.102703094482421875e+00,-1.442417383193969727e+00,-5.277079582214355469e+00,-5.348334312438964844e+00,-2.069661617279052734e+00,-3.428926229476928711e+00,-5.101719856262207031e+00,-4.777143478393554688e+00,-5.742956161499023438e+00,-1.601341485977172852e+00,2.510802507400512695e+00,5.731855392456054688e+00,5.339965820312500000e+00,5.822536945343017578e+00,6.481523036956787109e+00,6.949515342712402344e+00,7.943676471710205078e+00,9.327997207641601562e+00,6.048560619354248047e+00,3.347588539123535156e+00,-3.154376506805419922e+00,-3.274243116378784180e+00,-1.204360723495483398e-01,7.911888957023620605e-01,5.129338264465332031e+00,7.969103813171386719e+00,9.083475112915039062e+00,1.028470706939697266e+01,7.188899040222167969e+00,5.690481185913085938e+00,6.786750793457031250e+00,4.793454170227050781e+00,5.723347663879394531e+00,1.073264312744140625e+01,1.080801010131835938e+01,9.559146881103515625e+00,5.052417755126953125e+00,1.751825690269470215e+00,-8.320943713188171387e-01,3.503766059875488281e+00,8.419029235839843750e+00,6.276838302612304688e+00,1.204972362518310547e+01,1.590705108642578125e+01,7.808048725128173828e+00,1.326273918151855469e+01,1.429265022277832031e+01,1.337223052978515625e+01,1.497375202178955078e+01,1.044169235229492188e+01,5.981234073638916016e+00,5.966527938842773438e+00,1.037406349182128906e+01,2.133249855041503906e+01,1.922592353820800781e+01,1.504770851135253906e+01,1.294584369659423828e+01,1.045741462707519531e+01,6.531934738159179688e+00,8.766049385070800781e+00,1.671305274963378906e+01,1.402291202545166016e+01,6.507955551147460938e+00,-2.349300384521484375e+00,-6.621906280517578125e+00,-2.937598228454589844e+00,2.098055839538574219e+00,2.131013393402099609e+00,6.736849546432495117e-01,4.502853393554687500e+00,1.110566806793212891e+01,9.144124984741210938e+00,8.170911788940429688e+00,4.963699340820312500e+00,2.115486621856689453e+00,1.586081743240356445e+00,4.105756759643554688e+00,7.747439861297607422e+00,8.187325477600097656e+00,5.640716075897216797e+00,3.903278827667236328e+00,1.005122566223144531e+01,1.065902709960937500e+01,7.807008743286132812e+00,2.545680046081542969e+00,-1.749072432518005371e+00,2.853019237518310547e-01,2.731044530868530273e+00,5.017521381378173828e+00,6.295918822288513184e-01,3.953531503677368164e+00,9.351844787597656250e+00,1.216472434997558594e+01,8.748078346252441406e+00,1.072935485839843750e+01,1.196065616607666016e+01,9.159680366516113281e+00,8.733080863952636719e+00,1.447135734558105469e+01,1.973687553405761719e+01,1.688573074340820312e+01,1.189827537536621094e+01,6.020668029785156250e+00,1.617562890052795410e+00,-1.052097558975219727e+00,-1.085590124130249023e+00,-7.337249755859375000e+00,-8.753983497619628906e+00,-7.111327171325683594e+00,-2.042138576507568359e+00,-7.122640609741210938e+00,-8.544907569885253906e+00,-4.665981292724609375e+00,-3.076668739318847656e+00,-3.223882019519805908e-01,3.271795272827148438e+00,2.754366397857666016e+00,-2.573904514312744141e+00,-3.942610740661621094e+00,-5.585295677185058594e+00,-7.461093425750732422e+00,2.992120087146759033e-01,1.031951618194580078e+01,1.446538162231445312e+01,1.937293243408203125e+01,1.738335990905761719e+01,1.421897697448730469e+01,1.050055694580078125e+01,5.134426116943359375e+00,7.023775100708007812e+00,5.996710777282714844e+00,4.308426380157470703e+00,5.355900764465332031e+00,2.297169685363769531e+00,4.966149806976318359e+00,9.945738792419433594e+00,1.272362899780273438e+01,1.264471626281738281e+01,1.295270729064941406e+01,1.433099937438964844e+01,7.321874618530273438e+00,7.044215202331542969e+00,9.902140617370605469e+00,3.481531620025634766e+00,8.919907808303833008e-01,2.022397279739379883e+00,5.117096900939941406e+00,9.711156845092773438e+00,7.233967781066894531e+00,1.048258304595947266e+01,1.066646862030029297e+01,7.390720367431640625e+00,4.011340141296386719e+00,1.908103346824645996e+00,5.993974685668945312e+00,6.139039039611816406e+00,-1.202865123748779297e+00,9.157756567001342773e-01,1.573904705047607422e+01,2.229199218750000000e+01,2.088199615478515625e+01,1.455293655395507812e+01,1.274329853057861328e+01,1.617898941040039062e+01,1.716776657104492188e+01,1.490896606445312500e+01,3.142838478088378906e+00,7.872732877731323242e-01,6.222725391387939453e+00,9.259734153747558594e+00,5.038576602935791016e+00,2.508032560348510742e+00,-4.237407445907592773e-01,2.385533809661865234e+00,1.073331260681152344e+01,1.057022953033447266e+01,8.371927261352539062e+00,3.846674919128417969e+00,1.033640027046203613e+00,-3.263249397277832031e-01,1.396526455879211426e+00,3.476587533950805664e-01,-3.550198554992675781e+00,4.382109165191650391e+00,1.141252708435058594e+01,1.524364852905273438e+01,1.384500503540039062e+01,1.690535354614257812e+01,1.812628936767578125e+01,1.527104091644287109e+01,1.493223190307617188e+01,1.286452960968017578e+01,1.056943416595458984e+01,2.069914817810058594e+00,-4.972833156585693359e+00,-1.562727808952331543e+00,1.634869575500488281e+00,-1.011742353439331055e+00,4.214103221893310547e+00,6.576426029205322266e+00,7.505025863647460938e+00,1.551140403747558594e+01,1.058468055725097656e+01,6.238980293273925781e+00,9.297761917114257812e+00,1.245824718475341797e+01,1.609918594360351562e+01,1.380097198486328125e+01,6.003060340881347656e+00,7.770396709442138672e+00,7.137320518493652344e+00,2.065540790557861328e+00,-3.421333789825439453e+00,-1.038007378578186035e+00,2.878204345703125000e+00,5.337569236755371094e+00,3.127889633178710938e+00,-1.819710493087768555e+00,3.884972095489501953e+00,9.569942474365234375e+00,5.077467918395996094e+00,3.071814775466918945e+00,2.828581333160400391e+00,2.934154272079467773e+00,4.010671615600585938e+00,3.582093715667724609e+00,6.022788047790527344e+00,8.231140136718750000e+00,4.538045883178710938e+00,3.671990633010864258e+00,2.113553285598754883e+00,5.688247203826904297e+00,1.103607177734375000e+01,7.229475021362304688e+00,1.451694011688232422e+00,-3.448750972747802734e+00,-1.622807025909423828e+00,-1.472244143486022949e+00,-5.092723369598388672e-01,2.748975515365600586e+00,2.904985904693603516e+00,3.610990524291992188e+00,-2.350338220596313477e+00,-6.592101573944091797e+00,-4.206825733184814453e+00,-1.512166976928710938e+00,2.135737657546997070e+00,6.119150161743164062e+00,6.905645370483398438e+00,6.586187362670898438e+00,8.434219360351562500e+00,1.126796245574951172e+01,1.006616878509521484e+01,4.838462829589843750e+00,2.013566255569458008e+00,5.432036399841308594e+00,1.062790298461914062e+01,1.141920852661132812e+01,1.118418121337890625e+01,1.625840759277343750e+01,1.534441184997558594e+01,1.381591415405273438e+01,1.526271629333496094e+01,1.472944736480712891e+01,1.397826766967773438e+01,9.993124961853027344e+00,9.273447036743164062e+00,8.026426315307617188e+00,1.356455707550048828e+01,1.938379478454589844e+01,2.113491439819335938e+01,1.478696441650390625e+01,1.004254817962646484e+01,8.724006652832031250e+00,9.693578720092773438e+00,7.206343650817871094e+00,2.535846948623657227e+00,6.198907852172851562e+00,6.290996551513671875e+00,9.618683815002441406e+00,1.409319400787353516e+01,7.413619995117187500e+00,6.385834217071533203e+00,9.655801773071289062e+00,7.072451114654541016e+00,2.505302429199218750e+00,4.959376335144042969e+00,1.400749397277832031e+01,1.218887329101562500e+01,1.005166721343994141e+01,1.065909385681152344e+01,9.275960922241210938e+00,8.527418136596679688e+00,1.334645652770996094e+01,1.598343563079833984e+01,1.986191558837890625e+01,2.051722335815429688e+01,1.852194595336914062e+01,1.668730163574218750e+01,1.215460014343261719e+01,1.229513359069824219e+01,1.534184932708740234e+01,1.384874153137207031e+01,9.977399826049804688e+00,8.390979766845703125e+00,1.183699417114257812e+01,1.267034530639648438e+01,1.482711410522460938e+01,1.548474979400634766e+01,1.524902343750000000e+01,1.391189575195312500e+01,1.459564399719238281e+01,1.116251850128173828e+01,1.122557830810546875e+01,1.251945304870605469e+01,1.502615928649902344e+01,1.656497764587402344e+01,1.387831115722656250e+01,1.420617675781250000e+01,1.941619110107421875e+01,1.880035781860351562e+01,1.372778034210205078e+01,1.531080627441406250e+01,1.575230216979980469e+01,1.466846084594726562e+01,1.394410705566406250e+01,1.409205627441406250e+01,1.253883457183837891e+01,1.482934188842773438e+01,1.486991596221923828e+01,1.899992370605468750e+01,1.706732559204101562e+01,1.001871585845947266e+01,9.335313796997070312e+00,8.354010581970214844e+00,9.638085365295410156e+00,8.142308235168457031e+00,8.918153762817382812e+00,9.699224472045898438e+00,1.137798404693603516e+01,6.212557792663574219e+00,-1.202846765518188477e+00,-9.312229752540588379e-01,7.363507747650146484e+00,5.617579460144042969e+00,6.147999286651611328e+00,7.313451766967773438e+00,1.397538948059082031e+01,1.419566917419433594e+01,6.784554481506347656e+00,3.661325454711914062e+00,3.672182083129882812e+00,4.928701400756835938e+00,1.225027084350585938e+01,1.692797279357910156e+01,2.082104873657226562e+01,2.308481979370117188e+01,1.885669708251953125e+01,1.458251857757568359e+01,2.849132061004638672e+00,-3.348352432250976562e+00,-7.892865180969238281e+00,-5.021027088165283203e+00,-1.084708595275878906e+01,-4.187460899353027344e+00,-2.895853996276855469e+00,-8.789446353912353516e-01,-1.364313960075378418e+00,2.920284032821655273e+00,9.994983673095703125e+00,1.542046356201171875e+01,1.354997730255126953e+01,1.540677070617675781e+01,1.629482650756835938e+01,1.151944541931152344e+01,4.430420875549316406e+00,3.530325889587402344e+00,7.113070011138916016e+00,7.460015296936035156e+00,3.096807479858398438e+00,-3.915926814079284668e-01,4.504286766052246094e+00,7.180346488952636719e+00,1.968904733657836914e+00,3.809309482574462891e+00,9.171992301940917969e+00,9.515303611755371094e+00,1.983376693725585938e+01,2.107694053649902344e+01,2.127751922607421875e+01,2.112440490722656250e+01,1.468603706359863281e+01,9.361970901489257812e+00,7.765640735626220703e+00,7.743136882781982422e+00,4.927370071411132812e+00,2.595819950103759766e+00,-1.798294425010681152e+00,-2.641567945480346680e+00,1.748425960540771484e+00,4.471014976501464844e+00,3.726538181304931641e+00,4.635006904602050781e+00,7.243628501892089844e+00,4.579809665679931641e+00,5.888845443725585938e+00,9.717285156250000000e+00,5.634580612182617188e+00,6.095601081848144531e+00,1.399117231369018555e+00,-4.303383231163024902e-01,2.251546859741210938e+00,7.034188508987426758e-01,7.826390743255615234e+00,1.466169166564941406e+01,1.761291885375976562e+01,1.771705055236816406e+01,2.028471374511718750e+01,1.885342788696289062e+01,2.301610565185546875e+01,1.878302001953125000e+01,8.246953964233398438e+00,9.923500061035156250e+00,9.190088272094726562e+00,6.647017478942871094e+00,5.757138252258300781e+00,6.970983982086181641e+00,5.949367523193359375e+00,8.089056015014648438e+00,1.635378241539001465e+00,-1.501857161521911621e+00,1.867258071899414062e+00,4.885757923126220703e+00,4.350765228271484375e+00,6.282716751098632812e+00,1.003180313110351562e+01,9.221315383911132812e+00,3.966452360153198242e+00,5.592733383178710938e+00,6.811420440673828125e+00,8.123002052307128906e+00,9.832832336425781250e+00,2.854871749877929688e+00,3.331595659255981445e+00,1.073907375335693359e+01,1.279801082611083984e+01,1.135914230346679688e+01,8.777949333190917969e+00,8.829367637634277344e+00,1.178006744384765625e+01,7.121616363525390625e+00,3.684885025024414062e+00,-1.463727235794067383e+00,1.760105729103088379e+00,1.206719589233398438e+01,1.223094177246093750e+01,9.820913314819335938e+00,8.935445785522460938e+00,1.157057952880859375e+01,1.033852100372314453e+01,1.154605484008789062e+01,1.311821937561035156e+01,8.651847839355468750e+00,3.575309276580810547e+00,8.261830210685729980e-01,4.739494323730468750e+00,2.941879272460937500e+00,3.710110425949096680e+00,7.205811977386474609e+00,9.755420684814453125e+00,8.458333969116210938e+00,8.070500373840332031e+00,7.844633102416992188e+00,4.323629379272460938e+00,6.638918876647949219e+00,8.896844863891601562e+00,1.429319000244140625e+01,1.651129722595214844e+01,1.561492919921875000e+01,1.374369239807128906e+01,1.180645370483398438e+01,1.226397609710693359e+01,1.223690032958984375e+01,9.738622665405273438e+00,1.097913742065429688e+01,9.890687942504882812e+00,8.486470222473144531e+00,7.780535697937011719e+00,5.765944480895996094e+00,4.677638530731201172e+00,8.823088645935058594e+00,1.135887336730957031e+01,1.319713878631591797e+01,1.227041816711425781e+01,9.806676864624023438e+00,7.052255630493164062e+00,9.014983177185058594e+00,7.548097610473632812e+00,7.623486518859863281e+00,4.889513969421386719e+00,1.346205139160156250e+01,1.620563507080078125e+01,1.739990997314453125e+01,1.577915382385253906e+01,1.083801269531250000e+01,9.113079071044921875e+00,1.253030490875244141e+01,1.414592647552490234e+01,8.050910949707031250e+00,1.068757247924804688e+01,1.429997825622558594e+01,7.202606201171875000e+00,-2.494534254074096680e+00,-6.661570668220520020e-01,3.373640060424804688e+00,5.265101432800292969e+00,8.277229309082031250e+00,1.125187778472900391e+01,1.252623081207275391e+01,1.332655715942382812e+01,1.235452461242675781e+01,1.197072982788085938e+01,6.459347724914550781e+00,8.651845455169677734e-01,1.065386414527893066e+00,4.567488670349121094e+00,1.099466562271118164e+00,-3.708467960357666016e+00,-4.394119262695312500e+00,-1.193283081054687500e+00,-2.520376443862915039e+00,-7.942131996154785156e+00,-1.428432226181030273e+00,6.080491542816162109e+00,7.000632286071777344e+00,6.863869667053222656e+00,5.808367252349853516e+00,1.518011450767517090e+00,6.816535949707031250e+00,8.920225143432617188e+00,6.414704799652099609e+00,5.180762767791748047e+00,5.653168678283691406e+00,2.921180725097656250e-01,-2.354306459426879883e+00,2.213652729988098145e-01,6.489892959594726562e+00,1.195890426635742188e+01,1.376558208465576172e+01,1.539668083190917969e+01,1.692224693298339844e+01,1.257313919067382812e+01,1.190053558349609375e+01,1.536429023742675781e+01,9.792821884155273438e+00,1.138278841972351074e+00,-2.395809888839721680e-01,-1.379819512367248535e-01,2.330699920654296875e+00,1.502660989761352539e+00,3.076973915100097656e+00,3.050686359405517578e+00,1.139349174499511719e+01,1.001533985137939453e+01,8.003227233886718750e+00,6.655930995941162109e+00,3.294348001480102539e+00,6.607683181762695312e+00,5.045805931091308594e+00,3.469119071960449219e+00,6.221035003662109375e+00,8.067913055419921875e+00,9.489128112792968750e+00,4.912370681762695312e+00,3.253149032592773438e+00,8.582968711853027344e+00,9.685329437255859375e+00,1.079194641113281250e+01,1.165391921997070312e+01,6.563945770263671875e+00,6.427282333374023438e+00,6.564288139343261719e+00,8.910650253295898438e+00,9.767425537109375000e+00,6.079904556274414062e+00,9.180830955505371094e+00,9.688266754150390625e+00,9.962664604187011719e+00,8.819274902343750000e+00,9.689186096191406250e+00,1.205935478210449219e+01,1.157812309265136719e+01,1.296451187133789062e+01,1.249476242065429688e+01,1.556771278381347656e+01,8.665346145629882812e+00,8.265393257141113281e+00,1.190973663330078125e+01,9.598587036132812500e+00,1.376583480834960938e+01,1.505390739440917969e+01,1.308028030395507812e+01,1.014847373962402344e+01,1.272798156738281250e+01,1.110764122009277344e+01,5.490902900695800781e+00,-2.764773607254028320e+00,-7.428314685821533203e-01,6.684701919555664062e+00,5.826581001281738281e+00,5.648225784301757812e+00,7.060773372650146484e+00,5.899945259094238281e+00,4.538372516632080078e+00,9.826277732849121094e+00,1.587138557434082031e+01,1.458486747741699219e+01,1.260868644714355469e+01,6.483652114868164062e+00,5.775325894355773926e-01,-9.008799552917480469e+00,-3.238586902618408203e+00,3.021678447723388672e+00,7.522572040557861328e+00,1.232020854949951172e+01,1.018430900573730469e+01,8.241596221923828125e+00,5.060776710510253906e+00,9.062359809875488281e+00,1.057267951965332031e+01,8.004779815673828125e+00,-5.491267204284667969e+00,-1.365051269531250000e+01,-2.301599502563476562e+00,7.966146469116210938e+00,4.308964729309082031e+00,-6.041309237480163574e-01,2.806246280670166016e-01,7.756004810333251953e+00,1.066585922241210938e+01,1.229225158691406250e+01,1.147869396209716797e+01,6.894470214843750000e+00,5.986821174621582031e+00,5.879244804382324219e+00,1.757728338241577148e+00,-1.787666559219360352e+00,2.574166655540466309e-01,7.380883216857910156e+00,6.758733272552490234e+00,2.313596010208129883e+00,1.414234042167663574e+00,-1.003483295440673828e+00,3.287340641021728516e+00,6.967622756958007812e+00,5.833847522735595703e+00,5.500675678253173828e+00,7.541947364807128906e+00,7.780443191528320312e+00,5.927680969238281250e+00,-1.645175218582153320e+00,-2.571747779846191406e+00,1.394819140434265137e+00,6.969013214111328125e-01,-8.082640767097473145e-01,-2.164268970489501953e+00,5.070212841033935547e+00,1.227878952026367188e+01,6.244013786315917969e+00,8.625873565673828125e+00,1.111354351043701172e+01,1.054658317565917969e+01,1.003752613067626953e+01,6.081615924835205078e+00,4.559120535850524902e-01,4.235896587371826172e+00,8.151645660400390625e+00,3.058266401290893555e+00,-5.738021850585937500e+00,-4.130449295043945312e+00,-1.462676525115966797e-01,4.799436092376708984e+00,7.074180603027343750e+00,3.538461923599243164e-01,5.540887832641601562e+00,1.667651748657226562e+01,1.868994331359863281e+01,1.777402114868164062e+01,1.180705738067626953e+01,-2.607208728790283203e+00,-8.432876586914062500e+00,-9.409505128860473633e-01,5.281351089477539062e+00,3.923414468765258789e+00,6.901131868362426758e-01,4.552992343902587891e+00,8.901489257812500000e+00,8.105498313903808594e+00,4.777493476867675781e+00,3.483570575714111328e+00,2.067595481872558594e+00,3.874842166900634766e+00,8.529695510864257812e+00,1.039493560791015625e+01,5.299669265747070312e+00,5.457478523254394531e+00,7.760366439819335938e+00,1.767207145690917969e+01,1.938042068481445312e+01,1.717537498474121094e+01,1.699803924560546875e+01,2.110613250732421875e+01,1.821403503417968750e+01,2.704113960266113281e+01,2.573707580566406250e+01,2.119032287597656250e+01,2.376661682128906250e+01,1.988152313232421875e+01,1.975175857543945312e+01,1.603886413574218750e+01,1.033097362518310547e+01,8.492455482482910156e+00,1.755369567871093750e+01,1.410618782043457031e+01,1.107821464538574219e+01,1.046413803100585938e+01,1.419232940673828125e+01,1.071209621429443359e+01,1.001543998718261719e+01,1.567297935485839844e+01,1.458412551879882812e+01,1.156270217895507812e+01,1.100819396972656250e+01,1.250398826599121094e+01,9.714384078979492188e+00,9.062442779541015625e+00,1.218127346038818359e+01,1.126193809509277344e+01,1.759996223449707031e+01,2.015558242797851562e+01,2.402414321899414062e+01,1.741156578063964844e+01,9.514242172241210938e+00,1.031879425048828125e+01,5.682051658630371094e+00,5.453590393066406250e+00,1.275277137756347656e+01,1.388750171661376953e+01,1.052823066711425781e+01,8.171359062194824219e+00,7.974161148071289062e+00,5.028216361999511719e+00,3.333407163619995117e+00,6.736454486846923828e+00,9.954987525939941406e+00,1.205762100219726562e+01,1.154108238220214844e+01,1.116214942932128906e+01,8.926210403442382812e+00,2.566071987152099609e+00,2.043208599090576172e+00,2.049748301506042480e-01,-1.753964304924011230e+00,3.520901203155517578e+00,6.325239181518554688e+00,5.307354450225830078e+00,8.701739311218261719e+00,9.452822685241699219e+00,9.743658065795898438e+00,9.482286453247070312e+00,1.002438068389892578e+01,9.427059173583984375e+00,8.771186828613281250e+00,5.909221172332763672e+00,5.843685150146484375e+00,7.907441139221191406e+00,1.052113342285156250e+01,6.225919246673583984e+00,8.141746520996093750e+00,1.069566345214843750e+01,1.053860473632812500e+01,4.111489295959472656e+00,3.595419406890869141e+00,8.551947593688964844e+00,7.812077522277832031e+00,1.286222648620605469e+01,1.181241035461425781e+01,9.069854736328125000e+00,4.075503826141357422e+00,2.664701342582702637e-01,1.235381126403808594e+00,3.348102569580078125e+00,6.994782447814941406e+00,5.011866569519042969e+00,6.680294036865234375e+00,3.359126091003417969e+00,-3.034485578536987305e+00,3.690154552459716797e-01,2.158498287200927734e+00,3.034734725952148438e+00,5.330497264862060547e+00,4.783142089843750000e+00,1.165471315383911133e+00,2.517195343971252441e-01,-3.511522412300109863e-01,1.466918826103210449e+00,4.082464694976806641e+00,3.598982095718383789e-01,2.724460124969482422e+00,1.998563766479492188e+00,1.668191671371459961e+00,1.425169348716735840e+00,5.577474594116210938e+00,7.247956275939941406e+00,4.837110519409179688e+00,7.354532241821289062e+00,1.516445064544677734e+01,2.150385284423828125e+01,1.961765289306640625e+01,1.235764122009277344e+01,1.263481712341308594e+01,1.387125968933105469e+01,8.055573463439941406e+00,1.256236314773559570e+00,2.078768253326416016e+00,1.960390329360961914e+00,1.426002502441406250e+00,-1.531439065933227539e+00,-5.575565099716186523e-01,-1.583486199378967285e+00,1.269945621490478516e+00,5.232808113098144531e+00,4.656735420227050781e+00,4.816560745239257812e+00,8.451767921447753906e+00,6.591037750244140625e+00,3.306169509887695312e+00,5.441120147705078125e+00,9.045366287231445312e+00,7.974328041076660156e+00,6.780192852020263672e+00,-4.276108264923095703e+00,-1.494631171226501465e+00,6.408047676086425781e+00,5.616232395172119141e+00,7.071409225463867188e+00,1.440051269531250000e+01,2.085820388793945312e+01,1.576254749298095703e+01,1.878909492492675781e+01,1.518212890625000000e+01,7.190330028533935547e+00,6.673044681549072266e+00,3.883441925048828125e+00,5.452825546264648438e+00,4.435332298278808594e+00,4.620492935180664062e+00,8.650232315063476562e+00,3.910564422607421875e+00,-5.762168169021606445e-01,3.503377437591552734e+00,6.981554985046386719e+00,5.444240570068359375e+00,5.648753166198730469e+00,7.055540084838867188e+00,6.459388732910156250e+00,3.115836620330810547e+00,5.662234783172607422e+00,1.609067726135253906e+01,1.742650985717773438e+01,5.442105293273925781e+00,2.405393600463867188e+00,5.787017345428466797e+00,3.258547186851501465e-02,-5.023442268371582031e+00,-4.046922206878662109e+00,6.165570616722106934e-01,3.736931085586547852e+00,3.546291589736938477e+00,1.052129268646240234e-02,5.974853515625000000e+00,6.514750480651855469e+00,6.714564323425292969e+00,6.858901023864746094e+00,7.874741077423095703e+00,4.766206741333007812e+00,2.101991176605224609e+00,1.370281696319580078e+00,1.388726472854614258e+00,7.311145782470703125e+00,1.336219024658203125e+01,1.359805107116699219e+01,1.393519210815429688e+01,1.151908874511718750e+01,8.211678504943847656e+00,1.031021213531494141e+01,1.315806198120117188e+01,1.101136970520019531e+01,5.995268821716308594e+00,6.591849327087402344e+00,7.467508316040039062e+00,8.422451019287109375e+00,7.540464878082275391e+00,7.921650886535644531e+00,7.159471511840820312e+00,1.154196548461914062e+01,1.480486392974853516e+01,9.335519790649414062e+00,9.117967605590820312e+00,1.491631984710693359e+01,1.022682189941406250e+01,9.674583435058593750e+00,1.037181663513183594e+01,5.529064655303955078e+00,4.803735256195068359e+00,8.664735794067382812e+00,1.089491271972656250e+01,6.534728527069091797e+00,6.372961997985839844e+00,1.110645294189453125e+01,1.261787033081054688e+01,1.111757469177246094e+01,7.891434192657470703e+00,8.581187248229980469e+00,4.368280410766601562e+00,6.655153274536132812e+00,2.289914846420288086e+00,-9.885171651840209961e-01,4.369831085205078125e+00,4.095797538757324219e+00,4.948882102966308594e+00,2.937201023101806641e+00,9.168256759643554688e+00,1.309394836425781250e+01,8.948848724365234375e+00,7.504041194915771484e+00,5.954775810241699219e+00,7.064657688140869141e+00,8.729619979858398438e+00,1.130611228942871094e+01,6.032515525817871094e+00,6.534644603729248047e+00,6.442531108856201172e+00,5.799053192138671875e+00,8.954175949096679688e+00,1.008000183105468750e+01,5.961699008941650391e+00,3.413153648376464844e+00,4.285573005676269531e+00,7.986367225646972656e+00,8.881211280822753906e+00,9.073255538940429688e+00,8.135768890380859375e+00,6.547219753265380859e+00,5.682255744934082031e+00,4.329691886901855469e+00,3.132193326950073242e+00,4.638613700866699219e+00,7.893870830535888672e+00,7.619194984436035156e+00,4.614119529724121094e+00,4.145367622375488281e+00,8.237840652465820312e+00,6.503099918365478516e+00,7.642244815826416016e+00,6.832676887512207031e+00,-1.193571090698242188e-01,3.621151685714721680e+00,3.991994619369506836e+00,3.006145954132080078e+00,1.537475204467773438e+01,1.704527664184570312e+01,1.076212978363037109e+01,1.035470008850097656e+01,1.060608673095703125e+01,6.867209434509277344e+00,8.893484115600585938e+00,1.168787574768066406e+01,8.648328781127929688e+00,5.017281532287597656e+00,6.329522132873535156e-01,-3.893277883529663086e+00,-4.171279907226562500e+00,3.312757015228271484e+00,1.318984222412109375e+01,1.207410621643066406e+01,5.592096805572509766e+00,1.358293533325195312e+00,-6.236584663391113281e+00,-4.876378059387207031e+00,6.537435531616210938e+00,1.580297279357910156e+01,1.549077796936035156e+01,1.583752250671386719e+01,1.681711959838867188e+01,1.139468383789062500e+01,7.766870498657226562e+00,1.331025314331054688e+01,1.066224670410156250e+01,1.481620407104492188e+01,1.600613975524902344e+01,7.902468681335449219e+00,-3.426868915557861328e-01,2.463888168334960938e+00,3.740135192871093750e+00,-5.495270490646362305e-01,-2.958138942718505859e+00,-2.709175825119018555e+00,-2.376586675643920898e+00,1.803400993347167969e+00,5.486364364624023438e+00,1.280660057067871094e+01,2.071954345703125000e+01,1.954861068725585938e+01,2.257714080810546875e+01,2.153951835632324219e+01,1.695158576965332031e+01,1.543585872650146484e+01,1.553307247161865234e+01,1.902159881591796875e+01,1.656876945495605469e+01,1.058805847167968750e+01,2.734329938888549805e+00,4.760390758514404297e+00,1.241792011260986328e+01,1.381487274169921875e+01,1.215348625183105469e+01,1.235637474060058594e+01,6.010533332824707031e+00,4.847958087921142578e+00,5.637885093688964844e+00,4.366257190704345703e+00,7.855536937713623047e+00,5.674496650695800781e+00,2.886991977691650391e+00,9.065974950790405273e-01,2.133882522583007812e+00,3.950067520141601562e+00,-5.656656622886657715e-01,-3.959528446197509766e+00,-3.715397119522094727e+00,8.942168951034545898e-01,3.655241966247558594e+00,8.045930862426757812e+00,9.600235939025878906e+00,7.290390968322753906e+00,9.056400299072265625e+00,1.048098564147949219e+01,1.148578262329101562e+01,1.195251274108886719e+01,1.434980964660644531e+01,1.136625671386718750e+01,5.330331802368164062e+00,4.652894973754882812e+00,7.001435279846191406e+00,4.479002952575683594e+00,5.327651023864746094e+00,1.108805179595947266e+01,1.066026878356933594e+01,1.003318405151367188e+01,8.645763397216796875e+00,2.840264081954956055e+00,-2.851231098175048828e+00,-2.629474878311157227e+00,-2.324847579002380371e-01,4.099499702453613281e+00,8.050426483154296875e+00,6.457354545593261719e+00,1.491680908203125000e+01,2.386777877807617188e+01,2.209248733520507812e+01,2.120568847656250000e+01,2.106558609008789062e+01,2.576292800903320312e+01,2.454306030273437500e+01,1.471278762817382812e+01,5.810446739196777344e+00,1.436243724822998047e+01,1.507354927062988281e+01,1.219695568084716797e+01,1.479024124145507812e+01,8.935687065124511719e+00,3.929004192352294922e+00,2.555515527725219727e+00,2.871840238571166992e+00,4.636216163635253906e+00,7.588167667388916016e+00,1.143338584899902344e+01,6.567904472351074219e+00,8.374181747436523438e+00,8.768805503845214844e+00,7.259344577789306641e+00,3.150807619094848633e+00,1.216550588607788086e+00,8.994840621948242188e+00,1.122034931182861328e+01,8.861063003540039062e+00,5.741936206817626953e+00,8.509485244750976562e+00,8.065042495727539062e+00,5.008241176605224609e+00,8.961566925048828125e+00,8.727577209472656250e+00,7.962492465972900391e+00,1.056540870666503906e+01,7.150481224060058594e+00,1.596656322479248047e+00,2.590780973434448242e+00,1.993944048881530762e+00,4.289331436157226562e-01,2.232505083084106445e+00,6.258433341979980469e+00,1.228648376464843750e+01,1.476504230499267578e+01,1.267580413818359375e+01,1.450881195068359375e+01,1.739787483215332031e+01,1.558832073211669922e+01,1.398268127441406250e+01,1.472979545593261719e+01,8.768630981445312500e+00,7.043728828430175781e+00,4.122614860534667969e+00,2.424583196640014648e+00,7.132641792297363281e+00,1.141453170776367188e+01,9.921575546264648438e+00,4.305082321166992188e+00,-7.684626579284667969e-01,-5.664741992950439453e-01,2.335951089859008789e+00,8.123980522155761719e+00,8.412732124328613281e+00,9.802891731262207031e+00,1.268143844604492188e+01,8.528832435607910156e+00,4.354806423187255859e+00,3.081233978271484375e+00,5.372868061065673828e+00,2.573386430740356445e+00,6.873368024826049805e-01,3.507657766342163086e+00,7.095573425292968750e+00,9.889646530151367188e+00,7.432579994201660156e+00,-5.311838150024414062e+00,-7.482550144195556641e+00,-1.299744224548339844e+01,-1.392333698272705078e+01,-9.408987045288085938e+00,-7.722312927246093750e+00,-8.695098876953125000e+00,-4.093407154083251953e+00,1.613864421844482422e+00,-1.617166757583618164e+00,-4.533718109130859375e+00,-3.156516551971435547e+00,-2.561164855957031250e+00,-2.570432722568511963e-01,2.588859796524047852e-01,8.095970153808593750e-01,-3.231673240661621094e+00,-1.141303658485412598e+00,3.592288255691528320e+00,4.911318778991699219e+00,2.880209207534790039e+00,2.979473590850830078e+00,2.962150573730468750e+00,3.735613346099853516e+00,8.387142419815063477e-01,-1.501549482345581055e+00,-6.479012966156005859e-01,-4.168379306793212891e+00,-3.240609169006347656e+00,-3.532338142395019531e+00,-4.000282287597656250e+00,-3.171226024627685547e+00,-6.345174789428710938e+00,-5.353446483612060547e+00,-2.946337223052978516e+00,-2.315319299697875977e+00,-7.691627740859985352e-01,-3.581309318542480469e+00,-3.896525502204895020e-01,3.871883869171142578e+00,1.659699320793151855e+00,-2.381505012512207031e+00,-3.955313444137573242e+00,-6.809482097625732422e+00,-5.762598514556884766e+00,-3.408799648284912109e+00,-1.050626277923583984e+00,-5.285736918449401855e-01,-6.544329643249511719e+00,-4.040880680084228516e+00,3.125081062316894531e+00,-4.366700053215026855e-01,-5.325958251953125000e+00,-4.671195983886718750e+00,-4.622181057929992676e-01,4.595723152160644531e+00,6.160131931304931641e+00,4.958227872848510742e-01,-4.608318328857421875e+00,-4.791777610778808594e+00,-4.276236534118652344e+00,-4.392547130584716797e+00,-6.022012233734130859e+00,-2.940601348876953125e+00,-5.559007644653320312e+00,-4.870422840118408203e+00,-5.715966701507568359e+00,-5.118496894836425781e+00,-2.219027519226074219e+00,3.048589706420898438e+00,5.193722724914550781e+00,6.975202560424804688e-01,-1.365712761878967285e+00,-1.398076295852661133e+00,-8.528659343719482422e-01,-8.770651817321777344e-01,1.402438521385192871e+00,-4.248343706130981445e-01,-7.980384826660156250e+00,-1.408265686035156250e+01,-1.030010795593261719e+01,-7.848749160766601562e+00,-1.831762313842773438e+01,-2.024188995361328125e+01,-1.159560394287109375e+01,-8.057456970214843750e+00,-8.679141998291015625e+00,-8.381932258605957031e+00,-1.002902984619140625e+01,-7.823722362518310547e+00,-6.119623184204101562e+00,-5.608724594116210938e+00,-4.022747278213500977e-02,5.593266010284423828e+00,1.339765739440917969e+01,1.336789703369140625e+01,8.326937675476074219e+00,9.819927215576171875e+00,1.322516822814941406e+01,8.243228912353515625e+00,1.142829513549804688e+01,1.943476486206054688e+01,2.377849578857421875e+01,1.890632247924804688e+01,1.376791572570800781e+01,1.435725593566894531e+01,8.785181045532226562e+00,4.829417228698730469e+00,6.188509941101074219e+00,1.184559249877929688e+01,8.795639991760253906e+00,-2.420892715454101562e-01,-5.597393035888671875e+00,-5.324797153472900391e+00,-7.825912237167358398e-01,1.010734081268310547e+00,-9.253576397895812988e-01,-3.116101503372192383e+00,-6.405783176422119141e+00,-2.536173343658447266e+00,2.460843801498413086e+00,1.167068243026733398e+00,2.377907037734985352e+00,7.067756652832031250e+00,8.187003135681152344e+00,6.018915653228759766e+00,-4.690128564834594727e-01,-5.153595447540283203e+00,3.482448458671569824e-01,2.801375865936279297e+00,-1.828680515289306641e+00,-4.689377307891845703e+00,-5.169444561004638672e+00,-4.619588851928710938e+00,-6.356673240661621094e+00,-1.028112030029296875e+01,-8.035203933715820312e+00,-6.376641273498535156e+00,-3.034869432449340820e+00,4.465944290161132812e+00,7.356842517852783203e+00,8.153242111206054688e+00,7.974474906921386719e+00,6.090108871459960938e+00,3.535754203796386719e+00,5.117166519165039062e+00,7.847576141357421875e+00,2.004995584487915039e+00,-1.321370244026184082e+00,2.457023620605468750e+00,4.625237464904785156e+00,3.353372573852539062e+00,-4.079092025756835938e+00,8.590587973594665527e-01,-7.771334052085876465e-01,-2.972278833389282227e+00,-4.993066310882568359e+00,-4.913795471191406250e+00,-5.612875938415527344e+00,-4.310272216796875000e+00,-4.427771091461181641e+00,-3.920240163803100586e+00,-6.187981605529785156e+00,1.454566478729248047e+00,9.946207046508789062e+00,4.635960578918457031e+00,2.632123947143554688e+00,3.854341030120849609e+00,2.476540565490722656e+00,4.165124893188476562e+00,2.509040832519531250e+00,5.902652740478515625e-01,4.180221557617187500e+00,5.210770606994628906e+00,2.163219928741455078e+00,2.902209281921386719e+00,6.162195682525634766e+00,3.282430410385131836e+00,2.521053791046142578e+00,2.314173698425292969e+00,4.378500461578369141e+00,2.473655223846435547e+00,1.198613166809082031e+00,6.920592784881591797e-01,5.025797486305236816e-01,-6.140643358230590820e-01,-2.385323047637939453e-01,2.503620862960815430e+00,4.116298198699951172e+00,7.138389110565185547e+00,2.660843849182128906e+00,-4.521272778511047363e-01,1.486741185188293457e+00,1.895851612091064453e+00,3.290768146514892578e+00,3.378206729888916016e+00,5.333030700683593750e+00,5.105108261108398438e+00,-2.543523550033569336e+00,-2.497984409332275391e+00,-9.068262577056884766e-01,-6.163078308105468750e+00,-8.471373558044433594e+00,-5.966311454772949219e+00,1.646440029144287109e-01,3.345173597335815430e+00,1.924329102039337158e-01,-1.686217069625854492e+00,3.661274433135986328e+00,9.864815711975097656e+00,1.645809555053710938e+01,1.427204322814941406e+01,1.393951320648193359e+01,1.712113952636718750e+01,1.853694915771484375e+01,8.939349174499511719e+00,7.715611457824707031e+00,1.006143951416015625e+01,7.329532623291015625e+00,-1.004847764968872070e+00,-7.578553676605224609e+00,-8.033408164978027344e+00,-3.173505306243896484e+00,3.655077517032623291e-01,4.776130199432373047e+00,1.072009754180908203e+01,6.586468696594238281e+00,-4.374775886535644531e-01,-6.761192798614501953e+00,-4.064240455627441406e+00,-2.784677743911743164e+00,1.376208543777465820e+00,-9.275114536285400391e-02,-4.390597343444824219e-02,2.718045234680175781e+00,5.464236736297607422e-01,6.921450495719909668e-01,-9.319458007812500000e-01,-2.742714881896972656e+00,-2.230997323989868164e+00,6.991215944290161133e-01,-2.274960279464721680e-02,-1.899661660194396973e+00,6.429640293121337891e+00,9.643080711364746094e+00,1.135614013671875000e+01,1.171345710754394531e+01,1.212758827209472656e+01,1.119421958923339844e+01,1.279417705535888672e+01,1.585175132751464844e+01,8.239224433898925781e+00,4.299717903137207031e+00,7.527979373931884766e+00,7.450071811676025391e+00,1.540072679519653320e+00,-8.729127883911132812e+00,-1.156741237640380859e+01,-3.017324924468994141e+00,5.450967788696289062e+00,1.025097179412841797e+01,8.192901611328125000e+00,4.179821968078613281e+00,-2.051983177661895752e-01,-6.528590917587280273e-01,4.196343421936035156e+00,3.016437530517578125e+00,1.643916368484497070e+00,1.340414285659790039e+00,2.762378454208374023e+00,3.410581827163696289e+00,3.876379132270812988e-01,-2.304747581481933594e+00,-2.029007196426391602e+00,-2.824806213378906250e+00,-4.129275321960449219e+00,-1.813436508178710938e+00,-1.241722822189331055e+00,-9.042786955833435059e-01,1.705993652343750000e+00,4.190364360809326172e+00,5.376721382141113281e+00,5.096576690673828125e+00,7.798630237579345703e+00,7.252158641815185547e+00,3.435409307479858398e+00,5.581527709960937500e+00,7.303841590881347656e+00,5.873062610626220703e+00,4.083490848541259766e+00,1.930986642837524414e+00,-3.003010153770446777e-02,2.414798736572265625e-02,6.248407840728759766e+00,8.412937164306640625e+00,3.092154026031494141e+00,6.419786810874938965e-01,2.543463468551635742e+00,6.552599906921386719e+00,9.825666427612304688e+00,6.705947875976562500e+00,4.599462509155273438e+00,3.341896533966064453e+00,4.225695133209228516e+00,3.896334648132324219e+00,2.132342338562011719e+00,8.435813188552856445e-01,-5.230845212936401367e-01,1.990803480148315430e+00,-6.635876893997192383e-01,-3.219604492187500000e-01,1.636519432067871094e+00,2.898793697357177734e+00,4.186749935150146484e+00,4.888027608394622803e-01,1.578193902969360352e-01,2.933941125869750977e+00,4.996623516082763672e+00,5.406711101531982422e-01,2.432883739471435547e+00,3.338462114334106445e+00,-1.879371404647827148e+00,-1.102451562881469727e+00,-1.371781826019287109e-01,-4.837393760681152344e-02,-7.369172573089599609e-01,-1.622919917106628418e+00,1.832295179367065430e+00,6.763169765472412109e+00,2.857921361923217773e+00,1.259125709533691406e+00,1.919775009155273438e+00,3.677602529525756836e+00,7.361979484558105469e+00,4.746864318847656250e+00,6.246843814849853516e+00,4.898850917816162109e+00,9.005029678344726562e+00,1.285500621795654297e+01,1.043009567260742188e+01,8.990544319152832031e+00,5.205480098724365234e+00,6.105656623840332031e+00,1.202658748626708984e+01,7.135596275329589844e+00,2.293160915374755859e+00,2.875572204589843750e+00,6.352278709411621094e+00,1.136040973663330078e+01,1.221059131622314453e+01,7.501256942749023438e+00,1.094217777252197266e+01,5.235152244567871094e+00,5.694786071777343750e+00,2.270612955093383789e+00,1.512293934822082520e+00,1.047966003417968750e+00,-1.889262318611145020e+00,-1.737184643745422363e+00,-2.321102142333984375e+00,-9.996744990348815918e-01,-9.615600705146789551e-01,2.515207767486572266e+00,2.404954195022583008e+00,-3.858651399612426758e+00,-3.007069587707519531e+00,3.603046894073486328e+00,5.884646892547607422e+00,6.123236656188964844e+00,3.696980476379394531e+00,3.328616142272949219e+00,-1.771458268165588379e+00,9.474641680717468262e-01,2.665652036666870117e+00,-7.457275390625000000e-01,9.458056092262268066e-01,-1.598793566226959229e-01,8.890599012374877930e-01,3.668824434280395508e+00,4.462545871734619141e+00,1.907559394836425781e+00,4.372457861900329590e-01,2.827560424804687500e+00,5.840914726257324219e+00,8.135510444641113281e+00,3.477916240692138672e+00,3.742218971252441406e+00,3.626954555511474609e+00,6.430115699768066406e+00,2.968068122863769531e+00,-6.121220588684082031e-01,-5.051554203033447266e+00,-8.398665428161621094e+00,-5.144335746765136719e+00,-3.178276062011718750e+00,-3.599234580993652344e+00,-5.949014663696289062e+00,-3.879057645797729492e+00,7.581282854080200195e-01,6.699723720550537109e+00,7.759464263916015625e+00,1.129126358032226562e+01,1.025895690917968750e+01,8.229560852050781250e+00,1.156772232055664062e+01,1.659952545166015625e+01,1.873835372924804688e+01,2.125342750549316406e+01,2.358415222167968750e+01,1.739807701110839844e+01,1.227332210540771484e+01,9.700336456298828125e+00,1.438337898254394531e+01,1.590093040466308594e+01,1.055504512786865234e+01,1.715824508666992188e+01,1.137391281127929688e+01,9.179374694824218750e+00,7.161727905273437500e+00,2.662981033325195312e+00,3.149055957794189453e+00,1.637348771095275879e+00,8.831001281738281250e+00,9.779846191406250000e+00,7.030598640441894531e+00,7.415702819824218750e+00,2.137789487838745117e+00,-1.674319028854370117e+00,2.412229061126708984e+00,3.283994674682617188e+00,-1.512276172637939453e+00,-5.790146350860595703e+00,1.780696392059326172e+00,2.179928779602050781e+00,4.035768508911132812e+00,3.187024354934692383e+00,5.032236576080322266e+00,9.788385391235351562e+00,4.294836997985839844e+00,-2.341751575469970703e+00,-1.860213637351989746e+00,-1.763070106506347656e+00,-2.523091554641723633e+00,-2.392324447631835938e+00,9.536743164062500000e-03,3.475948333740234375e+00,1.276825666427612305e+00,3.857093334197998047e+00,4.294227600097656250e+00,2.777088642120361328e+00,2.011240482330322266e+00,-1.192508935928344727e-01,-1.979684591293334961e+00,-1.273630738258361816e+00,-6.696897506713867188e+00,-3.588111877441406250e+00,3.411836624145507812e+00,6.115497589111328125e+00,1.427746891975402832e+00,1.263363957405090332e+00,2.330410242080688477e+00,1.690862894058227539e+00,-1.842592120170593262e+00,1.320788621902465820e+00,5.397127866744995117e-01,-3.557534217834472656e+00,-3.198498487472534180e-02,3.670223236083984375e+00,2.361752748489379883e+00,6.109802246093750000e+00,1.306404113769531250e+01,8.583965301513671875e+00,4.201882362365722656e+00,-2.560546398162841797e-01,-1.108294963836669922e+00,1.483413934707641602e+00,5.725153923034667969e+00,8.990607261657714844e+00,5.336465835571289062e+00,2.128819227218627930e+00,6.836675167083740234e+00,4.277111053466796875e+00,3.294678449630737305e+00,7.792881488800048828e+00,5.715764999389648438e+00,3.595091819763183594e+00,1.033085727691650391e+01,1.174214458465576172e+01,8.871087074279785156e+00,7.289418697357177734e+00,6.816290855407714844e+00,1.891193628311157227e+00,1.294703364372253418e+00,1.687620401382446289e+00,-5.334734916687011719e+00,-7.411800861358642578e+00,-6.441974639892578125e+00,-6.396684646606445312e+00,-1.517748713493347168e+00,2.422607421875000000e+00,1.493907570838928223e+00,3.164104938507080078e+00,-7.924440503120422363e-01,-2.576978445053100586e+00,1.737643241882324219e+00,7.570524692535400391e+00,1.012793254852294922e+01,8.569990158081054688e+00,1.107069969177246094e+01,1.344823455810546875e+01,8.337148666381835938e+00,8.921113610267639160e-01,1.428519248962402344e+00,6.328363418579101562e+00,3.132898807525634766e+00,4.171093940734863281e+00,3.193340778350830078e+00,3.117699623107910156e-01,1.687543153762817383e+00,7.746687412261962891e+00,5.790134429931640625e+00,1.498169779777526855e+00,-1.280479729175567627e-01,8.073207139968872070e-01,4.480452060699462891e+00,5.586860179901123047e+00,6.130546569824218750e+00,-2.209957599639892578e+00,-1.515014410018920898e+00,3.970852851867675781e+00,-1.435979604721069336e+00,1.652698397636413574e+00,3.179453313350677490e-01,7.414948940277099609e-02,-1.502938628196716309e+00,-2.454236030578613281e+00,-2.028927326202392578e+00,-3.997547030448913574e-01,-1.049135684967041016e+00,-4.241893291473388672e+00,5.017615556716918945e-01,4.331931591033935547e+00,7.649878501892089844e+00,7.321188926696777344e+00,4.881270408630371094e+00,9.786687850952148438e+00,4.354561805725097656e+00,6.187889575958251953e-01,1.160509705543518066e+00,9.504826068878173828e-01,6.574831485748291016e+00,6.886279106140136719e+00,6.059238433837890625e+00,5.923912048339843750e+00,3.756051063537597656e+00,5.248214244842529297e+00,3.529057025909423828e+00,1.218251228332519531e+00,2.566606998443603516e+00,3.971589803695678711e+00,1.506691873073577881e-01,-4.389298439025878906e+00,-2.670034646987915039e+00,-3.562000274658203125e+00,8.209017515182495117e-01,5.746638298034667969e+00,4.675230979919433594e+00,6.982653617858886719e+00,4.999219894409179688e+00,-1.731728196144104004e+00,-4.857193470001220703e+00,-7.581451416015625000e+00,6.836850047111511230e-01,9.677757263183593750e+00,1.076084518432617188e+01,1.139784812927246094e+01,1.747902488708496094e+01,1.977311897277832031e+01,1.056920909881591797e+01,3.402568817138671875e+00,-1.386867880821228027e+00,-5.569013595581054688e+00,4.548210620880126953e+00,8.078623771667480469e+00,1.046914577484130859e+01,8.055143356323242188e+00,-2.878870964050292969e-01,7.874770760536193848e-01,3.268844127655029297e+00,1.247047185897827148e-01,-3.515958786010742188e-02,-1.116886377334594727e+00,-2.153220415115356445e+00,-7.055524349212646484e+00,-1.129890632629394531e+01,-7.568824768066406250e+00,5.720438361167907715e-01,1.206113910675048828e+01,1.403983306884765625e+01,7.707570075988769531e+00,3.471492052078247070e+00,6.781280994415283203e+00,3.119078159332275391e+00,2.501926183700561523e+00,3.396181821823120117e+00,3.109354972839355469e+00,5.043382644653320312e+00,9.336488723754882812e+00,7.724918842315673828e+00,6.012463569641113281e+00,2.806462645530700684e-01,7.173862934112548828e+00,1.450001716613769531e+01,1.622185516357421875e+01,1.532822132110595703e+01,1.475617027282714844e+01,8.241677284240722656e+00,1.077467727661132812e+01,1.473547935485839844e+01,1.553330230712890625e+01,1.935499191284179688e+01,2.207807731628417969e+01,2.065644645690917969e+01,1.541531276702880859e+01,7.026595115661621094e+00,7.420324325561523438e+00,6.449448585510253906e+00,1.068773508071899414e+00,5.879215240478515625e+00,7.246998786926269531e+00,7.752494215965270996e-01,4.750752449035644531e+00,8.448563575744628906e+00,8.185579299926757812e+00,7.413870811462402344e+00,7.362484931945800781e+00,3.948183059692382812e-01,-5.257486104965209961e-01,5.689617156982421875e+00,1.112514495849609375e+01,1.130167388916015625e+01,7.666296958923339844e+00,9.471725463867187500e+00,1.012392330169677734e+01,3.633864879608154297e+00,2.086510658264160156e-01,7.000667572021484375e+00,5.333670139312744141e+00,5.499452590942382812e+00,5.266614913940429688e+00,2.980372190475463867e+00,-4.246555328369140625e+00,-7.715826988220214844e+00,-1.191018104553222656e+01,-1.282842922210693359e+01,-9.248664855957031250e+00,-6.546699523925781250e+00,-9.815147399902343750e+00,-5.295920372009277344e+00,-2.862402796745300293e-02,1.989763259887695312e+00,1.262317448854446411e-01,8.495315313339233398e-01,-1.938614368438720703e+00,-6.966772079467773438e+00,-4.601828098297119141e+00,-1.822441697120666504e+00,-6.654113531112670898e-01,-6.219651699066162109e-01,5.320071220397949219e+00,4.100028991699218750e+00,5.885894298553466797e-01,-8.715174794197082520e-01,-1.850126028060913086e+00,-9.347999095916748047e-02,-1.247834801673889160e+00,1.157208800315856934e+00,-1.698004603385925293e+00,2.862224340438842773e+00,-3.959470093250274658e-01,2.380278825759887695e+00,5.685104370117187500e+00,2.916147708892822266e+00,2.906851768493652344e+00,5.948913574218750000e+00,2.196211099624633789e+00,8.606638312339782715e-01,1.782032251358032227e+00,8.946870565414428711e-01,3.146009206771850586e+00,5.349492073059082031e+00,2.365973472595214844e+00,-1.585563421249389648e+00,-4.344393253326416016e+00,2.834293127059936523e+00,2.155898809432983398e+00,-1.624251365661621094e+00,-3.585466384887695312e+00,-5.378810882568359375e+00,-2.259647369384765625e+00,-4.829460144042968750e+00,-2.975965738296508789e+00,-4.223950386047363281e+00,1.134665489196777344e+00,2.543072223663330078e+00,2.624487638473510742e+00,3.864369153976440430e+00,5.871769428253173828e+00,2.828967809677124023e+00,5.516448497772216797e+00,7.164875984191894531e+00,5.779628753662109375e+00,9.821504592895507812e+00,8.199254989624023438e+00,4.826920986175537109e+00,-8.988077640533447266e-01,-1.769074201583862305e-01,5.471785068511962891e+00,5.866527557373046875e+00,4.304157257080078125e+00,1.892727613449096680e-02,3.227936029434204102e+00,7.300977706909179688e+00,8.047555923461914062e+00,9.251398086547851562e+00,1.526404261589050293e+00,5.198844432830810547e+00,4.812104701995849609e+00,4.915418624877929688e+00,7.533925533294677734e+00,7.927314758300781250e+00,6.804987907409667969e+00,5.180194377899169922e+00,2.213186979293823242e+00,4.162714004516601562e+00,6.465000152587890625e+00,4.891737937927246094e+00,2.267839193344116211e+00,5.151065826416015625e+00,6.988178253173828125e+00,9.152078628540039062e+00,4.881683349609375000e+00,-1.126059174537658691e+00,-1.191483259201049805e+00,4.643591880798339844e+00,8.345569610595703125e+00,9.085065841674804688e+00,7.807162284851074219e+00,4.805130004882812500e+00,1.163325786590576172e+00,4.409176349639892578e+00,2.736238241195678711e+00,-3.065901041030883789e+00,-2.280837059020996094e+00,-2.606509208679199219e+00,-6.923525333404541016e+00,-1.195104217529296875e+01,-6.834505558013916016e+00,-9.974828362464904785e-01,2.724735498428344727e+00,6.103831291198730469e+00,4.738607406616210938e+00,2.947477579116821289e+00,1.875366568565368652e+00,2.381132125854492188e+00,2.642259120941162109e+00,3.839093923568725586e+00,-3.918406069278717041e-01,-6.711474418640136719e+00,1.613827347755432129e-01,1.463028430938720703e+00,2.176501750946044922e+00,2.365927696228027344e+00,1.749186754226684570e+00,3.659168481826782227e+00,1.043207168579101562e+00,5.243043422698974609e+00,8.280908584594726562e+00,7.668289184570312500e+00,6.492930054664611816e-01,8.892609596252441406e+00,1.543106842041015625e+01,1.257874202728271484e+01,4.995457172393798828e+00,6.763924598693847656e+00,4.785199642181396484e+00,2.773834705352783203e+00,4.608721733093261719e-01,4.955054759979248047e+00,9.681671142578125000e+00,4.656263351440429688e+00,3.059753894805908203e+00,6.847527027130126953e+00,8.244947433471679688e+00,8.948198318481445312e+00,1.014498710632324219e+01,9.242015838623046875e+00,1.161679649353027344e+01,1.066233062744140625e+01,6.076664924621582031e+00,4.146054744720458984e+00,9.295195579528808594e+00,1.351595020294189453e+01,6.373000144958496094e+00,3.511548519134521484e+00,1.667508006095886230e+00,1.251404285430908203e+00,1.408237338066101074e+00,-1.352026224136352539e+00,-4.934434890747070312e+00,-2.286301612854003906e+00,6.255001068115234375e+00,9.193950653076171875e+00,1.191742992401123047e+01,9.715258598327636719e+00,2.783696651458740234e+00,1.589065313339233398e+00,-2.825952768325805664e-01,-9.936512112617492676e-01,1.426747441291809082e+00,8.204149007797241211e-01,4.719921112060546875e+00,6.788679599761962891e+00,5.038321495056152344e+00,6.181845188140869141e+00,1.169649124145507812e+00,9.281085729598999023e-01,1.525491714477539062e+00,3.290798664093017578e-01,3.392797946929931641e+00,3.699455976486206055e+00,2.862538576126098633e+00,1.004590797424316406e+01,9.500904083251953125e+00,1.054679679870605469e+01,1.308775806427001953e+01,1.319935607910156250e+01,1.343074035644531250e+01,9.432931900024414062e+00,5.664302825927734375e+00,1.169486618041992188e+01,7.715844631195068359e+00,5.072783470153808594e+00,1.111376762390136719e+01,1.568785762786865234e+01,1.284090042114257812e+01,1.086265087127685547e+01,9.757329940795898438e+00,4.342493534088134766e+00,5.117556571960449219e+00,7.868745803833007812e+00,9.523683547973632812e+00,1.255128097534179688e+01,1.390289402008056641e+01,1.513221359252929688e+01,6.957724571228027344e+00,4.618827342987060547e+00,7.833938121795654297e+00,5.221852302551269531e+00,3.198251724243164062e+00,4.063594818115234375e+00,1.019998645782470703e+01,9.269583702087402344e+00,7.996481895446777344e+00,1.706860733032226562e+01,1.396695518493652344e+01,1.263023757934570312e+01,1.363011932373046875e+01,1.205209064483642578e+01,1.350519657135009766e+01,1.052686595916748047e+01,1.093179512023925781e+01,1.086772251129150391e+01,1.030047798156738281e+01,6.940538406372070312e+00,1.087298870086669922e+01,1.148647308349609375e+01,9.486848831176757812e+00,1.025667953491210938e+01,1.077571868896484375e+01,7.869159698486328125e+00,9.486682891845703125e+00,1.021960926055908203e+01,8.220096588134765625e+00,9.743114471435546875e+00,7.733665466308593750e+00,5.654632568359375000e+00,6.054434299468994141e+00,6.937311172485351562e+00,7.110581398010253906e+00,5.682921409606933594e+00,2.042108774185180664e+00,3.247920036315917969e+00,8.561640739440917969e+00,7.658503055572509766e+00,2.131875753402709961e+00,2.912645816802978516e+00,7.418714523315429688e+00,4.354626655578613281e+00,1.174118995666503906e+00,-2.172688484191894531e+00,3.772334456443786621e-01,-5.388467907905578613e-01,-5.395076751708984375e+00,-1.716630697250366211e+00,-4.209253787994384766e+00,-4.889344215393066406e+00,-7.816935777664184570e-01,-3.773186683654785156e+00,-7.821131706237792969e+00,-2.228875160217285156e+00,1.105441331863403320e+00,8.001197814941406250e+00,5.480933189392089844e+00,5.873935699462890625e+00,1.531339263916015625e+01,1.940604019165039062e+01,1.418910503387451172e+01,1.031541252136230469e+01,8.116083145141601562e+00,4.567366600036621094e+00,1.323999524116516113e+00,4.913002490997314453e+00,1.811582183837890625e+01,2.786136054992675781e+01,2.435957717895507812e+01,2.112142753601074219e+01,1.061960983276367188e+01,3.439900636672973633e+00,-1.147470474243164062e-01,-2.505562543869018555e+00,-6.281144022941589355e-01,8.003886222839355469e+00,1.154929256439208984e+01,1.709339141845703125e+01,2.064288902282714844e+01,1.544253921508789062e+01,1.339650154113769531e+01,1.031030368804931641e+01,1.059503459930419922e+01,8.828878402709960938e+00,8.878510475158691406e+00,1.529983997344970703e+00,2.715797185897827148e+00,-6.839406490325927734e-01,-3.723292589187622070e+00,1.664985895156860352e+00,6.902297019958496094e+00,4.807118773460388184e-01,-6.411551833152770996e-01,-2.633517742156982422e+00,-5.367374420166015625e+00,-1.772749185562133789e+00,-8.066984415054321289e-01,2.195248842239379883e+00,-2.790570497512817383e+00,4.072857856750488281e+00,6.360672950744628906e+00,3.524853706359863281e+00,1.568138599395751953e+00,-2.803090572357177734e+00,-4.007102012634277344e+00,-1.017063140869140625e+01,-1.001527786254882812e+01,-2.585341453552246094e+00,7.591112852096557617e-01,4.240413665771484375e+00,5.901093006134033203e+00,-1.850982904434204102e-01,-2.542638301849365234e+00,-1.868349790573120117e+00,-2.039408206939697266e+00,5.878016948699951172e-01,2.072217464447021484e+00,7.509250640869140625e-01,-6.983742713928222656e+00,-7.067637443542480469e+00,-3.430083990097045898e+00,2.068426609039306641e+00,7.778231620788574219e+00,8.087871551513671875e+00,1.028702354431152344e+01,1.072847652435302734e+01,1.025510215759277344e+01,8.329149246215820312e+00,1.007868409156799316e+00,-1.324621319770812988e+00,4.913053512573242188e+00,6.616140365600585938e+00,3.461047410964965820e+00,2.977611064910888672e+00,2.815612792968750000e+00,2.272920846939086914e+00,4.366490542888641357e-01,6.245919704437255859e+00,2.227600336074829102e+00,2.435085773468017578e+00,2.016364574432373047e+00,3.748175144195556641e+00,1.615985751152038574e+00,-8.177585005760192871e-01,6.729363441467285156e+00,8.094552993774414062e+00,6.406162261962890625e+00,8.498893737792968750e+00,1.033210659027099609e+01,4.037884235382080078e+00,3.433161258697509766e+00,4.117324829101562500e+00,-7.000718712806701660e-01,-2.210145711898803711e+00,2.282944202423095703e+00,4.667429924011230469e+00,2.688226699829101562e+00,5.889831542968750000e+00,4.159741878509521484e+00,7.553453445434570312e+00,1.209265518188476562e+01,1.350380516052246094e+01,1.058203983306884766e+01,6.318864345550537109e+00,-2.129320859909057617e+00,-4.181795597076416016e+00,-1.004198789596557617e+00,2.424716472625732422e+00,8.038455009460449219e+00,8.692991256713867188e+00,1.011456298828125000e+01,6.362223625183105469e+00,8.316518783569335938e+00,1.020355033874511719e+01,1.080233478546142578e+01,1.542021656036376953e+01,1.379714393615722656e+01,1.066318702697753906e+01,1.158059692382812500e+01,9.257724761962890625e+00,9.300847053527832031e-01,4.267661094665527344e+00,8.078422546386718750e+00,2.744760990142822266e+00,-1.356620788574218750e+00,3.401851654052734375e+00,1.337615299224853516e+01,1.566378402709960938e+01,1.257412528991699219e+01,1.040799427032470703e+01,8.613643646240234375e+00,1.805336713790893555e+00,-5.322269439697265625e+00,-6.435461997985839844e+00,-1.098999595642089844e+01,-8.872605323791503906e+00,-5.217776298522949219e+00,3.777013421058654785e-01,-6.560763359069824219e+00,-5.401381492614746094e+00,-2.159627437591552734e+00,-2.822659015655517578e-01,-2.762737989425659180e+00,-5.311688423156738281e+00,-1.214553356170654297e+00,1.725351333618164062e+00,2.155965328216552734e+00,2.061249256134033203e+00,1.633046150207519531e+00,4.089042663574218750e+00,7.472612380981445312e+00,7.605972290039062500e+00,4.294926166534423828e+00,5.867452621459960938e+00,9.766764640808105469e+00,4.181036472320556641e+00,4.160790443420410156e+00,9.053003311157226562e+00,1.006030464172363281e+01,8.307151794433593750e+00,7.696353912353515625e+00,8.496801376342773438e+00,6.214023113250732422e+00,3.826978921890258789e+00,6.782439231872558594e+00,4.421643733978271484e+00,1.002758741378784180e+00,3.227031707763671875e+00,7.363688945770263672e+00,7.948544979095458984e+00,8.956490516662597656e+00,1.251238346099853516e+01,1.193268585205078125e+01,9.107940673828125000e+00,7.480448722839355469e+00,1.444238471984863281e+01,1.574988937377929688e+01,7.019382953643798828e+00,8.880002975463867188e+00,1.440775489807128906e+01,1.824676513671875000e+01,1.440219497680664062e+01,8.741714477539062500e+00,3.045177459716796875e+00,-1.410245895385742188e+00,-1.065033078193664551e-01,3.818424224853515625e+00,6.711333274841308594e+00,8.704926490783691406e+00,3.213478565216064453e+00,8.985044479370117188e+00,1.503469753265380859e+01,1.260653781890869141e+01,1.814478111267089844e+01,2.118557548522949219e+01,1.706578445434570312e+01,7.622542381286621094e+00,5.954767704010009766e+00,5.634924888610839844e+00,2.345846891403198242e+00,2.577493667602539062e+00,1.235285282135009766e+00,3.244311332702636719e+00,2.087260723114013672e+00,-4.652739524841308594e+00,-1.039379119873046875e+01,-6.217618942260742188e+00,-6.983588695526123047e+00,-3.259231090545654297e+00,6.486069202423095703e+00,8.651351928710937500e+00,7.057656288146972656e+00,7.731139183044433594e+00,2.222116947174072266e+00,3.339027404785156250e+00,2.234018325805664062e+00,-1.816732525825500488e+00,2.965186834335327148e+00,8.138961791992187500e+00,1.458035850524902344e+01,8.839788436889648438e+00,5.887397766113281250e+00,4.567991256713867188e+00,4.220782279968261719e+00,3.056412935256958008e+00,6.019861221313476562e+00,8.164632797241210938e+00,4.315809726715087891e+00,4.679132938385009766e+00,6.984592437744140625e+00,4.248342990875244141e+00,2.760778903961181641e+00,6.416676640510559082e-01,2.857321977615356445e+00,6.473343849182128906e+00,8.194372177124023438e+00,4.897181510925292969e+00,-3.476710617542266846e-01,3.205331802368164062e+00,1.082687950134277344e+01,9.241829872131347656e+00,6.979182243347167969e+00,6.881139755249023438e+00,7.347173213958740234e+00,2.978879928588867188e+00,2.889645338058471680e+00,1.672454714775085449e+00,9.129137039184570312e+00,1.946029281616210938e+01,2.177888107299804688e+01,2.348006439208984375e+01,2.104035949707031250e+01,1.757052612304687500e+01,1.207518386840820312e+01,7.783213615417480469e+00,1.408030700683593750e+01,1.082381248474121094e+01,1.358930778503417969e+01,1.570332527160644531e+01,1.388596534729003906e+01,1.344742584228515625e+01,1.018739795684814453e+01,1.172958660125732422e+01,8.908622741699218750e+00,6.612529754638671875e+00,4.340686321258544922e+00,6.114861488342285156e+00,6.157989501953125000e+00,3.048061847686767578e+00,2.109998464584350586e+00,3.225856781005859375e+00,2.740818500518798828e+00,1.880213022232055664e+00,1.344808697700500488e+00,4.895481109619140625e+00,1.118425083160400391e+01,9.180454254150390625e+00,3.826562404632568359e+00,-2.601875066757202148e-01,-1.561400175094604492e+00,9.365991353988647461e-01,-1.469999313354492188e+00,2.064593553543090820e+00,9.148447036743164062e+00,9.193634033203125000e+00,4.971258163452148438e+00,2.223221540451049805e+00,3.032748699188232422e+00,8.237733840942382812e+00,1.307126903533935547e+01,1.359831619262695312e+01,1.318021583557128906e+01,1.171982002258300781e+01,9.804975509643554688e+00,1.071005344390869141e+01,1.264659690856933594e+01,9.899000167846679688e+00,3.936858892440795898e+00,1.573748350143432617e+00,4.465672016143798828e+00,5.768003463745117188e+00,5.516708374023437500e+00,2.790922164916992188e+00,1.618463635444641113e+00,2.832145690917968750e+00,7.315527915954589844e+00,8.083209037780761719e+00,5.473802089691162109e+00,-1.771933555603027344e+00,1.639116525650024414e+00,6.328401565551757812e+00,5.712610244750976562e+00,1.070763397216796875e+01,1.436891460418701172e+01,7.904480457305908203e+00,-1.176733136177062988e+00,-1.796176314353942871e+00,7.745491266250610352e-01,8.547233581542968750e+00,6.626644134521484375e+00,9.648744583129882812e+00,8.640922546386718750e+00,2.846643447875976562e+00,5.390510559082031250e+00,6.864374160766601562e+00,9.588117599487304688e+00,1.075874996185302734e+01,1.036919975280761719e+01,6.947991847991943359e+00,-1.042057156562805176e+00,-6.043426036834716797e+00,-7.955162525177001953e+00,-6.549074053764343262e-01,5.788755416870117188e+00,-3.825118780136108398e+00,-8.269096374511718750e+00,-6.089174747467041016e-02,8.532541275024414062e+00,1.057896137237548828e+01,3.416489362716674805e+00,1.346021652221679688e+00,3.252527713775634766e+00,3.854523658752441406e+00,4.384061694145202637e-01,6.667931079864501953e+00,1.200341606140136719e+01,1.772580337524414062e+01,1.371726989746093750e+01,7.947087764739990234e+00,4.783073425292968750e+00,1.602903366088867188e+00,2.642394602298736572e-01,-1.989716291427612305e+00,2.986854553222656250e+00,4.151267051696777344e+00,5.490053653717041016e+00,7.105222225189208984e+00,5.337907791137695312e+00,3.096940517425537109e+00,-2.768053531646728516e+00,-6.357010364532470703e+00,-4.472478866577148438e+00,-8.268165588378906250e+00,-3.913558483123779297e+00,-2.220862865447998047e+00,3.713155984878540039e+00,1.024529457092285156e+01,8.182826995849609375e+00,3.873373508453369141e+00,3.184468984603881836e+00,4.545351028442382812e+00,3.945354938507080078e+00,1.077913093566894531e+01,9.945994377136230469e+00,4.887893676757812500e+00,5.029644012451171875e+00,7.174555778503417969e+00,8.269118309020996094e+00,7.522211074829101562e+00,-1.082907199859619141e+00,-1.972645640373229980e+00,1.966468691825866699e+00,4.225115776062011719e+00,3.530878782272338867e+00,1.145522212982177734e+01,1.757057952880859375e+01,1.586837005615234375e+01,1.243697929382324219e+01,1.202874469757080078e+01,5.521270751953125000e+00,1.376065969467163086e+00,-2.108518481254577637e-01,-2.155341625213623047e+00,1.661148667335510254e+00,-3.629423975944519043e-01,-9.366177320480346680e-01,1.861321210861206055e+00,3.626000404357910156e+00,4.177315711975097656e+00,5.252963066101074219e+00,2.154507875442504883e+00,6.983405590057373047e+00,8.829547882080078125e+00,8.589883804321289062e+00,2.871833801269531250e+00,-7.318370342254638672e-01,-1.255734443664550781e+00,1.755912065505981445e+00,4.028977870941162109e+00,5.845715522766113281e+00,5.043555259704589844e+00,7.160283088684082031e+00,6.636623382568359375e+00,2.605855703353881836e+00,4.633576393127441406e+00,4.770022392272949219e+00,3.405811309814453125e+00,4.265786170959472656e+00,5.492062091827392578e+00,5.259119033813476562e+00,6.676723480224609375e+00,1.738996982574462891e+00,-4.642199516296386719e+00,-1.781990528106689453e-01,7.623085975646972656e+00,5.447464466094970703e+00,1.567840337753295898e+00,5.006697177886962891e+00,5.532951354980468750e+00,1.680400609970092773e+00,2.861453771591186523e+00,4.400655746459960938e+00,1.120017290115356445e+00,-3.187251091003417969e+00,-3.589448451995849609e+00,5.300477981567382812e+00,1.258934974670410156e+01,1.403075408935546875e+01,1.146887397766113281e+01,1.363126277923583984e+01,1.558427810668945312e+01,1.203447341918945312e+01,7.065934181213378906e+00,5.389837265014648438e+00,7.192457675933837891e+00,6.525279045104980469e+00,1.111764621734619141e+01,1.024215126037597656e+01,7.291404724121093750e+00,8.953905105590820312e+00,1.043962955474853516e+01,5.432862281799316406e+00,-3.415772914886474609e+00,-7.123564720153808594e+00,4.223251819610595703e+00,7.094262123107910156e+00,5.441390037536621094e+00,9.956400871276855469e+00,9.303485870361328125e+00,7.769329547882080078e+00,6.191070556640625000e+00,9.466518402099609375e+00,6.033614158630371094e+00,3.157546043395996094e+00,4.112320899963378906e+00,4.638407707214355469e+00,-7.106796503067016602e-01,-3.442082881927490234e+00,8.782132863998413086e-01,5.410097122192382812e+00,1.075275611877441406e+01,1.143503475189208984e+01,1.082447147369384766e+01,8.405105590820312500e+00,7.377964973449707031e+00,9.017593383789062500e+00,6.853077888488769531e+00,4.058646202087402344e+00,8.038603782653808594e+00,1.295564460754394531e+01,2.006673240661621094e+01,2.311797523498535156e+01,2.779202079772949219e+01,3.064822387695312500e+01,2.494412040710449219e+01,1.739234924316406250e+01,1.108149337768554688e+01,9.624328613281250000e+00,1.312744140625000000e+01,1.597763824462890625e+01,1.519083690643310547e+01,1.906685256958007812e+01,1.588514709472656250e+01,1.475896167755126953e+01,2.019034194946289062e+01,2.042049407958984375e+01,1.203525352478027344e+01,3.221259593963623047e+00,4.461933135986328125e+00,7.509463310241699219e+00,5.371834754943847656e+00,4.129226207733154297e+00,7.447850704193115234e-01,2.812210798263549805e+00,-3.298570632934570312e+00,-1.305120944976806641e+00,5.955124855041503906e+00,3.601681232452392578e+00,1.622367024421691895e+00,-3.934646606445312500e+00,-1.224301338195800781e+00,-1.460980653762817383e+00,-4.937109470367431641e+00,-2.974562406539916992e+00,-2.234961748123168945e+00,-4.854121208190917969e-01,2.468239307403564453e+00,3.663888931274414062e+00,6.314868450164794922e+00,6.478895187377929688e+00,4.431075572967529297e+00,4.795285701751708984e+00,6.342652320861816406e+00,1.460400223731994629e-01,1.798501849174499512e+00,-9.188195466995239258e-01,-1.496541976928710938e+00,-1.188755273818969727e+00,-8.409034013748168945e-01,-4.417517781257629395e-01,-2.402340888977050781e+00,-1.174602866172790527e+00,-1.239458084106445312e+00,1.761384725570678711e+00,-3.250091075897216797e+00,-4.689689636230468750e+00,-1.768048167228698730e+00,7.864384055137634277e-01,4.247466564178466797e+00,1.126340675354003906e+01,1.181367492675781250e+01,6.131014823913574219e+00,7.307925224304199219e+00,1.374566078186035156e+01,1.694537544250488281e+01,1.049779891967773438e+01,1.127197360992431641e+01,1.028954219818115234e+01,6.330391883850097656e+00,4.584646701812744141e+00,2.637237071990966797e+00,2.823354244232177734e+00,2.345143318176269531e+00,1.187304401397705078e+01,1.430553436279296875e+01,1.534684944152832031e+01,1.250282096862792969e+01,1.221622943878173828e+01,1.444693374633789062e+01,1.504048824310302734e+01,1.705221939086914062e+01,6.214580059051513672e+00,-8.165599107742309570e-01,1.461858272552490234e+00,8.127885818481445312e+00,7.550034523010253906e+00,2.169406890869140625e+00,1.472612023353576660e-01,5.970140933990478516e+00,1.000931358337402344e+01,1.092358970642089844e+01,1.576168155670166016e+01,1.525011157989501953e+01,1.087255954742431641e+01,1.245945262908935547e+01,7.813800334930419922e+00,4.312268257141113281e+00,8.791799545288085938e+00,1.109630489349365234e+01,7.533424377441406250e+00,6.286356925964355469e+00,2.598772525787353516e+00,3.969300746917724609e+00,5.858244895935058594e+00,4.022838592529296875e+00,8.843050003051757812e+00,9.666978836059570312e+00,5.350181579589843750e+00,4.295617103576660156e+00,9.322502136230468750e+00,1.058664894104003906e+01,9.381190299987792969e+00,9.221498489379882812e+00,7.806547164916992188e+00,5.902156829833984375e+00,6.999275207519531250e+00,6.227982521057128906e+00,6.220545172691345215e-01,-5.393678665161132812e+00,-3.713902711868286133e+00,2.765480279922485352e+00,-1.430532693862915039e+00,1.372599601745605469e+00,-5.747166275978088379e-01,-3.441844940185546875e+00,-2.946869373321533203e+00,-4.775956630706787109e+00,-4.895170688629150391e+00,-9.940458297729492188e+00,-5.256139755249023438e+00,-7.067209243774414062e+00,-1.225840759277343750e+01,-7.777802467346191406e+00,-5.800728797912597656e+00,-8.631198406219482422e-01,-1.285195708274841309e+00,3.746958971023559570e+00,5.756615638732910156e+00,8.268732070922851562e+00,4.388311386108398438e+00,5.083108901977539062e+00,8.550986289978027344e+00,1.153588962554931641e+01,1.069470882415771484e+01,1.070928382873535156e+01,1.049182128906250000e+01,1.477299880981445312e+01,1.218660926818847656e+01,6.215992927551269531e+00,-1.954538822174072266e+00,-4.646665573120117188e+00,-1.713135242462158203e+00,1.600087165832519531e+00,3.689902424812316895e-01,1.051863431930541992e+00,3.491589069366455078e+00,5.141430854797363281e+00,5.784653663635253906e+00,4.350895881652832031e+00,7.896952629089355469e+00,2.778143644332885742e+00,5.031299591064453125e-02,-1.345261573791503906e+00,1.580526828765869141e+00,2.617388725280761719e+00,4.382315635681152344e+00,3.042747020721435547e+00,3.263209342956542969e+00,6.750962257385253906e+00,4.931665897369384766e+00,4.384462356567382812e+00,6.461682319641113281e+00,3.782242298126220703e+00,2.859264850616455078e+00,3.020142078399658203e+00,5.527919769287109375e+00,4.950841903686523438e+00,1.386575889587402344e+01,8.161457061767578125e+00,6.975851058959960938e+00,7.511506557464599609e+00,5.140966415405273438e+00,8.287862539291381836e-01,-1.307185649871826172e+00,-1.054544806480407715e+00,-6.898456811904907227e-01,7.923149108886718750e+00,1.020861911773681641e+01,1.142661476135253906e+01,1.407763671875000000e+01,1.163415718078613281e+01,7.710807323455810547e+00,6.173966884613037109e+00,3.459708690643310547e-01,-1.895233988761901855e-01,2.755998849868774414e+00,1.728460907936096191e+00,5.267760276794433594e+00,5.172805786132812500e+00,5.902823448181152344e+00,3.715979099273681641e+00,-2.663009166717529297e+00,-4.355286598205566406e+00,-2.838802814483642578e+00,-2.914525985717773438e+00,2.911208868026733398e+00,8.064151763916015625e+00,6.137114524841308594e+00,2.353194475173950195e+00,6.378698348999023438e+00,5.953413963317871094e+00,5.213797569274902344e+00,7.464100360870361328e+00,4.367147445678710938e+00,5.484572887420654297e+00,1.140144348144531250e+01,1.343754386901855469e+01,5.578784465789794922e+00,-9.809608459472656250e-01,-1.858059525489807129e+00,-3.393131494522094727e-01,9.157199859619140625e+00,1.541844749450683594e+01,1.431708908081054688e+01,3.555502414703369141e+00,5.541632175445556641e+00,6.875875473022460938e+00,9.122234344482421875e+00,9.562259674072265625e+00,4.374173164367675781e+00,6.842771530151367188e+00,1.599411296844482422e+01,1.486388015747070312e+01,1.118522071838378906e+01,1.197445106506347656e+01,1.241009330749511719e+01,7.234398841857910156e+00,1.802319645881652832e+00,6.371058464050292969e+00,6.881314754486083984e+00,7.197927951812744141e+00,8.975788116455078125e+00,6.985658645629882812e+00,1.224981975555419922e+01,9.392210006713867188e+00,6.795397758483886719e+00,8.859624862670898438e+00,8.899202346801757812e+00,4.901772975921630859e+00,4.839252471923828125e+00,4.088664531707763672e+00,1.657363891601562500e+00,3.676715850830078125e+00,3.569904088973999023e+00,4.566255092620849609e+00,6.255588054656982422e+00,6.019075393676757812e+00,6.291653633117675781e+00,7.210161209106445312e+00,3.172301292419433594e+00,1.013433074951171875e+01,1.508778190612792969e+01,1.499756622314453125e+01,5.847046852111816406e+00,3.636899471282958984e+00,4.631787300109863281e+00,1.087451553344726562e+01,1.195179939270019531e+01,8.534849166870117188e+00,9.636886596679687500e+00,1.256031036376953125e+01,1.476670074462890625e+01,1.322878360748291016e+01,1.707645797729492188e+01,1.897348403930664062e+01,9.483489990234375000e+00,1.390501213073730469e+01,1.584201526641845703e+01,1.478471374511718750e+01,1.179687595367431641e+01,1.385543632507324219e+01,1.846869659423828125e+01,2.085003280639648438e+01,1.710887908935546875e+01,1.033563613891601562e+01,8.233682632446289062e+00,1.189801025390625000e+01,1.213478755950927734e+01,1.166401100158691406e+01,1.617150115966796875e+01,1.331810760498046875e+01,6.348703384399414062e+00,1.798310995101928711e+00,5.032863616943359375e+00,7.846742630004882812e+00,6.946332454681396484e+00,6.654008865356445312e+00,8.544272422790527344e+00,1.192036247253417969e+01,1.293519115447998047e+01,2.102399444580078125e+01,1.514876651763916016e+01,3.659625530242919922e+00,6.680989742279052734e+00,7.248583316802978516e+00,5.786170482635498047e+00,8.892793655395507812e+00,6.716893196105957031e+00,4.900802612304687500e+00,1.104241371154785156e+00,3.105276823043823242e+00,4.452742099761962891e+00,5.973675251007080078e+00,2.196473836898803711e+00,7.927335739135742188e+00,1.047417068481445312e+01,1.007430672645568848e+00,-2.845925331115722656e+00,4.789573848247528076e-01,1.694081115722656250e+01,2.319630813598632812e+01,2.037778472900390625e+01,1.931014060974121094e+01,2.099293518066406250e+01,2.019411087036132812e+01,1.683626174926757812e+01,1.420206260681152344e+01,1.162143611907958984e+01,9.293702125549316406e+00,1.065491199493408203e+01,1.175074195861816406e+01,5.466605186462402344e+00,3.259492158889770508e+00,7.344150543212890625e+00,8.296757698059082031e+00,7.015032768249511719e+00,1.101786041259765625e+01,1.578081512451171875e+01,1.219654083251953125e+01,1.210975265502929688e+01,1.239861583709716797e+01,2.854668378829956055e+00,7.203643798828125000e+00,1.164862918853759766e+01,7.237969875335693359e+00,9.637620925903320312e+00,1.079134941101074219e+01,1.017151069641113281e+01,5.974086761474609375e+00,9.830381393432617188e+00,1.362727355957031250e+01,1.625147628784179688e+01,1.112190818786621094e+01,5.926475524902343750e+00,-4.152897834777832031e+00,-6.324506759643554688e+00,-5.493414878845214844e+00,-3.929347515106201172e+00,1.445888280868530273e+00,4.114680767059326172e+00,4.354156017303466797e+00,3.671167373657226562e+00,3.741948366165161133e+00,1.767665386199951172e+00,5.287168025970458984e+00,4.416809082031250000e+00,6.038424968719482422e+00,4.870427131652832031e+00,3.213577508926391602e+00,1.136332452297210693e-01,4.718061447143554688e+00,8.311190605163574219e+00,5.755666732788085938e+00,3.927040100097656250e-01,2.609566926956176758e+00,5.566543579101562500e+00,5.685817241668701172e+00,5.525073051452636719e+00,4.016734123229980469e+00,2.243045806884765625e+00,4.213276863098144531e+00,5.042917251586914062e+00,3.161034584045410156e+00,6.099099636077880859e+00,8.997463226318359375e+00,6.107116699218750000e+00,5.083085060119628906e+00,3.229581594467163086e+00,1.207505226135253906e+00,-1.648686885833740234e+00,-1.368920803070068359e-01,-2.904023885726928711e+00,1.100014090538024902e+00,1.048770141601562500e+01,4.346323966979980469e+00,9.513988494873046875e+00,1.159831047058105469e+01,7.811472892761230469e+00,1.191828346252441406e+01,1.236795711517333984e+01,1.242151069641113281e+01,6.973457336425781250e+00,2.977177619934082031e+00,3.166414022445678711e+00,6.061996459960937500e+00,6.359830856323242188e+00,1.150489044189453125e+01,1.592802238464355469e+01,2.030573463439941406e+01,1.911484146118164062e+01,1.067517375946044922e+01,9.693246841430664062e+00,1.028529262542724609e+01,1.237741565704345703e+01,7.467937469482421875e+00,5.343275070190429688e+00,8.379181861877441406e+00,1.215816688537597656e+01,1.114066314697265625e+01,-1.896457195281982422e+00,-3.446564435958862305e+00,2.897731065750122070e-01,-5.189930915832519531e+00,-9.984725713729858398e-01,3.854500055313110352e+00,1.482365727424621582e+00,3.218420505523681641e+00,7.384134292602539062e+00,1.454445123672485352e+00,6.639270782470703125e-01,3.407114267349243164e+00,-5.970573425292968750e-02,-4.023880958557128906e+00,3.520179271697998047e+00,8.805685043334960938e+00,1.172397613525390625e+01,8.624808311462402344e+00,-3.867095470428466797e+00,-1.861988425254821777e+00,1.752940297126770020e+00,3.404882669448852539e+00,3.770583629608154297e+00,1.816215515136718750e+00,3.388769626617431641e+00,4.618222236633300781e+00,2.914768695831298828e+00,4.825241565704345703e+00,3.746688365936279297e+00,4.907126426696777344e+00,-2.432950019836425781e+00,2.116259098052978516e+00,9.431190490722656250e+00,5.810044765472412109e+00,5.155646324157714844e+00,6.039857864379882812e+00,1.784718036651611328e+00,-3.994112014770507812e+00,-6.832883358001708984e+00,-3.717007637023925781e-01,2.298626899719238281e+00,5.443236351013183594e+00,1.290676879882812500e+01,1.429310989379882812e+01,9.420394897460937500e+00,7.839897155761718750e+00,8.846297264099121094e+00,4.158126354217529297e+00,2.118890762329101562e+00,4.586933612823486328e+00,9.734729766845703125e+00,1.142871856689453125e+01,1.339219379425048828e+01,1.473690986633300781e+01,1.093343162536621094e+01,9.191415786743164062e+00,1.066977882385253906e+01,8.836676597595214844e+00,8.462654113769531250e+00,9.962175369262695312e+00,1.088035392761230469e+01,9.808525085449218750e+00,1.125156974792480469e+01,1.103779411315917969e+01,8.311475753784179688e+00,4.763271331787109375e+00,3.018345594406127930e+00,-1.918455362319946289e-01,-2.926732540130615234e+00,-5.277586460113525391e+00,5.351636409759521484e-01,5.922228693962097168e-01,4.995758056640625000e+00,1.181620216369628906e+01,1.510506057739257812e+01,1.471234798431396484e+01,1.358949089050292969e+01,1.500094413757324219e+01,1.256611633300781250e+01,8.941679000854492188e+00,7.380395889282226562e+00,-1.741261959075927734e+00,-7.873139858245849609e+00,-6.328913688659667969e+00,-1.290620088577270508e+00,5.158085346221923828e+00,9.387026786804199219e+00,1.174403667449951172e+01,6.441503524780273438e+00,6.944543838500976562e+00,6.223121166229248047e+00,3.416636705398559570e+00,7.746546745300292969e+00,1.009424018859863281e+01,1.452965831756591797e+01,9.204536437988281250e+00,2.188803672790527344e+00,6.298542022705078125e+00,7.855495452880859375e+00,3.713315248489379883e+00,3.145032167434692383e+00,4.274186611175537109e+00,8.503789901733398438e+00,5.948200225830078125e+00,4.226343631744384766e-01,-7.379812747240066528e-02,-9.819834232330322266e-01,1.469872713088989258e+00,4.959611892700195312e+00,6.393157482147216797e+00,1.544555664062500000e+00,-2.756011486053466797e-01,1.304955601692199707e+00,2.851062536239624023e+00,5.143798828125000000e+00,4.544728279113769531e+00,1.682509660720825195e+00,2.142483472824096680e+00,2.026532292366027832e-01,-2.823960781097412109e+00,-2.586499214172363281e+00,3.229728341102600098e-01,3.294884443283081055e+00,7.439741492271423340e-01,-6.189909934997558594e+00,3.215190172195434570e+00,1.560204505920410156e+01,1.691538810729980469e+01,1.697856712341308594e+01,1.655872917175292969e+01,8.809663772583007812e+00,5.316713333129882812e+00,6.290147781372070312e+00,1.231851959228515625e+01,7.195553779602050781e+00,1.938132762908935547e+00,3.210007190704345703e+00,5.106684684753417969e+00,1.135621905326843262e+00,2.070399761199951172e+00,9.252830743789672852e-01,-2.230859279632568359e+00,-4.165758490562438965e-01,6.082620620727539062e+00,1.899100184440612793e+00,-1.115399599075317383e-01,-3.712573528289794922e+00,-8.506546020507812500e+00,-7.391998767852783203e+00,1.810213565826416016e+00,3.711447715759277344e+00,3.238825798034667969e+00,-2.555364370346069336e-02,-5.599916458129882812e+00,-3.125630378723144531e+00,1.003982782363891602e+00,1.385896205902099609e+00,2.953186750411987305e+00,7.954583644866943359e+00,7.744197845458984375e+00,5.506030082702636719e+00,6.780274391174316406e+00,9.042682647705078125e+00,9.742236137390136719e+00,4.056553840637207031e+00,4.199698448181152344e+00,9.445606470108032227e-01,7.790431976318359375e-01,8.196868896484375000e+00,1.101673221588134766e+01,1.147146415710449219e+01,1.380115890502929688e+01,1.173422050476074219e+01,1.314727401733398438e+01,7.106394767761230469e+00,7.956189632415771484e+00,1.318133735656738281e+01,1.133551788330078125e+01,8.015774726867675781e+00,8.343826293945312500e+00,8.036388397216796875e+00,6.657203197479248047e+00,4.237051963806152344e+00,2.893614530563354492e+00,3.282170057296752930e+00,6.603253364562988281e+00,1.365346908569335938e+01,1.484879112243652344e+01,1.400860118865966797e+01,1.227383232116699219e+01,9.622091293334960938e+00,9.545391082763671875e+00,1.039823150634765625e+01,1.008447170257568359e+01,4.381376743316650391e+00,4.355262756347656250e+00,6.670842766761779785e-01,-8.573478460311889648e-01,-1.614359617233276367e-01,4.987658262252807617e-01,-7.932493686676025391e-01,1.097218036651611328e+00,5.761935234069824219e+00,-2.954852819442749023e+00,-9.511390686035156250e+00,-1.117038154602050781e+01,-1.359618377685546875e+01,-1.451085472106933594e+01,-1.006471157073974609e+01,-8.082383155822753906e+00,-5.217099189758300781e+00,1.429152965545654297e+00,4.335272312164306641e-01,9.107834815979003906e+00,1.501312828063964844e+01,2.075938034057617188e+01,2.043702697753906250e+01,1.419950866699218750e+01,1.194484996795654297e+01,9.383722305297851562e+00,4.359287738800048828e+00,-4.063250124454498291e-02,1.739932537078857422e+00,4.896755218505859375e+00,3.995192050933837891e+00,6.410429954528808594e+00,1.335892677307128906e+01,6.487143516540527344e+00,4.066610336303710938e+00,3.037731170654296875e+00,-1.017006278038024902e+00,2.148274898529052734e+00,6.642239570617675781e+00,6.071321487426757812e+00,2.890295028686523438e+00,2.187948703765869141e+00,2.889751791954040527e-01,-1.447769641876220703e+00,-6.125333309173583984e+00,6.377292871475219727e-01,5.018257617950439453e+00,5.005499362945556641e+00,6.250855922698974609e-01,7.140341758728027344e+00,1.523230648040771484e+01,1.405120658874511719e+01,1.375714683532714844e+01,1.624020576477050781e+01,1.706582260131835938e+01,1.395959663391113281e+01,5.025395393371582031e+00,2.839593410491943359e+00,8.817604064941406250e+00,3.711267232894897461e+00,1.759334921836853027e+00,2.805341482162475586e+00,5.114365577697753906e+00,-2.651596069335937500e+00,3.303079843521118164e+00,8.011606216430664062e+00,7.729438781738281250e+00,9.375166893005371094e+00,6.520032882690429688e+00,6.026574134826660156e+00,6.803873062133789062e+00,9.747352600097656250e+00,1.023713684082031250e+01,1.268386173248291016e+01,1.567000961303710938e+01,1.508331298828125000e+01,4.760463714599609375e+00,2.682499408721923828e+00,5.720742225646972656e+00,3.012209892272949219e+00,2.711551427841186523e+00,6.784844875335693359e+00,9.384020805358886719e+00,1.209023666381835938e+01,2.212859344482421875e+01,2.565430068969726562e+01,2.297102928161621094e+01,1.744976043701171875e+01,1.656457519531250000e+01,1.521695518493652344e+01,1.478261184692382812e+01,-9.191793203353881836e-02,-9.234848022460937500e+00,-1.451056599617004395e+00,5.377759933471679688e-01,3.456211090087890625e+00,8.742185592651367188e+00,1.789559245109558105e+00,-4.515286922454833984e+00,-4.823810577392578125e+00,7.030327320098876953e-01,6.517151355743408203e+00,1.089805698394775391e+01,7.597267150878906250e+00,6.331377983093261719e+00,-1.031812548637390137e+00,-7.933785438537597656e+00,-4.773344039916992188e+00,-2.865265369415283203e+00,1.697384834289550781e+00,5.595335960388183594e+00,7.145813941955566406e+00,1.166224670410156250e+01,1.105729293823242188e+01,6.315235137939453125e+00,-2.320458412170410156e+00,-2.528305053710937500e+00,2.823170423507690430e+00,6.945718765258789062e+00,6.241764545440673828e+00,5.113875389099121094e+00,4.527225494384765625e+00,9.267275333404541016e-01,2.324764490127563477e+00,3.046899795532226562e+00,8.790716171264648438e+00,1.206036376953125000e+01,1.216582489013671875e+01,7.454797744750976562e+00,8.203519821166992188e+00,8.754241943359375000e+00,8.272369384765625000e+00,6.790856361389160156e+00,1.032032203674316406e+01,1.564139556884765625e+01,1.290718269348144531e+01,1.445308876037597656e+01,1.077111911773681641e+01,4.775754928588867188e+00,6.407961845397949219e+00,5.748324394226074219e+00,5.933612823486328125e+00,7.010686874389648438e+00,6.704749107360839844e+00,8.367058753967285156e+00,1.201680755615234375e+01,9.708114624023437500e+00,1.080601501464843750e+01,8.775879859924316406e+00,1.181066632270812988e+00,8.679744005203247070e-01,1.762133121490478516e+00,3.622491836547851562e+00,6.363162040710449219e+00,8.843332290649414062e+00,8.139698028564453125e+00,4.814899921417236328e+00,2.706642150878906250e+00,-8.625389337539672852e-01,-2.983055830001831055e+00,-1.605628371238708496e+00,3.817700386047363281e+00,5.646592378616333008e-01,-7.875245094299316406e+00,-1.147735500335693359e+01,-5.453473091125488281e+00,-4.650078773498535156e+00,-5.120646476745605469e+00,-1.269898414611816406e-01,1.383749389648437500e+01,1.643573760986328125e+01,1.336768054962158203e+01,1.494334793090820312e+01,1.574841022491455078e+01,1.919589996337890625e+01,2.391873931884765625e+01,1.912890815734863281e+01,1.272230339050292969e+01,1.433969116210937500e+01,1.456609344482421875e+01,1.057791328430175781e+01,6.395418167114257812e+00,4.660332679748535156e+00,2.491514444351196289e+00,7.469257116317749023e-01,8.643326163291931152e-01,4.524133682250976562e+00,4.673069000244140625e+00,2.848825454711914062e-01,-1.041999220848083496e+00,-3.247061252593994141e+00,7.814444303512573242e-01,6.020309448242187500e+00,1.051244258880615234e+00,5.750153064727783203e-01,-8.426272869110107422e-01,-2.662601947784423828e+00,4.765880584716796875e+00,-8.268219828605651855e-01,-6.358184814453125000e+00,-8.629556655883789062e+00,-4.589999675750732422e+00,-2.237699508666992188e+00,-2.450208425521850586e+00,-4.637664556503295898e-02,-2.903881549835205078e+00,-4.662950515747070312e+00,-2.772341012954711914e+00,-6.340383887290954590e-01,-2.570167541503906250e+00,-7.911298871040344238e-01,-1.503824710845947266e+00,-3.377170562744140625e+00,-4.095382690429687500e-01,2.731222152709960938e+00,5.114449501037597656e+00,6.069672584533691406e+00,1.020227050781250000e+01,7.532284736633300781e+00,1.034708595275878906e+01,1.525545692443847656e+01,1.288363075256347656e+01,5.152083396911621094e+00,-1.542086124420166016e+00,-5.967421531677246094e+00,-7.163609504699707031e+00,-5.695847511291503906e+00,-5.615451812744140625e+00,-3.135267257690429688e+00,-2.745184898376464844e+00,1.440436124801635742e+00,-2.177176475524902344e-01,-5.163515090942382812e+00,-4.848956584930419922e+00,-2.021957933902740479e-01,1.646496772766113281e+00,1.833680868148803711e+00,-2.654542922973632812e+00,-1.728731036186218262e+00,7.135609149932861328e+00,7.628791809082031250e+00,7.420219898223876953e+00,8.148730278015136719e+00,-5.674080848693847656e-01,-2.735463857650756836e+00,-5.427175521850585938e+00,-2.723675966262817383e+00,-1.760006189346313477e+00,-4.102954387664794922e+00,2.029562234878540039e+00,-5.455571413040161133e-02,1.250983953475952148e+00,2.612816095352172852e+00,5.803600788116455078e+00,8.136997222900390625e+00,5.402492046356201172e+00,6.073690414428710938e+00,2.948487520217895508e+00,1.462130665779113770e+00,4.667656898498535156e+00,6.417217731475830078e+00,3.793893575668334961e+00,1.512349009513854980e+00,5.859189987182617188e+00,1.182457542419433594e+01,8.445207595825195312e+00,3.595565557479858398e+00,3.013650655746459961e+00,9.599285125732421875e+00,1.165617370605468750e+01,8.733009338378906250e+00,1.229150581359863281e+01,9.476427078247070312e+00,9.826162338256835938e+00,7.269791603088378906e+00,8.926296234130859375e+00,9.782901763916015625e+00,1.174481391906738281e+01,7.577383995056152344e+00,1.216409683227539062e+01,1.216734886169433594e+01,1.189380836486816406e+01,1.675353431701660156e+01,1.129625320434570312e+01,1.275613212585449219e+01,8.945716857910156250e+00,5.870916366577148438e+00,8.722346305847167969e+00,9.309047698974609375e+00,9.913331985473632812e+00,9.125629425048828125e+00,1.198318290710449219e+01,7.299386978149414062e+00,5.976985454559326172e+00,9.721427917480468750e+00,1.038833427429199219e+01,9.135828971862792969e+00,6.250541687011718750e+00,5.271170616149902344e+00,5.723456859588623047e+00,9.750728607177734375e+00,9.487719535827636719e+00,6.684771060943603516e+00,4.498604297637939453e+00,4.559547901153564453e+00,2.042311429977416992e+00,2.860412359237670898e+00,6.603817939758300781e+00,9.216732025146484375e+00,6.003828048706054688e+00,5.973979949951171875e+00,4.905404090881347656e+00,-4.386818408966064453e-01,3.885934829711914062e+00,4.832145214080810547e+00,8.678457260131835938e+00,1.176711750030517578e+01,8.900152206420898438e+00,8.384543418884277344e+00,7.232869148254394531e+00,7.682420253753662109e+00,1.029342842102050781e+01,1.163304710388183594e+01,6.441755771636962891e+00,2.073264598846435547e+00,5.444927692413330078e+00,-2.552512884140014648e-01,1.246807813644409180e+00,6.404363155364990234e+00,8.819789886474609375e+00,1.047321319580078125e+01,9.672317504882812500e+00,8.576353073120117188e+00,2.907653331756591797e+00,7.851716995239257812e+00,6.336266040802001953e+00,5.132339000701904297e+00,8.995470046997070312e+00,5.504466056823730469e+00,4.631677627563476562e+00,7.003079891204833984e+00,6.138381004333496094e+00,8.744882583618164062e+00,7.106053352355957031e+00,6.842836380004882812e+00,4.487565517425537109e+00,3.849478483200073242e+00,6.744032859802246094e+00,5.179397106170654297e+00,6.821109771728515625e+00,4.759458541870117188e+00,1.752732396125793457e+00,3.896539688110351562e+00,7.738305091857910156e+00,4.677248477935791016e+00,4.034367561340332031e+00,4.590305328369140625e+00,8.975587844848632812e+00,8.552314758300781250e+00,9.006701469421386719e+00,1.359458255767822266e+01,1.374798393249511719e+01,1.355059242248535156e+01,1.356906890869140625e+01,1.338046360015869141e+01,1.282796669006347656e+01,1.013026618957519531e+01,6.454880714416503906e+00,8.420488357543945312e+00,8.138777732849121094e+00,8.968378067016601562e+00,7.476627349853515625e+00,8.157652854919433594e+00,8.683934211730957031e+00,7.319821357727050781e+00,1.218780422210693359e+01,1.231112861633300781e+01,8.807288169860839844e+00,1.490486335754394531e+01,2.076198196411132812e+01,2.211792373657226562e+01,2.249032974243164062e+01,2.557102203369140625e+01,2.571740722656250000e+01,2.486814498901367188e+01,2.541114997863769531e+01,2.029416275024414062e+01,1.247384071350097656e+01,1.040689945220947266e+01,9.811004638671875000e+00,1.819025611877441406e+01,2.346288490295410156e+01,1.863427352905273438e+01,1.161305999755859375e+01,1.384994506835937500e+01,5.854318618774414062e+00,7.295847892761230469e+00,7.871001720428466797e+00,5.423231124877929688e+00,5.999201774597167969e+00,6.889957427978515625e+00,6.701282501220703125e+00,8.356566429138183594e+00,9.979266166687011719e+00,1.054788017272949219e+01,1.040035247802734375e+01,8.399435997009277344e+00,8.568645477294921875e+00,1.584849643707275391e+01,1.434145736694335938e+01,1.289166545867919922e+01,1.683841514587402344e+01,2.133023452758789062e+01,1.899405288696289062e+01,1.276817321777343750e+01,1.636364746093750000e+01,1.380160045623779297e+01,8.447554588317871094e+00,7.878323554992675781e+00,8.745986938476562500e+00,3.162693738937377930e+00,1.325700283050537109e+00,1.212476348876953125e+01,1.503359031677246094e+01,5.595474243164062500e+00,1.786993741989135742e+00,1.136095142364501953e+01,1.652371788024902344e+01,1.530562019348144531e+01,1.232724952697753906e+01,1.013754844665527344e+01,9.311058044433593750e+00,7.116313934326171875e+00,3.989201545715332031e+00,2.962659597396850586e+00,-5.337066054344177246e-01,-3.375166654586791992e-01,-1.488450169563293457e+00,3.991340994834899902e-01,7.194933891296386719e+00,1.016382694244384766e+01,1.411037826538085938e+01,7.187705516815185547e+00,7.743163108825683594e-01,7.045869827270507812e+00,9.755302429199218750e+00,9.920206069946289062e+00,8.676406860351562500e+00,7.044107437133789062e+00,2.268175840377807617e+00,-3.621791601181030273e+00,1.015965104103088379e+00,1.067278265953063965e+00,2.119944393634796143e-01,-2.723396062850952148e+00,-6.422077178955078125e+00,-2.425719022750854492e+00,9.678217172622680664e-01,7.287776470184326172e-01,-5.873923301696777344e-01,-1.244507312774658203e+00,1.694612145423889160e+00,-1.432174921035766602e+00,-6.682451248168945312e+00,-2.740621566772460938e+00,-1.376109838485717773e+00,6.332319259643554688e+00,1.159207534790039062e+01,7.334547042846679688e+00,6.958926200866699219e+00,3.866411209106445312e+00,3.222163677215576172e+00,3.374403953552246094e+00,1.458488702774047852e-01,-1.523702621459960938e+00,-1.486627101898193359e+00,-5.178352832794189453e+00,-1.307646274566650391e+00,1.844114542007446289e+00,2.788877487182617188e+00,5.152088642120361328e+00,5.775342583656311035e-01,4.484910964965820312e+00,7.188847064971923828e+00,3.406245470046997070e+00,8.456120491027832031e+00,1.350186920166015625e+01,1.465134239196777344e+01,9.284679412841796875e+00,1.017577266693115234e+01,1.148628044128417969e+01,1.012119770050048828e+01,8.572231292724609375e+00,1.488739585876464844e+01,1.235436725616455078e+01,3.976103305816650391e+00,5.798391342163085938e+00,9.134987831115722656e+00,1.552197265625000000e+01,9.518357276916503906e+00,7.351844310760498047e+00,1.407929420471191406e+01,1.354009819030761719e+01,1.055913352966308594e+01,7.717790603637695312e+00,6.690751075744628906e+00,6.774791717529296875e+00,1.226034164428710938e+01,2.070515823364257812e+01,2.330368423461914062e+01,2.291847229003906250e+01,2.760591316223144531e+01,2.278437423706054688e+01,1.865472030639648438e+01,1.925515747070312500e+01,1.579124259948730469e+01,1.261228942871093750e+01,1.323814201354980469e+01,1.398655414581298828e+01,7.803856849670410156e+00,-1.855964303016662598e+00,-5.766829252243041992e-01,-3.326592445373535156e+00,-1.812538623809814453e+00,5.080049037933349609e+00,7.404339790344238281e+00,9.721581459045410156e+00,1.449362945556640625e+01,1.214397430419921875e+01,4.252490520477294922e+00,2.992029190063476562e+00,6.282837867736816406e+00,1.407554626464843750e+01,1.766094207763671875e+01,1.940614318847656250e+01,1.101921939849853516e+01,8.332286834716796875e+00,7.317016601562500000e+00,1.015731620788574219e+01,1.253203868865966797e+01,1.273095512390136719e+01,1.609695434570312500e+01,1.586168766021728516e+01,1.168564414978027344e+01,1.728488159179687500e+01,2.152553939819335938e+01,1.942610931396484375e+01,1.549644374847412109e+01,1.217113876342773438e+01,1.017655944824218750e+01,1.179971885681152344e+01,1.297962379455566406e+01,9.228397369384765625e+00,4.130299568176269531e+00,4.761368632316589355e-01,3.650354862213134766e+00,5.657357692718505859e+00,9.039640426635742188e+00,1.440233612060546875e+01,9.467775344848632812e+00,6.417898178100585938e+00,1.215513992309570312e+01,1.509309577941894531e+01,2.074364852905273438e+01,1.880814361572265625e+01,1.825804519653320312e+01,1.671704483032226562e+01,1.863937377929687500e+01,1.464457511901855469e+01,1.161326789855957031e+01,1.149839305877685547e+01,1.679640579223632812e+01,1.999506378173828125e+01,1.922437477111816406e+01,1.738999366760253906e+01,8.633262634277343750e+00,1.101419639587402344e+01,1.239809226989746094e+01,1.149239730834960938e+01,8.862670898437500000e+00,9.097342491149902344e+00,8.447302818298339844e+00,8.038226127624511719e+00,1.639532661437988281e+01,1.630176544189453125e+01,1.503606891632080078e+01,1.343699836730957031e+01,1.098819828033447266e+01,1.347067260742187500e+01,1.681925964355468750e+01,1.127123451232910156e+01,7.506860733032226562e+00,5.624640941619873047e+00,5.545361995697021484e+00,8.443832397460937500e+00,6.920701980590820312e+00,7.871277332305908203e+00,1.113875770568847656e+01,1.290575790405273438e+01,1.291845893859863281e+01,1.120155334472656250e+01,1.381573009490966797e+01,1.501635742187500000e+01,1.141663837432861328e+01,1.296143150329589844e+01,1.898559951782226562e+01,2.272757148742675781e+01,2.454248809814453125e+01,1.864859390258789062e+01,1.799598312377929688e+01,2.063510704040527344e+01,1.698167037963867188e+01,9.293758392333984375e+00,4.453390598297119141e+00,4.472936630249023438e+00,2.562010049819946289e+00,3.783926010131835938e+00,-3.873996138572692871e-01,-6.308961868286132812e+00,-5.588698863983154297e+00,2.285890102386474609e+00,1.780291795730590820e+00,6.793793678283691406e+00,3.946342945098876953e+00,7.858782768249511719e+00,7.511891841888427734e+00,2.286394596099853516e+00,7.630084753036499023e-01,4.737301826477050781e+00,1.284440875053405762e+00,-2.973749160766601562e+00,-2.156332492828369141e+00,-2.529213428497314453e+00,4.119254589080810547e+00,7.034338951110839844e+00,4.467178821563720703e+00,4.171598911285400391e+00,5.641417980194091797e+00,6.403577804565429688e+00,3.006381034851074219e+00,8.375796079635620117e-01,2.532079696655273438e+00,-4.543538391590118408e-01,-1.411032676696777344e-01,2.886332273483276367e+00,6.055538177490234375e+00,6.911104679107666016e+00,4.844519138336181641e+00,-8.454723358154296875e-01,1.446810960769653320e+00,9.353061676025390625e+00,8.584058761596679688e+00,9.930959701538085938e+00,1.390706443786621094e+01,1.394869709014892578e+01,1.372257423400878906e+01,1.326782226562500000e+01,9.483821868896484375e+00,5.419165611267089844e+00,1.242663002014160156e+01,1.695131301879882812e+01,1.984842109680175781e+01,2.200248336791992188e+01,2.095523834228515625e+01,1.544349098205566406e+01,1.758517074584960938e+01,1.541983413696289062e+01,1.410405921936035156e+01,1.471827125549316406e+01,1.013472747802734375e+01,6.703862190246582031e+00,8.017293930053710938e+00,7.567505836486816406e+00,7.560535430908203125e+00,1.278947925567626953e+01,1.508103370666503906e+01,1.549128055572509766e+01,1.656492042541503906e+01,1.625122070312500000e+01,1.183722591400146484e+01,4.557289600372314453e+00,3.221708059310913086e+00,6.250828266143798828e+00,6.860894680023193359e+00,6.781519412994384766e+00,2.770965099334716797e+00,1.064088940620422363e+00,3.856615424156188965e-01,5.981707096099853516e+00,9.105353355407714844e+00,8.215180397033691406e+00,1.240757179260253906e+01,1.049141120910644531e+01,1.087091541290283203e+01,8.026065826416015625e+00,7.127330780029296875e+00,4.695938110351562500e+00,1.334620666503906250e+01,1.911106491088867188e+01,1.906412887573242188e+01,2.130900573730468750e+01,2.266897964477539062e+01,1.757531166076660156e+01,1.862163162231445312e+01,1.874189186096191406e+01,1.662828445434570312e+01,1.291339111328125000e+01,1.202233028411865234e+01,8.213421821594238281e+00,9.310211181640625000e+00,1.250857543945312500e+01,1.259172725677490234e+01,1.250835609436035156e+01,8.832107543945312500e+00,9.323722839355468750e+00,1.060450744628906250e+01,1.129978370666503906e+01,8.220919609069824219e+00,9.291629791259765625e+00,7.588622093200683594e+00,8.439897537231445312e+00,1.573101329803466797e+01,1.846429634094238281e+01,1.719860076904296875e+01,1.173211002349853516e+01,7.097826957702636719e+00,6.477943420410156250e+00,1.526218986511230469e+01,1.533663177490234375e+01,1.856114959716796875e+01,2.116176223754882812e+01,1.613215065002441406e+01,1.291372489929199219e+01,6.821980953216552734e+00,1.066399574279785156e+01,9.901378631591796875e+00,1.650176429748535156e+01,2.653713607788085938e+01,3.222114562988281250e+01,3.166720771789550781e+01,2.559951210021972656e+01,2.319085502624511719e+01,2.376487350463867188e+01,2.127873229980468750e+01,2.035347747802734375e+01,1.810880279541015625e+01,1.620722389221191406e+01,9.846246719360351562e+00,1.172430229187011719e+01,1.852483367919921875e+01,1.146363162994384766e+01,8.733386993408203125e+00,8.358351707458496094e+00,4.793885707855224609e+00,9.189067840576171875e+00,1.211535167694091797e+01,8.530425071716308594e+00,8.875263214111328125e+00,1.209460258483886719e+01,1.094951725006103516e+01,1.255617332458496094e+01,1.934487152099609375e+01,1.774366760253906250e+01,1.272348403930664062e+01,1.373019790649414062e+01,1.311499786376953125e+01,1.160404968261718750e+01,6.070172786712646484e+00,5.716987609863281250e+00,6.490851402282714844e+00,7.391474723815917969e+00,6.822311878204345703e+00,6.165763854980468750e+00,2.418864250183105469e+00,1.593397855758666992e+00,2.888944149017333984e+00,5.762953758239746094e+00,4.739745140075683594e+00,8.784317970275878906e+00,6.956023216247558594e+00,1.036508083343505859e+01,9.606452941894531250e+00,1.041004180908203125e+01,1.287988948822021484e+01,1.632591056823730469e+01,7.260995864868164062e+00,-1.775850057601928711e+00,2.728617906570434570e+00,5.467835426330566406e+00,3.562534809112548828e+00,1.146513557434082031e+01,1.660623931884765625e+01,1.559849452972412109e+01,1.626139640808105469e+01,1.713646697998046875e+01,1.414294624328613281e+01,8.985157012939453125e+00,9.581294059753417969e+00,7.017130851745605469e+00,3.743629455566406250e+00,5.407714843750000000e+00,6.533999443054199219e+00,6.590067386627197266e+00,2.383306980133056641e+00,8.237451553344726562e+00,1.051957988739013672e+01,1.182668685913085938e+01,1.485183238983154297e+01,1.354650878906250000e+01,9.096525192260742188e+00,1.040543174743652344e+01,8.836985588073730469e+00,8.392906188964843750e+00,5.414132595062255859e+00,4.956838607788085938e+00,4.009097576141357422e+00,6.251336097717285156e+00,5.364750862121582031e+00,8.895412445068359375e+00,1.436721515655517578e+01,2.049296188354492188e+01,2.369217300415039062e+01,2.273114013671875000e+01,2.065464019775390625e+01,1.772986984252929688e+01,2.058941841125488281e+01,2.097806549072265625e+01,1.929507064819335938e+01,2.445017242431640625e+01,2.152675628662109375e+01,1.783732223510742188e+01,1.415435600280761719e+01,4.955452919006347656e+00,-1.447953104972839355e+00,4.447453498840332031e+00,3.073036670684814453e+00,1.042634201049804688e+01,8.580509185791015625e+00,9.917485237121582031e+00,1.461529254913330078e+01,1.346891212463378906e+01,1.102267932891845703e+01,4.749609947204589844e+00,6.454796791076660156e+00,9.635932922363281250e+00,8.820299148559570312e+00,3.697210311889648438e+00,-1.563347697257995605e+00,-1.892528653144836426e+00,-2.231920719146728516e+00,1.821825504302978516e+00,2.628739356994628906e+00,2.590727090835571289e+00,5.937203168869018555e-01,-4.861001372337341309e-01,6.872405529022216797e+00,9.317371368408203125e+00,3.417388439178466797e+00,5.081783294677734375e+00,1.096333312988281250e+01,1.488448047637939453e+01,1.605113601684570312e+01,1.771898651123046875e+01,1.967443466186523438e+01,1.938560485839843750e+01,1.770973205566406250e+01,6.199188709259033203e+00,5.351256370544433594e+00,7.408723831176757812e+00,7.228336334228515625e+00,1.666240310668945312e+01,1.759015274047851562e+01,1.710023498535156250e+01,1.259108924865722656e+01,2.947794914245605469e+00,1.096563529968261719e+01,1.423867893218994141e+01,1.301897335052490234e+01,1.461476135253906250e+01,1.400639629364013672e+01,7.371395111083984375e+00,1.637507200241088867e+00,9.202493429183959961e-01,2.872317790985107422e+00,4.597036838531494141e+00,7.203729629516601562e+00,1.491213083267211914e+00,-7.992106914520263672e+00,-7.974198818206787109e+00,-8.702575683593750000e+00,-7.047486782073974609e+00,-2.072338581085205078e+00,-3.863329172134399414e+00,8.999544143676757812e+00,9.080961227416992188e+00,8.041677474975585938e+00,1.072222328186035156e+01,2.005434417724609375e+01,2.281346130371093750e+01,2.195412445068359375e+01,2.366281509399414062e+01,2.025855636596679688e+01,1.859573554992675781e+01,1.274710845947265625e+01,1.231259155273437500e+01,1.225525283813476562e+01,8.656425476074218750e+00,3.374264717102050781e+00,2.675570249557495117e-01,4.173101902008056641e+00,1.051310443878173828e+01,9.307859420776367188e+00,5.749124526977539062e+00,8.196937561035156250e+00,1.116801357269287109e+01,1.308057403564453125e+01,9.908163070678710938e+00,1.093313407897949219e+01,1.029466247558593750e+01,8.754492759704589844e+00,8.701156616210937500e+00,1.063395309448242188e+01,3.756110191345214844e+00,7.481873631477355957e-01,3.843854427337646484e+00,4.862585067749023438e+00,6.700256347656250000e+00,4.970549583435058594e+00,5.825174331665039062e+00,1.110091114044189453e+01,1.237100982666015625e+01,4.825827598571777344e+00,2.199503898620605469e+00,5.758296012878417969e+00,8.214014053344726562e+00,2.375999450683593750e+00,6.963494777679443359e+00,8.993464469909667969e+00,4.260060787200927734e+00,5.433866977691650391e+00,6.948961257934570312e+00,7.343814849853515625e+00,3.978121280670166016e+00,6.389145374298095703e+00,1.103248405456542969e+01,7.546073913574218750e+00,7.205785751342773438e+00,7.689937591552734375e+00,8.165390014648437500e+00,9.906692504882812500e+00,1.061562728881835938e+01,1.161698436737060547e+01,8.472229003906250000e+00,6.602659702301025391e+00,7.953246593475341797e+00,5.791358470916748047e+00,1.381434798240661621e+00,5.362287521362304688e+00,1.080301189422607422e+01,1.285492134094238281e+01,1.182247734069824219e+01,1.051168918609619141e+01,1.958743286132812500e+01,2.606610107421875000e+01,2.150332260131835938e+01,2.298899459838867188e+01,2.007162666320800781e+01,9.686082839965820312e+00,1.853938579559326172e+00,2.934023737907409668e-01,-1.739627718925476074e+00,-6.335467338562011719e+00,-9.397871971130371094e+00,-1.141707420349121094e+01,-9.323143005371093750e+00,-5.741093635559082031e+00,1.699651956558227539e+00,8.354974746704101562e+00,1.267887115478515625e+01,5.992094516754150391e+00,9.411354064941406250e+00,8.538040161132812500e+00,3.054131984710693359e+00,4.382552623748779297e+00,2.782106876373291016e+00,4.903455078601837158e-01,2.040141820907592773e+00,5.742704868316650391e-01,-1.956541657447814941e+00,1.534714698791503906e+00,6.366452217102050781e+00,3.292188644409179688e+00,2.163139581680297852e+00,3.221261501312255859e+00,1.139546990394592285e+00,3.331855773925781250e+00,4.051996231079101562e+00,1.318876862525939941e+00,-2.884654402732849121e-01,-1.394607543945312500e+00,-8.330878019332885742e-01,-2.228222846984863281e+00,-4.905157566070556641e+00,-2.242321968078613281e-01,-1.333086013793945312e+00,-1.229660987854003906e+00,2.649259567260742188e+00,2.230628490447998047e+00,5.342829227447509766e+00,6.035208702087402344e+00,5.578575134277343750e+00,8.845026969909667969e+00,1.132826042175292969e+01,9.697912216186523438e+00,1.045017242431640625e+01,1.152491188049316406e+01,6.778355598449707031e+00,4.731065273284912109e+00,-4.360837936401367188e+00,-6.511503219604492188e+00,-2.982441663742065430e+00,6.025671005249023438e+00,7.595296382904052734e+00,1.295061111450195312e+01,1.453324985504150391e+01,1.264733123779296875e+01,1.131481170654296875e+01,4.080338478088378906e+00,3.823826313018798828e-01,-5.679801940917968750e+00,-3.200369834899902344e+00,-8.250778913497924805e-01,-6.502306461334228516e-01,-1.865425825119018555e+00,-1.481888592243194580e-01,5.278931617736816406e+00,7.996334552764892578e+00,5.245061874389648438e+00,1.059125661849975586e+00,-1.663509130477905273e+00,-3.619177341461181641e-01,-2.136993408203125000e-01,6.590902328491210938e+00,6.508932113647460938e+00,3.897148132324218750e+00,6.367188453674316406e+00,-8.604783415794372559e-01,-8.834203481674194336e-01,-7.848524451255798340e-01,5.023061752319335938e+00,1.031698131561279297e+01,4.308331489562988281e+00,5.285695075988769531e+00,8.282358169555664062e+00,1.034280490875244141e+01,8.402413368225097656e+00,6.511467456817626953e+00,5.351424217224121094e+00,7.214900016784667969e+00,1.043832111358642578e+01,8.696510314941406250e+00,9.019232749938964844e+00,1.170148468017578125e+01,1.380862426757812500e+01,1.951771163940429688e+01,2.231884002685546875e+01,2.073612594604492188e+01,1.459725379943847656e+01,7.647951126098632812e+00,3.695341110229492188e+00,-1.098535060882568359e-01,1.327713966369628906e+01,1.052398777008056641e+01,4.847784996032714844e+00,5.758322715759277344e+00,6.861042022705078125e+00,7.078017711639404297e+00,2.910811424255371094e+00,8.657430648803710938e+00,1.116355514526367188e+01,6.518423080444335938e+00,6.077266693115234375e+00,1.169229698181152344e+01,1.158092117309570312e+01,5.388264656066894531e+00,4.802417159080505371e-01,1.810388326644897461e+00,5.786628723144531250e+00,5.278627395629882812e+00,6.425814628601074219e+00,4.811716079711914062e+00,3.567202091217041016e+00,2.497396230697631836e+00,4.732273101806640625e+00,3.424166917800903320e+00,-3.148741960525512695e+00,3.441372871398925781e+00,3.447110414505004883e+00,3.784604310989379883e+00,-5.589602470397949219e+00,-4.567375659942626953e+00,2.359740734100341797e+00,4.506596088409423828e+00,5.553936004638671875e+00,2.801573514938354492e+00,-2.271722793579101562e+00,-3.627934455871582031e+00,-3.376833438873291016e+00,-9.355230331420898438e+00,-4.999599933624267578e+00,6.354322433471679688e+00,8.740510940551757812e+00,8.583215713500976562e+00,4.918999195098876953e+00,4.234855651855468750e+00,1.149230122566223145e+00,1.301795244216918945e+00,-4.417259216308593750e+00,-1.036539673805236816e+00,5.114741802215576172e+00,3.908641338348388672e+00,8.629361152648925781e+00,9.561636924743652344e+00,1.441432952880859375e+01,1.393926811218261719e+01,3.986161231994628906e+00,3.967885732650756836e+00,-2.438890695571899414e+00,-7.283222198486328125e+00,-5.702772140502929688e+00,-4.859199047088623047e+00,-2.190508127212524414e+00,2.795284986495971680e-02,-4.270817637443542480e-01,2.752585411071777344e+00,4.469813346862792969e+00,1.679800868034362793e+00,5.269159078598022461e-01,3.037642002105712891e+00,1.231638431549072266e+00,1.474003076553344727e+00,4.089296817779541016e+00,1.014837551116943359e+01,1.231700897216796875e+01,9.103796005249023438e+00,3.980357885360717773e+00,-5.212908983230590820e-01,-2.298903942108154297e+00,-3.049384593963623047e+00,-6.020870685577392578e+00,-3.328272342681884766e+00,-3.271439075469970703e+00,-1.663676261901855469e+00,1.891664385795593262e+00,7.216792106628417969e+00,6.958930492401123047e+00,5.151745796203613281e+00,6.205995082855224609e+00,1.057205486297607422e+01,1.102494049072265625e+01,4.276875495910644531e+00,4.163439273834228516e+00,3.821565866470336914e+00,1.185592770576477051e+00,3.666927814483642578e+00,8.326210021972656250e+00,6.310175895690917969e+00,5.017560720443725586e-02,-5.135115623474121094e+00,-2.952979087829589844e+00,1.563311815261840820e+00,2.059074640274047852e-01,3.263172149658203125e+00,7.681957244873046875e+00,9.702537536621093750e+00,1.081533813476562500e+01,5.437445640563964844e+00,1.823275089263916016e+00,3.616452217102050781e+00,6.093986988067626953e+00,4.239790916442871094e+00,2.386488199234008789e+00,1.009101867675781250e+01,1.686090087890625000e+01,1.664825820922851562e+01,2.217527008056640625e+01,2.293959045410156250e+01,2.041438293457031250e+01,1.842187118530273438e+01,1.876462173461914062e+01,1.502019786834716797e+01,7.753289699554443359e+00,5.982024192810058594e+00,3.722662925720214844e+00,4.486824989318847656e+00,5.757216453552246094e+00,2.952656745910644531e+00,5.709627151489257812e+00,7.827456474304199219e+00,9.726461410522460938e+00,1.055508804321289062e+01,1.086190986633300781e+01,8.840065002441406250e+00,1.010180282592773438e+01,1.135899925231933594e+01,9.626852035522460938e+00,1.079527664184570312e+01,5.704526424407958984e+00,1.849815964698791504e+00,2.366422414779663086e+00,1.921477198600769043e+00,3.920037746429443359e+00,4.125815391540527344e+00,1.109975528717041016e+01,1.367493152618408203e+01,7.800784111022949219e+00,7.539790153503417969e+00,7.827131271362304688e+00,2.169466733932495117e+00,4.627677917480468750e+00,1.428020477294921875e+01,1.016992187500000000e+01,9.713218688964843750e+00,9.660146713256835938e+00,7.985037326812744141e+00,9.693260192871093750e+00,1.541120433807373047e+01,1.260962677001953125e+01,1.220035743713378906e+01,1.134364509582519531e+01,1.064401626586914062e+01,7.821018218994140625e+00,1.046286582946777344e+01,1.757152748107910156e+01,1.863953018188476562e+01,1.681109619140625000e+01,1.939246940612792969e+01,1.808377456665039062e+01,1.069371414184570312e+01,8.847675323486328125e+00,1.039039230346679688e+01,7.824659824371337891e+00,9.088428497314453125e+00,9.640110969543457031e+00,4.778294563293457031e+00,7.000545263290405273e-01,2.730887413024902344e+00,-1.126359581947326660e+00,2.207346439361572266e+00,8.063131332397460938e+00,1.124991416931152344e+01,6.786808490753173828e+00,5.226588726043701172e+00,7.425655364990234375e+00,1.477075576782226562e+01,1.521454238891601562e+01,1.094307518005371094e+01,8.026859283447265625e+00,6.080997467041015625e+00,2.947909832000732422e+00,-8.134138584136962891e-02,-3.681018352508544922e+00,-3.119050502777099609e+00,-2.051606893539428711e+00,8.589008331298828125e+00,1.427771949768066406e+01,7.920971870422363281e+00,-1.736338138580322266e+00,-4.637660503387451172e+00,-1.836297273635864258e+00,1.773763895034790039e+00,-6.269289970397949219e+00,-8.171294212341308594e+00,-8.320500373840332031e+00,-6.400612831115722656e+00,-3.781343936920166016e+00,-3.596814632415771484e+00,1.572714328765869141e+00,3.288046121597290039e+00,-1.834637999534606934e+00,-8.431058883666992188e+00,-3.837231874465942383e+00,-2.509010314941406250e+00,-6.774721145629882812e+00,-1.093937587738037109e+01,-1.402236938476562500e+01,-5.763752460479736328e+00,-3.650741100311279297e+00,-7.921062469482421875e+00,-1.610366249084472656e+01,-8.358715057373046875e+00,3.558442831039428711e+00,6.831795692443847656e+00,1.858955502510070801e+00,-4.441125392913818359e+00,-6.828671932220458984e+00,-4.120117187500000000e+00,5.223750472068786621e-01,-2.928972721099853516e+00,-3.055395603179931641e+00,2.201696872711181641e+00,4.142400264739990234e+00,1.046595191955566406e+01,1.466831111907958984e+01,1.759732437133789062e+01,1.931806564331054688e+01,1.954246711730957031e+01,1.533102226257324219e+01,1.103200626373291016e+01,1.316815567016601562e+01,2.338303375244140625e+01,2.250512123107910156e+01,1.736667251586914062e+01,1.565647792816162109e+01,1.177413272857666016e+01,1.087533950805664062e+01,8.283202171325683594e+00,6.793056011199951172e+00,1.449755096435546875e+01,1.302133464813232422e+01,8.790864944458007812e+00,8.004596710205078125e+00,5.475981712341308594e+00,5.194083213806152344e+00,7.219068527221679688e+00,6.299187183380126953e+00,6.858869552612304688e+00,8.960412979125976562e+00,7.106613159179687500e+00,3.565111160278320312e+00,5.516202926635742188e+00,7.461073398590087891e+00,8.631172180175781250e+00,7.887559890747070312e+00,8.372648239135742188e+00,1.144600486755371094e+01,1.658154296875000000e+01,1.275401687622070312e+01,1.267247962951660156e+01,1.542108154296875000e+01,1.326870155334472656e+01,2.251999378204345703e+00,-3.827474594116210938e+00,-9.222749710083007812e+00,-9.370546340942382812e+00,-1.086920356750488281e+01,-9.052604675292968750e+00,-3.718812704086303711e+00,-3.477609157562255859e-01,8.585914611816406250e+00,1.214805030822753906e+01,3.204379558563232422e+00,2.639696121215820312e+00,4.673739433288574219e+00,4.313248157501220703e+00,4.037933826446533203e+00,2.612096309661865234e+00,-3.823202848434448242e+00,3.669579029083251953e+00,1.034023284912109375e+01,1.303657531738281250e+01,2.070644187927246094e+01,2.216200065612792969e+01,2.070492172241210938e+01,1.950114250183105469e+01,1.485734176635742188e+01,9.913015365600585938e+00,1.088035202026367188e+01,1.436135768890380859e+01,1.593387699127197266e+01,1.383930206298828125e+01,1.402982997894287109e+01,1.112512302398681641e+01,1.321636104583740234e+01,1.400893592834472656e+01,1.070212173461914062e+01,6.246794700622558594e+00,7.290322303771972656e+00,6.878215312957763672e+00,8.846778869628906250e+00,1.652269935607910156e+01,2.250917434692382812e+01,2.434004592895507812e+01,2.211451530456542969e+01,1.185085487365722656e+01,1.232004928588867188e+01,9.952630996704101562e+00,6.908463478088378906e+00,1.042657971382141113e+00,-7.230516672134399414e-01,1.253046870231628418e+00,-2.932652711868286133e+00,2.096817344427108765e-01,1.104660701751708984e+01,1.626197242736816406e+01,1.354281425476074219e+01,1.034587192535400391e+01,4.021390438079833984e+00,4.055541992187500000e+00,5.998744964599609375e+00,1.702177047729492188e+00,-6.031304597854614258e-01,9.024957418441772461e-01,-3.626793384552001953e+00,-6.434439659118652344e+00,-7.059463977813720703e+00,-5.376592636108398438e+00,-1.362449407577514648e+00,1.213238906860351562e+01,1.741836929321289062e+01,1.452276802062988281e+01,1.437874507904052734e+01,1.270924377441406250e+01,1.178313064575195312e+01,1.546488189697265625e+01,7.301483154296875000e+00,2.616020441055297852e+00,5.872756958007812500e+00,3.457568645477294922e+00,-7.984980583190917969e+00,-1.388786983489990234e+01,-3.331290721893310547e+00,1.974623441696166992e+00,9.749525070190429688e+00,1.439159965515136719e+01,1.306844520568847656e+01,1.300254249572753906e+01,1.453006553649902344e+01,1.426987075805664062e+01,1.051795673370361328e+01,2.282873916625976562e+01,2.486619949340820312e+01,1.700637054443359375e+01,1.099741172790527344e+01,1.215744400024414062e+01,7.393422126770019531e+00,6.770054817199707031e+00,1.025865554809570312e+01,8.888928413391113281e+00,9.002357482910156250e+00,9.382196426391601562e+00,1.706500244140625000e+01,1.433507633209228516e+01,9.366428375244140625e+00,6.599429130554199219e+00,6.424200057983398438e+00,1.284098625183105469e+01,2.040710067749023438e+01,2.372094535827636719e+01,2.174602508544921875e+01,2.147171592712402344e+01,1.896277236938476562e+01,1.667808151245117188e+01,1.458455848693847656e+01,1.505519866943359375e+01,7.309458732604980469e+00,5.975355148315429688e+00,8.556077003479003906e+00,1.047814178466796875e+01,1.482384204864501953e+01,1.153230667114257812e+01,9.571557044982910156e+00,9.464704513549804688e+00,8.802890777587890625e+00,7.467202186584472656e+00,5.884173393249511719e+00,7.295381069183349609e+00,6.526106357574462891e+00,4.080695629119873047e+00,4.518481254577636719e+00,5.704251289367675781e+00,9.280320167541503906e+00,7.282868385314941406e+00,1.039767646789550781e+01,1.195367431640625000e+01,1.148980903625488281e+01,1.003918838500976562e+01,9.918100357055664062e+00,6.742646217346191406e+00,7.535943508148193359e+00,9.180896759033203125e+00,6.449817657470703125e+00,6.629246711730957031e+00,7.639241218566894531e+00,3.664035081863403320e+00,6.377292156219482422e+00,1.244840621948242188e+01,1.261922836303710938e+01,2.788983106613159180e+00,2.788255453109741211e+00,1.976487398147583008e+00,7.960906028747558594e+00,9.751560211181640625e+00,7.231489658355712891e+00,5.978939056396484375e+00,3.237643957138061523e+00,-1.665309548377990723e+00,-1.057903170585632324e+00,-1.369538307189941406e-01,2.779988288879394531e+00,-6.144508719444274902e-02,-1.278393626213073730e+00,-1.452688932418823242e+00,-2.199124574661254883e+00,-1.404673576354980469e+00,9.463207244873046875e+00,1.163155555725097656e+01,8.681513786315917969e+00,7.753587245941162109e+00,1.994379520416259766e+00,-1.930677890777587891e+00,1.839438676834106445e+00,-5.700778365135192871e-01,2.105427980422973633e-01,5.426132678985595703e-01,2.193261384963989258e+00,6.217716693878173828e+00,7.214380264282226562e+00,2.955454587936401367e+00,4.808776855468750000e+00,6.939357757568359375e+00,8.510705947875976562e+00,1.550055789947509766e+01,1.434852695465087891e+01,4.851108551025390625e+00,1.278415679931640625e+00,3.750349760055541992e+00,1.067412567138671875e+01,5.321106433868408203e+00,-4.606819152832031250e-01,-2.575793743133544922e+00,-2.785990238189697266e+00,6.800155043601989746e-01,2.414472103118896484e+00,3.671040296554565430e+00,8.994188308715820312e+00,1.288011550903320312e+01,1.481347560882568359e+01,9.778861045837402344e+00,7.330587863922119141e+00,8.271928787231445312e+00,3.216088771820068359e+00,-1.174447536468505859e+00,3.312586784362792969e+00,4.837597846984863281e+00,7.404808998107910156e+00,8.667303085327148438e+00,2.111237764358520508e+00,4.092001438140869141e+00,7.897017478942871094e+00,1.053960227966308594e+01,1.583648777008056641e+01,1.945905876159667969e+01,2.024522590637207031e+01,1.699781799316406250e+01,1.311967849731445312e+01,8.738679885864257812e+00,9.293787002563476562e+00,1.399251747131347656e+01,1.345607376098632812e+01,5.003926753997802734e+00,3.636411905288696289e+00,5.765747547149658203e+00,8.545199394226074219e+00,1.384738159179687500e+01,1.436087799072265625e+01,1.408183193206787109e+01,8.531031608581542969e+00,4.384429931640625000e+00,4.699776649475097656e+00,9.639424324035644531e+00,8.485460281372070312e+00,7.434698581695556641e+00,4.156759262084960938e+00,6.588313102722167969e+00,1.164750289916992188e+01,1.243276977539062500e+01,8.606961250305175781e+00,9.489175796508789062e+00,6.781199455261230469e+00,6.666343688964843750e+00,7.756652832031250000e+00,8.573691368103027344e+00,1.150267601013183594e+01,1.175108814239501953e+01,1.084317779541015625e+01,1.005011177062988281e+01,1.448712444305419922e+01,1.152371788024902344e+01,1.266425704956054688e+01,1.047194099426269531e+01,8.737098693847656250e+00,7.676349639892578125e+00,9.059064865112304688e+00,1.108011627197265625e+01,8.556200027465820312e+00,1.184831905364990234e+01,9.682651519775390625e+00,5.142894744873046875e+00,5.371643066406250000e+00,1.253218078613281250e+01,1.261480140686035156e+01,1.006583404541015625e+01,9.223366737365722656e+00,5.679917335510253906e+00,5.289420127868652344e+00,8.390686035156250000e+00,1.088877010345458984e+01,1.073319435119628906e+01,8.607310295104980469e+00,1.118739128112792969e+01,1.257508850097656250e+01,1.339342021942138672e+01,9.834682464599609375e+00,8.048038482666015625e+00,1.387029838562011719e+01,1.202828598022460938e+01,9.933359146118164062e+00,1.106726264953613281e+01,5.035922527313232422e+00,4.654659271240234375e+00,4.093255519866943359e+00,1.117693901062011719e+00,8.039280176162719727e-01,4.360695362091064453e+00,6.175329685211181641e+00,1.359172439575195312e+01,1.655857658386230469e+01,1.599810504913330078e+01,1.283401298522949219e+01,9.630630493164062500e+00,1.159343719482421875e+01,1.416794204711914062e+01,8.834075927734375000e+00,5.612482547760009766e+00,-1.932843446731567383e+00,-8.029004096984863281e+00,-1.169089794158935547e+00,6.323893070220947266e+00,8.109670639038085938e+00,1.218165206909179688e+01,1.779174804687500000e+01,2.037724685668945312e+01,8.070796966552734375e+00,1.001489639282226562e+01,1.874839401245117188e+01,2.286807632446289062e+01,2.400776672363281250e+01,2.029320716857910156e+01,1.777667808532714844e+01,1.117376613616943359e+01,5.864189624786376953e+00,3.608688831329345703e+00,9.509134292602539062e+00,9.821609497070312500e+00,9.712404251098632812e+00,6.052619934082031250e+00,1.329893398284912109e+01,1.414023113250732422e+01,3.056625843048095703e+00,-5.603891611099243164e-02,4.045875072479248047e+00,3.760652065277099609e+00,6.707848548889160156e+00,4.889678955078125000e+00,9.202325820922851562e+00,1.662888908386230469e+01,2.009570312500000000e+01,1.759424781799316406e+01,1.754730606079101562e+01,1.428258991241455078e+01,1.017391967773437500e+01,8.374087333679199219e+00,1.003969955444335938e+01,1.001408386230468750e+01,8.672404289245605469e+00,4.530886650085449219e+00,2.201127767562866211e+00,-1.700972318649291992e+00,3.772966265678405762e-01,1.026478409767150879e+00,3.350407600402832031e+00,1.081368446350097656e+01,1.024157142639160156e+01,5.662141323089599609e+00,1.051667118072509766e+01,8.587768554687500000e+00,7.424628257751464844e+00,6.712479591369628906e+00,2.704998254776000977e+00,2.792520284652709961e+00,8.535905838012695312e+00,5.826304435729980469e+00,6.642454147338867188e+00,9.863700866699218750e+00,1.251120853424072266e+01,7.312034606933593750e+00,4.496046066284179688e+00,7.495388507843017578e+00,9.489912033081054688e+00,-1.124389767646789551e-01,-7.580327987670898438e-01,3.899574995040893555e+00,4.325581550598144531e+00,9.895040512084960938e+00,1.119124317169189453e+01,1.367027664184570312e+01,1.387848281860351562e+01,1.584227943420410156e+01,1.691821670532226562e+01,1.628371810913085938e+01,1.793441581726074219e+01,1.436958026885986328e+01,1.026284599304199219e+01,6.413357734680175781e+00,3.533924102783203125e+00,1.423528075218200684e+00,1.078717112541198730e+00,1.818864345550537109e+00,2.200042009353637695e+00,5.097234249114990234e+00,2.846967697143554688e+00,1.316228151321411133e+00
-1.199005126953125000e+01,-1.042955780029296875e+01,-8.187515258789062500e+00,-7.084801673889160156e+00,-1.083567905426025391e+01,-1.246746063232421875e+01,-1.195532608032226562e+01,-5.564509391784667969e+00,-2.991807699203491211e+00,-1.141248583793640137e+00,-6.007255554199218750e+00,-5.997958183288574219e+00,-1.099177598953247070e+00,-4.652276039123535156e+00,-6.921429157257080078e+00,-5.544308185577392578e+00,-1.221539306640625000e+01,-1.371242809295654297e+01,-1.665890121459960938e+01,-1.547183990478515625e+01,-1.331005477905273438e+01,-1.392319869995117188e+01,-1.946182823181152344e+01,-1.819347000122070312e+01,-1.524052429199218750e+01,-1.292678451538085938e+01,-7.501153945922851562e+00,-4.996852874755859375e+00,-3.469937801361083984e+00,-7.197566032409667969e+00,-6.268368721008300781e+00,-5.318761825561523438e+00,-9.004814147949218750e+00,-1.053695487976074219e+01,-3.570229768753051758e+00,-1.449859142303466797e+00,-1.154898166656494141e+00,-6.250177860260009766e+00,-1.249395847320556641e+01,-1.418263721466064453e+01,-1.546332931518554688e+01,-2.030009460449218750e+01,-1.200486564636230469e+01,-3.224942684173583984e+00,-4.622762680053710938e+00,-5.072938442230224609e+00,-8.711812019348144531e+00,-1.670005416870117188e+01,-1.658545112609863281e+01,-1.978681945800781250e+01,-1.695079040527343750e+01,-1.363670635223388672e+01,-1.162390804290771484e+01,-8.779573440551757812e+00,-5.083411216735839844e+00,-3.254196643829345703e-01,-6.196416854858398438e+00,-7.885398387908935547e+00,-7.216124534606933594e+00,-9.190450668334960938e+00,-8.882680892944335938e+00,-6.682102680206298828e+00,-2.937344074249267578e+00,-1.891257524490356445e+00,-2.540073394775390625e+00,-1.647565841674804688e+00,-2.047243595123291016e+00,-1.435087680816650391e+00,-5.286824703216552734e-01,-2.967513084411621094e+00,-4.013092994689941406e+00,-2.944056272506713867e+00,-3.385803222656250000e+00,-9.190572738647460938e+00,-2.992548942565917969e+00,-5.524123907089233398e-01,-7.062066078186035156e+00,-9.228801727294921875e+00,-8.252668380737304688e+00,-3.556756019592285156e+00,-4.356108665466308594e+00,-3.315843820571899414e+00,-3.209238290786743164e+00,-7.414492130279541016e+00,-5.448227882385253906e+00,-4.326984405517578125e+00,-4.739269733428955078e+00,-1.346169471740722656e+00,-3.869416952133178711e+00,-1.615958404541015625e+01,-1.736222076416015625e+01,-1.963312530517578125e+01,-2.732410621643066406e+01,-3.104255867004394531e+01,-2.828115272521972656e+01,-2.936667251586914062e+01,-2.686406898498535156e+01,-2.324111557006835938e+01,-2.873663330078125000e+01,-2.896417999267578125e+01,-2.470730590820312500e+01,-2.351425933837890625e+01,-2.147450256347656250e+01,-1.719334220886230469e+01,-1.507583427429199219e+01,-9.720510482788085938e+00,-8.739850997924804688e+00,-1.134351634979248047e+01,-1.169224739074707031e+01,-1.388619041442871094e+01,-1.212570762634277344e+01,-1.782883834838867188e+01,-2.101559448242187500e+01,-1.658810424804687500e+01,-1.263469409942626953e+01,-1.654309844970703125e+01,-1.154472351074218750e+01,-7.056784629821777344e+00,-1.490990161895751953e+00,-1.314848661422729492e+00,-5.448543071746826172e+00,-8.076732635498046875e+00,-8.577871322631835938e+00,-1.026561927795410156e+01,-5.552317142486572266e+00,-8.901895523071289062e+00,-1.232509422302246094e+01,-1.559075069427490234e+01,-1.522115135192871094e+01,-1.599020004272460938e+01,-1.723273468017578125e+01,-1.289021778106689453e+01,-5.705063819885253906e+00,-6.725238800048828125e+00,-8.216119766235351562e+00,-1.199823188781738281e+01,-8.366138458251953125e+00,-3.677146196365356445e+00,-4.959972381591796875e+00,-6.443806648254394531e+00,-7.774861812591552734e+00,-1.213780403137207031e+01,-1.724467468261718750e+01,-1.839730072021484375e+01,-1.723594474792480469e+01,-1.396786880493164062e+01,-1.035643005371093750e+01,-1.018926811218261719e+01,-1.059811210632324219e+01,-7.840795516967773438e+00,-7.325286865234375000e+00,-1.319435882568359375e+01,-1.627729797363281250e+01,-1.404530048370361328e+01,-1.584288215637207031e+01,-2.069715118408203125e+01,-1.349986457824707031e+01,-1.285995769500732422e+01,-1.610791015625000000e+01,-6.247879028320312500e+00,1.576678037643432617e+00,-4.269618034362792969e+00,-8.554720878601074219e+00,-1.184599876403808594e+01,-1.285392856597900391e+01,-1.477882003784179688e+01,-1.659344482421875000e+01,-1.693760681152343750e+01,-1.524635696411132812e+01,-1.054009723663330078e+01,-4.717503547668457031e+00,-6.888849258422851562e+00,-7.404239654541015625e+00,-6.052308082580566406e+00,-6.865159988403320312e+00,-1.111740398406982422e+01,-1.394071674346923828e+01,-1.271615695953369141e+01,-9.305650711059570312e+00,-5.530083656311035156e+00,-1.779091262817382812e+01,-1.839893722534179688e+01,-1.615623855590820312e+01,-1.426748847961425781e+01,-1.503789615631103516e+01,-1.376716804504394531e+01,-8.825588226318359375e+00,-5.322611808776855469e+00,-3.684224367141723633e+00,-4.224693775177001953e+00,-5.728939056396484375e+00,-8.709428787231445312e+00,-1.025781250000000000e+01,-1.234790039062500000e+01,-2.109536743164062500e+01,-2.231434440612792969e+01,-1.577873897552490234e+01,-1.346310615539550781e+01,-1.986828994750976562e+01,-1.646363258361816406e+01,-1.201491832733154297e+01,-1.062621879577636719e+01,-2.849606037139892578e+00,-4.671285629272460938e+00,-1.054837989807128906e+01,-9.830624580383300781e+00,-9.449914932250976562e+00,-1.176566886901855469e+01,-1.229388999938964844e+01,-1.131609535217285156e+01,-9.026891708374023438e+00,-1.403106117248535156e+01,-1.122093963623046875e+01,-1.019497871398925781e+01,-3.598461151123046875e+00,1.027943849563598633e+00,-5.472885966300964355e-01,-4.842247962951660156e+00,-7.094973564147949219e+00,-2.860360145568847656e+00,-2.334398508071899414e+00,-7.593204379081726074e-01,1.049948573112487793e+00,7.686134576797485352e-01,-4.230597496032714844e+00,-7.942178726196289062e+00,-7.226493358612060547e+00,-4.391670703887939453e+00,-2.821059703826904297e+00,4.474545121192932129e-01,-1.281153917312622070e+00,-1.589429378509521484e-01,-5.091745376586914062e+00,-9.465602874755859375e+00,-1.069759845733642578e+01,-9.011394500732421875e+00,-3.052428960800170898e+00,-2.214484691619873047e+00,-7.395863533020019531e+00,-5.600216388702392578e+00,-1.190564823150634766e+01,-1.271401596069335938e+01,-1.411412239074707031e+01,-1.920573997497558594e+01,-2.118989753723144531e+01,-2.009837341308593750e+01,-1.575436592102050781e+01,-1.234899520874023438e+01,-1.801141548156738281e+01,-2.313320159912109375e+01,-2.328433227539062500e+01,-2.466254043579101562e+01,-2.349282646179199219e+01,-1.506392669677734375e+01,-1.690243339538574219e+01,-1.935886955261230469e+01,-1.787336921691894531e+01,-1.581311130523681641e+01,-1.467059516906738281e+01,-1.832867813110351562e+01,-1.876077842712402344e+01,-1.643211746215820312e+01,-1.489587020874023438e+01,-1.660853958129882812e+01,-1.903657913208007812e+01,-1.358663558959960938e+01,-9.258974075317382812e+00,-8.570016860961914062e+00,-4.808980941772460938e+00,-1.043221664428710938e+01,-1.174492931365966797e+01,-1.325254249572753906e+01,-2.467172813415527344e+01,-2.487273788452148438e+01,-2.469413757324218750e+01,-2.626648902893066406e+01,-2.173565673828125000e+01,-1.668693161010742188e+01,-1.157996463775634766e+01,-1.781698608398437500e+01,-1.963114356994628906e+01,-1.841741561889648438e+01,-1.424192810058593750e+01,-1.105493927001953125e+01,-1.371651649475097656e+01,-1.782987785339355469e+01,-1.307392501831054688e+01,-6.833162784576416016e+00,-5.447189331054687500e+00,-7.849520206451416016e+00,-7.669153690338134766e+00,-1.113153648376464844e+01,-7.851234436035156250e+00,-6.831197738647460938e+00,-9.269659996032714844e+00,-7.632241249084472656e+00,-8.921580314636230469e+00,-7.824342727661132812e+00,-8.299301147460937500e+00,-8.427818298339843750e+00,-8.078777313232421875e+00,-6.139235496520996094e+00,-9.492998123168945312e+00,-1.167036247253417969e+01,-8.024017333984375000e+00,-3.889668941497802734e+00,-4.051033020019531250e+00,-1.738828182220458984e+00,-1.551616430282592773e+00,-5.875920295715332031e+00,-1.087922000885009766e+01,-4.952790737152099609e+00,4.461362361907958984e-01,-1.109107136726379395e+00,-5.635943412780761719e+00,-4.671310424804687500e+00,-6.396910667419433594e+00,-8.293540000915527344e+00,-3.769051790237426758e+00,-2.296052932739257812e+00,-4.787569999694824219e+00,-3.986044168472290039e+00,3.957903385162353516e-02,2.214611530303955078e+00,-3.587822318077087402e-01,-2.759176254272460938e+00,-5.327962875366210938e+00,-5.136157989501953125e+00,-5.626841545104980469e+00,-1.841391086578369141e+00,-2.774171829223632812e+00,-7.016332149505615234e+00,-8.232682228088378906e+00,-1.078761672973632812e+01,-1.551709938049316406e+01,-8.399724960327148438e+00,-3.319003582000732422e+00,-8.213706970214843750e+00,-1.636380004882812500e+01,-1.771475410461425781e+01,-1.693918991088867188e+01,-1.676213836669921875e+01,-1.708279609680175781e+01,-2.255037307739257812e+01,-2.534162902832031250e+01,-2.295546722412109375e+01,-1.711983299255371094e+01,-2.077617263793945312e+01,-2.813301086425781250e+01,-2.147043991088867188e+01,-1.835791778564453125e+01,-1.605570220947265625e+01,-1.391858100891113281e+01,-1.060576057434082031e+01,-8.997832298278808594e+00,-2.003592872619628906e+01,-2.421248626708984375e+01,-2.165584182739257812e+01,-2.332228469848632812e+01,-2.129312515258789062e+01,-1.837681961059570312e+01,-1.392357444763183594e+01,-1.033899879455566406e+01,-7.498148918151855469e+00,-1.510153865814208984e+01,-1.918001365661621094e+01,-1.534272575378417969e+01,-1.255724906921386719e+01,-7.728964805603027344e+00,-8.203849196434020996e-01,-7.955246567726135254e-01,-7.654849052429199219e+00,-9.995031356811523438e+00,-1.088724708557128906e+01,-1.440697574615478516e+01,-1.316342353820800781e+01,-1.441763114929199219e+01,-3.506618976593017578e+00,-5.170055389404296875e+00,-5.680536270141601562e+00,-1.119976401329040527e+00,-2.274179935455322266e+00,-4.647681236267089844e+00,-6.446585655212402344e+00,-9.847921371459960938e+00,-1.368852996826171875e+01,-1.297099113464355469e+01,-7.993768215179443359e+00,-7.873518466949462891e+00,-3.956782341003417969e+00,-1.113811588287353516e+01,-1.380297183990478516e+01,-7.508324623107910156e+00,-7.491197586059570312e+00,-1.227652359008789062e+01,-1.678854560852050781e+01,-1.774512481689453125e+01,-1.716126441955566406e+01,-1.742324829101562500e+01,-1.759311294555664062e+01,-1.517496871948242188e+01,-1.204626464843750000e+01,-1.040302848815917969e+01,7.108771800994873047e-02,-3.050051689147949219e+00,-5.378252983093261719e+00,1.386748552322387695e-01,3.970589935779571533e-01,-8.021915555000305176e-01,-5.042025566101074219e+00,-4.729999065399169922e+00,-1.572378921508789062e+01,-2.449719619750976562e+01,-2.105126571655273438e+01,-2.051655387878417969e+01,-2.009296798706054688e+01,-1.912582397460937500e+01,-2.038556289672851562e+01,-1.746201324462890625e+01,-1.443607902526855469e+01,-1.053589820861816406e+01,-1.112239837646484375e+01,-1.412719058990478516e+01,-1.423491954803466797e+01,-1.655885124206542969e+01,-9.826404571533203125e+00,-3.125114440917968750e-01,-2.192269563674926758e+00,-9.973921775817871094e+00,-1.007023239135742188e+01,-9.980623245239257812e+00,-5.015253067016601562e+00,-5.577154159545898438e+00,-7.270472049713134766e+00,-8.445564270019531250e+00,-1.408179378509521484e+01,-1.678548049926757812e+01,-1.310032844543457031e+01,-5.959776401519775391e+00,-1.000433826446533203e+01,-1.161400985717773438e+01,-1.145211791992187500e+01,-1.363701820373535156e+01,-1.931309509277343750e+01,-1.676742553710937500e+01,-1.539048576354980469e+01,-1.485820579528808594e+01,-1.381216430664062500e+01,-1.064194488525390625e+01,-6.952509403228759766e+00,-7.508077621459960938e+00,-1.107436943054199219e+01,-7.233426570892333984e+00,1.464069485664367676e-01,-2.906756401062011719e+00,-6.989118576049804688e+00,-5.163589477539062500e+00,-3.421113491058349609e+00,-5.060844421386718750e+00,-8.216184616088867188e+00,-9.351080894470214844e+00,-1.484192752838134766e+01,-3.053132247924804688e+01,-3.256364822387695312e+01,-2.634207344055175781e+01,-2.091702651977539062e+01,-1.744651794433593750e+01,-1.503096389770507812e+01,-8.567159652709960938e+00,-5.061938285827636719e+00,-5.308367729187011719e+00,-9.701327323913574219e+00,-6.320528507232666016e+00,-9.422088623046875000e+00,-1.003454399108886719e+01,-1.155321788787841797e+01,-1.048687744140625000e+01,-1.394081687927246094e+01,-1.562743949890136719e+01,-1.336688137054443359e+01,-1.314108085632324219e+01,-9.750513076782226562e+00,-1.434427165985107422e+01,-1.937763595581054688e+01,-2.233050537109375000e+01,-2.214074707031250000e+01,-2.047622299194335938e+01,-1.691899871826171875e+01,-1.744912338256835938e+01,-2.312266921997070312e+01,-2.080904769897460938e+01,-1.856608200073242188e+01,-1.545603942871093750e+01,-1.501963424682617188e+01,-1.313116741180419922e+01,-1.351980400085449219e+01,-1.083325958251953125e+01,-8.474307060241699219e+00,-5.743374824523925781e+00,-8.448407173156738281e+00,-6.071524620056152344e+00,-5.173923492431640625e+00,-6.339638710021972656e+00,-9.074822425842285156e+00,-1.223284912109375000e+01,-1.087886047363281250e+01,-6.376045227050781250e+00,-5.775732040405273438e+00,-2.594727039337158203e+00,-1.064339160919189453e+00,-7.891726970672607422e+00,-5.545003414154052734e+00,-3.288558006286621094e+00,-5.099069595336914062e+00,-4.000428199768066406e+00,-6.697260856628417969e+00,-9.242169380187988281e+00,-1.264708995819091797e+01,-1.315622138977050781e+01,-9.910146713256835938e+00,-1.433632659912109375e+01,-2.291580390930175781e+01,-1.549101448059082031e+01,-8.599978446960449219e+00,-1.403499317169189453e+01,-1.839554214477539062e+01,-1.755802536010742188e+01,-1.550447463989257812e+01,-1.908918380737304688e+01,-2.019226455688476562e+01,-2.576609420776367188e+01,-3.253498840332031250e+01,-3.887014770507812500e+01,-3.024054336547851562e+01,-2.639021110534667969e+01,-2.995418930053710938e+01,-2.953060340881347656e+01,-3.164313125610351562e+01,-2.965811157226562500e+01,-1.642068862915039062e+01,-9.612596511840820312e+00,-1.244547653198242188e+01,-1.628903961181640625e+01,-1.684090995788574219e+01,-1.678736114501953125e+01,-1.932674217224121094e+01,-1.468805313110351562e+01,-1.361551094055175781e+01,-1.412932586669921875e+01,-9.160501480102539062e+00,-9.503290176391601562e+00,-1.032364273071289062e+01,-8.636088371276855469e+00,-9.404348373413085938e+00,-7.954028606414794922e+00,-6.118650436401367188e+00,-4.075802803039550781e+00,-3.776037693023681641e+00,-7.136528015136718750e+00,-7.934717655181884766e+00,-3.773791790008544922e+00,-1.499810934066772461e+00,-6.658179759979248047e-01,-8.682681083679199219e+00,-1.089420604705810547e+01,-5.418767452239990234e+00,-6.900996208190917969e+00,-8.411553382873535156e+00,-5.406391620635986328e+00,-3.676286220550537109e+00,-8.864040374755859375e+00,-1.114682960510253906e+01,-1.208093357086181641e+01,-1.393515014648437500e+01,-1.135937690734863281e+01,-1.099639511108398438e+01,-7.829644680023193359e+00,-4.047541141510009766e+00,-1.052237701416015625e+01,-1.719094085693359375e+01,-1.123958969116210938e+01,-9.814550399780273438e+00,-9.022074699401855469e+00,-1.094290924072265625e+01,-1.067677783966064453e+01,-1.146615123748779297e+01,-1.273834133148193359e+01,-1.089804267883300781e+01,-1.504930877685546875e+01,-2.127721023559570312e+01,-2.063719367980957031e+01,-1.570771598815917969e+01,-1.772526931762695312e+01,-1.554850387573242188e+01,-1.657384300231933594e+01,-1.837603378295898438e+01,-1.569733619689941406e+01,-1.377440834045410156e+01,-1.190754890441894531e+01,-1.036338901519775391e+01,-1.056975364685058594e+01,-9.189710617065429688e+00,-1.204773902893066406e+01,-9.689104080200195312e+00,-6.492234230041503906e+00,-9.096282005310058594e+00,-1.660801124572753906e+01,-1.708219528198242188e+01,-1.263845062255859375e+01,-1.227118682861328125e+01,-1.035633945465087891e+01,-6.929141998291015625e+00,-1.137358093261718750e+01,-1.073410415649414062e+01,-1.310947608947753906e+01,-2.283489799499511719e+01,-2.275342559814453125e+01,-1.544352054595947266e+01,-1.450179481506347656e+01,-1.740140533447265625e+01,-1.929567337036132812e+01,-1.907624435424804688e+01,-1.878962707519531250e+01,-1.430666351318359375e+01,-6.156991004943847656e+00,-7.285890579223632812e+00,-1.222644996643066406e+01,-9.036828994750976562e+00,2.147134393453598022e-01,-3.182497501373291016e+00,-6.901800632476806641e+00,-1.637094378471374512e+00,-3.218344926834106445e+00,-6.992046356201171875e+00,-4.300819396972656250e+00,-9.980262756347656250e+00,-1.465202808380126953e+01,-1.891084671020507812e+01,-1.684731674194335938e+01,-7.602777957916259766e+00,-8.074212074279785156e+00,-8.080934524536132812e+00,-1.083455276489257812e+01,-1.193900966644287109e+01,-1.320371913909912109e+01,-1.499051761627197266e+01,-7.478996753692626953e+00,-8.636026382446289062e+00,-6.720275878906250000e+00,-7.008798599243164062e+00,-1.094528198242187500e+01,-1.043111133575439453e+01,-1.025470352172851562e+01,-3.948912620544433594e+00,1.868112444877624512e+00,-8.074835777282714844e+00,-1.772548294067382812e+01,-2.306498336791992188e+01,-2.721620941162109375e+01,-2.523559188842773438e+01,-2.326664543151855469e+01,-2.010196304321289062e+01,-1.503506469726562500e+01,-1.493568611145019531e+01,-1.820677185058593750e+01,-1.688513183593750000e+01,-1.394635391235351562e+01,-1.561163711547851562e+01,-1.318190956115722656e+01,-8.715917587280273438e+00,-3.894814252853393555e+00,-7.118794441223144531e+00,-1.163118553161621094e+01,-1.044610977172851562e+01,-6.172570228576660156e+00,-5.985296249389648438e+00,-9.177665710449218750e+00,-1.134614372253417969e+01,-8.040563583374023438e+00,-3.466195106506347656e+00,-9.116020202636718750e+00,-7.876837730407714844e+00,-5.274915695190429688e+00,-5.093851566314697266e+00,-7.105814456939697266e+00,-5.032945156097412109e+00,-4.161624908447265625e+00,-1.730063438415527344e+00,-6.248538970947265625e+00,-8.137523651123046875e+00,-3.757864952087402344e+00,-4.938558578491210938e+00,-9.925115585327148438e+00,-4.266512393951416016e+00,-6.304252624511718750e+00,-1.109060478210449219e+01,-9.391811370849609375e+00,-5.796052932739257812e+00,-1.884023427963256836e+00,-6.200211524963378906e+00,-9.749967575073242188e+00,-1.153335380554199219e+01,-5.290512084960937500e+00,-1.437969398498535156e+01,-2.049642944335937500e+01,-1.647974967956542969e+01,-9.508597373962402344e+00,4.270124137401580811e-01,-5.623066902160644531e+00,-8.735292434692382812e+00,-1.086490440368652344e+01,-1.196935653686523438e+01,-1.128513145446777344e+01,-9.671634674072265625e+00,-9.559556007385253906e+00,-1.190205860137939453e+01,-1.285342597961425781e+01,-1.337798404693603516e+01,-1.418256664276123047e+01,-1.849704551696777344e+01,-2.380191421508789062e+01,-2.330162239074707031e+01,-2.150592231750488281e+01,-2.146384048461914062e+01,-2.713352394104003906e+01,-2.556785583496093750e+01,-2.352018737792968750e+01,-2.186256408691406250e+01,-2.095522880554199219e+01,-2.145788002014160156e+01,-1.910071945190429688e+01,-1.967570877075195312e+01,-2.202772903442382812e+01,-2.173682785034179688e+01,-1.427474308013916016e+01,-1.303711700439453125e+01,-1.117891788482666016e+01,-5.452032089233398438e+00,-4.423021316528320312e+00,-1.064268684387207031e+01,-1.332587051391601562e+01,-1.089624881744384766e+01,-9.007768630981445312e+00,-4.747679710388183594e+00,-5.625592231750488281e+00,-8.044137001037597656e+00,-4.563073635101318359e+00,-1.787886619567871094e+00,-3.515541553497314453e+00,-4.638225078582763672e+00,-1.177712440490722656e+00,-1.286186277866363525e-01,-1.046733093261718750e+01,-1.001995849609375000e+01,-9.332823753356933594e+00,-5.727108955383300781e+00,-5.541538238525390625e+00,-7.854704380035400391e+00,-4.084867954254150391e+00,-1.029689407348632812e+01,-9.474317550659179688e+00,-2.030353069305419922e+00,-5.305919647216796875e+00,-9.194127082824707031e+00,-1.133886909484863281e+01,-1.111293220520019531e+01,-1.087585067749023438e+01,-6.076600074768066406e+00,-8.175096511840820312e+00,-4.223776817321777344e+00,-3.094188690185546875e+00,-1.214607810974121094e+01,-1.845483016967773438e+01,-2.142800903320312500e+01,-2.232998657226562500e+01,-2.162018585205078125e+01,-1.537745285034179688e+01,-2.060334777832031250e+01,-2.054395103454589844e+01,-1.737482070922851562e+01,-1.509969902038574219e+01,-1.350583076477050781e+01,-1.086872577667236328e+01,-1.800893020629882812e+01,-2.797960662841796875e+01,-2.645499610900878906e+01,-1.641350746154785156e+01,-1.164395141601562500e+01,-1.118475341796875000e+01,-1.617782974243164062e+01,-1.672628211975097656e+01,-1.122522735595703125e+01,-1.496860885620117188e+01,-1.820653724670410156e+01,-1.710897064208984375e+01,-1.217874908447265625e+01,-1.025623893737792969e+01,-5.758660316467285156e+00,-1.001784324645996094e+01,-1.462816715240478516e+01,-1.715055274963378906e+01,-1.804972267150878906e+01,-1.691082763671875000e+01,-1.967476844787597656e+01,-1.122587585449218750e+01,-3.344354152679443359e+00,-5.100459575653076172e+00,-8.854752540588378906e+00,-1.230828857421875000e+01,-1.845663833618164062e+01,-1.948848724365234375e+01,-1.892289543151855469e+01,-2.071956634521484375e+01,-2.173962783813476562e+01,-2.087028884887695312e+01,-1.826342391967773438e+01,-1.360770511627197266e+01,-1.418755531311035156e+01,-2.002034759521484375e+01,-2.444076347351074219e+01,-2.346213150024414062e+01,-2.216991996765136719e+01,-2.120203399658203125e+01,-1.936446380615234375e+01,-1.797212600708007812e+01,-1.133318901062011719e+01,-1.898036575317382812e+01,-2.315807342529296875e+01,-2.235108947753906250e+01,-2.108809280395507812e+01,-2.021411514282226562e+01,-1.448064041137695312e+01,-3.333593368530273438e+00,-2.410464286804199219e+00,-5.569170951843261719e+00,-6.744656562805175781e+00,-1.269751930236816406e+01,-5.096424102783203125e+00,-6.126026630401611328e+00,-7.880310058593750000e+00,-1.117068290710449219e+01,-1.020344352722167969e+01,-8.723189353942871094e+00,-9.002323150634765625e+00,-1.858075904846191406e+01,-1.616759490966796875e+01,-1.335626029968261719e+01,-1.607984924316406250e+01,-1.876380538940429688e+01,-2.042634963989257812e+01,-1.322319793701171875e+01,-1.824217605590820312e+01,-1.937172698974609375e+01,-2.151144027709960938e+01,-1.974602127075195312e+01,-1.359270954132080078e+01,-1.328193473815917969e+01,-1.028266716003417969e+01,-9.057922363281250000e+00,-7.759968757629394531e+00,-3.339369297027587891e+00,-3.190509080886840820e+00,-3.769475936889648438e+00,-4.868203163146972656e+00,-6.154736042022705078e+00,-2.389633655548095703e+00,-3.369136333465576172e+00,-3.705413579940795898e+00,-1.127561664581298828e+01,-1.253205490112304688e+01,-1.351149177551269531e+01,-9.718881607055664062e+00,-7.203068733215332031e+00,-1.068532371520996094e+01,-1.029915428161621094e+01,-1.205433654785156250e+01,-9.475712776184082031e+00,-1.547572970390319824e+00,-3.959322929382324219e+00,-4.143794536590576172e+00,-6.439203023910522461e-01,-6.307618141174316406e+00,-1.875014686584472656e+01,-2.034534072875976562e+01,-2.054041862487792969e+01,-2.080987930297851562e+01,-1.221403121948242188e+01,-7.639473438262939453e+00,-7.121600151062011719e+00,-1.251449871063232422e+01,-1.746725845336914062e+01,-2.189661979675292969e+01,-2.313078308105468750e+01,-2.181015586853027344e+01,-1.910604667663574219e+01,-1.912595367431640625e+01,-1.989921188354492188e+01,-2.208140945434570312e+01,-1.754719924926757812e+01,-1.502204895019531250e+01,-1.933766937255859375e+01,-1.843830299377441406e+01,-1.949527740478515625e+01,-1.408066082000732422e+01,-5.476247787475585938e+00,-8.904566764831542969e+00,-1.977717208862304688e+01,-2.612721061706542969e+01,-3.023820877075195312e+01,-2.418916320800781250e+01,-1.916878128051757812e+01,-2.035988998413085938e+01,-2.250465774536132812e+01,-2.220862388610839844e+01,-1.793228912353515625e+01,-1.058015441894531250e+01,-8.560338973999023438e+00,-9.502147674560546875e+00,-1.500171756744384766e+01,-1.264303588867187500e+01,-1.387831211090087891e+01,-1.718686676025390625e+01,-1.728540420532226562e+01,-1.186438179016113281e+01,-8.774179458618164062e+00,-7.879415035247802734e+00,-7.741430759429931641e+00,-6.002533912658691406e+00,-3.798241615295410156e+00,-3.128976821899414062e+00,-3.383387565612792969e+00,-7.031690597534179688e+00,-6.205299377441406250e+00,-4.585618495941162109e+00,-3.876984834671020508e+00,-1.987360000610351562e+00,1.194433867931365967e-01,-3.634541511535644531e+00,-1.062567138671875000e+01,-9.087171554565429688e+00,-1.806884169578552246e+00,-5.823698997497558594e+00,-8.650123596191406250e+00,-1.065876388549804688e+01,-5.923966407775878906e+00,-5.028512954711914062e+00,-9.020184516906738281e+00,-9.961650848388671875e+00,-8.871631622314453125e+00,-8.328351020812988281e+00,-1.343580245971679688e+01,-1.435325241088867188e+01,-1.350032043457031250e+01,-1.589810276031494141e+01,-1.623895263671875000e+01,-1.288261985778808594e+01,-8.310186386108398438e+00,-1.109598922729492188e+01,-1.134231758117675781e+01,-1.376685333251953125e+01,-1.090428447723388672e+01,-8.318015098571777344e+00,-1.257918643951416016e+01,-1.478225135803222656e+01,-1.161788368225097656e+01,-1.355371570587158203e+01,-9.103034973144531250e+00,-6.849494934082031250e+00,-6.243405342102050781e+00,-8.223763465881347656e+00,-1.550281429290771484e+01,-1.820592880249023438e+01,-1.723954391479492188e+01,-1.711619567871093750e+01,-1.562814140319824219e+01,-1.111940097808837891e+01,-8.597822189331054688e+00,-1.224683380126953125e+01,-1.132587432861328125e+01,-7.373342990875244141e+00,-6.132411956787109375e+00,-1.058454704284667969e+01,-1.003652191162109375e+01,-1.229670524597167969e+01,-1.186537933349609375e+01,-1.184424209594726562e+01,-1.349513626098632812e+01,-1.449686431884765625e+01,-1.198524188995361328e+01,-8.570293426513671875e+00,-5.484308242797851562e+00,-8.618679046630859375e+00,-7.863603115081787109e+00,-5.168109416961669922e+00,-2.358258247375488281e+00,-1.447549104690551758e+00,-2.536959171295166016e+00,-6.695393562316894531e+00,-5.758023738861083984e+00,-1.416265845298767090e+00,4.939308762550354004e-01,-1.911826968193054199e+00,-5.956222534179687500e+00,-5.203778266906738281e+00,-2.697985172271728516e+00,-4.556363105773925781e+00,-4.903908252716064453e+00,-4.351204395294189453e+00,-3.575799942016601562e+00,-4.863213062286376953e+00,-6.189715385437011719e+00,-5.104151725769042969e+00,-7.020894050598144531e+00,-7.315005302429199219e+00,-8.878331184387207031e+00,-6.943544864654541016e+00,-7.074491500854492188e+00,-9.630312919616699219e+00,-5.210865020751953125e+00,-4.701508045196533203e+00,-7.262407779693603516e+00,-1.209376525878906250e+01,-1.288842964172363281e+01,-1.981218338012695312e+01,-2.475211906433105469e+01,-2.691744613647460938e+01,-3.067863845825195312e+01,-2.821491622924804688e+01,-2.580093955993652344e+01,-2.488960075378417969e+01,-2.298951339721679688e+01,-1.853522872924804688e+01,-1.271585369110107422e+01,-9.807152748107910156e+00,-1.091087532043457031e+01,-8.990089416503906250e+00,-1.444009208679199219e+01,-1.770552062988281250e+01,-1.386824989318847656e+01,-9.212951660156250000e+00,-7.905625343322753906e+00,-6.320161819458007812e+00,-7.718221187591552734e+00,-1.645391082763671875e+01,-2.122515869140625000e+01,-2.098825454711914062e+01,-2.005406570434570312e+01,-1.027520656585693359e+01,-6.566092491149902344e+00,-4.454213619232177734e+00,-1.154769706726074219e+01,-2.470800399780273438e+01,-2.361498260498046875e+01,-2.228028297424316406e+01,-2.598490524291992188e+01,-2.764207839965820312e+01,-2.483246994018554688e+01,-2.093638992309570312e+01,-1.838442611694335938e+01,-2.260070228576660156e+01,-1.931922340393066406e+01,-1.203903865814208984e+01,-8.913352012634277344e+00,-1.029739665985107422e+01,-1.173050403594970703e+01,-9.504056930541992188e+00,-1.568005752563476562e+01,-1.536839866638183594e+01,-1.181315135955810547e+01,-1.286393165588378906e+01,-1.145781993865966797e+01,-1.117847633361816406e+01,-9.704258918762207031e+00,-7.349536895751953125e+00,-1.480345535278320312e+01,-1.104676055908203125e+01,-6.822468757629394531e+00,-7.823306083679199219e+00,-9.616682052612304688e+00,-5.333517074584960938e+00,-4.811354160308837891e+00,-8.555624008178710938e+00,-6.690186500549316406e+00,1.384906530380249023e+00,-1.961030840873718262e+00,-6.081801414489746094e+00,-9.873936653137207031e+00,-9.889778137207031250e+00,-6.581807136535644531e+00,-9.532497406005859375e+00,-9.344923019409179688e+00,-1.092223358154296875e+01,-1.946998214721679688e+01,-2.294606399536132812e+01,-2.244736862182617188e+01,-2.258713150024414062e+01,-1.774039649963378906e+01,-1.261449241638183594e+01,-6.573830127716064453e+00,-3.764061212539672852e+00,-9.475820541381835938e+00,-5.139391899108886719e+00,-2.625184535980224609e+00,-4.727329730987548828e+00,-4.007546424865722656e+00,3.963522315025329590e-01,1.527900457382202148e+00,3.753177642822265625e+00,-9.262197017669677734e-01,-4.308625221252441406e+00,-9.331558942794799805e-01,-5.034916877746582031e+00,-6.271860599517822266e+00,-3.802192211151123047e+00,-1.153102636337280273e+00,-1.988446712493896484e-02,9.225230216979980469e-01,-2.079732656478881836e+00,-6.258891105651855469e+00,-9.961425781250000000e+00,-1.103813838958740234e+01,-1.134609508514404297e+01,-1.247331809997558594e+01,-1.943853950500488281e+01,-1.818202590942382812e+01,-1.772950553894042969e+01,-1.800590324401855469e+01,-1.540922737121582031e+01,-1.967333030700683594e+01,-1.915838241577148438e+01,-1.486529064178466797e+01,-1.557094764709472656e+01,-2.076802825927734375e+01,-2.346690750122070312e+01,-1.425307941436767578e+01,-8.326923370361328125e+00,-1.397064495086669922e+01,-1.635669708251953125e+01,-1.094955730438232422e+01,-1.259306812286376953e+01,-1.278051376342773438e+01,-1.653837585449218750e+01,-1.376527023315429688e+01,-1.035923290252685547e+01,-6.858023166656494141e+00,-1.006415653228759766e+01,-1.362338638305664062e+01,-1.736865806579589844e+01,-1.811003494262695312e+01,-9.591207504272460938e+00,-1.072041702270507812e+01,-8.121843338012695312e+00,-5.817785263061523438e+00,-1.205525970458984375e+01,-1.223645591735839844e+01,-1.146721649169921875e+01,-1.605905151367187500e+01,-1.791576766967773438e+01,-1.360246944427490234e+01,-8.492863655090332031e+00,-1.202254104614257812e+01,-1.520977401733398438e+01,-1.132941436767578125e+01,-1.129338836669921875e+01,-1.122168922424316406e+01,-1.037485599517822266e+01,-9.703643798828125000e+00,-5.682366371154785156e+00,-7.956675529479980469e+00,-1.192701435089111328e+01,-6.638445854187011719e+00,1.989032775163650513e-01,9.973007440567016602e-01,3.142238855361938477e-01,-3.561151981353759766e+00,-1.079920768737792969e+01,-1.481951522827148438e+01,-1.986000633239746094e+01,-2.191718482971191406e+01,-2.476553153991699219e+01,-2.718143844604492188e+01,-2.758050537109375000e+01,-1.829543685913085938e+01,-1.746090316772460938e+01,-2.151191711425781250e+01,-2.558545684814453125e+01,-1.926342391967773438e+01,-1.444535446166992188e+01,-9.483432769775390625e+00,-1.263210868835449219e+01,-1.156402492523193359e+01,-8.868309020996093750e+00,-1.218659210205078125e+01,-1.596073532104492188e+01,-1.319977188110351562e+01,-5.942376136779785156e+00,-4.114438056945800781e+00,-7.112096786499023438e+00,-7.859200954437255859e+00,-8.062065124511718750e+00,-9.468986511230468750e+00,-2.339562892913818359e+00,-2.232484579086303711e+00,-1.152921485900878906e+01,-1.850347900390625000e+01,-2.355866622924804688e+01,-2.642413711547851562e+01,-2.617982101440429688e+01,-2.653975486755371094e+01,-2.670111846923828125e+01,-2.640894317626953125e+01,-2.425639533996582031e+01,-2.279431915283203125e+01,-1.475672245025634766e+01,-1.558956336975097656e+01,-1.281786727905273438e+01,-1.856557846069335938e+01,-2.089902114868164062e+01,-1.794434738159179688e+01,-1.694079208374023438e+01,-1.183432579040527344e+01,-1.776957321166992188e+01,-1.526246929168701172e+01,-1.379437732696533203e+01,-1.394797134399414062e+01,-6.245360851287841797e+00,-2.998207092285156250e+00,-9.636828422546386719e+00,-1.081952857971191406e+01,-1.373324489593505859e+01,-1.312156295776367188e+01,-1.096261405944824219e+01,-8.977833747863769531e+00,-4.846281051635742188e+00,-7.041012287139892578e+00,-1.120153999328613281e+01,-1.221610069274902344e+01,-1.659417343139648438e+01,-2.119819831848144531e+01,-1.920238113403320312e+01,-1.404060554504394531e+01,-1.565254497528076172e+01,-1.305428314208984375e+01,-9.256603240966796875e+00,-1.019271564483642578e+01,-1.093830966949462891e+01,-1.105656051635742188e+01,-8.068386077880859375e+00,-6.163756370544433594e+00,-6.723052024841308594e+00,-9.332140922546386719e+00,-1.396470069885253906e+01,-1.660431289672851562e+01,-1.255425453186035156e+01,-1.178604316711425781e+01,-1.673457336425781250e+01,-1.668306732177734375e+01,-7.423402309417724609e+00,-1.185017776489257812e+01,-1.975947570800781250e+01,-2.244477462768554688e+01,-2.548675155639648438e+01,-1.692846298217773438e+01,-1.291486167907714844e+01,-1.286472225189208984e+01,-5.772175788879394531e+00,-7.637313842773437500e+00,-1.034881591796875000e+01,-8.035647392272949219e+00,-1.378847694396972656e+01,-1.626768302917480469e+01,-1.942217636108398438e+01,-1.398999404907226562e+01,-1.558265113830566406e+01,-2.632861709594726562e+01,-2.945256042480468750e+01,-2.821923255920410156e+01,-2.267266273498535156e+01,-2.358838272094726562e+01,-2.178715896606445312e+01,-1.976088714599609375e+01,-1.511567211151123047e+01,-1.851504135131835938e+01,-1.747028541564941406e+01,-2.057179641723632812e+01,-1.722260284423828125e+01,-1.481513500213623047e+01,-1.935366821289062500e+01,-1.518386268615722656e+01,-1.471294593811035156e+01,-1.712694931030273438e+01,-1.821321105957031250e+01,-1.600008583068847656e+01,-1.263681221008300781e+01,-8.325704574584960938e+00,-1.308927536010742188e+01,-1.211439514160156250e+01,-1.710264396667480469e+01,-2.043974876403808594e+01,-2.298701858520507812e+01,-1.627478218078613281e+01,-7.112255096435546875e+00,-8.339491844177246094e+00,-1.084762191772460938e+01,-8.750387191772460938e+00,-1.167757987976074219e+01,-9.383407592773437500e+00,-1.441970634460449219e+01,-1.780761718750000000e+01,-1.714910888671875000e+01,-2.282519531250000000e+01,-2.440609359741210938e+01,-2.338086700439453125e+01,-2.205853462219238281e+01,-2.075336074829101562e+01,-1.171604919433593750e+01,-1.233162689208984375e+01,-1.094705677032470703e+01,-8.826385498046875000e+00,-4.791294097900390625e+00,-1.899296045303344727e+00,-3.565260410308837891e+00,-4.862576007843017578e+00,-5.332357883453369141e+00,-2.467360973358154297e+00,-5.190515995025634766e+00,-8.027170181274414062e+00,-3.761564254760742188e+00,-3.535035133361816406e+00,-4.713475227355957031e+00,-8.113054037094116211e-01,-4.394833087921142578e+00,-5.598314285278320312e+00,-5.248778343200683594e+00,-4.677022457122802734e+00,-3.183801651000976562e+00,-1.663426876068115234e+00,-1.770445585250854492e+00,-3.975022792816162109e+00,-8.309804916381835938e+00,-6.150146007537841797e+00,-7.043128967285156250e+00,-1.340651130676269531e+01,-1.494963073730468750e+01,-7.566886901855468750e+00,-5.264459609985351562e+00,-8.348209381103515625e+00,-9.576969146728515625e+00,-1.058996963500976562e+01,-1.172970008850097656e+01,-1.873536682128906250e+01,-1.988552856445312500e+01,-1.648950576782226562e+01,-1.686945533752441406e+01,-1.943250656127929688e+01,-1.418677520751953125e+01,-1.180073165893554688e+01,-1.147100543975830078e+01,-1.505745410919189453e+01,-1.313055515289306641e+01,-1.131204891204833984e+01,-1.334879875183105469e+01,-1.752614593505859375e+01,-2.434799957275390625e+01,-1.961124038696289062e+01,-1.689355659484863281e+01,-2.418314552307128906e+01,-2.259717369079589844e+01,-1.828607177734375000e+01,-2.246413803100585938e+01,-2.249335098266601562e+01,-2.172191238403320312e+01,-2.423635482788085938e+01,-2.404684066772460938e+01,-2.250590896606445312e+01,-2.329702758789062500e+01,-2.206815719604492188e+01,-1.399374198913574219e+01,-2.140349197387695312e+01,-2.339859390258789062e+01,-2.165087509155273438e+01,-2.648070907592773438e+01,-2.724681282043457031e+01,-2.746392822265625000e+01,-2.761575698852539062e+01,-2.853546524047851562e+01,-1.881601333618164062e+01,-1.197646331787109375e+01,-9.584772109985351562e+00,-1.538139724731445312e+01,-2.512007522583007812e+01,-3.040328407287597656e+01,-2.449748802185058594e+01,-2.576230239868164062e+01,-2.740445518493652344e+01,-3.064520645141601562e+01,-2.868020248413085938e+01,-2.423970222473144531e+01,-1.896215057373046875e+01,-1.547655963897705078e+01,-1.360960292816162109e+01,-1.514598369598388672e+01,-1.073863697052001953e+01,-6.881524085998535156e+00,-4.102859497070312500e+00,-7.600559234619140625e+00,-1.444828224182128906e+01,-1.091982555389404297e+01,-1.159475135803222656e+01,-1.258615303039550781e+01,-1.271885871887207031e+01,-1.418074607849121094e+01,-1.223725128173828125e+01,-1.164702510833740234e+01,-1.497728729248046875e+01,-1.287747573852539062e+01,-1.002062225341796875e+01,-1.285290718078613281e+01,-8.789905548095703125e+00,-7.074347496032714844e+00,-5.437164306640625000e+00,-6.982469558715820312e+00,-1.281417846679687500e+01,-1.890624046325683594e+01,-1.826750183105468750e+01,-1.990324783325195312e+01,-1.458756637573242188e+01,-8.402458190917968750e+00,-4.285256385803222656e+00,-4.229598999023437500e+00,-3.332506656646728516e+00,-1.038471817970275879e+00,-8.401756286621093750e+00,-8.636045455932617188e+00,-6.585860252380371094e+00,-9.497089385986328125e+00,-7.630831718444824219e+00,-8.733723640441894531e+00,-9.375864028930664062e+00,-1.262557601928710938e+01,-1.674935722351074219e+01,-1.945372009277343750e+01,-1.749525451660156250e+01,-1.438925170898437500e+01,-1.644067573547363281e+01,-1.717456054687500000e+01,-1.923430633544921875e+01,-1.982252693176269531e+01,-1.919852828979492188e+01,-1.893074417114257812e+01,-1.103190231323242188e+01,-8.645506858825683594e+00,-5.354623317718505859e+00,-4.723773002624511719e+00,-9.308387756347656250e+00,-1.024439811706542969e+01,-1.057756042480468750e+01,-7.444143772125244141e+00,-7.720735549926757812e+00,-3.499142885208129883e+00,-1.029785728454589844e+01,-1.522532558441162109e+01,-4.321248531341552734e+00,-1.960220694541931152e+00,-7.590461730957031250e+00,-4.959390640258789062e+00,-5.891449928283691406e+00,-7.932339668273925781e+00,-7.182948112487792969e+00,-8.615415573120117188e+00,-7.818189620971679688e+00,-5.852242469787597656e+00,-9.572013854980468750e+00,-9.751280784606933594e+00,-9.770074844360351562e+00,-9.695093154907226562e+00,-9.694312095642089844e+00,-1.008409786224365234e+01,-9.907311439514160156e+00,-1.292889785766601562e+01,-1.461619186401367188e+01,-1.075111484527587891e+01,-1.643087005615234375e+01,-1.651501083374023438e+01,-1.366167926788330078e+01,-1.619443893432617188e+01,-1.484770965576171875e+01,-1.430364227294921875e+01,-1.232121276855468750e+01,-1.136866760253906250e+01,-1.070882415771484375e+01,-1.022266578674316406e+01,-1.618514251708984375e+01,-1.935016250610351562e+01,-1.789130401611328125e+01,-1.461300563812255859e+01,-1.527774143218994141e+01,-1.802537727355957031e+01,-1.352864646911621094e+01,-1.654563713073730469e+01,-2.412287139892578125e+01,-2.492931365966796875e+01,-2.412498092651367188e+01,-2.215884208679199219e+01,-2.467819595336914062e+01,-2.648704910278320312e+01,-2.355070877075195312e+01,-2.267043685913085938e+01,-2.101642608642578125e+01,-1.979618263244628906e+01,-1.961511993408203125e+01,-1.095444297790527344e+01,-3.915247201919555664e+00,-5.650746345520019531e+00,-1.271910858154296875e+01,-2.140423965454101562e+01,-2.213763809204101562e+01,-2.440251541137695312e+01,-2.271448898315429688e+01,-1.856404685974121094e+01,-1.828640365600585938e+01,-1.349332809448242188e+01,-7.169179439544677734e+00,-9.901048660278320312e+00,-9.716567993164062500e+00,-6.588457107543945312e+00,-3.793858766555786133e+00,-2.266078472137451172e+00,2.844735980033874512e-02,2.787929296493530273e+00,-1.252291083335876465e+00,-9.099170565605163574e-01,-1.813345789909362793e+00,-1.567720794677734375e+01,-2.007205009460449219e+01,-1.838084030151367188e+01,-1.832758331298828125e+01,-1.421583175659179688e+01,-1.426616191864013672e+01,-1.472409725189208984e+01,-1.213561725616455078e+01,-9.393455505371093750e+00,-1.212989807128906250e+01,-9.473270416259765625e+00,-4.876912117004394531e+00,-1.016712856292724609e+01,-1.578434944152832031e+01,-1.383703994750976562e+01,-1.351761245727539062e+01,-1.316110229492187500e+01,-1.046337318420410156e+01,-6.485751152038574219e+00,2.263664960861206055e+00,3.257477283477783203e+00,-1.421373724937438965e+00,3.245985746383666992e+00,3.248251914978027344e+00,2.828019857406616211e-01,-2.855205059051513672e+00,-2.849936723709106445e+00,-4.137435436248779297e+00,-1.277183175086975098e+00,-5.353601932525634766e+00,-6.802705287933349609e+00,-6.240064620971679688e+00,-9.991634368896484375e+00,-1.456585121154785156e+01,-1.554652404785156250e+01,-7.768109321594238281e+00,-6.745804786682128906e+00,-1.181527709960937500e+01,-8.984867095947265625e+00,-1.208095741271972656e+01,-1.467975616455078125e+01,-1.317814445495605469e+01,-1.014620971679687500e+01,-7.386501789093017578e+00,-1.120817565917968750e+01,-1.540438365936279297e+01,-1.351139926910400391e+01,-6.915858268737792969e+00,-6.507844448089599609e+00,-7.609659194946289062e+00,-4.176303386688232422e+00,-5.217209815979003906e+00,-7.243611812591552734e+00,-4.843085289001464844e+00,-4.704822540283203125e+00,-3.283465147018432617e+00,-1.070902919769287109e+01,-1.152273178100585938e+01,-9.814327239990234375e+00,-6.395311355590820312e+00,-2.892455101013183594e+00,-3.091805934906005859e+00,-5.996261119842529297e+00,-5.675801277160644531e+00,-8.371377944946289062e+00,-2.267898750305175781e+01,-2.968835067749023438e+01,-2.397075653076171875e+01,-1.664906692504882812e+01,-1.875823593139648438e+01,-1.408498382568359375e+01,-4.664006233215332031e+00,-6.756389141082763672e+00,-8.841923713684082031e+00,-1.092424011230468750e+01,-8.688687324523925781e+00,-6.783184051513671875e+00,-6.226103782653808594e+00,-7.708389282226562500e+00,-8.638898849487304688e+00,-1.034161853790283203e+01,-1.169401454925537109e+01,-1.317890739440917969e+01,-7.127017021179199219e+00,-9.132249832153320312e+00,-1.400330543518066406e+01,-1.445927715301513672e+01,-1.210643005371093750e+01,-1.192212295532226562e+01,-1.365790176391601562e+01,-1.426658439636230469e+01,-1.631323051452636719e+01,-2.248120117187500000e+01,-2.562733459472656250e+01,-2.666818809509277344e+01,-2.617502975463867188e+01,-1.819979476928710938e+01,-2.111561012268066406e+01,-2.117006874084472656e+01,-2.107678222656250000e+01,-2.215784835815429688e+01,-2.391714286804199219e+01,-2.334560394287109375e+01,-2.261644935607910156e+01,-1.782782936096191406e+01,-1.644219207763671875e+01,-1.883286666870117188e+01,-1.618484306335449219e+01,-1.413142013549804688e+01,-1.094234752655029297e+01,-1.109058570861816406e+01,-1.637225341796875000e+01,-1.830312347412109375e+01,-1.185333824157714844e+01,-7.079021930694580078e+00,-2.450517892837524414e+00,-1.605918526649475098e+00,-4.230151176452636719e+00,-3.784055233001708984e+00,-5.209289550781250000e+00,-6.119834423065185547e+00,-5.350575923919677734e+00,-2.039112091064453125e+00,-6.869112968444824219e+00,-1.026472282409667969e+01,-1.143588542938232422e+01,-8.649662017822265625e+00,-1.776461124420166016e+00,6.227820515632629395e-01,-5.846455574035644531e+00,-3.603883743286132812e+00,-3.543936014175415039e+00,-3.108410596847534180e+00,-5.378532409667968750e+00,-5.930001258850097656e+00,-5.361186027526855469e+00,-8.155991554260253906e+00,-8.434931755065917969e+00,-8.029310226440429688e+00,-8.913364410400390625e+00,-7.188505172729492188e+00,-8.277867317199707031e+00,-2.500331163406372070e+00,-1.279601573944091797e+00,-3.421662330627441406e+00,-6.573590755462646484e+00,-4.162257194519042969e+00,-7.086872100830078125e+00,-1.012149810791015625e+01,-1.298964309692382812e+01,-1.251426124572753906e+01,-1.290113639831542969e+01,-8.428708076477050781e+00,-2.644479990005493164e+00,-8.529804229736328125e+00,-1.325207805633544922e+01,-1.338599109649658203e+01,-1.338048744201660156e+01,-1.506707763671875000e+01,-1.569990730285644531e+01,-8.669803619384765625e+00,-1.472806262969970703e+01,-2.016680526733398438e+01,-1.750862884521484375e+01,-1.729245948791503906e+01,-1.501661205291748047e+01,-1.254782867431640625e+01,-1.176035022735595703e+01,-8.231680870056152344e+00,-1.477272415161132812e+01,-1.565507507324218750e+01,-1.683900642395019531e+01,-1.633556938171386719e+01,-1.313169193267822266e+01,-1.733873176574707031e+01,-1.599505901336669922e+01,-1.179256057739257812e+01,-6.447393417358398438e+00,-3.878931999206542969e+00,3.801950454711914062e+00,-3.578306198120117188e+00,-7.742871284484863281e+00,-1.066925334930419922e+01,-1.329488563537597656e+01,-1.549994659423828125e+01,-1.164801502227783203e+01,-7.382163524627685547e+00,-1.181764221191406250e+01,-8.857603073120117188e+00,-9.659181594848632812e+00,-1.347266197204589844e+01,-1.135967731475830078e+01,-5.376460552215576172e+00,-5.490135192871093750e+00,-1.057386279106140137e+00,-2.207157135009765625e+00,-5.789485454559326172e+00,-5.571073532104492188e+00,-4.500830650329589844e+00,-3.137333154678344727e+00,-8.377737045288085938e+00,-4.691016197204589844e+00,-6.323993682861328125e+00,-7.771018505096435547e+00,-7.281381607055664062e+00,-6.818303108215332031e+00,-1.980221629142761230e+00,-2.542191982269287109e+00,-7.955132484436035156e+00,-7.569574356079101562e+00,-5.917956352233886719e+00,-7.679583549499511719e+00,-6.422374725341796875e+00,-7.977828025817871094e+00,-5.649686813354492188e+00,-7.501971244812011719e+00,-4.152758717536926270e-01,-1.803543329238891602e+00,-2.464868545532226562e+00,-5.369013786315917969e+00,-6.649981498718261719e+00,-5.492970943450927734e+00,-8.590877532958984375e+00,-5.637542724609375000e+00,-6.867697238922119141e+00,-4.918565750122070312e+00,-2.755914449691772461e+00,-7.426694393157958984e+00,-5.613747596740722656e+00,-2.430050849914550781e+00,-2.971809864044189453e+00,-7.721212387084960938e+00,-6.565374374389648438e+00,-6.803078174591064453e+00,-7.418259143829345703e+00,-8.977322578430175781e+00,-9.891593933105468750e+00,-7.471590042114257812e+00,-8.712255477905273438e+00,-7.378486633300781250e+00,-1.594886779785156250e+00,-2.887274980545043945e+00,-8.647546768188476562e+00,-7.803871154785156250e+00,-9.734188079833984375e+00,-8.934934616088867188e+00,-1.190412712097167969e+01,-1.205226421356201172e+01,-7.119784355163574219e+00,-2.888362884521484375e+00,-1.460991263389587402e+00,-8.382571220397949219e+00,-5.653138160705566406e+00,-6.477262020111083984e+00,-6.746511936187744141e+00,-1.016485404968261719e+01,-5.378255367279052734e+00,-9.080376625061035156e+00,-8.110349655151367188e+00,-5.733464241027832031e+00,-8.385955810546875000e+00,-4.948176383972167969e+00,-5.770805358886718750e+00,-4.875835895538330078e+00,-5.380660295486450195e-01,1.322515726089477539e+00,-2.349832057952880859e+00,-2.777207136154174805e+00,-3.304217815399169922e+00,-5.965198516845703125e+00,-5.849009513854980469e+00,-5.779597759246826172e+00,-4.624826431274414062e+00,-6.979576110839843750e+00,-6.384542465209960938e+00,-2.018071413040161133e+00,-8.393683433532714844e+00,-9.881208419799804688e+00,-8.452219009399414062e+00,-1.086545753479003906e+01,-9.797571182250976562e+00,-7.989662647247314453e+00,-7.188320159912109375e+00,-8.698194503784179688e+00,-8.666496276855468750e+00,-1.083436012268066406e+01,-3.699081897735595703e+00,-1.652581810951232910e+00,-3.217597484588623047e+00,-6.922085762023925781e+00,-4.939795494079589844e+00,-6.756880879402160645e-01,-2.084990501403808594e+00,-2.673161506652832031e+00,-5.039746284484863281e+00,-5.360976696014404297e+00,-3.809717416763305664e+00,-7.471258163452148438e+00,-7.574435234069824219e+00,-2.962946891784667969e+00,-4.959966659545898438e+00,-1.117313385009765625e+01,-9.767286300659179688e+00,-8.183210372924804688e+00,-1.644730377197265625e+01,-1.882341194152832031e+01,-2.003975677490234375e+01,-2.315915107727050781e+01,-1.523305606842041016e+01,-1.374749755859375000e+01,-1.265077781677246094e+01,-1.268525409698486328e+01,-1.548290443420410156e+01,-1.094586086273193359e+01,-1.450995159149169922e+01,-1.409936428070068359e+01,-1.211192131042480469e+01,-1.183983325958251953e+01,-1.244868469238281250e+01,-8.580797195434570312e+00,-9.956853866577148438e+00,-1.437866687774658203e+01,-1.614328765869140625e+01,-1.142997169494628906e+01,-1.094116306304931641e+01,-1.556865215301513672e+01,-1.556964683532714844e+01,-1.136566734313964844e+01,-8.039379119873046875e+00,-1.022150611877441406e+01,-1.398618698120117188e+01,-1.390645027160644531e+01,-9.883853912353515625e+00,-8.941343307495117188e+00,-1.135461235046386719e+01,-1.189985084533691406e+01,-1.084533882141113281e+01,-1.498184776306152344e+01,-7.753121376037597656e+00,-8.712660789489746094e+00,-9.910629272460937500e+00,-1.014499282836914062e+01,-1.015503883361816406e+01,-1.218916320800781250e+01,-3.497257947921752930e+00,-5.463100433349609375e+00,-5.065720081329345703e+00,-5.231195926666259766e+00,-4.450417041778564453e+00,-5.015211582183837891e+00,-3.563363552093505859e+00,-1.980716705322265625e+00,5.674431324005126953e-01,-3.366658687591552734e+00,-5.433888435363769531e+00,-4.631880760192871094e+00,-3.563248634338378906e+00,-5.661659240722656250e+00,-6.309637069702148438e+00,-7.773675918579101562e+00,-9.314706802368164062e+00,-6.450144767761230469e+00,-6.975391387939453125e+00,-5.633246421813964844e+00,-2.232156991958618164e+00,-3.304904222488403320e+00,-3.197144031524658203e+00,-5.378733158111572266e+00,-9.985500335693359375e+00,-8.866529464721679688e+00,-1.161673903465270996e+00,1.567889451980590820e+00,-2.183751821517944336e+00,-4.264952659606933594e+00,-5.004909992218017578e+00,-3.160515308380126953e+00,-6.673054218292236328e+00,-1.335707092285156250e+01,-1.206502914428710938e+01,-1.070260047912597656e+01,-6.491064071655273438e+00,-8.487342834472656250e+00,-1.094920730590820312e+01,-8.946556091308593750e+00,-7.270468711853027344e+00,-4.505002975463867188e+00,4.787093400955200195e-02,2.618479490280151367e+00,-2.548997640609741211e+00,-5.583251953125000000e+00,-4.862413883209228516e+00,-5.308979511260986328e+00,-2.914517641067504883e+00,-6.090484142303466797e+00,5.982148647308349609e-01,-1.642277240753173828e-01,-1.096821784973144531e+01,-1.875089836120605469e+01,-1.748941802978515625e+01,-1.746367645263671875e+01,-1.560853385925292969e+01,-1.629689407348632812e+01,-1.322904109954833984e+01,-1.248000907897949219e+01,-1.035660171508789062e+01,-9.533016204833984375e+00,-6.314379215240478516e+00,-7.918915152549743652e-02,2.086188077926635742e+00,-4.038824081420898438e+00,-7.813934326171875000e+00,-6.755115509033203125e+00,-1.056760978698730469e+01,-8.631803512573242188e+00,-7.563769340515136719e+00,-1.786862182617187500e+01,-2.090307617187500000e+01,-1.932928085327148438e+01,-1.695519256591796875e+01,-1.174414539337158203e+01,-1.468274879455566406e+01,-1.636501312255859375e+01,-1.345803165435791016e+01,-2.637352371215820312e+01,-2.668932914733886719e+01,-2.009339141845703125e+01,-2.304378128051757812e+01,-2.800936508178710938e+01,-2.669686508178710938e+01,-1.808392333984375000e+01,-1.417696952819824219e+01,-1.461030006408691406e+01,-1.828204727172851562e+01,-1.665102005004882812e+01,-1.464006233215332031e+01,-1.404197883605957031e+01,-1.690749740600585938e+01,-1.997462272644042969e+01,-1.714756774902343750e+01,-1.461962699890136719e+01,-1.513634395599365234e+01,-1.882293701171875000e+01,-1.561270141601562500e+01,-1.170700645446777344e+01,-1.264790058135986328e+01,-1.505565643310546875e+01,-1.661132812500000000e+01,-1.970609283447265625e+01,-1.941432189941406250e+01,-1.803473281860351562e+01,-1.642663002014160156e+01,-1.452636146545410156e+01,-1.628396224975585938e+01,-1.207984161376953125e+01,-1.411342048645019531e+01,-1.375098991394042969e+01,-7.252915859222412109e+00,-1.295043087005615234e+01,-1.680914878845214844e+01,-1.564080047607421875e+01,-9.520758628845214844e+00,-9.375237464904785156e+00,-9.069480895996093750e+00,-4.728639125823974609e+00,-2.792854785919189453e+00,-3.173753261566162109e+00,-4.015268802642822266e+00,-6.813796043395996094e+00,-3.655303955078125000e+00,-1.077648162841796875e+00,-2.915647506713867188e+00,-5.151700973510742188e+00,-3.468459606170654297e+00,-1.275175666809082031e+01,-1.868473815917968750e+01,-1.331149864196777344e+01,-1.112464237213134766e+01,-1.389093685150146484e+01,-2.148587799072265625e+01,-2.164671325683593750e+01,-1.587889385223388672e+01,-1.036810493469238281e+01,-1.207534313201904297e+01,-1.314603805541992188e+01,-1.629119491577148438e+01,-1.293482589721679688e+01,-1.288580513000488281e+01,-1.380563163757324219e+01,-1.154063415527343750e+01,-1.382324981689453125e+01,-1.370677375793457031e+01,-1.890320968627929688e+01,-2.085224914550781250e+01,-1.563357639312744141e+01,-1.578770828247070312e+01,-1.908297729492187500e+01,-1.184882354736328125e+01,-9.315849304199218750e+00,-1.149954605102539062e+01,-9.230360984802246094e+00,-7.946587085723876953e+00,-7.770169258117675781e+00,-9.205416679382324219e+00,-6.530012607574462891e+00,-4.059460163116455078e+00,-1.030034065246582031e+01,-4.179094314575195312e+00,-2.479470729827880859e+00,-1.451216888427734375e+01,-1.745047378540039062e+01,-1.344438552856445312e+01,-1.039328193664550781e+01,-6.778670310974121094e+00,-1.102009296417236328e+00,2.858446240425109863e-01,5.122010707855224609e+00,5.690754413604736328e+00,3.052364587783813477e+00,1.582081317901611328e-01,-2.544943094253540039e+00,-1.455635190010070801e+00,-1.610717654228210449e+00,9.751259088516235352e-01,1.190990328788757324e+00,1.055785894393920898e+00,7.898288965225219727e-01,2.620725631713867188e-01,3.537653684616088867e+00,8.654683828353881836e-01,9.620723724365234375e-01,4.002604484558105469e+00,3.922048568725585938e+00,-8.995396494865417480e-01,-5.246795415878295898e-01,-2.508136272430419922e+00,-1.542343616485595703e+00,-6.848380565643310547e-01,-4.126484394073486328e+00,-1.907788157463073730e+00,-1.795266151428222656e+00,-5.768608450889587402e-01,-9.224559068679809570e-01,-2.136739492416381836e-01,-5.921016693115234375e+00,-7.973756313323974609e+00,-3.831313371658325195e+00,-1.045585823059082031e+01,-4.881139755249023438e+00,-2.690286874771118164e+00,5.407822132110595703e-01,2.453629970550537109e+00,-4.023812294006347656e+00,-7.638754844665527344e+00,-8.089515686035156250e+00,-5.178093910217285156e+00,-2.299268245697021484e+00,-4.246380329132080078e+00,-1.745382547378540039e+00,-2.827615141868591309e-01,-4.076591491699218750e+00,-7.568234443664550781e+00,-1.756180191040039062e+01,-1.338756656646728516e+01,-8.850194931030273438e+00,-4.427986145019531250e+00,-8.884840965270996094e+00,-1.501127338409423828e+01,-1.869167327880859375e+01,-1.974658203125000000e+01,-2.107852172851562500e+01,-2.356870269775390625e+01,-1.041529560089111328e+01,-9.604375839233398438e+00,-1.394239425659179688e+01,-1.220159721374511719e+01,-4.998288631439208984e+00,-4.358644008636474609e+00,-7.537445068359375000e+00,-1.122461891174316406e+01,-1.491160392761230469e+01,-1.547861957550048828e+01,-1.326263046264648438e+01,-1.515127944946289062e+01,-1.567824935913085938e+01,-1.600905227661132812e+01,-1.461505508422851562e+01,-9.721007347106933594e+00,-8.856727600097656250e+00,-1.128217124938964844e+01,-9.781858444213867188e+00,-9.702251434326171875e+00,-1.095028305053710938e+01,-6.415664196014404297e+00,-2.614010095596313477e+00,-1.560948491096496582e-01,-4.076102733612060547e+00,-4.067222118377685547e+00,-1.226739120483398438e+01,-6.538954257965087891e+00,-2.934802055358886719e+00,-3.678496599197387695e+00,-5.839111328125000000e+00,-3.431855678558349609e+00,-6.954818725585937500e+00,-1.014812660217285156e+01,-2.721450328826904297e+00,-5.038318157196044922e+00,-7.183440208435058594e+00,-7.333738803863525391e+00,-5.508871555328369141e+00,-1.601247042417526245e-01,2.044137716293334961e+00,-3.189283847808837891e+00,-8.996111869812011719e+00,-2.517485046386718750e+01,-2.656909561157226562e+01,-2.647968292236328125e+01,-2.098533630371093750e+01,-1.765407371520996094e+01,-1.819266891479492188e+01,-2.261180496215820312e+01,-2.189432144165039062e+01,-1.847650909423828125e+01,-1.723535728454589844e+01,-1.765875816345214844e+01,-9.039443969726562500e+00,-8.259360313415527344e+00,-1.717309188842773438e+01,-1.605098724365234375e+01,-1.415485572814941406e+01,-1.081010627746582031e+01,-1.067679786682128906e+01,-1.549348068237304688e+01,-1.025062656402587891e+01,-1.158235263824462891e+01,-1.599903869628906250e+01,-2.078438949584960938e+01,-1.669604492187500000e+01,-1.360541248321533203e+01,-1.222912025451660156e+01,-8.687934875488281250e+00,-1.234242439270019531e+01,-1.501705360412597656e+01,-1.418628978729248047e+01,-1.231285667419433594e+01,-9.417403221130371094e+00,-1.981677627563476562e+01,-1.860594177246093750e+01,-1.894663429260253906e+01,-1.561889839172363281e+01,-1.942571258544921875e+01,-2.140656661987304688e+01,-2.464250183105468750e+01,-2.262935638427734375e+01,-2.465612411499023438e+01,-1.795252609252929688e+01,-9.118528366088867188e+00,-6.151029586791992188e+00,-4.267453670501708984e+00,-6.761032104492187500e+00,-1.114013004302978516e+01,-8.646484375000000000e+00,-1.414490318298339844e+01,-1.636814308166503906e+01,-2.256481361389160156e+01,-2.620255279541015625e+01,-2.415560150146484375e+01,-2.071294403076171875e+01,-1.852759933471679688e+01,-2.245124816894531250e+01,-2.112938499450683594e+01,-2.004021835327148438e+01,-2.115331077575683594e+01,-1.937752914428710938e+01,-2.621022415161132812e+01,-2.605966949462890625e+01,-1.458695793151855469e+01,-5.625056743621826172e+00,-1.253262233734130859e+01,-1.228192138671875000e+01,-1.054536628723144531e+01,-3.929140567779541016e+00,1.643252372741699219e+00,4.025765419006347656e+00,-6.933551788330078125e+00,-1.372873115539550781e+01,-1.873315048217773438e+01,-2.426045989990234375e+01,-1.624429321289062500e+01,-1.334489250183105469e+01,-1.948704910278320312e+01,-2.157995414733886719e+01,-2.363462066650390625e+01,-2.488500213623046875e+01,-2.461229324340820312e+01,-1.563751983642578125e+01,-1.116846561431884766e+01,-1.209691905975341797e+01,-1.071118545532226562e+01,-1.024832534790039062e+01,-1.382223129272460938e+01,-1.969502258300781250e+01,-2.249672698974609375e+01,-2.316383934020996094e+01,-2.518602752685546875e+01,-2.112974166870117188e+01,-1.254611206054687500e+01,-9.475675582885742188e+00,-6.714614391326904297e+00,-5.357237815856933594e+00,-3.760771751403808594e+00,-2.256519317626953125e+00,-6.835035324096679688e+00,-1.195842742919921875e+01,-5.236682891845703125e+00,-5.818449974060058594e+00,-5.801579475402832031e+00,-1.986438751220703125e+00,-3.870729446411132812e+00,-6.351301193237304688e+00,-4.982892036437988281e+00,-3.052280902862548828e+00,-1.376628398895263672e+00,-5.566714286804199219e+00,-9.504937171936035156e+00,-1.214659690856933594e+01,-7.450396537780761719e+00,-4.659182548522949219e+00,-2.344987869262695312e+00,9.874354600906372070e-01,-2.500393390655517578e+00,-5.416370391845703125e+00,-4.037969112396240234e+00,-5.345668792724609375e+00,-6.669558048248291016e+00,-3.689763545989990234e+00,-4.455101966857910156e+00,-7.501788139343261719e-01,-4.359092712402343750e+00,-1.026156997680664062e+01,-8.772582054138183594e+00,-1.706011199951171875e+01,-1.930203628540039062e+01,-1.420981788635253906e+01,-1.472510910034179688e+01,-2.067816734313964844e+01,-2.379558944702148438e+01,-2.139945983886718750e+01,-1.798089981079101562e+01,-2.051608085632324219e+01,-2.077445030212402344e+01,-1.962903594970703125e+01,-1.929343605041503906e+01,-2.172718811035156250e+01,-2.261892890930175781e+01,-2.426716995239257812e+01,-3.028536415100097656e+01,-2.841389465332031250e+01,-2.752535247802734375e+01,-2.555706024169921875e+01,-2.251507186889648438e+01,-2.730890083312988281e+01,-2.532339668273925781e+01,-2.039892005920410156e+01,-1.758477783203125000e+01,-1.463050842285156250e+01,-1.209710311889648438e+01,-1.311067199707031250e+01,-1.381196689605712891e+01,-1.968375015258789062e+01,-1.967507171630859375e+01,-1.209877967834472656e+01,-1.198468971252441406e+01,-1.234507179260253906e+01,-7.019954681396484375e+00,-6.554830551147460938e+00,-7.829177856445312500e+00,-3.504912853240966797e+00,-1.317814230918884277e+00,-2.847330570220947266e+00,-1.174974203109741211e+00,-4.801425933837890625e+00,-5.465926170349121094e+00,-4.280990600585937500e+00,-8.007400512695312500e+00,-1.761166095733642578e+00,1.751378774642944336e-01,-1.111103439331054688e+01,-2.125172805786132812e+01,-2.044554328918457031e+01,-2.102370452880859375e+01,-2.438990211486816406e+01,-1.584564876556396484e+01,-1.623495483398437500e+01,-2.102673721313476562e+01,-2.273683738708496094e+01,-2.404091835021972656e+01,-2.925293350219726562e+01,-3.133307266235351562e+01,-2.485001754760742188e+01,-1.765205574035644531e+01,-1.838202667236328125e+01,-1.351454925537109375e+01,-1.113377571105957031e+01,-1.601481437683105469e+01,-1.407411956787109375e+01,-5.538640499114990234e+00,-8.461156845092773438e+00,-8.774450302124023438e+00,-9.426204681396484375e+00,-9.578882217407226562e+00,-1.338920593261718750e+01,-1.556462287902832031e+01,-1.862037658691406250e+01,-1.846607017517089844e+01,-1.702356910705566406e+01,-2.305610656738281250e+01,-2.363616561889648438e+01,-1.795479202270507812e+01,-1.698554992675781250e+01,-1.674934959411621094e+01,-1.475152111053466797e+01,-7.821559429168701172e+00,-5.946361064910888672e+00,-8.071435928344726562e+00,-1.763790893554687500e+01,-2.532531356811523438e+01,-2.885946655273437500e+01,-2.920186042785644531e+01,-2.642607116699218750e+01,-2.494941329956054688e+01,-2.188928031921386719e+01,-1.897092056274414062e+01,-2.095882034301757812e+01,-1.752878189086914062e+01,-8.513412475585937500e+00,-9.299117088317871094e+00,-1.310123348236083984e+01,-1.529497146606445312e+01,-1.380731010437011719e+01,-1.530581283569335938e+01,-1.438620567321777344e+01,-1.523641014099121094e+01,-1.442985153198242188e+01,-1.356323623657226562e+01,-1.100555610656738281e+01,-9.050222396850585938e+00,-9.185724258422851562e+00,-1.086950111389160156e+01,-1.141831970214843750e+01,-1.799610900878906250e+01,-2.542718887329101562e+01,-2.082156372070312500e+01,-2.170245552062988281e+01,-2.064051055908203125e+01,-2.063457489013671875e+01,-2.042871475219726562e+01,-1.796051979064941406e+01,-2.201206588745117188e+01,-2.069552993774414062e+01,-1.750778961181640625e+01,-1.361251831054687500e+01,-1.230935192108154297e+01,-4.049505233764648438e+00,-3.878452062606811523e+00,-7.463689327239990234e+00,-6.174849510192871094e+00,-2.392159938812255859e+00,2.357281208038330078e+00,2.571059703826904297e+00,2.867146015167236328e+00,4.305054247379302979e-01,-1.183861970901489258e+00,-2.385533809661865234e+00,-7.284579873085021973e-01,-5.666351914405822754e-01,-2.614153861999511719e+00,-7.228960037231445312e+00,-1.070227241516113281e+01,-4.506513118743896484e+00,-2.111855268478393555e+00,-4.888628005981445312e+00,-7.205886840820312500e+00,-9.006465673446655273e-01,-1.732335448265075684e+00,-5.821074485778808594e+00,-7.690659523010253906e+00,-5.164470672607421875e+00,-6.062966823577880859e+00,-7.799816131591796875e+00,-1.514103603363037109e+01,-1.676261520385742188e+01,-2.025776481628417969e+01,-1.810731697082519531e+01,-1.364864921569824219e+01,-1.296220493316650391e+01,-1.170295238494873047e+01,-1.355545520782470703e+01,-1.265996170043945312e+01,-1.590104675292968750e+01,-1.680016708374023438e+01,-2.235216140747070312e+01,-2.474507331848144531e+01,-1.505204963684082031e+01,-1.129194259643554688e+01,-9.109603881835937500e+00,-1.520826339721679688e+01,-1.780902290344238281e+01,-1.967009353637695312e+01,-2.637909698486328125e+01,-1.737136840820312500e+01,-3.480670452117919922e+00,-8.640527725219726562e+00,-1.315959930419921875e+01,-1.586788368225097656e+01,-1.625388336181640625e+01,-1.518838691711425781e+01,-2.111716079711914062e+01,-2.312198257446289062e+01,-2.090996551513671875e+01,-1.896170043945312500e+01,-1.474773979187011719e+01,-1.128535175323486328e+01,-9.052093505859375000e+00,-7.069405555725097656e+00,-3.249748468399047852e+00,-2.193401813507080078e+00,-1.185136890411376953e+01,-9.271237373352050781e+00,-1.880730438232421875e+01,-2.276260757446289062e+01,-1.932840728759765625e+01,-2.061434173583984375e+01,-2.619525909423828125e+01,-2.493532562255859375e+01,-2.040389633178710938e+01,-1.604892349243164062e+01,-1.533639144897460938e+01,-2.029604339599609375e+01,-1.584078598022460938e+01,-9.309698104858398438e+00,-1.013608551025390625e+01,-1.163669776916503906e+01,-1.067762565612792969e+01,-3.025058269500732422e+00,-2.685592174530029297e+00,-7.636998176574707031e+00,-5.229048728942871094e+00,-8.054914474487304688e+00,-4.229749202728271484e+00,-7.144648432731628418e-01,-6.262579917907714844e+00,-7.201975822448730469e+00,-9.005360603332519531e+00,-1.606598091125488281e+01,-1.684050369262695312e+01,-1.193745040893554688e+01,-6.278822898864746094e+00,2.300071120262145996e-01,-8.926227569580078125e+00,-1.567405128479003906e+01,-1.510389900207519531e+01,-1.307201480865478516e+01,-1.566965961456298828e+01,-1.004041385650634766e+01,-3.366520404815673828e+00,-1.158292174339294434e+00,-3.535819530487060547e+00,-5.553915977478027344e+00,-7.671647548675537109e+00,-9.041598320007324219e+00,-9.563819885253906250e+00,-1.122954750061035156e+01,-6.491528511047363281e+00,-8.131162643432617188e+00,-8.723564147949218750e+00,-1.398915290832519531e+01,-2.257188224792480469e+01,-1.859594917297363281e+01,-1.172880935668945312e+01,-1.470533370971679688e+01,-1.771072959899902344e+01,-2.255632209777832031e+01,-2.169762802124023438e+01,-1.550123405456542969e+01,-2.002462387084960938e+01,-2.063020706176757812e+01,-2.212084388732910156e+01,-1.923825645446777344e+01,-1.920862197875976562e+01,-1.985601043701171875e+01,-2.087546920776367188e+01,-2.284413909912109375e+01,-1.847911453247070312e+01,-2.022414207458496094e+01,-2.325655746459960938e+01,-1.866086578369140625e+01,-1.664323806762695312e+01,-1.614162826538085938e+01,-1.379667854309082031e+01,-8.795467376708984375e+00,-8.873423576354980469e+00,-5.752225399017333984e+00,-7.615247726440429688e+00,-4.253935813903808594e+00,-1.770377159118652344e+00,-4.062887668609619141e+00,-8.335027694702148438e+00,-3.063838481903076172e+00,-5.187760591506958008e-01,1.428728342056274414e+00,-1.214224100112915039e+00,-6.283165931701660156e+00,-4.376427173614501953e+00,-8.856283187866210938e+00,-1.844095230102539062e+01,-9.752305984497070312e+00,-1.327140617370605469e+01,-1.733421325683593750e+01,-1.537449550628662109e+01,-1.143567085266113281e+01,-8.704826354980468750e+00,-8.629524230957031250e+00,-4.616756439208984375e+00,-4.682514190673828125e+00,-7.402976512908935547e+00,-1.077280235290527344e+01,-8.244888305664062500e+00,-6.998900413513183594e+00,-8.107091903686523438e+00,-1.581759548187255859e+01,-1.557881927490234375e+01,-1.496102714538574219e+01,-1.576720428466796875e+01,-1.903498458862304688e+01,-1.955350494384765625e+01,-1.958856201171875000e+01,-1.359343719482421875e+01,-7.256690025329589844e+00,-7.601937294006347656e+00,-1.288966941833496094e+01,-1.472317600250244141e+01,-1.523113536834716797e+01,-1.111323070526123047e+01,-1.120268440246582031e+01,-1.257868194580078125e+01,-9.510665893554687500e+00,-5.268267631530761719e+00,-3.491514205932617188e+00,-7.034378051757812500e+00,-9.363816261291503906e+00,-4.911894798278808594e+00,-7.584275245666503906e+00,-8.193078994750976562e+00,-1.261753654479980469e+01,-1.750480270385742188e+01,-1.664625930786132812e+01,-1.828624725341796875e+01,-1.948028182983398438e+01,-1.791681480407714844e+01,-1.681182098388671875e+01,-1.355716323852539062e+01,-7.192070007324218750e+00,-6.667647361755371094e+00,-7.258169174194335938e+00,-7.742664337158203125e+00,-7.158605575561523438e+00,-7.201833724975585938e+00,-8.207981109619140625e+00,-1.303942680358886719e+01,-1.502984046936035156e+01,-1.400237655639648438e+01,-1.387817192077636719e+01,-1.436370086669921875e+01,-1.597037315368652344e+01,-1.117108249664306641e+01,-1.262407112121582031e+01,-1.365125656127929688e+01,-1.174037837982177734e+01,-1.398352813720703125e+01,-1.716549491882324219e+01,-1.693003082275390625e+01,-1.671960067749023438e+01,-1.016926383972167969e+01,-4.689953804016113281e+00,-4.802114963531494141e+00,-8.262173652648925781e+00,-1.321876335144042969e+01,-1.517067527770996094e+01,-1.535472869873046875e+01,-1.973570060729980469e+01,-1.755955886840820312e+01,-1.308349800109863281e+01,-1.486658668518066406e+01,-1.659711074829101562e+01,-1.392936134338378906e+01,-1.031832408905029297e+01,-2.397142410278320312e+00,1.490931868553161621e+00,-4.250613212585449219e+00,-1.564801025390625000e+01,-2.485150909423828125e+01,-2.689849472045898438e+01,-2.310105133056640625e+01,-1.890704727172851562e+01,-1.309066581726074219e+01,-1.221033477783203125e+01,-8.892633438110351562e+00,-1.494998741149902344e+01,-1.367684936523437500e+01,-1.406310844421386719e+01,-1.715721702575683594e+01,-1.662753677368164062e+01,-1.866807556152343750e+01,-1.617252159118652344e+01,-1.821969985961914062e+01,-1.052791500091552734e+01,-6.037836074829101562e+00,-1.240640258789062500e+01,-1.228614711761474609e+01,-1.232690238952636719e+01,-1.274505043029785156e+01,-1.191631889343261719e+01,-1.219980621337890625e+01,-1.269280433654785156e+01,-1.042407894134521484e+01,-7.903840065002441406e+00,-8.151315689086914062e+00,-1.017221641540527344e+01,-1.344150352478027344e+01,-1.438069820404052734e+01,-9.250871658325195312e+00,-8.020071029663085938e+00,-1.433175849914550781e+01,-2.181432723999023438e+01,-1.822684860229492188e+01,-1.842774581909179688e+01,-1.559359550476074219e+01,-9.899559020996093750e+00,-1.079237174987792969e+01,-1.173821640014648438e+01,-9.836210250854492188e+00,-1.105211353302001953e+01,-1.327780532836914062e+01,-1.287694263458251953e+01,-1.065347099304199219e+01,-1.569161796569824219e+01,-1.836131858825683594e+01,-1.497318172454833984e+01,-1.494093799591064453e+01,-1.774721908569335938e+01,-1.871556472778320312e+01,-1.446533584594726562e+01,-1.446661758422851562e+01,-1.321869850158691406e+01,-1.361170864105224609e+01,-7.325385093688964844e+00,-6.386467933654785156e+00,-7.100470542907714844e+00,-1.022345256805419922e+01,-1.423441505432128906e+01,-1.821742820739746094e+01,-1.887476730346679688e+01,-2.167350387573242188e+01,-2.300926971435546875e+01,-2.346025276184082031e+01,-1.870959281921386719e+01,-1.440822696685791016e+01,-1.542858886718750000e+01,-1.389595127105712891e+01,-1.486281299591064453e+01,-1.548094940185546875e+01,-9.450005531311035156e+00,-6.518010616302490234e+00,-8.026505470275878906e+00,-6.450298309326171875e+00,-5.846933364868164062e+00,-1.061934852600097656e+01,-1.044690036773681641e+01,-1.188176918029785156e+01,-4.569588661193847656e+00,-1.467974662780761719e+00,-7.018171310424804688e+00,-7.511693954467773438e+00,-3.024607181549072266e+00,-2.116937398910522461e+00,-3.962699413299560547e+00,-2.653386831283569336e+00,-3.493360757827758789e+00,-2.305419683456420898e+00,-2.812762737274169922e+00,-6.243567466735839844e+00,-3.468117415904998779e-01,-1.061309337615966797e+00,-5.313301086425781250e+00,1.246404647827148438e-02,-2.282485961914062500e+00,-3.522173404693603516e+00,-3.273101806640625000e+00,-3.212134838104248047e+00,-4.959231376647949219e+00,-5.232499122619628906e+00,-3.370194435119628906e+00,-4.574748992919921875e+00,-2.413699388504028320e+00,9.699687957763671875e-01,-2.118875980377197266e+00,-1.007675647735595703e+01,-1.260460090637207031e+01,-1.564623928070068359e+01,-1.570664596557617188e+01,-2.030106735229492188e+01,-2.690285110473632812e+01,-3.023419761657714844e+01,-3.066975021362304688e+01,-3.017965316772460938e+01,-2.682951354980468750e+01,-2.689818572998046875e+01,-2.402175331115722656e+01,-2.003204727172851562e+01,-1.958829879760742188e+01,-1.903532791137695312e+01,-1.909975624084472656e+01,-1.767446136474609375e+01,-1.868021392822265625e+01,-1.553093719482421875e+01,-1.444168472290039062e+01,-9.363696098327636719e+00,-6.150590896606445312e+00,-1.057269287109375000e+01,-1.300875568389892578e+01,-8.383684158325195312e+00,-7.659142494201660156e+00,-3.850868940353393555e+00,-3.955790996551513672e+00,-8.808786392211914062e+00,-7.456048488616943359e+00,-4.839543342590332031e+00,-7.250144958496093750e+00,-4.912820816040039062e+00,-7.727709770202636719e+00,-1.614817428588867188e+01,-1.906399154663085938e+01,-2.095477294921875000e+01,-1.970206260681152344e+01,-1.859386444091796875e+01,-2.085752296447753906e+01,-2.147650527954101562e+01,-2.032151794433593750e+01,-1.801872253417968750e+01,-1.667601013183593750e+01,-1.675132751464843750e+01,-1.640750885009765625e+01,-1.421512985229492188e+01,-6.366942882537841797e+00,-6.668777465820312500e+00,-7.303269863128662109e+00,-7.843484878540039062e+00,-6.437710762023925781e+00,-1.049717068672180176e+00,-9.836664199829101562e-01,-9.521426200866699219e+00,-1.700943946838378906e+01,-1.929814529418945312e+01,-1.225815773010253906e+01,-1.148444175720214844e+01,-1.069623565673828125e+01,-3.165710210800170898e+00,-1.734728217124938965e+00,-1.945128321647644043e+00,-8.582051277160644531e+00,-1.253524780273437500e+01,-1.311752891540527344e+01,-1.173949241638183594e+01,-1.279790306091308594e+01,-1.533135795593261719e+01,-1.766077804565429688e+01,-1.986982345581054688e+01,-2.248019409179687500e+01,-2.147641754150390625e+01,-9.907191276550292969e+00,-1.592872810363769531e+01,-1.584339046478271484e+01,-1.820836257934570312e+01,-1.544065189361572266e+01,-1.234422588348388672e+01,-6.296183586120605469e+00,-5.177870750427246094e+00,-6.390206336975097656e+00,-1.584683179855346680e+00,-1.690896868705749512e+00,2.506021022796630859e+00,-6.330088615417480469e+00,-1.694288444519042969e+01,-1.786390304565429688e+01,-1.297035694122314453e+01,-1.138852882385253906e+01,-1.551666641235351562e+01,-1.507799148559570312e+01,-1.058314228057861328e+01,-8.403990745544433594e+00,-1.044404411315917969e+01,-1.733681106567382812e+01,-1.804583358764648438e+01,-1.054711151123046875e+01,-4.713715076446533203e+00,-6.473278999328613281e+00,-1.199076652526855469e+01,-1.240932178497314453e+01,-6.637655258178710938e+00,-8.086541175842285156e+00,-8.741050720214843750e+00,-1.198552131652832031e+01,-1.391959762573242188e+01,-2.046339035034179688e+01,-2.492660522460937500e+01,-2.468442535400390625e+01,-1.781386184692382812e+01,-1.521046161651611328e+01,-1.444151401519775391e+01,-1.208419609069824219e+01,-6.896958351135253906e+00,-1.051605987548828125e+01,-9.603242874145507812e+00,-7.941063404083251953e+00,-3.063444375991821289e+00,-3.181464433670043945e+00,1.363965749740600586e+00,-1.405271768569946289e+00,-2.404173851013183594e+00,-3.498170137405395508e+00,-9.882638931274414062e+00,-6.281638145446777344e+00,-4.885977268218994141e+00,-1.079101467132568359e+01,-2.270511627197265625e+00,-6.586977958679199219e+00,-7.953228473663330078e+00,-6.520151138305664062e+00,-7.407341480255126953e+00,-7.377096652984619141e+00,-1.155538272857666016e+01,-1.163427352905273438e+01,-1.213034820556640625e+01,-7.044676303863525391e+00,-2.746739387512207031e+00,-8.555053710937500000e+00,-8.778896331787109375e+00,2.697599232196807861e-01,5.941435337066650391e+00,2.558852910995483398e+00,-4.183568954467773438e+00,-6.684512138366699219e+00,-7.028020381927490234e+00,-3.903983354568481445e+00,-2.104452371597290039e+00,-6.664033412933349609e+00,-5.547888755798339844e+00,-6.087750434875488281e+00,-1.073344612121582031e+01,-8.328081130981445312e+00,-8.876342773437500000e+00,-2.288490295410156250e+01,-2.699517059326171875e+01,-2.869120025634765625e+01,-2.986850357055664062e+01,-2.903027725219726562e+01,-2.503397750854492188e+01,-1.966331863403320312e+01,-1.121150207519531250e+01,-1.134987449645996094e+01,-1.400794315338134766e+01,-1.368074226379394531e+01,-1.703246688842773438e+01,-2.447862243652343750e+01,-1.710483360290527344e+01,-1.031525802612304688e+01,-9.265144348144531250e+00,-9.029346466064453125e+00,-9.069282531738281250e+00,-9.628091812133789062e+00,-4.040618896484375000e+00,-3.993695974349975586e+00,-3.938219785690307617e+00,-4.212692737579345703e+00,-7.454828262329101562e+00,-4.582310676574707031e+00,-1.677718162536621094e+00,-8.996207714080810547e-01,-3.653869152069091797e+00,-9.388759613037109375e+00,-8.370701789855957031e+00,-4.446505069732666016e+00,-1.410820245742797852e+00,-3.346452236175537109e+00,-3.110946893692016602e+00,-3.725620746612548828e+00,-5.575818061828613281e+00,-8.216183662414550781e+00,-7.014904022216796875e+00,-5.849657058715820312e+00,-6.915758132934570312e+00,-1.713480114936828613e+00,-5.563204765319824219e+00,-8.887910842895507812e+00,-7.402894020080566406e+00,-9.754264831542968750e+00,-1.039624595642089844e+01,-8.381462097167968750e+00,-8.209295272827148438e+00,-7.932584762573242188e+00,-1.045978260040283203e+01,-6.174653530120849609e+00,-1.766291975975036621e+00,-8.648923873901367188e+00,-1.196390342712402344e+01,-7.938877105712890625e+00,-1.067593765258789062e+01,-1.678148841857910156e+01,-1.965525627136230469e+01,-2.281393051147460938e+01,-2.063243103027343750e+01,-1.400804901123046875e+01,-1.661570549011230469e+01,-1.502444076538085938e+01,-9.878074645996093750e+00,-1.917686843872070312e+01,-2.969972419738769531e+01,-3.465832901000976562e+01,-3.557895278930664062e+01,-3.911484527587890625e+01,-3.375989151000976562e+01,-2.951520538330078125e+01,-2.532253646850585938e+01,-1.725478363037109375e+01,-1.316060829162597656e+01,-1.286555480957031250e+01,-1.375981903076171875e+01,-1.423394203186035156e+01,-1.238186073303222656e+01,-1.358206939697265625e+01,-9.117767333984375000e+00,-2.376060724258422852e+00,-5.257584571838378906e+00,-8.788334846496582031e+00,-1.208543872833251953e+01,-1.353696346282958984e+01,-5.346037387847900391e+00,-6.776653289794921875e+00,-9.186357498168945312e+00,-9.916956901550292969e+00,-8.929618835449218750e+00,-8.154553413391113281e+00,-9.930173873901367188e+00,-1.233840942382812500e+01,-1.654106140136718750e+01,-1.977800750732421875e+01,-1.911774063110351562e+01,-8.546722412109375000e+00,-1.268738627433776855e+00,-2.060989856719970703e+00,-4.077178001403808594e+00,-1.786249279975891113e-01,4.355601310729980469e+00,2.171397924423217773e+00,-4.256023406982421875e+00,-8.488999366760253906e+00,-3.782995223999023438e+00,-5.544939041137695312e+00,-1.005739212036132812e+01,-1.113698196411132812e+01,-4.087841987609863281e+00,3.569936990737915039e+00,4.559907689690589905e-02,-1.209724807739257812e+01,-1.153983116149902344e+01,-1.111680984497070312e+01,-1.557411479949951172e+01,-1.990372085571289062e+01,-2.493168067932128906e+01,-2.236598777770996094e+01,-1.998966598510742188e+01,-2.178745269775390625e+01,-2.147460174560546875e+01,-1.962252426147460938e+01,-1.411244964599609375e+01,-1.129319190979003906e+01,-9.445251464843750000e+00,-1.022214221954345703e+01,-9.263289451599121094e+00,-7.081765651702880859e+00,-4.727294921875000000e+00,-3.337997913360595703e+00,-2.623809814453125000e+00,2.109563827514648438e+00,5.084382057189941406e+00,-5.277034759521484375e+00,-1.005654239654541016e+01,-1.021409034729003906e+01,-3.013500213623046875e+00,-1.665372014045715332e+00,-8.782167434692382812e+00,-1.008519935607910156e+01,-6.306744575500488281e+00,5.691277980804443359e-01,-1.477250933647155762e+00,-4.495881080627441406e+00,-8.725168228149414062e+00,-6.463454246520996094e+00,-5.568086624145507812e+00,-6.292090892791748047e+00,-3.995512723922729492e+00,-4.246609687805175781e+00,-4.889824867248535156e+00,-6.011856555938720703e+00,-8.248188018798828125e+00,-1.346515941619873047e+01,-1.407902526855468750e+01,-1.289622879028320312e+01,-1.207015228271484375e+01,-9.914937973022460938e+00,-8.048712730407714844e+00,-1.601828193664550781e+01,-1.957115554809570312e+01,-1.836048126220703125e+01,-1.391639041900634766e+01,-1.058396911621093750e+01,-6.415569305419921875e+00,-1.028942394256591797e+01,-1.006819438934326172e+01,-8.994638442993164062e+00,-9.927223205566406250e+00,-1.368839073181152344e+01,-1.424654006958007812e+01,-1.289321517944335938e+01,-1.508327865600585938e+01,-2.205865478515625000e+01,-2.145747756958007812e+01,-1.777950096130371094e+01,-1.841209983825683594e+01,-1.521475410461425781e+01,-9.981166839599609375e+00,-8.901607513427734375e+00,-5.499438285827636719e+00,-6.576414108276367188e+00,-8.252140045166015625e+00,-8.722640991210937500e+00,-7.486386775970458984e+00,-8.145244598388671875e+00,-5.462662696838378906e+00,-7.777286529541015625e+00,-1.084997463226318359e+01,-3.634718418121337891e+00,-3.489326477050781250e+00,-8.046417236328125000e+00,-7.931846618652343750e+00,-8.930679321289062500e+00,-8.241581916809082031e+00,-6.014710426330566406e+00,-1.162015533447265625e+01,-1.435182762145996094e+01,-1.680683898925781250e+01,-1.768076705932617188e+01,-1.601111602783203125e+01,-1.812528991699218750e+01,-2.374394989013671875e+01,-2.665922927856445312e+01,-2.333483886718750000e+01,-2.125849533081054688e+01,-1.939097023010253906e+01,-1.723425674438476562e+01,-1.462316131591796875e+01,-1.594315528869628906e+01,-1.785803413391113281e+01,-1.426765537261962891e+01,-9.715131759643554688e+00,-1.237177085876464844e+01,-1.578586864471435547e+01,-1.495176696777343750e+01,-1.521168708801269531e+01,-1.606865501403808594e+01,-2.070137596130371094e+01,-2.280606460571289062e+01,-2.046041679382324219e+01,-1.573572921752929688e+01,-1.446495532989501953e+01,-1.182835960388183594e+01,-1.033643150329589844e+01,-1.255872154235839844e+01,-9.866500854492187500e+00,-7.477279186248779297e+00,-1.061259269714355469e+01,-1.638008689880371094e+01,-1.669448661804199219e+01,-1.722245407104492188e+01,-1.526354122161865234e+01,-1.359274864196777344e+01,-1.611715126037597656e+01,-1.606874847412109375e+01,-2.086620330810546875e+01,-1.898772811889648438e+01,-1.246525192260742188e+01,-1.718208694458007812e+01,-2.449449539184570312e+01,-1.898668861389160156e+01,-1.184590530395507812e+01,-1.001904678344726562e+01,-1.517684936523437500e+01,-1.422833442687988281e+01,-1.400565338134765625e+01,-1.182414627075195312e+01,-5.566576957702636719e+00,-7.657362937927246094e+00,-9.845644950866699219e+00,-6.405855655670166016e+00,-9.647214889526367188e+00,-1.203935146331787109e+01,-9.905273437500000000e+00,-7.132115364074707031e+00,-9.979072570800781250e+00,-1.363482856750488281e+01,-7.792289733886718750e+00,-8.914136886596679688e+00,-1.107423973083496094e+01,-1.092596435546875000e+01,-1.494873619079589844e+01,-1.082428359985351562e+01,-4.790853500366210938e+00,-1.043173694610595703e+01,-2.188554382324218750e+01,-2.236148834228515625e+01,-1.958175277709960938e+01,-2.007045745849609375e+01,-2.411655807495117188e+01,-2.146246337890625000e+01,-2.175781250000000000e+01,-2.106435203552246094e+01,-2.167548751831054688e+01,-1.939320755004882812e+01,-1.828324890136718750e+01,-1.900260925292968750e+01,-2.461276435852050781e+01,-2.679513168334960938e+01,-2.987990951538085938e+01,-2.936313247680664062e+01,-2.603667259216308594e+01,-1.730054664611816406e+01,-6.782199859619140625e+00,-1.587161898612976074e+00,-1.727792263031005859e+00,-4.740786075592041016e+00,-1.012323951721191406e+01,-1.247174358367919922e+01,-1.061960029602050781e+01,-7.564804077148437500e+00,-7.296284675598144531e+00,-7.737034320831298828e+00,-1.151494026184082031e+01,-2.017548942565917969e+01,-2.022769927978515625e+01,-1.540801811218261719e+01,-1.465099143981933594e+01,-1.573271083831787109e+01,-1.716595268249511719e+01,-1.967012405395507812e+01,-2.223845863342285156e+01,-1.804389190673828125e+01,-1.768902587890625000e+01,-1.798079299926757812e+01,-1.496006870269775391e+01,-1.424129295349121094e+01,-1.219107437133789062e+01,-7.720249176025390625e+00,-1.150346851348876953e+01,-1.067045974731445312e+01,-1.210242938995361328e+01,-9.586676597595214844e+00,-1.031853008270263672e+01,-1.345211219787597656e+01,-1.872086334228515625e+01,-1.779767417907714844e+01,-1.313766574859619141e+01,-1.190320205688476562e+01,-1.209678649902343750e+01,-9.769355773925781250e+00,-7.940527915954589844e+00,-2.347822189331054688e+00,9.863483905792236328e-02,9.006642103195190430e-01,4.524573326110839844e+00,4.288719177246093750e+00,2.559381723403930664e+00,-3.963545560836791992e+00,-1.240137290954589844e+01,-1.754692459106445312e+01,-1.660917663574218750e+01,-1.251631259918212891e+01,-1.338104915618896484e+01,-1.830453872680664062e+01,-1.480041217803955078e+01,-1.675056076049804688e+01,-1.966703796386718750e+01,-1.725205993652343750e+01,-1.646373748779296875e+01,-1.405818843841552734e+01,-8.829414367675781250e+00,-8.034293174743652344e+00,-8.171130180358886719e+00,-4.883067131042480469e+00,-2.196346282958984375e+00,1.666507720947265625e+00,-1.391770482063293457e+00,-7.379486083984375000e+00,-1.592423629760742188e+01,-1.753084373474121094e+01,-1.279097270965576172e+01,-1.013244056701660156e+01,-1.558439445495605469e+01,-1.853421020507812500e+01,-1.352692794799804688e+01,-1.215299320220947266e+01,-1.679885673522949219e+01,-1.809493255615234375e+01,-1.618570137023925781e+01,-1.276605987548828125e+01,-1.493449211120605469e+01,-1.962009239196777344e+01,-1.996632385253906250e+01,-1.871568489074707031e+01,-1.427178764343261719e+01,-1.318511390686035156e+01,-1.248629665374755859e+01,-1.158070850372314453e+01,-1.103834533691406250e+01,-8.442332267761230469e+00,-1.814370393753051758e+00,-4.501403331756591797e+00,-6.430026531219482422e+00,-5.096045494079589844e+00,-6.412091732025146484e+00,-5.158948898315429688e+00,-6.869050025939941406e+00,-1.060861396789550781e+01,-9.882577896118164062e+00,-8.954812049865722656e+00,-9.990954399108886719e+00,-1.517593955993652344e+01,-2.184371185302734375e+01,-2.056690216064453125e+01,-2.285880661010742188e+01,-2.163564300537109375e+01,-1.851167297363281250e+01,-1.971984863281250000e+01,-1.637526130676269531e+01,-1.844280815124511719e+01,-2.380488967895507812e+01,-2.093182754516601562e+01,-1.223079490661621094e+01,-9.290918350219726562e+00,-8.132902145385742188e+00,-6.961870670318603516e+00,-1.490220642089843750e+01,-1.384768772125244141e+01,-1.005679321289062500e+01,-9.615932464599609375e+00,-7.929193496704101562e+00,-7.257832527160644531e+00,-1.126430892944335938e+01,-1.720595169067382812e+01,-2.233243942260742188e+01,-2.207476806640625000e+01,-2.377600097656250000e+01,-2.634455871582031250e+01,-2.827642250061035156e+01,-2.386086845397949219e+01,-2.008389472961425781e+01,-1.632825851440429688e+01,-9.155887603759765625e+00,-9.987970352172851562e+00,-1.175758552551269531e+01,-1.687686538696289062e+01,-1.985564804077148438e+01,-2.011235237121582031e+01,-2.080224609375000000e+01,-1.829020881652832031e+01,-1.699578475952148438e+01,-1.777560234069824219e+01,-1.539767360687255859e+01,-1.532811737060546875e+01,-1.284532260894775391e+01,-1.375632190704345703e+01,-1.106163597106933594e+01,-1.066320800781250000e+01,-2.202712249755859375e+01,-3.033631896972656250e+01,-2.560596466064453125e+01,-2.412198257446289062e+01,-2.391010856628417969e+01,-2.223340606689453125e+01,-2.249105453491210938e+01,-2.120786285400390625e+01,-1.928491592407226562e+01,-1.822887420654296875e+01,-1.658267974853515625e+01,-1.168229866027832031e+01,-8.972408294677734375e+00,-7.363554000854492188e+00,-1.566946506500244141e+01,-3.098342132568359375e+01,-2.640661621093750000e+01,-2.272364044189453125e+01,-2.385788726806640625e+01,-2.829371452331542969e+01,-2.616492462158203125e+01,-2.332034683227539062e+01,-2.030627822875976562e+01,-2.457452774047851562e+01,-2.866413879394531250e+01,-2.516341400146484375e+01,-1.538797378540039062e+01,-1.497360610961914062e+01,-1.552088546752929688e+01,-1.569115638732910156e+01,-1.349510955810546875e+01,-1.021765136718750000e+01,-8.649352073669433594e+00,-1.092866706848144531e+01,-7.024840354919433594e+00,-5.188152313232421875e+00,-7.340125083923339844e+00,-1.044603729248046875e+01,-8.703603744506835938e+00,-1.394236469268798828e+01,-1.112970161437988281e+01,-1.214720726013183594e+01,-1.384537124633789062e+01,-8.432782173156738281e+00,-1.129602432250976562e+01,-1.338878440856933594e+01,-1.197398376464843750e+01,-6.315885543823242188e+00,-7.221798896789550781e+00,-9.225444793701171875e+00,-5.741020202636718750e+00,-7.577981948852539062e+00,-4.750456809997558594e+00,-4.510971307754516602e-01,-1.622187137603759766e+00,-1.129381275177001953e+01,-1.200972175598144531e+01,-1.155486202239990234e+01,-1.133446788787841797e+01,-1.376345443725585938e+01,-1.059456253051757812e+01,-7.981898307800292969e+00,-7.769303321838378906e+00,-1.248907470703125000e+01,-9.539459228515625000e+00,-1.159945297241210938e+01,-1.424325180053710938e+01,-9.833035469055175781e+00,-5.130855560302734375e+00,-3.992956399917602539e+00,-9.348222732543945312e+00,-8.730302810668945312e+00,-1.168725299835205078e+01,-1.529146385192871094e+01,-1.543651199340820312e+01,-1.608304786682128906e+01,-1.323726081848144531e+01,-8.896971702575683594e+00,-7.703775405883789062e+00,-5.506530761718750000e+00,-2.852188825607299805e+00,-3.771457672119140625e+00,-1.214450263977050781e+01,-1.178253746032714844e+01,-1.128103256225585938e+01,-1.345975303649902344e+01,-7.261939048767089844e+00,-3.054776668548583984e+00,-1.143537139892578125e+01,-1.765882492065429688e+01,-1.262425136566162109e+01,-1.220794868469238281e+01,-9.724515914916992188e+00,-8.355737686157226562e+00,-7.764295578002929688e+00,-6.634129524230957031e+00,-9.599482536315917969e+00,-7.014999389648437500e+00,-8.284711837768554688e+00,-1.207229042053222656e+01,-7.789602279663085938e+00,-1.223700714111328125e+01,-6.357420921325683594e+00,-2.723052740097045898e+00,-1.487018585205078125e+01,-2.370723915100097656e+01,-2.285493850708007812e+01,-1.476389026641845703e+01,-1.354499912261962891e+01,-1.241810989379882812e+01,-1.549083614349365234e+01,-1.323388671875000000e+01,-6.360057830810546875e+00,-1.455022811889648438e+01,-2.752613830566406250e+01,-3.311027526855468750e+01,-2.879939842224121094e+01,-2.660926437377929688e+01,-2.204785919189453125e+01,-2.026955032348632812e+01,-1.982267761230468750e+01,-1.915656471252441406e+01,-1.469394493103027344e+01,-1.570373344421386719e+01,-1.375320053100585938e+01,-1.626690483093261719e+01,-1.513744258880615234e+01,-1.288088989257812500e+01,-1.599468421936035156e+01,-8.668702125549316406e+00,-4.132552623748779297e+00,-4.490049839019775391e+00,-7.442996025085449219e+00,-7.744011402130126953e+00,-1.131768703460693359e+01,-1.196184635162353516e+01,-4.674217224121093750e+00,-6.435616493225097656e+00,-1.034492588043212891e+01,-9.955574035644531250e+00,-9.771949768066406250e+00,-7.215002536773681641e+00,-1.301309680938720703e+01,-1.634894943237304688e+01,-1.446957683563232422e+01,-6.352998256683349609e+00,-7.916684150695800781e+00,-5.548285484313964844e+00,-8.475312232971191406e+00,-2.782843112945556641e+00,-6.134001255035400391e+00,-1.957780075073242188e+01,-2.774244117736816406e+01,-2.895493698120117188e+01,-3.199321746826171875e+01,-3.645852661132812500e+01,-3.238904571533203125e+01,-2.784636497497558594e+01,-2.462410736083984375e+01,-2.125802993774414062e+01,-1.761651611328125000e+01,-1.720604324340820312e+01,-2.351572608947753906e+01,-1.917665863037109375e+01,-1.330044174194335938e+01,-1.259883308410644531e+01,-1.171571922302246094e+01,-1.446775245666503906e+01,-1.203582763671875000e+01,-9.730786323547363281e+00,-1.330041503906250000e+01,-2.013474655151367188e+01,-2.154335784912109375e+01,-2.138831329345703125e+01,-1.912341690063476562e+01,-1.226744651794433594e+01,-1.180918502807617188e+01,-1.731470298767089844e+01,-2.165242767333984375e+01,-2.339772415161132812e+01,-2.164454078674316406e+01,-1.907756042480468750e+01,-2.160382843017578125e+01,-2.626159477233886719e+01,-2.946192359924316406e+01,-2.799316978454589844e+01,-2.191523361206054688e+01,-1.906272506713867188e+01,-1.490490818023681641e+01,-1.335103797912597656e+01,-7.635512351989746094e+00,-8.087948799133300781e+00,-1.503339385986328125e+01,-1.674000549316406250e+01,-1.726436042785644531e+01,-1.535155868530273438e+01,-9.215763092041015625e+00,-6.604898452758789062e+00,-6.499055385589599609e+00,-8.715908050537109375e+00,-1.425151252746582031e+01,-1.016225910186767578e+01,-1.016259574890136719e+01,-7.085362434387207031e+00,-4.675894737243652344e+00,-3.183835506439208984e+00,-5.789767265319824219e+00,-1.536263370513916016e+01,-1.368719100952148438e+01,-6.822883605957031250e+00,4.066030979156494141e-01,-2.164991855621337891e+00,-8.153048515319824219e+00,-6.283266067504882812e+00,-3.444249153137207031e+00,-3.320770740509033203e+00,-1.147313690185546875e+01,-8.703332901000976562e+00,-7.414721012115478516e+00,-9.055603981018066406e+00,-9.929729461669921875e+00,-1.181623458862304688e+01,-1.671776199340820312e+01,-1.126026248931884766e+01,-8.550398826599121094e+00,-1.109134292602539062e+01,-1.537040424346923828e+01,-1.092684650421142578e+01,-7.354096412658691406e+00,-7.901545524597167969e+00,-1.117518806457519531e+01,-1.516451644897460938e+01,-1.571202850341796875e+01,-1.101339912414550781e+01,-6.848142623901367188e+00,-5.939728736877441406e+00,-1.143240833282470703e+01,-7.928899288177490234e+00,-6.454741001129150391e+00,-1.426180839538574219e+01,-2.111273956298828125e+01,-1.998786163330078125e+01,-2.286463737487792969e+01,-2.279056549072265625e+01,-1.824284744262695312e+01,-1.415697574615478516e+01,-1.629996490478515625e+01,-1.094862937927246094e+01,-6.151752471923828125e+00,-3.952672243118286133e+00,-3.639037132263183594e+00,-4.893200874328613281e+00,-8.915010452270507812e+00,-1.526093387603759766e+01,-1.979473495483398438e+01,-2.067081642150878906e+01,-2.522092437744140625e+01,-2.370172500610351562e+01,-1.918735504150390625e+01,-1.801898384094238281e+01,-1.756668472290039062e+01,-1.747486877441406250e+01,-2.282845878601074219e+01,-2.377496719360351562e+01,-2.222367286682128906e+01,-2.027013778686523438e+01,-2.009418106079101562e+01,-1.947358512878417969e+01,-1.839056396484375000e+01,-1.263772773742675781e+01,-7.716216087341308594e+00,-1.032110023498535156e+01,-1.027965259552001953e+01,-1.098429679870605469e+01,-7.729197502136230469e+00,-8.726097106933593750e+00,-1.147032737731933594e+01,-1.485292625427246094e+01,-1.634935760498046875e+01,-1.670344543457031250e+01,-2.474094009399414062e+01,-3.030557632446289062e+01,-2.700580215454101562e+01,-2.111767196655273438e+01,-1.238897132873535156e+01,-8.539767265319824219e+00,-9.629636764526367188e+00,-1.319383716583251953e+01,-9.484809875488281250e+00,-8.407796859741210938e+00,-1.033594703674316406e+01,-1.443997955322265625e+01,-1.505624771118164062e+01,-1.053367614746093750e+01,-7.313385963439941406e+00,-6.752295017242431641e+00,-7.573433399200439453e+00,-1.107008934020996094e+01,-1.295435333251953125e+01,-1.022574615478515625e+01,-7.151737213134765625e+00,-7.610669136047363281e+00,-9.502351760864257812e+00,-1.936124801635742188e+01,-2.102098083496093750e+01,-1.550572586059570312e+01,-1.907477569580078125e+01,-2.282361412048339844e+01,-2.351473999023437500e+01,-2.227949714660644531e+01,-2.291781044006347656e+01,-1.985482025146484375e+01,-2.179940223693847656e+01,-2.380757904052734375e+01,-2.412307739257812500e+01,-2.479733276367187500e+01,-2.405765151977539062e+01,-1.990850830078125000e+01,-1.904286956787109375e+01,-1.758466339111328125e+01,-1.357731056213378906e+01,-1.943697357177734375e+01,-2.182609748840332031e+01,-2.502703094482421875e+01,-2.409881973266601562e+01,-2.238440322875976562e+01,-2.146060180664062500e+01,-1.694323348999023438e+01,-1.233746814727783203e+01,-9.988492965698242188e+00,-1.085036659240722656e+01,-1.390944385528564453e+01,-1.233850097656250000e+01,-1.453182029724121094e+01,-1.013271522521972656e+01,-6.502179145812988281e+00,-1.296370506286621094e+01,-1.672139549255371094e+01,-1.688086318969726562e+01,-1.519995307922363281e+01,-1.442335319519042969e+01,-1.241277313232421875e+01,-9.780625343322753906e+00,-1.084365749359130859e+01,-5.427527427673339844e+00,-1.941026091575622559e+00,-7.098487854003906250e+00,-7.515462875366210938e+00,-6.544525623321533203e+00,-1.247430801391601562e+01,-1.557431316375732422e+01,-1.635958862304687500e+01,-1.055364799499511719e+01,-1.129130172729492188e+01,-1.077456092834472656e+01,-1.379719161987304688e+01,-1.180505752563476562e+01,-5.620028018951416016e+00,-5.798304557800292969e+00,-1.005719757080078125e+01,-6.080054283142089844e+00,-4.086252689361572266e+00,-6.829942226409912109e+00,-1.091076660156250000e+01,-1.171571922302246094e+01,-1.481452560424804688e+01,-1.065548515319824219e+01,-9.097817420959472656e+00,-4.899622917175292969e+00,-4.605573177337646484e+00,-3.666578292846679688e+00,-9.041853904724121094e+00,-7.547118663787841797e+00,-6.125955581665039062e+00,-7.321425437927246094e+00,-8.657051086425781250e+00,-1.000266838073730469e+01,-8.231936454772949219e+00,-8.467412948608398438e+00,-3.805153608322143555e+00,-9.417552947998046875e+00,-5.184361934661865234e+00,-4.939467906951904297e-01,-1.014893722534179688e+01,-1.061713981628417969e+01,-8.761169433593750000e+00,-9.556994438171386719e+00,-1.453420925140380859e+01,-1.868663406372070312e+01,-2.474032402038574219e+01,-3.274975204467773438e+01,-2.443351745605468750e+01,-2.351301574707031250e+01,-2.024267005920410156e+01,-2.006478118896484375e+01,-1.840512275695800781e+01,-1.300331115722656250e+01,-1.109678077697753906e+01,-1.109853172302246094e+01,-1.713188743591308594e+01,-1.842890548706054688e+01,-1.856931114196777344e+01,-1.996114158630371094e+01,-1.391475677490234375e+01,-1.488142681121826172e+01,-2.021054077148437500e+01,-2.142556571960449219e+01,-2.032370758056640625e+01,-1.894448852539062500e+01,-2.047751617431640625e+01,-1.661824989318847656e+01,-1.140220642089843750e+01,-1.293920135498046875e+01,-7.997250080108642578e+00,-1.235843753814697266e+01,-1.344635772705078125e+01,-1.221956062316894531e+01,-7.799816131591796875e+00,-5.105760097503662109e+00,-2.699600696563720703e+00,-2.848508834838867188e+00,-5.237635612487792969e+00,-1.038826084136962891e+01,-1.045415878295898438e+01,-3.012636184692382812e+00,-1.586560487747192383e+00,-1.044069004058837891e+01,-9.358735084533691406e+00,-1.015458869934082031e+01,-8.422466278076171875e+00,-9.181827545166015625e+00,-7.030861854553222656e+00,-7.173636436462402344e+00,-8.602482795715332031e+00,-7.297838687896728516e+00,-8.157408714294433594e+00,-5.976997375488281250e+00,-5.128241062164306641e+00,-9.805586814880371094e+00,-7.471375465393066406e+00,-6.541510105133056641e+00,-9.692601203918457031e+00,-7.332022666931152344e+00,-6.269517421722412109e+00,-1.134440994262695312e+01,-1.615355873107910156e+01,-1.533182525634765625e+01,-1.212003707885742188e+01,-1.530105781555175781e+01,-1.698652076721191406e+01,-1.696116638183593750e+01,-1.433064365386962891e+01,-1.841463279724121094e+01,-2.386023712158203125e+01,-2.148241043090820312e+01,-2.076207733154296875e+01,-1.795704269409179688e+01,-1.376288318634033203e+01,-1.575170230865478516e+01,-2.419376373291015625e+01,-2.652998733520507812e+01,-2.524081420898437500e+01,-2.455626678466796875e+01,-1.975231933593750000e+01,-2.053897094726562500e+01,-2.418763160705566406e+01,-1.880619812011718750e+01,-1.883713531494140625e+01,-2.058615493774414062e+01,-1.356962013244628906e+01,-1.338039588928222656e+01,-1.532658576965332031e+01,-1.270539855957031250e+01,-9.228117942810058594e+00,-4.237240314483642578e+00,-6.828856468200683594e+00,-1.035847854614257812e+01,-1.026813602447509766e+01,-8.817587852478027344e+00,-1.191633415222167969e+01,-9.972944259643554688e+00,-6.376711845397949219e+00,-1.108912467956542969e+01,-2.121790313720703125e+01,-2.238499641418457031e+01,-2.704351615905761719e+01,-3.038529205322265625e+01,-2.860974502563476562e+01,-2.494202232360839844e+01,-2.071213340759277344e+01,-1.463316535949707031e+01,-1.091241931915283203e+01,-1.128036499023437500e+01,-1.490773010253906250e+01,-2.356789588928222656e+01,-2.077437591552734375e+01,-1.109904479980468750e+01,-1.383567810058593750e+01,-1.442661094665527344e+01,-1.511135482788085938e+01,-1.106657218933105469e+01,-1.701134300231933594e+01,-2.599599075317382812e+01,-2.591629219055175781e+01,-1.968576622009277344e+01,-1.999197196960449219e+01,-2.205523872375488281e+01,-1.653800201416015625e+01,-1.454403495788574219e+01,-1.558186149597167969e+01,-1.631675148010253906e+01,-1.617250061035156250e+01,-1.493033790588378906e+01,-1.056018161773681641e+01,-1.091263961791992188e+01,-1.370939826965332031e+01,-1.785684967041015625e+01,-2.295357513427734375e+01,-2.838031005859375000e+01,-2.988284301757812500e+01,-2.787086486816406250e+01,-3.123402595520019531e+01,-2.762171554565429688e+01,-2.438760566711425781e+01,-2.103240585327148438e+01,-2.148715591430664062e+01,-2.073355865478515625e+01,-2.839460754394531250e+01,-2.983925628662109375e+01,-2.880381774902343750e+01,-2.095744132995605469e+01,-1.797507095336914062e+01,-2.006335067749023438e+01,-1.569147682189941406e+01,-1.471650505065917969e+01,-1.692655944824218750e+01,-1.699277114868164062e+01,-2.008201217651367188e+01,-2.523784255981445312e+01,-2.622273254394531250e+01,-2.271223831176757812e+01,-1.308109474182128906e+01,-8.620792388916015625e+00,-1.030098342895507812e+01,-1.679154586791992188e+01,-1.840301895141601562e+01,-1.620459365844726562e+01,-1.816215896606445312e+01,-1.458707809448242188e+01,-1.544579505920410156e+01,-1.586577510833740234e+01,-1.412757682800292969e+01,-1.517226028442382812e+01,-1.427746677398681641e+01,-7.239459514617919922e+00,-8.053758621215820312e+00,-1.012224769592285156e+01,-9.288326263427734375e+00,-9.422310829162597656e+00,-1.419231796264648438e+01,-1.579034423828125000e+01,-8.973883628845214844e+00,-6.743510246276855469e+00,-1.396208190917968750e+01,-2.620820426940917969e+01,-2.312423324584960938e+01,-1.453326606750488281e+01,-1.444631004333496094e+01,-1.436884880065917969e+01,-1.784278869628906250e+01,-2.522326660156250000e+01,-3.143234062194824219e+01,-2.655204200744628906e+01,-2.160544204711914062e+01,-2.084086608886718750e+01,-2.454533004760742188e+01,-2.012551116943359375e+01,-1.185601425170898438e+01,-1.030469131469726562e+01,-1.680811691284179688e+01,-1.869524765014648438e+01,-1.021934700012207031e+01,-1.239261627197265625e+01,-9.172048568725585938e+00,-1.027942657470703125e+01,-1.478592395782470703e+01,-1.568912887573242188e+01,-1.788072395324707031e+01,-1.698081970214843750e+01,-1.367210388183593750e+01,-1.625220489501953125e+01,-1.862075805664062500e+01,-1.797301483154296875e+01,-1.501116561889648438e+01,-1.694366836547851562e+01,-2.064547538757324219e+01,-2.190093612670898438e+01,-1.504542350769042969e+01,-1.495914268493652344e+01,-1.363000106811523438e+01,-1.106941413879394531e+01,-1.025914573669433594e+01,-1.308159542083740234e+01,-1.263016128540039062e+01,-1.537674427032470703e+01,-1.527619552612304688e+01,-1.404398155212402344e+01,-1.706647491455078125e+01,-1.741016006469726562e+01,-1.151830482482910156e+01,-4.499863624572753906e+00,-1.996724843978881836e+00,-2.874999046325683594e+00,-8.660327911376953125e+00,-1.098489570617675781e+01,-1.100188255310058594e+01,-3.762415647506713867e+00,-5.160472393035888672e+00,-6.958922386169433594e+00,-2.328331470489501953e+00,-3.159042119979858398e+00,-5.338821411132812500e+00,-7.600931167602539062e+00,-8.239370346069335938e+00,-5.953179836273193359e+00,-6.194772720336914062e+00,-1.878572106361389160e+00,-7.638465881347656250e+00,-4.326611995697021484e+00,-1.546769380569458008e+00,-1.819394350051879883e+00,-5.312595367431640625e+00,-3.442334651947021484e+00,-5.337488174438476562e+00,-7.078424453735351562e+00,-7.032937049865722656e+00,-1.083727836608886719e+01,-7.211475372314453125e+00,-4.770032882690429688e+00,-7.182499408721923828e+00,-7.368273735046386719e+00,-2.468962192535400391e+00,-4.197728633880615234e+00,-4.950502395629882812e+00,-3.326742172241210938e+00,-2.183929443359375000e+00,-6.862191200256347656e+00,-1.130911350250244141e+01,-9.784671783447265625e+00,-1.136414241790771484e+01,-1.959595489501953125e+01,-2.339074325561523438e+01,-2.360342025756835938e+01,-1.957572364807128906e+01,-1.644733428955078125e+01,-1.205909729003906250e+01,-1.353432464599609375e+01,-1.157748508453369141e+01,-6.325922966003417969e+00,-1.258234786987304688e+01,-2.006927871704101562e+01,-2.502952194213867188e+01,-2.376561737060546875e+01,-2.590370368957519531e+01,-3.296627044677734375e+01,-3.325463104248046875e+01,-2.619314575195312500e+01,-2.486540985107421875e+01,-2.510930061340332031e+01,-2.212753677368164062e+01,-2.156419372558593750e+01,-2.107785797119140625e+01,-1.804426002502441406e+01,-1.393321418762207031e+01,-1.694852828979492188e+01,-1.929540634155273438e+01,-1.745288467407226562e+01,-1.774994087219238281e+01,-2.298685073852539062e+01,-2.317161941528320312e+01,-2.033483886718750000e+01,-1.821677017211914062e+01,-1.911121177673339844e+01,-1.589440917968750000e+01,-1.737745666503906250e+01,-1.879260063171386719e+01,-1.743213844299316406e+01,-1.444649314880371094e+01,-1.310843086242675781e+01,-1.365803909301757812e+01,-1.016373252868652344e+01,-8.938299179077148438e+00,-7.726170539855957031e+00,-7.018662929534912109e+00,-4.532787322998046875e+00,-4.392740249633789062e+00,-4.974939823150634766e+00,2.538624405860900879e-01,-1.571125864982604980e+00,-4.522578239440917969e+00,-1.293239021301269531e+01,-1.460014438629150391e+01,-1.575588035583496094e+01,-1.497289848327636719e+01,-2.054965591430664062e+01,-1.949034881591796875e+01,-1.901750564575195312e+01,-1.999682998657226562e+01,-1.967897224426269531e+01,-8.824062347412109375e+00,-9.844308853149414062e+00,-1.325208187103271484e+01,-1.604179763793945312e+01,-1.556062412261962891e+01,-1.626427459716796875e+01,-1.778950691223144531e+01,-1.767505645751953125e+01,-1.331577301025390625e+01,-1.136085128784179688e+01,-1.099273681640625000e+01,-1.181652259826660156e+01,-4.809671878814697266e+00,-6.111612319946289062e-01,-2.734737634658813477e+00,-6.221844673156738281e+00,-8.137773513793945312e+00,-7.893598556518554688e+00,-8.552454948425292969e+00,-8.802128791809082031e+00,-1.086735725402832031e+01,-1.252344512939453125e+01,-6.980387687683105469e+00,-2.230716228485107422e+00,-2.063892364501953125e+00,2.867174148559570312e+00,6.469985842704772949e-01,-4.057655334472656250e+00,-4.345951557159423828e+00,-9.527983665466308594e+00,-1.547685813903808594e+01,-1.555919170379638672e+01,-2.038114929199218750e+01,-2.382919692993164062e+01,-2.007999038696289062e+01,-1.375456237792968750e+01,-1.148372459411621094e+01,-1.768915557861328125e+01,-2.566785430908203125e+01,-2.533114624023437500e+01,-2.822107505798339844e+01,-3.179438209533691406e+01,-2.402900695800781250e+01,-1.899202346801757812e+01,-1.361598300933837891e+01,-1.479053878784179688e+01,-1.268098449707031250e+01,-1.005200004577636719e+01,-1.421499252319335938e+01,-1.921066093444824219e+01,-2.382361793518066406e+01,-2.545438766479492188e+01,-2.673641967773437500e+01,-2.385399627685546875e+01,-2.387860870361328125e+01,-2.128454971313476562e+01,-1.980915832519531250e+01,-1.957630920410156250e+01,-1.781713485717773438e+01,-1.369125175476074219e+01,-1.657136535644531250e+01,-1.204284286499023438e+01,-1.364211082458496094e+01,-1.424929141998291016e+01,-8.988348960876464844e+00,-8.178333282470703125e+00,-7.698006629943847656e+00,-2.763054847717285156e+00,-2.606409788131713867e-02,5.816048383712768555e-02,2.744669914245605469e-01,-2.949893951416015625e+00,-3.791250228881835938e+00,-1.389537715911865234e+01,-2.157994461059570312e+01,-2.073786544799804688e+01,-1.963400459289550781e+01,-1.785073089599609375e+01,-1.370320892333984375e+01,-8.305233001708984375e+00,-1.493624877929687500e+01,-1.657677078247070312e+01,-1.176933860778808594e+01,-1.240261650085449219e+01,-1.158538436889648438e+01,-1.116106033325195312e+01,-1.419737625122070312e+01,-1.503490066528320312e+01,-1.378493118286132812e+01,-8.911207199096679688e+00,4.161033332347869873e-01,3.344787120819091797e+00,-2.642026424407958984e+00,-6.855264663696289062e+00,-7.803561210632324219e+00,-6.830252170562744141e+00,-6.925658226013183594e+00,-6.875048637390136719e+00,-8.041065216064453125e+00,-8.369952201843261719e+00,-8.923495292663574219e+00,-4.577400207519531250e+00,-3.696511745452880859e+00,-4.710830688476562500e+00,-5.289633274078369141e+00,-8.779899597167968750e+00,-7.343028068542480469e+00,-5.259442329406738281e+00,-9.915176391601562500e+00,-1.221811103820800781e+01,-1.575425529479980469e+01,-7.379582881927490234e+00,-3.912797927856445312e+00,-8.480426788330078125e+00,-7.836425304412841797e+00,-2.451672077178955078e+00,-2.766464710235595703e+00,-1.377082252502441406e+01,-1.698122787475585938e+01,-1.618977165222167969e+01,-1.815664482116699219e+01,-2.228246307373046875e+01,-2.238093185424804688e+01,-1.928790855407714844e+01,-1.817743873596191406e+01,-2.242360687255859375e+01,-2.096471405029296875e+01,-1.415490913391113281e+01,-6.272345066070556641e+00,-9.696825027465820312e+00,-1.206616973876953125e+01,-1.632791900634765625e+01,-1.413838386535644531e+01,-1.182009983062744141e+01,-1.429358959197998047e+01,-1.622168159484863281e+01,-1.608773994445800781e+01,-1.596330642700195312e+01,-1.587178993225097656e+01,-1.475435638427734375e+01,-1.369895553588867188e+01,-1.602089500427246094e+01,-2.018719482421875000e+01,-1.836739349365234375e+01,-1.441005325317382812e+01,-1.254456233978271484e+01,-1.718568229675292969e+01,-2.072634124755859375e+01,-2.239324569702148438e+01,-2.059647369384765625e+01,-2.181682205200195312e+01,-1.970198822021484375e+01,-1.759291839599609375e+01,-1.349683570861816406e+01,-8.464003562927246094e+00,-9.263034820556640625e+00,-1.427478885650634766e+01,-1.669166374206542969e+01,-1.353241729736328125e+01,-1.251667690277099609e+01,-1.612412261962890625e+01,-1.678921508789062500e+01,-1.017806243896484375e+01,-1.774505615234375000e+01,-2.641787338256835938e+01,-2.742957687377929688e+01,-2.722370529174804688e+01,-2.637572479248046875e+01,-3.009674072265625000e+01,-3.205355834960937500e+01,-2.590945053100585938e+01,-2.309614562988281250e+01,-2.486466217041015625e+01,-2.394550895690917969e+01,-2.456254768371582031e+01,-1.798479843139648438e+01,-1.586634826660156250e+01,-1.575607299804687500e+01,-1.936651611328125000e+01,-1.638059234619140625e+01,-1.517258071899414062e+01,-1.321280765533447266e+01,-9.733293533325195312e+00,-6.300928592681884766e+00,-1.281314849853515625e+01,-1.048446178436279297e+01,-5.755172729492187500e+00,-9.929901123046875000e+00,-1.073356151580810547e+01,-1.015129852294921875e+01,-1.315345954895019531e+01,-2.124914741516113281e+01,-1.601743125915527344e+01,-9.774707794189453125e+00,-5.989672183990478516e+00,-1.342530918121337891e+01,-1.625734519958496094e+01,-1.540352916717529297e+01,-1.100208759307861328e+01,-7.087310314178466797e+00,-1.667928314208984375e+01,-1.136188125610351562e+01,-4.524003028869628906e+00,-7.617828369140625000e+00,-8.890172958374023438e+00,-9.094512939453125000e+00,-1.068501472473144531e+01,-1.164505958557128906e+01,-1.189543533325195312e+01,-1.593443965911865234e+01,-1.760632324218750000e+01,-1.443136596679687500e+01,-1.333143234252929688e+01,-1.714841842651367188e+01,-1.916076660156250000e+01,-1.282758331298828125e+01,-1.741791915893554688e+01,-1.787166786193847656e+01,-1.932595062255859375e+01,-1.546792602539062500e+01,-1.866070556640625000e+01,-1.627101898193359375e+01,-1.766524314880371094e+01,-1.798466873168945312e+01,-1.378030014038085938e+01,-2.321928501129150391e+00,-8.519134521484375000e-01,-8.925861358642578125e+00,-1.673242568969726562e+01,-1.512756919860839844e+01,-1.590864562988281250e+01,-1.989606475830078125e+01,-2.268699073791503906e+01,-2.441647338867187500e+01,-2.231331634521484375e+01,-2.605639266967773438e+01,-2.801116943359375000e+01,-2.579092025756835938e+01,-2.067914962768554688e+01,-2.224683380126953125e+01,-2.265798950195312500e+01,-1.738561439514160156e+01,-1.581564998626708984e+01,-1.778414916992187500e+01,-1.807994079589843750e+01,-1.700354194641113281e+01,-1.349926280975341797e+01,-1.060843563079833984e+01,-9.660305023193359375e+00,-4.171709060668945312e+00,-5.064316749572753906e+00,-2.699855804443359375e+00,-4.654296398162841797e+00,-4.131430149078369141e+00,-8.230295181274414062e-01,-6.147395133972167969e+00,-8.331752777099609375e+00,-8.590879440307617188e+00,-7.136821746826171875e+00,-4.918357372283935547e+00,-5.422201156616210938e+00,-7.808586120605468750e+00,-6.458258628845214844e+00,-3.886034965515136719e+00,-5.371294975280761719e+00,-5.709546089172363281e+00,-1.213317108154296875e+01,-1.118841743469238281e+01,-1.068866920471191406e+01,-6.438250541687011719e+00,-5.175026893615722656e+00,-7.572194099426269531e+00,-9.876857757568359375e+00,-8.764198303222656250e+00,-5.619486808776855469e+00,-7.117879867553710938e+00,-8.735074996948242188e+00,-6.568932533264160156e+00,-6.679543495178222656e+00,-3.267078399658203125e+00,-8.216718673706054688e+00,-1.470654869079589844e+01,-1.794686508178710938e+01,-2.181110382080078125e+01,-1.734595108032226562e+01,-1.339571094512939453e+01,-1.289543724060058594e+01,-1.777575302124023438e+01,-2.137308120727539062e+01,-2.216683197021484375e+01,-2.652574539184570312e+01,-2.419530868530273438e+01,-1.776530075073242188e+01,-1.613906097412109375e+01,-2.066865539550781250e+01,-2.294046401977539062e+01,-2.167638587951660156e+01,-1.907911872863769531e+01,-1.648792266845703125e+01,-1.990394783020019531e+01,-2.433235168457031250e+01,-2.755003166198730469e+01,-2.049715232849121094e+01,-2.460233879089355469e+01,-1.869440460205078125e+01,-1.366458511352539062e+01,-1.606962966918945312e+01,-2.131353759765625000e+01,-1.541407108306884766e+01,-1.173793697357177734e+01,-1.654558372497558594e+01,-1.489756584167480469e+01,-1.435967350006103516e+01,-1.444441604614257812e+01,-1.677103424072265625e+01,-1.581418609619140625e+01,-1.254374122619628906e+01,-1.282217597961425781e+01,-1.868821525573730469e+01,-2.027956008911132812e+01,-1.288457679748535156e+01,-1.481948852539062500e+01,-1.784125518798828125e+01,-2.077245330810546875e+01,-1.887994384765625000e+01,-1.647220611572265625e+01,-1.591509151458740234e+01,-1.115857505798339844e+01,-1.582661724090576172e+01,-1.838763046264648438e+01,-1.423096656799316406e+01,-1.413909530639648438e+01,-1.894973373413085938e+01,-1.947603607177734375e+01,-1.896587371826171875e+01,-1.984934043884277344e+01,-2.086937522888183594e+01,-1.742539024353027344e+01,-1.310674953460693359e+01,-1.488864135742187500e+01,-1.896254730224609375e+01,-1.712889480590820312e+01,-1.043833255767822266e+01,-9.635382652282714844e+00,-9.594087600708007812e+00,-1.900946044921875000e+01,-2.452066993713378906e+01,-2.317436218261718750e+01,-2.085280227661132812e+01,-2.099949264526367188e+01,-1.853649902343750000e+01,-1.596102714538574219e+01,-1.906030273437500000e+01,-1.777285003662109375e+01,-1.570287132263183594e+01,-9.510565757751464844e+00,-1.059781932830810547e+01,-1.525396919250488281e+01,-1.143797302246093750e+01,-1.317389297485351562e+01,-9.018485069274902344e+00,-1.571818256378173828e+01,-1.614789581298828125e+01,-1.391490173339843750e+01,-1.446064186096191406e+01,-1.779565429687500000e+01,-1.591099548339843750e+01,-1.257546997070312500e+01,-9.641979217529296875e+00,-1.268404197692871094e+01,-1.796691703796386719e+01,-1.356411933898925781e+01,-8.240987777709960938e+00,-7.332626342773437500e+00,-4.269357204437255859e+00,-7.967370033264160156e+00,-1.214662551879882812e+01,-9.653804779052734375e+00,-4.973625659942626953e+00,-4.554416656494140625e+00,-7.003880500793457031e+00,-6.812571525573730469e+00,-1.469746685028076172e+01,-1.574664688110351562e+01,-1.147252464294433594e+01,-1.270493888854980469e+01,-1.446170902252197266e+01,-1.380852508544921875e+01,-7.863040924072265625e+00,-4.010044574737548828e+00,-6.815161228179931641e+00,-2.369618415832519531e+01,-2.661640357971191406e+01,-2.525740814208984375e+01,-2.505457115173339844e+01,-2.244133377075195312e+01,-2.675277328491210938e+01,-3.035246849060058594e+01,-2.454355239868164062e+01,-1.961161041259765625e+01,-1.903043556213378906e+01,-1.715503311157226562e+01,-1.477429389953613281e+01,-1.138441085815429688e+01,-1.170771408081054688e+01,-2.109849929809570312e+01,-1.556748580932617188e+01,-6.608136177062988281e+00,-6.214117050170898438e+00,-5.432423591613769531e+00,-8.757884979248046875e+00,-9.920583724975585938e+00,-1.659529685974121094e+01,-1.485162734985351562e+01,-8.445405960083007812e+00,-6.614357948303222656e+00,-7.950642585754394531e+00,-1.258932495117187500e+01,-1.917160415649414062e+01,-1.725378036499023438e+01,-1.423052978515625000e+01,-1.628659629821777344e+01,-1.714281272888183594e+01,-1.354701995849609375e+01,-6.685680747032165527e-01,6.908969879150390625e+00,6.171052932739257812e+00,4.904988288879394531e+00,-1.494422078132629395e+00,3.291040420532226562e+00,4.499670982360839844e+00,-1.643354296684265137e+00,-4.800330638885498047e+00,-3.514225006103515625e+00,-1.268050289154052734e+01,-2.753519821166992188e+01,-3.574684143066406250e+01,-3.628238677978515625e+01,-2.973198699951171875e+01,-2.144773864746093750e+01,-1.637255859375000000e+01,-1.709616851806640625e+01,-1.423889732360839844e+01,-1.544883346557617188e+01,-1.737760162353515625e+01,-9.528812408447265625e+00,-5.285512924194335938e+00,-6.939688682556152344e+00,-5.743247985839843750e+00,-6.616060733795166016e+00,-6.843723297119140625e+00,-4.756045818328857422e+00,-7.375373363494873047e+00,-5.969060420989990234e+00,-3.239729881286621094e+00,-7.621207714080810547e+00,-1.042698097229003906e+01,-2.056493759155273438e+01,-2.329446792602539062e+01,-2.112088394165039062e+01,-1.831170272827148438e+01,-1.855826950073242188e+01,-1.371868324279785156e+01,-1.313987064361572266e+01,-1.823607635498046875e+01,-9.708169937133789062e+00,-3.538768529891967773e+00,-9.247173309326171875e+00,-1.381204414367675781e+01,-9.462903976440429688e+00,-5.473858833312988281e+00,-9.506938934326171875e+00,-1.261214256286621094e+01,-1.178308582305908203e+01,-6.598511695861816406e+00,-8.937595367431640625e+00,-1.423724174499511719e+01,-8.810399055480957031e+00,-6.925824642181396484e+00,-6.973683834075927734e+00,-5.562106132507324219e+00,-6.113730430603027344e+00,-5.492037296295166016e+00,2.021015882492065430e-01,5.849683284759521484e-02,-1.444614648818969727e+00,-7.060973167419433594e+00,-8.059217453002929688e+00,-4.746488571166992188e+00,-5.108135700225830078e+00,-7.746912002563476562e+00,-9.352319717407226562e+00,-1.042517948150634766e+01,-6.826746463775634766e+00,-7.427430152893066406e+00,-4.535382747650146484e+00,-4.521668434143066406e+00,-1.285585212707519531e+01,-1.461598396301269531e+01,-1.265532112121582031e+01,-7.663659572601318359e+00,-9.225324630737304688e+00,-1.516984748840332031e+01,-1.620456695556640625e+01,-1.248367404937744141e+01,-1.419694232940673828e+01,-1.065096664428710938e+01,-6.513669013977050781e+00,-4.371583461761474609e+00,-9.959263801574707031e+00,-1.941999816894531250e+01,-2.115012359619140625e+01,-1.966068649291992188e+01,-1.740386581420898438e+01,-1.155750751495361328e+01,-9.128306388854980469e+00,-4.970125198364257812e+00,-5.201057434082031250e+00,-4.659224510192871094e+00,-3.132493972778320312e+00,-6.024694919586181641e+00,-4.164531707763671875e+00,-2.547358512878417969e+00,-2.976918697357177734e+00,-2.802568912506103516e+00,-5.292329788208007812e+00,-6.499397754669189453e+00,-1.109860515594482422e+01,-2.302917480468750000e+00,-2.543922662734985352e+00,-5.868219375610351562e+00,-7.254213333129882812e+00,-3.530838012695312500e+00,-2.998160600662231445e+00,-5.299437999725341797e+00,-7.383929252624511719e+00,-8.444133758544921875e+00,-9.080227851867675781e+00,-1.861276388168334961e+00,-8.996254205703735352e-02,-3.159590244293212891e+00,-2.211048364639282227e+00,-4.565639495849609375e+00,-9.216621398925781250e+00,-4.012030601501464844e+00,-1.698903203010559082e+00,-3.727315425872802734e+00,-6.219926834106445312e+00,-4.601367473602294922e+00,-5.760489463806152344e+00,-7.608741283416748047e+00,-4.055612564086914062e+00,-9.838885068893432617e-01,-1.221674084663391113e-01,-8.095377683639526367e-02,-6.039805412292480469e-01,-3.989351511001586914e+00,-3.121513843536376953e+00,-6.805045008659362793e-01,-1.528247117996215820e+00,-4.159134864807128906e+00,-3.209242343902587891e+00,-2.984040737152099609e+00,-4.152781486511230469e+00,-3.921071767807006836e+00,-5.621094703674316406e+00,-5.233865261077880859e+00,-8.666891098022460938e+00,-1.105499076843261719e+01,-7.909907341003417969e+00,-8.446967124938964844e+00,-7.052934646606445312e+00,-7.740064620971679688e+00,-5.762238025665283203e+00,-5.760278701782226562e+00,-2.680727243423461914e+00,-1.769652724266052246e+00,5.431510210037231445e-01,-4.100368499755859375e+00,-9.485431671142578125e+00,-1.065052986145019531e+01,-1.106813240051269531e+01,-2.333070945739746094e+01,-3.160319137573242188e+01,-2.394897270202636719e+01,-2.321471405029296875e+01,-2.503852844238281250e+01,-2.539724731445312500e+01,-1.941169929504394531e+01,-1.604930686950683594e+01,-1.474387836456298828e+01,-2.611278533935546875e+01,-2.814266777038574219e+01,-2.129294395446777344e+01,-1.958404159545898438e+01,-1.941674995422363281e+01,-2.024113464355468750e+01,-1.787035369873046875e+01,-1.538473510742187500e+01,-1.243657684326171875e+01,-1.685863113403320312e+01,-1.753855133056640625e+01,-1.894315910339355469e+01,-2.393535995483398438e+01,-2.141682434082031250e+01,-1.806993103027343750e+01,-2.034128761291503906e+01,-2.779512786865234375e+01,-2.886439132690429688e+01,-2.160573005676269531e+01,-1.750136756896972656e+01,-1.875359344482421875e+01,-1.998625946044921875e+01,-1.451263999938964844e+01,-1.171643066406250000e+01,-1.756957054138183594e+01,-2.144461441040039062e+01,-2.620842361450195312e+01,-2.897794914245605469e+01,-2.385356903076171875e+01,-1.996931838989257812e+01,-1.397635841369628906e+01,-1.580801868438720703e+01,-1.876480102539062500e+01,-1.917683982849121094e+01,-1.609045028686523438e+01,-1.959075355529785156e+01,-1.988390922546386719e+01,-1.450574493408203125e+01,-8.610345840454101562e+00,-1.006325721740722656e+01,-4.300540924072265625e+00,-8.644815444946289062e+00,-1.114691543579101562e+01,-1.159975242614746094e+01,-1.389908409118652344e+01,-1.086273479461669922e+01,-1.286711406707763672e+01,-1.705513381958007812e+01,-1.358334541320800781e+01,-1.522622013092041016e+01,-1.823751831054687500e+01,-2.236904525756835938e+01,-2.251330566406250000e+01,-1.879119491577148438e+01,-2.025321960449218750e+01,-1.668686866760253906e+01,-1.383162498474121094e+01,-1.596818351745605469e+01,-1.951608276367187500e+01,-1.966857528686523438e+01,-1.576101016998291016e+01,-2.091349220275878906e+01,-1.986367988586425781e+01,-1.791715240478515625e+01,-1.595595741271972656e+01,-1.256804561614990234e+01,-1.201524925231933594e+01,-1.638944244384765625e+01,-1.221698856353759766e+01,-1.304765892028808594e+01,-1.085557556152343750e+01,-1.095433425903320312e+01,-1.013359832763671875e+01,-9.049693107604980469e+00,-9.991236686706542969e+00,-7.494962215423583984e+00,-7.561759948730468750e+00,-6.053033351898193359e+00,-8.861026763916015625e+00,-1.272608947753906250e+01,-1.108646488189697266e+01,-8.186717033386230469e+00,-6.073834896087646484e+00,-7.271136760711669922e+00,1.350576877593994141e+00,1.082017183303833008e+00,-7.610929489135742188e+00,-5.983248233795166016e+00,-6.189073562622070312e+00,-8.220836639404296875e+00,-8.546445846557617188e+00,-6.202237129211425781e+00,-8.691034317016601562e+00,-1.211243247985839844e+01,-1.266210365295410156e+01,-1.099288654327392578e+01,-9.081917762756347656e+00,-9.269663810729980469e+00,-1.067358779907226562e+01,-9.692930221557617188e+00,-8.850095748901367188e+00,-4.208400249481201172e+00,-5.176130294799804688e+00,-1.146755790710449219e+01,-6.552907943725585938e+00,-5.801191806793212891e+00,-9.464076995849609375e+00,-2.848064422607421875e+00,4.702616691589355469e+00,-5.102280378341674805e-01,-7.032669067382812500e+00,-8.943132400512695312e+00,-1.010980224609375000e+01,-6.323561668395996094e+00,-5.952663421630859375e+00,-1.091037940979003906e+01,-9.077585220336914062e+00,-6.004323959350585938e+00,-7.066643238067626953e+00,-8.607906341552734375e+00,-6.982387542724609375e+00,-9.834571838378906250e+00,-1.312461090087890625e+01,-8.023854255676269531e+00,-8.921706199645996094e+00,-1.138148784637451172e+01,-1.078522777557373047e+01,-8.683052062988281250e+00,-9.872320175170898438e+00,-1.163980484008789062e+01,-7.202714443206787109e+00,-9.134033203125000000e+00,-1.497429370880126953e+01,-1.734644317626953125e+01,-1.715837860107421875e+01,-1.712264060974121094e+01,-1.645273399353027344e+01,-1.074602603912353516e+01,-7.473812580108642578e+00,-1.151107597351074219e+01,-1.970095062255859375e+01,-1.578529071807861328e+01,-1.761071968078613281e+01,-2.460739135742187500e+01,-2.649315834045410156e+01,-2.483898544311523438e+01,-2.874710845947265625e+01,-2.687136459350585938e+01,-3.124326324462890625e+01,-2.966573905944824219e+01,-2.738154411315917969e+01,-3.130247116088867188e+01,-2.626675987243652344e+01,-1.969627189636230469e+01,-1.881087303161621094e+01,-1.649973297119140625e+01,-1.103407096862792969e+01,-1.089075469970703125e+01,-1.101328468322753906e+01,-7.102078914642333984e+00,-6.236733913421630859e+00,-8.792146682739257812e+00,-1.125831794738769531e+01,-1.124020385742187500e+01,-1.595720100402832031e+01,-1.627883529663085938e+01,-1.863451766967773438e+01,-1.602380371093750000e+01,-1.996019363403320312e+01,-1.919216918945312500e+01,-1.895939254760742188e+01,-1.824816513061523438e+01,-1.170818328857421875e+01,-1.363228607177734375e+01,-1.311382484436035156e+01,-9.085760116577148438e+00,-1.083160591125488281e+01,-2.065036964416503906e+01,-2.283020019531250000e+01,-1.623482894897460938e+01,-6.528810501098632812e+00,-7.681665420532226562e+00,-1.583102512359619141e+01,-1.160592555999755859e+01,-1.135462665557861328e+01,-1.090230369567871094e+01,-1.145622062683105469e+01,-7.125960350036621094e+00,-1.017602348327636719e+01,-1.506193065643310547e+01,-1.504144573211669922e+01,-1.996528053283691406e+01,-2.143243980407714844e+01,-1.101441383361816406e+01,-3.881685733795166016e+00,-8.303888320922851562e+00,-1.112409687042236328e+01,-8.222526550292968750e+00,-8.630895614624023438e+00,-9.140996932983398438e+00,-1.570999526977539062e+01,-2.075805664062500000e+01,-1.892667770385742188e+01,-1.226127815246582031e+01,-1.411907768249511719e+01,-2.130369949340820312e+01,-2.667985153198242188e+01,-2.595836830139160156e+01,-1.582567787170410156e+01,-1.389907073974609375e+01,-1.933380889892578125e+01,-1.692944717407226562e+01,-1.422188758850097656e+01,-1.587377929687500000e+01,-2.087107849121093750e+01,-1.842905426025390625e+01,-1.025191307067871094e+01,-1.360812187194824219e+01,-1.490150070190429688e+01,-1.688844680786132812e+01,-2.008811187744140625e+01,-1.819076538085937500e+01,-1.803273200988769531e+01,-1.428788948059082031e+01,-1.695228576660156250e+01,-1.581070613861083984e+01,-1.112369537353515625e+01,-1.027724647521972656e+01,-7.520091533660888672e+00,-6.017617225646972656e+00,-9.083667755126953125e+00,-9.795248031616210938e+00,-1.583452987670898438e+01,-2.169294166564941406e+01,-1.876816177368164062e+01,-1.832185554504394531e+01,-1.838350105285644531e+01,-1.528746318817138672e+01,-1.719396018981933594e+01,-1.849434280395507812e+01,-1.967217063903808594e+01,-2.451134872436523438e+01,-2.364986419677734375e+01,-2.132570266723632812e+01,-1.940525436401367188e+01,-1.361873245239257812e+01,-1.162738227844238281e+01,-1.238793849945068359e+01,-1.146877861022949219e+01,-1.302303600311279297e+01,-1.451984214782714844e+01,-1.681269645690917969e+01,-1.682801818847656250e+01,-1.538212394714355469e+01,-1.367640495300292969e+01,-1.687704467773437500e+01,-1.789813232421875000e+01,-1.092551612854003906e+01,-4.021450519561767578e+00,-1.001759147644042969e+01,-6.406006813049316406e+00,-3.826542139053344727e+00,-5.500295639038085938e+00,-6.359986305236816406e+00,-9.736602783203125000e+00,-1.088265895843505859e+01,-1.477344226837158203e+01,-1.225744915008544922e+01,-1.027978038787841797e+01,-1.248517608642578125e+01,-7.327091693878173828e+00,-4.428488254547119141e+00,-3.971315383911132812e+00,-3.838682413101196289e+00,-5.292833328247070312e+00,-7.517451286315917969e+00,-1.247350788116455078e+01,-8.412624359130859375e+00,-8.538894653320312500e+00,7.451155781745910645e-02,-2.526971101760864258e+00,-9.333318710327148438e+00,-1.268412876129150391e+01,-1.040772056579589844e+01,-6.761658668518066406e+00,-2.032056808471679688e+00,-6.701178550720214844e+00,-8.075373649597167969e+00,-1.189676666259765625e+01,-1.745001602172851562e+01,-2.267457962036132812e+01,-1.978762435913085938e+01,-2.289126205444335938e+01,-2.277302169799804688e+01,-2.038265037536621094e+01,-1.839535522460937500e+01,-1.526438140869140625e+01,-1.228921508789062500e+01,-1.459718322753906250e+01,-1.644010353088378906e+01,-1.640119171142578125e+01,-1.691751480102539062e+01,-1.717450904846191406e+01,-1.607355308532714844e+01,-1.523545074462890625e+01,-1.297172737121582031e+01,-3.469000339508056641e+00,-1.848591208457946777e+00,-6.483683109283447266e+00,-4.695240020751953125e+00,-1.012916469573974609e+01,-1.051243782043457031e+01,-8.843659400939941406e+00,-1.208351707458496094e+01,-1.779826736450195312e+01,-1.838944625854492188e+01,-1.560437583923339844e+01,-1.261941719055175781e+01,-1.404408073425292969e+01,-1.645258140563964844e+01,-1.450213623046875000e+01,-1.535899162292480469e+01,-1.454940605163574219e+01,-1.542146492004394531e+01,-1.619571685791015625e+01,-1.958825111389160156e+01,-2.561134338378906250e+01,-2.615576934814453125e+01,-2.844018554687500000e+01,-2.723365211486816406e+01,-3.322452163696289062e+01,-3.379265975952148438e+01,-2.534528350830078125e+01,-2.027896881103515625e+01,-1.716021347045898438e+01,-1.433708190917968750e+01,-1.050205612182617188e+01,-1.411813545227050781e+01,-1.495000743865966797e+01,-1.448442077636718750e+01,-1.618669128417968750e+01,-1.909996032714843750e+01,-2.350283813476562500e+01,-2.196625900268554688e+01,-1.473048782348632812e+01,-1.268446636199951172e+01,-1.213491439819335938e+01,-1.030546760559082031e+01,-1.038628292083740234e+01,-1.683890533447265625e+01,-1.834138870239257812e+01,-1.469708919525146484e+01,-1.451613998413085938e+01,-1.607039833068847656e+01,-1.725161361694335938e+01,-1.660216331481933594e+01,-1.848258399963378906e+01,-1.420925140380859375e+01,-1.164693832397460938e+01,-1.328437805175781250e+01,-1.375065040588378906e+01,-1.407904052734375000e+01,-1.629283714294433594e+01,-2.567702102661132812e+01,-2.752944946289062500e+01,-2.696569061279296875e+01,-2.304196166992187500e+01,-2.343613624572753906e+01,-2.234868621826171875e+01,-2.292049407958984375e+01,-1.784546661376953125e+01,-1.701099967956542969e+01,-1.539262580871582031e+01,-1.117591476440429688e+01,-5.805520057678222656e+00,-7.778791427612304688e+00,-1.112698841094970703e+01,-1.261341285705566406e+01,-1.175472354888916016e+01,-1.022898864746093750e+01,-8.301321029663085938e+00,-5.033354282379150391e+00,-3.099259853363037109e+00,-4.295060157775878906e+00,-6.040597915649414062e+00,-5.163908004760742188e+00,-1.277128601074218750e+01,-8.518689155578613281e+00,-5.036398887634277344e+00,-8.358934402465820312e+00,-1.152871227264404297e+01,-1.394722557067871094e+01,-1.578907775878906250e+01,-1.697141075134277344e+01,-1.891920089721679688e+01,-1.213809490203857422e+01,-7.188469886779785156e+00,-6.352112770080566406e+00,-1.164484977722167969e+01,-1.668085861206054688e+01,-1.777713012695312500e+01,-2.191002273559570312e+01,-2.023233032226562500e+01,-1.974315643310546875e+01,-2.761096572875976562e+01,-2.935497665405273438e+01,-2.555789947509765625e+01,-1.852615356445312500e+01,-1.643094635009765625e+01,-1.075806999206542969e+01,-8.448692321777343750e+00,-1.486109352111816406e+01,-2.166083526611328125e+01,-2.056345748901367188e+01,-1.846106719970703125e+01,-1.944580650329589844e+01,-2.114177322387695312e+01,-2.660692214965820312e+01,-2.769575500488281250e+01,-2.347388839721679688e+01,-1.090857887268066406e+01,-1.054841327667236328e+01,-1.115986824035644531e+01,-1.309818840026855469e+01,-1.581786441802978516e+01,-2.168042373657226562e+01,-2.138110733032226562e+01,-1.690639877319335938e+01,-1.764890098571777344e+01,-1.401392936706542969e+01,-1.200948905944824219e+01,-9.907861709594726562e+00,-1.506296348571777344e+01,-1.901188659667968750e+01,-1.661352157592773438e+01,-2.206095886230468750e+01,-1.892692375183105469e+01,-1.519692134857177734e+01,-1.643525695800781250e+01,-2.116958808898925781e+01,-1.201182746887207031e+01,-1.661167889833450317e-01,6.675853252410888672e+00,3.611413478851318359e+00,6.304568290710449219e+00,1.251899909973144531e+01,1.182441139221191406e+01,1.463626098632812500e+01,5.606339454650878906e+00,-5.530882835388183594e+00,-7.302324771881103516e+00,-9.250747680664062500e+00,-9.780909538269042969e+00,-1.122433090209960938e+01,-1.493355178833007812e+01,-1.302778053283691406e+01,-1.093750953674316406e+01,-6.572957992553710938e+00,-1.197705841064453125e+01,-1.668069648742675781e+01,-1.032087039947509766e+01,-3.637521028518676758e+00,-4.336503505706787109e+00,-7.282114982604980469e+00,-2.755278110504150391e+00,-5.060099601745605469e+00,-8.906328201293945312e+00,-1.066503715515136719e+01,-1.131233596801757812e+01,-1.342047500610351562e+01,-1.382498168945312500e+01,-1.466523742675781250e+01,-1.557401943206787109e+01,-1.061966037750244141e+01,-1.080432701110839844e+01,-1.255000877380371094e+01,-1.394517898559570312e+01,-1.306035041809082031e+01,-1.557790565490722656e+01,-1.778700637817382812e+01,-2.289348602294921875e+01,-1.761522674560546875e+01,-1.354206466674804688e+01,-1.313187980651855469e+01,-1.416049861907958984e+01,-1.865776824951171875e+01,-1.883753585815429688e+01,-1.543327331542968750e+01,-1.593479251861572266e+01,-1.268997955322265625e+01,-8.620977401733398438e+00,-1.215856742858886719e+01,-1.449378204345703125e+01,-1.750639724731445312e+01,-1.620920753479003906e+01,-1.525622558593750000e+01,-1.006376361846923828e+01,-6.943440914154052734e+00,-7.481881618499755859e+00,-1.061301994323730469e+01,-1.338161277770996094e+01,-9.233897209167480469e+00,-2.894416809082031250e+00,-9.693508148193359375e+00,-1.102885055541992188e+01,-4.022128582000732422e+00,-6.245417594909667969e+00,-9.466017723083496094e+00,-1.067081451416015625e+01,-9.141464233398437500e+00,-5.333558082580566406e+00,-6.486998081207275391e+00,-5.370690345764160156e+00,-1.155236816406250000e+01,-1.587177371978759766e+01,-1.645726394653320312e+01,-1.762549591064453125e+01,-1.915870857238769531e+01,-1.744262313842773438e+01,-1.521390914916992188e+01,-9.769557952880859375e+00,-1.090362548828125000e+01,-1.350816726684570312e+01,-8.584444999694824219e+00,-1.600813484191894531e+01,-1.806653594970703125e+01,-1.579722976684570312e+01,-1.649023056030273438e+01,-1.069614410400390625e+01,-3.707236766815185547e+00,-5.523761749267578125e+00,-8.080965042114257812e+00,-7.319172382354736328e+00,-6.141345977783203125e+00,-1.418068122863769531e+01,-1.919874572753906250e+01,-1.945506286621093750e+01,-1.861134529113769531e+01,-1.459691810607910156e+01,-1.709742355346679688e+01,-1.925049400329589844e+01,-1.342273426055908203e+01,-1.150822257995605469e+01,-1.237082862854003906e+01,-1.576350593566894531e+01,-1.998957824707031250e+01,-1.778751182556152344e+01,-1.070766258239746094e+01,-6.343385696411132812e+00,-8.009348869323730469e+00,-9.282342910766601562e+00,-1.014632034301757812e+01,-7.734835147857666016e+00,-6.766955375671386719e+00,-1.083779048919677734e+01,-1.157762336730957031e+01,-7.393092155456542969e+00,4.909990727901458740e-01,-9.496495127677917480e-01,-7.818756580352783203e+00,-5.937335014343261719e+00,-5.270326614379882812e+00,-5.470793724060058594e+00,-6.293577194213867188e+00,-5.477762699127197266e+00,-7.427482008934020996e-01,-2.426890611648559570e+00,-5.642990112304687500e+00,-4.372934818267822266e+00,-4.020848751068115234e+00,-3.665807008743286133e+00,-7.093806266784667969e+00,-8.157497406005859375e+00,-1.053962516784667969e+01,-8.905982971191406250e+00,-6.691542148590087891e+00,-2.783649444580078125e+00,-3.518698215484619141e+00,-1.325917601585388184e+00,-2.252032279968261719e+00,-6.986699104309082031e+00,-8.196937561035156250e+00,-1.232892036437988281e+01,-3.552092790603637695e+00,-1.030864048004150391e+01,-1.533428192138671875e+01,-2.365247535705566406e+01,-2.923770713806152344e+01,-2.747397994995117188e+01,-2.884690475463867188e+01,-2.993300437927246094e+01,-2.335782241821289062e+01,-1.790162086486816406e+01,-1.423387145996093750e+01,-1.512672996520996094e+01,-1.442539787292480469e+01,-6.336045265197753906e+00,-8.615626335144042969e+00,-1.018833732604980469e+01,-1.464272403717041016e+01,-2.309049224853515625e+01,-2.485518264770507812e+01,-1.819464111328125000e+01,-1.728920364379882812e+01,-1.785057258605957031e+01,-2.449311447143554688e+01,-2.723805999755859375e+01,-2.731241989135742188e+01,-2.010353469848632812e+01,-1.591311454772949219e+01,-1.811033630371093750e+01,-2.103986549377441406e+01,-1.689384460449218750e+01,-1.688206100463867188e+01,-1.727382278442382812e+01,-1.360570144653320312e+01,-1.000687599182128906e+01,-9.691028594970703125e+00,-1.224750328063964844e+01,-1.267442321777343750e+01,-6.673042297363281250e+00,-8.351311683654785156e+00,-6.995237827301025391e+00,-4.630157947540283203e+00,-5.891395568847656250e+00,-1.145511341094970703e+01,-5.087818145751953125e+00,-1.771110773086547852e+00,-6.415662765502929688e+00,-8.633830070495605469e+00,-7.047019004821777344e+00,-1.565437436103820801e+00,-4.740659713745117188e+00,-5.427976608276367188e+00,-1.408067703247070312e+01,-1.918742752075195312e+01,-2.405608749389648438e+01,-3.279341888427734375e+01,-3.574262619018554688e+01,-3.141698265075683594e+01,-2.432041740417480469e+01,-2.307954788208007812e+01,-1.736379241943359375e+01,-1.743865203857421875e+01,-1.791888046264648438e+01,-1.777085876464843750e+01,-1.323231315612792969e+01,-1.051028537750244141e+01,-7.352448463439941406e+00,-8.873889923095703125e+00,-1.354805278778076172e+01,-2.019802093505859375e+01,-2.162121582031250000e+01,-2.345736885070800781e+01,-1.974617004394531250e+01,-2.089192581176757812e+01,-1.818467140197753906e+01,-1.506016159057617188e+01,-1.566335678100585938e+01,-2.125709915161132812e+01,-2.141284179687500000e+01,-1.699353027343750000e+01,-1.051415157318115234e+01,-9.961369514465332031e+00,-1.630121994018554688e+01,-1.403564357757568359e+01,-1.860283660888671875e+01,-2.523474884033203125e+01,-2.445852088928222656e+01,-2.579111099243164062e+01,-2.549186325073242188e+01,-2.406897354125976562e+01,-1.935657501220703125e+01,-1.678262519836425781e+01,-1.502192020416259766e+01,-1.716389656066894531e+01,-1.790162086486816406e+01,-1.050440597534179688e+01,-5.706471443176269531e+00,-1.087830352783203125e+01,-1.201766967773437500e+01,-1.612191772460937500e+01,-1.808163261413574219e+01,-1.700644683837890625e+01,-1.518644237518310547e+01,-1.440054130554199219e+01,-1.520736026763916016e+01,-1.225474929809570312e+01,-1.364863204956054688e+01,-1.134021854400634766e+01,-1.051993656158447266e+01,-1.628144264221191406e+01,-1.924578285217285156e+01,-1.757715606689453125e+01,-1.365981674194335938e+01,-1.384942817687988281e+01,-1.868550491333007812e+01,-2.048338317871093750e+01,-1.961772918701171875e+01,-1.085510063171386719e+01,-6.056258201599121094e+00,-1.347854804992675781e+01,-2.197766113281250000e+01,-2.352855682373046875e+01,-1.999073028564453125e+01,-1.750224304199218750e+01,-1.835466003417968750e+01,-1.049353122711181641e+01,-6.663430213928222656e+00,-1.024495697021484375e+01,-1.557633304595947266e+01,-1.684624481201171875e+01,-1.930026626586914062e+01,-1.719914817810058594e+01,-1.113119125366210938e+01,-9.422721862792968750e+00,-9.221530914306640625e+00,-1.183906364440917969e+01,-1.061494827270507812e+01,-1.063144779205322266e+01,-1.264480018615722656e+01,-7.768086433410644531e+00,-3.516826391220092773e+00,-1.929949760437011719e+00,-1.186236858367919922e+00,5.442801713943481445e-01,-5.972318172454833984e+00,-1.100308895111083984e+01,-1.052063846588134766e+01,-1.014851951599121094e+01,-9.086655616760253906e+00,-5.680522918701171875e+00,-3.983570575714111328e+00,-4.462747573852539062e+00,-5.263955593109130859e+00,-6.456174850463867188e+00,-6.442160606384277344e+00,-7.176239490509033203e+00,-4.819757461547851562e+00,-3.032429456710815430e+00,-4.409757137298583984e+00,-4.398109436035156250e+00,-7.777494907379150391e+00,-5.319614410400390625e+00,-6.764507293701171875e+00,-7.091745853424072266e+00,-4.339877128601074219e+00,-4.671204090118408203e+00,-1.048948287963867188e+01,-1.399086761474609375e+01,-1.531267929077148438e+01,-1.605094146728515625e+01,-1.795537185668945312e+01,-2.077735900878906250e+01,-1.933623313903808594e+01,-1.680178642272949219e+01,-1.361501312255859375e+01,-1.512175083160400391e+01,-1.445174121856689453e+01,-3.814768075942993164e+00,-3.875763654708862305e+00,-6.642156600952148438e+00,-1.285494804382324219e+01,-1.152124404907226562e+01,-1.024439430236816406e+01,-1.038389778137207031e+01,-7.246973991394042969e+00,-7.273759841918945312e+00,-7.614558219909667969e+00,-1.092205810546875000e+01,-1.178038406372070312e+01,-1.114119148254394531e+01,-1.290447044372558594e+01,-7.513113021850585938e+00,4.384928345680236816e-01,-2.435927867889404297e+00,-1.328565979003906250e+01,-1.643292236328125000e+01,-1.399561882019042969e+01,-1.351271438598632812e+01,-7.376296997070312500e+00,-6.174503326416015625e+00,-7.193943977355957031e+00,-3.881500244140625000e+00,-2.024926424026489258e+00,-3.965122222900390625e+00,-5.254506111145019531e+00,-3.956363677978515625e+00,-6.842572212219238281e+00,-1.264645957946777344e+01,-1.123036193847656250e+01,-9.528713226318359375e+00,-8.924247741699218750e+00,-1.043107223510742188e+01,-9.671405792236328125e+00,-1.542885971069335938e+01,-1.421539497375488281e+01,-8.318885803222656250e+00,-6.082488059997558594e+00,-3.524532794952392578e+00,-6.118162631988525391e+00,-9.615942001342773438e+00,-9.528310775756835938e+00,-9.356157302856445312e+00,-5.067057609558105469e+00,-5.798671722412109375e+00,-6.397776603698730469e+00,-9.604551315307617188e+00,-1.728873062133789062e+01,-2.023394393920898438e+01,-2.054114723205566406e+01,-2.297629928588867188e+01,-1.953248596191406250e+01,-1.645863342285156250e+01,-1.555236625671386719e+01,-1.565757274627685547e+01,-1.073925781250000000e+01,-1.049381732940673828e+01,-9.961780548095703125e+00,-1.159814167022705078e+01,-1.028411579132080078e+01,-3.182321071624755859e+00,2.419419527053833008e+00,-1.026601672172546387e+00,-4.349458217620849609e+00,-7.297424316406250000e+00,-1.024285697937011719e+01,-8.793064117431640625e+00,-4.241572380065917969e+00,-2.257565975189208984e+00,-8.692870140075683594e+00,-7.444736480712890625e+00,-5.631069660186767578e+00,-8.576375007629394531e+00,-8.628011703491210938e+00,-2.552078247070312500e+00,-3.251975297927856445e+00,-6.415266990661621094e+00,-3.442436933517456055e+00,-2.595000267028808594e+00,2.019222974777221680e-01,-7.021823883056640625e+00,-1.005127334594726562e+01,-7.957097053527832031e+00,-6.523273944854736328e+00,-4.346159458160400391e+00,-5.717839002609252930e-01,-3.970996141433715820e+00,-3.878952026367187500e+00,-8.090718269348144531e+00,-1.236309051513671875e+01,-1.018250274658203125e+01,-1.493498420715332031e+01,-1.849889373779296875e+01,-1.787458610534667969e+01,-1.711581420898437500e+01,-9.630650520324707031e+00,-8.214141845703125000e+00,-7.684849262237548828e+00,-1.190599822998046875e+01,-1.366887474060058594e+01,-1.288086509704589844e+01,-1.447608184814453125e+01,-1.425321388244628906e+01,-1.295579147338867188e+01,-1.611493301391601562e+01,-2.386421203613281250e+01,-2.336529159545898438e+01,-2.509418869018554688e+01,-2.727901458740234375e+01,-2.856191253662109375e+01,-3.000691413879394531e+01,-2.577933502197265625e+01,-2.103351593017578125e+01,-1.405112838745117188e+01,-1.176901340484619141e+01,-1.330025672912597656e+01,-1.957579421997070312e+01,-2.226995849609375000e+01,-2.179089546203613281e+01,-1.923314285278320312e+01,-1.782641983032226562e+01,-1.917303466796875000e+01,-2.165043640136718750e+01,-1.718040847778320312e+01,-2.019285011291503906e+01,-2.100447654724121094e+01,-2.394460678100585938e+01,-2.927971649169921875e+01,-2.257568359375000000e+01,-1.709865570068359375e+01,-1.708755874633789062e+01,-1.981237983703613281e+01,-1.914446640014648438e+01,-1.951727676391601562e+01,-1.440241241455078125e+01,-1.407845497131347656e+01,-2.052632522583007812e+01,-1.840564727783203125e+01,-1.298031234741210938e+01,-1.257845687866210938e+01,-1.448495674133300781e+01,-1.556441116333007812e+01,-1.428859996795654297e+01,-1.221439552307128906e+01,-9.750231742858886719e+00,-1.318074035644531250e+01,-1.463076972961425781e+01,-1.781879425048828125e+01,-1.439005661010742188e+01,-1.119894981384277344e+01,-1.393637847900390625e+01,-1.286703300476074219e+01,-6.283944129943847656e+00,-5.460690021514892578e+00,-4.678446292877197266e+00,-3.003490924835205078e+00,-1.353157615661621094e+01,-1.831436157226562500e+01,-1.950825881958007812e+01,-1.936097526550292969e+01,-1.820334625244140625e+01,-1.288969039916992188e+01,-1.265026378631591797e+01,-1.439874267578125000e+01,-1.347493648529052734e+01,-1.369011878967285156e+01,-1.073403739929199219e+01,-1.305220413208007812e+01,-1.133412933349609375e+01,-1.170457458496093750e+01,-1.245004177093505859e+01,-1.097180271148681641e+01,-7.700679779052734375e+00,-1.103443527221679688e+01,-2.113844680786132812e+01,-2.526099395751953125e+01,-3.155086898803710938e+01,-3.116317749023437500e+01,-2.868942260742187500e+01,-3.095063972473144531e+01,-2.718163681030273438e+01,-2.495454216003417969e+01,-2.145897293090820312e+01,-1.626227951049804688e+01,-1.101867294311523438e+01,-1.060952758789062500e+01,-8.556425094604492188e+00,-6.498221874237060547e+00,-3.447094678878784180e+00,-8.772745132446289062e+00,-1.379596900939941406e+01,-9.609236717224121094e+00,-1.115602970123291016e+01,-9.742768287658691406e+00,-9.148546218872070312e+00,-1.159488868713378906e+01,-9.468761444091796875e+00,-1.572880458831787109e+01,-1.860055160522460938e+01,-2.067753791809082031e+01,-2.099561882019042969e+01,-1.838422393798828125e+01,-2.347404479980468750e+01,-2.228666305541992188e+01,-1.703555297851562500e+01,-1.228404998779296875e+01,-1.206046867370605469e+01,-1.253815460205078125e+01,-1.518123054504394531e+01,-1.481340980529785156e+01,-1.478590393066406250e+01,-1.159626960754394531e+01,-1.691269493103027344e+01,-2.048611068725585938e+01,-1.997867774963378906e+01,-1.514135837554931641e+01,-1.939793395996093750e+01,-2.028075981140136719e+01,-1.992594909667968750e+01,-2.000246810913085938e+01,-1.290551090240478516e+01,-5.053429126739501953e+00,-5.809334278106689453e+00,-5.283229827880859375e+00,-8.315903663635253906e+00,-1.308637428283691406e+01,-2.161557579040527344e+01,-2.373970985412597656e+01,-2.307155418395996094e+01,-2.179257202148437500e+01,-1.674212646484375000e+01,-7.571501255035400391e+00,-7.110678672790527344e+00,-6.882929801940917969e+00,-1.013957405090332031e+01,-7.576297760009765625e+00,-8.998205184936523438e+00,-6.954096794128417969e+00,6.855243444442749023e-01,1.284155547618865967e-01,-1.999289512634277344e+00,-3.029256463050842285e-01,-1.288724899291992188e+00,-7.254705905914306641e+00,-4.431532382965087891e+00,-1.432113647460937500e-01,-7.584298849105834961e-01,-6.259469985961914062e+00,-6.663606643676757812e+00,-3.423510074615478516e+00,-4.881169795989990234e+00,-5.334767818450927734e+00,-3.118686914443969727e+00,-3.620215058326721191e-01,-6.108219146728515625e+00,-9.052818298339843750e+00,-2.995585680007934570e+00,-2.376930952072143555e+00,-7.995538234710693359e+00,-1.150043296813964844e+01,-9.345643997192382812e+00,-8.234381675720214844e+00,-7.699409484863281250e+00,-7.219080924987792969e+00,-4.708989143371582031e+00,-4.119803428649902344e+00,-8.209861755371093750e+00,-7.547790050506591797e+00,-3.428042888641357422e+00,-3.830083131790161133e+00,-2.476722955703735352e+00,-3.084268569946289062e+00,-7.260442733764648438e+00,-1.314628887176513672e+01,-9.890955924987792969e+00,-1.245600700378417969e+01,-7.889846801757812500e+00,-1.835341095924377441e+00,-5.415573120117187500e+00,-7.435989379882812500e+00,-6.718812942504882812e+00,-1.775225448608398438e+01,-1.627590370178222656e+01,-1.298834419250488281e+01,-1.241129398345947266e+01,-1.285111808776855469e+01,-8.152314186096191406e+00,-5.414965152740478516e+00,-1.297460365295410156e+01,-1.502372837066650391e+01,-1.109270477294921875e+01,-1.386499309539794922e+01,-2.360383796691894531e+01,-2.442982482910156250e+01,-2.528244590759277344e+01,-2.546655273437500000e+01,-2.420856094360351562e+01,-1.890067291259765625e+01,-1.475676345825195312e+01,-2.056748580932617188e+01,-1.720595169067382812e+01,-1.901395988464355469e+01,-1.970493316650390625e+01,-1.988967132568359375e+01,-2.019047927856445312e+01,-1.382041168212890625e+01,-6.876520156860351562e+00,-9.443196296691894531e+00,-2.295842647552490234e+00,3.369750499725341797e+00,3.861607551574707031e+00,1.919641792774200439e-01,-2.957335233688354492e+00,-2.910693645477294922e+00,-8.701154708862304688e+00,-7.541454792022705078e+00,-5.159075736999511719e+00,-8.712494850158691406e+00,-1.178233146667480469e+01,-6.179228305816650391e+00,-4.283777713775634766e+00,-9.887605667114257812e+00,-8.467992782592773438e+00,-5.488188266754150391e+00,-8.873017311096191406e+00,-9.294754981994628906e+00,-1.674942779541015625e+01,-1.929246139526367188e+01,-1.669026184082031250e+01,-1.533437538146972656e+01,-1.814584541320800781e+01,-1.190106868743896484e+01,-8.205057144165039062e+00,-1.015260219573974609e+01,-8.375669479370117188e+00,-8.976232528686523438e+00,-6.668708801269531250e+00,-7.578334331512451172e+00,-1.648714065551757812e+01,-2.530405235290527344e+01,-2.571187210083007812e+01,-2.855517578125000000e+01,-2.278324317932128906e+01,-1.824526977539062500e+01,-1.328640365600585938e+01,-1.607314300537109375e+01,-1.782859802246093750e+01,-1.909208297729492188e+01,-1.916127395629882812e+01,-2.235940933227539062e+01,-2.847482299804687500e+01,-2.927749443054199219e+01,-2.463769912719726562e+01,-1.348380947113037109e+01,-1.250542545318603516e+01,-1.728855514526367188e+01,-1.714260101318359375e+01,-8.476873397827148438e+00,-1.760036659240722656e+01,-2.923318290710449219e+01,-3.025167083740234375e+01,-2.593957519531250000e+01,-2.860770034790039062e+01,-2.949840164184570312e+01,-2.838553619384765625e+01,-2.245434570312500000e+01,-1.720376586914062500e+01,-1.622718048095703125e+01,-1.519091510772705078e+01,-1.625631141662597656e+01,-1.562113189697265625e+01,-1.930033493041992188e+01,-1.275366020202636719e+01,-6.198157310485839844e+00,-4.827527523040771484e+00,-1.048927545547485352e+00,-1.180463433265686035e-01,-5.365297317504882812e+00,-3.376635074615478516e+00,-6.366120338439941406e+00,5.995131134986877441e-01,1.170728564262390137e+00,-6.941834449768066406e+00,-1.117201614379882812e+01,-6.981924057006835938e+00,-4.208089351654052734e+00,-5.223123550415039062e+00,-4.200552940368652344e+00,-8.740813732147216797e-01,-4.252018928527832031e+00,-2.740727663040161133e-01,2.296976566314697266e+00,9.086285233497619629e-01,-3.528596639633178711e+00,-2.543140411376953125e+00,-7.090354919433593750e+00,-4.643047332763671875e+00,-4.938032150268554688e+00,-8.357823371887207031e+00,-1.284079742431640625e+01,-8.865789413452148438e+00,-1.390863180160522461e+00,-8.145225524902343750e+00,-1.217646598815917969e+01,-7.463114738464355469e+00,-2.857202053070068359e+00,-3.276108503341674805e+00,-5.930885314941406250e+00,-4.917276859283447266e+00,-6.645814895629882812e+00,-5.621099472045898438e+00,-9.954217910766601562e+00,-1.207188606262207031e+01,-1.150533199310302734e+01,-1.028861236572265625e+01,-6.622982978820800781e+00,-3.637995719909667969e+00,-2.825776815414428711e+00,-1.734400868415832520e+00,-3.420209407806396484e+00,-4.755769729614257812e+00,-2.912550687789916992e+00,-7.447350502014160156e+00,-8.433279037475585938e+00,-4.589888572692871094e+00,-9.025237083435058594e+00,-7.972161293029785156e+00,-6.990807533264160156e+00,-6.140702247619628906e+00,-6.191061019897460938e+00,-5.058931350708007812e+00,-5.899551868438720703e+00,-5.191697597503662109e+00,-2.988230943679809570e+00,-5.001713037490844727e-01,-2.190796375274658203e+00,-7.604168415069580078e+00,-2.574521064758300781e+00,-1.860283136367797852e+00,-5.845996856689453125e+00,-4.415854454040527344e+00,-2.281527519226074219e+00,-6.627143859863281250e+00,-1.022788047790527344e+01,-1.072517776489257812e+01,-1.167890453338623047e+01,-1.068082618713378906e+01,-3.935261726379394531e+00,-9.386861801147460938e+00,-1.118785572052001953e+01,-6.476725578308105469e+00,-1.111708259582519531e+01,-7.109447479248046875e+00,-5.117256164550781250e+00,-3.904219388961791992e+00,-8.515304565429687500e+00,-1.443026447296142578e+01,-2.326531982421875000e+01,-2.492177963256835938e+01,-1.857235908508300781e+01,-1.607233810424804688e+01,-1.685939788818359375e+01,-1.841932678222656250e+01,-2.012572479248046875e+01,-2.001650238037109375e+01,-2.236375045776367188e+01,-2.363473701477050781e+01,-1.976528930664062500e+01,-1.607895278930664062e+01,-1.166360855102539062e+01,-1.871059989929199219e+01,-1.753720092773437500e+01,-1.472724628448486328e+01,-1.360916519165039062e+01,-1.337399101257324219e+01,-1.357994079589843750e+01,-1.478127861022949219e+01,-2.139704132080078125e+01,-1.801845741271972656e+01,-1.607700157165527344e+01,-1.924597549438476562e+01,-1.807870292663574219e+01,-1.188026237487792969e+01,-1.121537685394287109e+01,-5.584830760955810547e+00,-7.672333240509033203e+00,-9.452342033386230469e+00,-2.070524787902832031e+01,-2.286511802673339844e+01,-2.189660453796386719e+01,-2.368135643005371094e+01,-2.556149673461914062e+01,-2.490689659118652344e+01,-1.929790115356445312e+01,-1.586758995056152344e+01,-1.009945011138916016e+01,-2.017753982543945312e+01,-2.050070571899414062e+01,-1.775964736938476562e+01,-1.494082832336425781e+01,-1.544168853759765625e+01,-1.605475044250488281e+01,-1.063594722747802734e+01,-9.168410301208496094e+00,-1.174626159667968750e+01,-1.449371528625488281e+01,-1.627590179443359375e+01,-1.943761825561523438e+01,-1.480232620239257812e+01,-8.655782699584960938e+00,-2.064065933227539062e+00,-5.372227668762207031e+00,-4.507200241088867188e+00,-1.234899520874023438e+01,-1.509847736358642578e+01,-1.256643581390380859e+01,-1.357637405395507812e+01,-8.702722549438476562e+00,-6.791551589965820312e+00,-1.158359527587890625e+01,-1.455070972442626953e+01,-1.050308895111083984e+01,-1.003978157043457031e+01,-1.340575981140136719e+01,-1.213354110717773438e+01,-1.123618507385253906e+01,-5.946156501770019531e+00,-5.093356609344482422e+00,-7.312283515930175781e+00,-6.371123313903808594e+00,-5.823231697082519531e+00,-1.076030731201171875e+01,-1.414607906341552734e+01,-1.733261871337890625e+01,-2.121807670593261719e+01,-2.383398246765136719e+01,-2.099763679504394531e+01,-1.904820251464843750e+01,-1.733587646484375000e+01,-9.714175224304199219e+00,-7.920709609985351562e+00,-8.981660842895507812e+00,-1.010463619232177734e+01,-4.056831836700439453e+00,7.343817353248596191e-01,6.786938905715942383e-01,-2.909193992614746094e+00,-1.302043151855468750e+01,-1.386406517028808594e+01,-1.346876525878906250e+01,-9.264487266540527344e+00,-9.122608184814453125e+00,-1.492733001708984375e+01,-1.368173694610595703e+01,-7.743885040283203125e+00,-1.040068817138671875e+01,-5.619175434112548828e+00,-6.696815967559814453e+00,-1.077778339385986328e+01,-1.269256019592285156e+01,-1.662217330932617188e+01,-1.401258277893066406e+01,-5.515430450439453125e+00,-6.423225402832031250e+00,-7.137912750244140625e+00,-4.508473396301269531e+00,-8.079110145568847656e+00,-7.826314926147460938e+00,-7.357241630554199219e+00,-8.302928924560546875e+00,-4.885670185089111328e+00,-1.526847004890441895e+00,-1.723766565322875977e+00,-1.055952262878417969e+01,-9.163579940795898438e+00,-9.472311019897460938e+00,-5.128583908081054688e+00,-5.345767498016357422e+00,-5.510894298553466797e+00,-4.585716247558593750e+00,-5.649238109588623047e+00,-4.457621097564697266e+00,-8.406483650207519531e+00,-9.370803833007812500e+00,-9.980241775512695312e+00,-1.070042037963867188e+01,-8.139190673828125000e+00,-1.036387729644775391e+01,-1.324600410461425781e+01,-1.076751136779785156e+01,-9.887947082519531250e+00,-1.145135307312011719e+01,-8.827132225036621094e+00,-1.263224411010742188e+01,-9.822290420532226562e+00,-4.334364891052246094e+00,-5.719697952270507812e+00,-1.996900177001953125e+01,-2.054073905944824219e+01,-1.830416297912597656e+01,-1.500436401367187500e+01,-1.460416221618652344e+01,-1.515557098388671875e+01,-1.379970264434814453e+01,-5.117006301879882812e+00,-1.788770794868469238e+00,-4.312077522277832031e+00,-7.934773445129394531e+00,-2.137944412231445312e+01,-2.461465072631835938e+01,-2.914121246337890625e+01,-2.877132415771484375e+01,-2.723958778381347656e+01,-2.511560440063476562e+01,-1.723275756835937500e+01,-1.975234222412109375e+01,-2.288014221191406250e+01,-1.957091522216796875e+01,-1.796257781982421875e+01,-1.563739299774169922e+01,-1.672107696533203125e+01,-1.479407501220703125e+01,-1.036907100677490234e+01,-8.325622558593750000e+00,-1.573418903350830078e+01,-2.308188247680664062e+01,-1.628846359252929688e+01,-1.251634216308593750e+01,-1.171549415588378906e+01,-1.447195816040039062e+01,-2.308523559570312500e+01,-1.890369415283203125e+01,-2.032594299316406250e+01,-2.072143936157226562e+01,-1.913475799560546875e+01,-2.175052642822265625e+01,-2.135272979736328125e+01,-1.872909545898437500e+01,-1.867133903503417969e+01,-1.892997741699218750e+01,-2.312052536010742188e+01,-2.001140022277832031e+01,-1.655153656005859375e+01,-1.795933532714843750e+01,-2.017092895507812500e+01,-1.398820114135742188e+01,-1.551331710815429688e+01,-1.492414283752441406e+01,-1.086207675933837891e+01,-1.186180877685546875e+01,-1.175285339355468750e+01,-1.099157905578613281e+01,-8.031001091003417969e+00,-8.299543380737304688e+00,-1.493882942199707031e+01,-1.644559478759765625e+01,-1.310806655883789062e+01,-1.277147197723388672e+01,-1.065619564056396484e+01,-1.279441833496093750e+01,-1.506108474731445312e+01,-1.552261924743652344e+01,-1.329091453552246094e+01,-1.502948951721191406e+01,-1.602844238281250000e+01,-1.320819664001464844e+01,-1.015581226348876953e+01,-1.201956272125244141e+01,-1.371607589721679688e+01,-1.594194698333740234e+01,-1.147625541687011719e+01,-1.317212295532226562e+01,-1.058311462402343750e+01,-1.277370071411132812e+01,-1.604666900634765625e+01,-1.645240020751953125e+01,-1.369191837310791016e+01,-1.180741500854492188e+01,-1.626742935180664062e+01,-1.736568832397460938e+01,-1.782767295837402344e+01,-1.966398239135742188e+01,-1.686024093627929688e+01,-1.160484027862548828e+01,-9.519857406616210938e+00,-6.985175132751464844e+00,-7.050909996032714844e+00,-1.018462085723876953e+01,-1.392004871368408203e+01,-1.594805622100830078e+01,-1.771618843078613281e+01,-1.454021453857421875e+01,-1.713690757751464844e+01,-1.344145202636718750e+01,-1.393680667877197266e+01,-1.821392250061035156e+01,-1.792761993408203125e+01,-1.372434234619140625e+01,-1.613247680664062500e+01,-2.092906570434570312e+01,-2.352875900268554688e+01,-2.516863250732421875e+01,-2.197474861145019531e+01,-2.048599052429199219e+01,-2.205357360839843750e+01,-1.789691925048828125e+01,-1.364899921417236328e+01,-1.350313568115234375e+01,-1.575968265533447266e+01,-1.995629692077636719e+01,-1.897516250610351562e+01,-2.234439468383789062e+01,-2.371198654174804688e+01,-2.604207611083984375e+01,-2.359281158447265625e+01,-2.273852539062500000e+01,-2.416613197326660156e+01,-2.324907302856445312e+01,-1.841942405700683594e+01,-1.777506446838378906e+01,-1.872823715209960938e+01,-1.591016006469726562e+01,-1.114898586273193359e+01,-1.186454582214355469e+01,-1.818028831481933594e+01,-2.020238876342773438e+01,-2.551658630371093750e+01,-2.727382850646972656e+01,-1.606991386413574219e+01,-1.670838546752929688e+01,-1.998633956909179688e+01,-2.227948379516601562e+01,-2.051663970947265625e+01,-1.789099311828613281e+01,-1.772827911376953125e+01,-1.669518661499023438e+01,-2.110929489135742188e+01,-1.932003211975097656e+01,-1.644462013244628906e+01,-1.206175994873046875e+01,-1.895440292358398438e+01,-2.247376632690429688e+01,-1.843602561950683594e+01,-1.422273635864257812e+01,-1.556004714965820312e+01,-1.867586517333984375e+01,-2.166905593872070312e+01,-1.874938964843750000e+01,-1.714243888854980469e+01,-1.227707099914550781e+01,-9.318874359130859375e+00,-8.872650146484375000e+00,-1.146391868591308594e+01,-6.943552970886230469e+00,-1.178754901885986328e+01,-1.552106094360351562e+01,-1.346188545227050781e+01,-1.224255180358886719e+01,-1.611212730407714844e+01,-1.849075508117675781e+01,-1.462923717498779297e+01,-1.627571678161621094e+01,-1.677535629272460938e+01,-1.582583236694335938e+01,-1.765314483642578125e+01,-1.536727142333984375e+01,-1.337029457092285156e+01,-1.905881500244140625e+01,-2.231293678283691406e+01,-1.717054748535156250e+01,-1.071496963500976562e+01,-8.540805816650390625e+00,-1.106156730651855469e+01,-1.032438659667968750e+01,-1.545259857177734375e+01,-1.223128700256347656e+01,-7.976070880889892578e+00,-8.924363136291503906e+00,-1.217193794250488281e+01,-9.446620941162109375e+00,-1.113256072998046875e+01,-7.021812438964843750e+00,-8.279381752014160156e+00,-9.640357971191406250e+00,-1.079947566986083984e+01,-1.226434135437011719e+01,-1.096990489959716797e+01,-8.258304595947265625e+00,-9.960832595825195312e+00,-1.436465454101562500e+01,-1.183850002288818359e+01,-1.014486312866210938e+01,-7.137226104736328125e+00,-4.169106006622314453e+00,-6.032656192779541016e+00,-8.686128616333007812e+00,-1.213878250122070312e+01,-1.017310047149658203e+01,-1.215670585632324219e+01,-9.094068527221679688e+00,-6.736261367797851562e+00,-6.426320552825927734e+00,-1.070524024963378906e+01,-5.585042476654052734e+00,-3.327112197875976562e+00,-3.857743978500366211e+00,-9.795694351196289062e+00,-1.131752777099609375e+01,-1.309436607360839844e+01,-1.695115280151367188e+01,-1.303004837036132812e+01,-9.170146942138671875e+00,-9.401278495788574219e+00,-9.157962799072265625e+00,-1.038597679138183594e+01,-1.008992195129394531e+01,-1.037243843078613281e+01,-1.146167755126953125e+01,-4.610934734344482422e+00,-6.574216842651367188e+00,-1.037987709045410156e+01,-8.857885360717773438e+00,-4.506191730499267578e+00,-2.101606369018554688e+00,-1.260161280632019043e+00,-6.018569946289062500e+00,-1.139900016784667969e+01,-1.269768905639648438e+01,-2.316235160827636719e+01,-2.444692230224609375e+01,-2.497802352905273438e+01,-2.662738037109375000e+01,-2.518299865722656250e+01,-1.962296295166015625e+01,-1.788429069519042969e+01,-1.885315322875976562e+01,-1.700527191162109375e+01,-2.279671478271484375e+01,-2.720317077636718750e+01,-2.818860435485839844e+01,-2.652509307861328125e+01,-2.750748062133789062e+01,-2.429177474975585938e+01,-1.903626823425292969e+01,-1.964232635498046875e+01,-2.133508682250976562e+01,-1.431027984619140625e+01,-1.211470985412597656e+01,-1.376361083984375000e+01,-1.571291542053222656e+01,-1.471429824829101562e+01,-1.055507278442382812e+01,-9.593376159667968750e+00,-1.076378440856933594e+01,-1.423884010314941406e+01,-1.174411201477050781e+01,-1.372668647766113281e+01,-1.775942611694335938e+01,-2.014406204223632812e+01,-2.094663238525390625e+01,-1.843956756591796875e+01,-1.612258529663085938e+01,-1.275481414794921875e+01,-1.607562255859375000e+01,-8.550773620605468750e+00,-4.959764480590820312e+00,-5.747362613677978516e+00,-9.534808158874511719e+00,-1.024161720275878906e+01,-1.236111545562744141e+01,-1.119935989379882812e+01,-1.298649883270263672e+01,-9.770656585693359375e+00,-3.488009691238403320e+00,-5.797378540039062500e+00,-1.045628547668457031e+01,-1.222923088073730469e+01,-1.255758666992187500e+01,-9.112782478332519531e+00,-1.493474769592285156e+01,-1.183233261108398438e+01,-8.985437393188476562e+00,-5.937279224395751953e+00,-3.690399169921875000e+00,-3.902002811431884766e+00,-9.519655227661132812e+00,-1.484536933898925781e+01,-1.681142044067382812e+01,-1.504900264739990234e+01,-8.935529708862304688e+00,-5.156080245971679688e+00,-1.122345924377441406e+00,-2.364619493484497070e+00,-4.493599891662597656e+00,-9.478517532348632812e+00,-1.151908874511718750e+01,-1.257496070861816406e+01,-1.053920936584472656e+01,-7.711185455322265625e+00,-5.874091625213623047e+00,-6.092187881469726562e+00,-1.022926330566406250e+01,-1.026607894897460938e+01,-1.077564620971679688e+01,-1.541138935089111328e+01,-1.430414772033691406e+01,-1.326793384552001953e+01,-1.504900932312011719e+01,-1.885100173950195312e+01,-1.044966125488281250e+01,-7.351075649261474609e+00,-1.028625869750976562e+01,-1.180066299438476562e+01,-1.145895385742187500e+01,-1.191868782043457031e+01,-1.265567207336425781e+01,-1.242310047149658203e+01,-1.258705329895019531e+01,-1.159039974212646484e+01,-1.382167243957519531e+01,-1.863613700866699219e+01,-1.516188335418701172e+01,-1.601521492004394531e+01,-1.284555816650390625e+01,-1.202572250366210938e+01,-1.365501403808593750e+01,-1.122939205169677734e+01,-1.051795005798339844e+01,-9.790071487426757812e+00,-1.056218051910400391e+01,-9.156315803527832031e+00,-9.341451644897460938e+00,-6.940984725952148438e+00,-4.619469642639160156e+00,-8.322385787963867188e+00,-1.566588401794433594e+01,-1.612032318115234375e+01,-1.313005733489990234e+01,-7.871847152709960938e+00,-2.552772045135498047e+00,-3.434720039367675781e+00,-5.147180557250976562e+00,-6.530550956726074219e+00,-8.505659103393554688e+00,-5.868037700653076172e+00,-1.049415397644042969e+01,-1.070257186889648438e+01,-7.125656604766845703e+00,-9.012339591979980469e+00,-1.025883293151855469e+01,-8.747388839721679688e+00,-8.720185279846191406e+00,-8.594276428222656250e+00,-8.828769683837890625e+00,-1.151373672485351562e+01,-1.172748947143554688e+01,-1.297787284851074219e+01,-5.233653545379638672e+00,-7.874491691589355469e+00,-9.425997734069824219e+00,-9.899154663085937500e+00,-1.192787742614746094e+01,-1.144482994079589844e+01,-8.245219230651855469e+00,-8.411928176879882812e+00,-9.048072814941406250e+00,-1.155894088745117188e+01,-5.947023868560791016e+00,-1.012292981147766113e+00,-8.355469703674316406e+00,-9.594635963439941406e+00,-1.127572345733642578e+01,-1.093005561828613281e+01,-3.381322860717773438e+00,-5.534466266632080078e+00,-1.255576324462890625e+01,-1.024033641815185547e+01,-6.370267868041992188e+00,-2.218628168106079102e+00,-1.351974248886108398e+00,-5.896227359771728516e+00,-7.458900451660156250e+00,-9.163362503051757812e+00,-7.407484054565429688e+00,-1.194136047363281250e+01,-9.933198928833007812e+00,-1.569417858123779297e+01,-1.879592895507812500e+01,-1.621530151367187500e+01,-1.642118072509765625e+01,-1.727041625976562500e+01,-1.580714988708496094e+01,-1.017181777954101562e+01,-5.001762390136718750e+00,-1.122204208374023438e+01,-1.342209434509277344e+01,-1.119292259216308594e+01,-1.072369384765625000e+01,-1.428499603271484375e+01,-1.679440879821777344e+01,-1.587750911712646484e+01,-1.392881202697753906e+01,-1.094089889526367188e+01,-1.440675163269042969e+01,-1.649944496154785156e+01,-1.346400260925292969e+01,-1.112236118316650391e+01,-1.039340305328369141e+01,-8.879696846008300781e+00,-6.423977851867675781e+00,-5.872197151184082031e+00,-8.965545654296875000e+00,-1.020788192749023438e+01,-7.767241954803466797e+00,-9.706304550170898438e+00,-1.129308319091796875e+01,-1.291255378723144531e+01,-1.360272121429443359e+01,-9.490587234497070312e+00,-1.464358711242675781e+01,-1.554468727111816406e+01,-1.777051162719726562e+01,-1.823389434814453125e+01,-1.471789360046386719e+01,-1.366583347320556641e+01,-1.771591567993164062e+01,-2.043815422058105469e+01,-1.757562637329101562e+01,-1.094180297851562500e+01,-7.737117290496826172e+00,-1.112617301940917969e+01,-1.211445808410644531e+01,-1.623729324340820312e+01,-2.026813507080078125e+01,-1.775440216064453125e+01,-1.530537986755371094e+01,-1.423599529266357422e+01,-1.364057350158691406e+01,-1.328746986389160156e+01,-1.556143760681152344e+01,-1.786722183227539062e+01,-1.458366584777832031e+01,-1.304830837249755859e+01,-1.454228019714355469e+01,-9.520547866821289062e+00,-1.815421104431152344e+00,-4.856731414794921875e+00,-7.438073158264160156e+00,-1.091070747375488281e+01,-1.162522315979003906e+01,-7.309286117553710938e+00,-1.119156932830810547e+01,-7.917515754699707031e+00,-5.300062179565429688e+00,-6.233617782592773438e+00,-8.721527457237243652e-01,-6.160649299621582031e+00,-8.820132255554199219e+00,-6.452617168426513672e+00,-4.850421905517578125e+00,-5.063429355621337891e+00,-1.310349082946777344e+01,-7.978172302246093750e+00,-6.426359176635742188e+00,-8.327561378479003906e+00,-6.380644321441650391e+00,-4.481698036193847656e+00,-3.092129230499267578e+00,-5.127914905548095703e+00,-6.205973148345947266e+00,-1.049819946289062500e+01,-1.253835105895996094e+01,-1.353043556213378906e+01,-1.204176616668701172e+01,-1.164645481109619141e+01,-6.848151206970214844e+00,-8.466875076293945312e+00,-7.109813690185546875e+00,-8.046872138977050781e+00,-1.051609420776367188e+01,-9.498562812805175781e+00,-1.207036209106445312e+01,-1.290619754791259766e+01,-1.822136497497558594e+01,-2.162863159179687500e+01,-1.582132720947265625e+01,-1.138318443298339844e+01,-9.255626678466796875e+00,-8.477148056030273438e+00,-8.059950828552246094e+00,-1.222282791137695312e+01,-1.267674064636230469e+01,-1.708945846557617188e+01,-1.589289474487304688e+01,-1.115265083312988281e+01,-1.134598064422607422e+01,-1.093695354461669922e+01,-9.698116302490234375e+00,-1.251267623901367188e+01,-9.383644104003906250e+00,-3.070756912231445312e+00,-9.736106872558593750e+00,-1.605321693420410156e+01,-1.409450912475585938e+01,-9.782272338867187500e+00,-6.091084957122802734e+00,-9.509726524353027344e+00,-1.316865158081054688e+01,-1.096502685546875000e+01,-1.078538322448730469e+01,-1.082677459716796875e+01,-1.430395317077636719e+01,-1.187022018432617188e+01,-4.327578544616699219e+00,-7.406682014465332031e+00,-8.048225402832031250e+00,-6.802147388458251953e+00,-3.503873348236083984e+00,-6.127211093902587891e+00,-1.006360435485839844e+01,-6.938688755035400391e+00,-9.762006759643554688e+00,-1.038755130767822266e+01,-9.377584457397460938e+00,-1.211082458496093750e+01,-9.071311950683593750e+00,-3.502630949020385742e+00,-1.067005729675292969e+01,-1.285702323913574219e+01,-1.078944683074951172e+01,-5.820661067962646484e+00,-3.459882736206054688e+00,-5.762157440185546875e+00,-7.030047416687011719e+00,-8.203161239624023438e+00,-9.826813697814941406e+00,-9.856594085693359375e+00,-1.269389533996582031e+01,-1.260980319976806641e+01,-1.076233005523681641e+01,-1.351587486267089844e+01,-1.324016571044921875e+01,-9.352225303649902344e+00,-6.586269378662109375e+00,-8.155228614807128906e+00,-9.559971809387207031e+00,-1.448340415954589844e+01,-1.299527263641357422e+01,-1.023420238494873047e+01,-1.030959415435791016e+01,-9.014543533325195312e+00,-9.617067337036132812e+00,-1.339044475555419922e+01,-1.258939743041992188e+01,-7.412810325622558594e+00,-9.455083847045898438e+00,-8.573247909545898438e+00,-1.116367053985595703e+01,-9.850325584411621094e+00,-6.955995559692382812e+00,-7.812569618225097656e+00,-8.673451423645019531e+00,-1.161455535888671875e+01,-1.427164554595947266e+01,-1.962500381469726562e+01,-1.697341346740722656e+01,-9.625795364379882812e+00,-1.115270042419433594e+01,-1.666925621032714844e+01,-1.938269424438476562e+01,-1.933827209472656250e+01,-1.611876869201660156e+01,-1.062719726562500000e+01,-1.010663604736328125e+01,-1.052135562896728516e+01,-8.968990325927734375e+00,-9.837232589721679688e+00,-1.534688091278076172e+01,-1.487864685058593750e+01,-1.314812374114990234e+01,-8.443885803222656250e+00,-5.644478797912597656e+00,-3.997474193572998047e+00,-6.948204040527343750e+00,-1.154474830627441406e+01,-7.889683723449707031e+00,-1.056380462646484375e+01,-8.658642768859863281e+00,-1.052896690368652344e+01,-1.415377807617187500e+01,-1.416275596618652344e+01,-1.616297149658203125e+01,-1.617128562927246094e+01,-1.595372962951660156e+01,-1.416705703735351562e+01,-1.214328861236572266e+01,-1.161469554901123047e+01,-1.010147190093994141e+01,-1.317896270751953125e+01,-1.949883651733398438e+01,-1.610441780090332031e+01,-1.620661163330078125e+01,-1.700586318969726562e+01,-2.046014404296875000e+01,-2.458640289306640625e+01,-2.286382293701171875e+01,-1.671029853820800781e+01,-1.882600402832031250e+01,-2.003476524353027344e+01,-1.817193603515625000e+01,-1.865501403808593750e+01,-2.091760253906250000e+01,-2.654637336730957031e+01,-2.873826980590820312e+01,-2.688441085815429688e+01,-2.475265121459960938e+01,-2.540619659423828125e+01,-2.724801635742187500e+01,-2.343874168395996094e+01,-1.977251052856445312e+01,-1.991638374328613281e+01,-1.688615036010742188e+01,-1.498973083496093750e+01,-2.029536628723144531e+01,-2.304220581054687500e+01,-1.768721771240234375e+01,-1.714178085327148438e+01,-2.219600868225097656e+01,-1.911285781860351562e+01,-1.510154724121093750e+01,-1.835617065429687500e+01,-2.007849121093750000e+01,-2.501955032348632812e+01,-2.737055587768554688e+01,-2.281310272216796875e+01,-1.909189605712890625e+01,-1.467887687683105469e+01,-1.417988777160644531e+01,-1.307838821411132812e+01,-1.123947143554687500e+01,-1.363985443115234375e+01,-2.095163345336914062e+01,-2.503276824951171875e+01,-2.430406188964843750e+01,-2.667039489746093750e+01,-2.761999702453613281e+01,-2.897851181030273438e+01,-2.636360359191894531e+01,-2.677529907226562500e+01,-2.618161392211914062e+01,-2.495317459106445312e+01,-2.328655052185058594e+01,-1.655007743835449219e+01,-1.847968292236328125e+01,-2.499357604980468750e+01,-2.368025207519531250e+01,-1.763943481445312500e+01,-1.756870079040527344e+01,-1.899427032470703125e+01,-1.910758972167968750e+01,-1.914288330078125000e+01,-1.584215736389160156e+01,-1.079765605926513672e+01,-1.260605621337890625e+01,-9.146875381469726562e+00,-4.628603458404541016e+00,-1.203272438049316406e+01,-1.438068389892578125e+01,-1.529377079010009766e+01,-1.436979484558105469e+01,-1.104545974731445312e+01,-9.004298210144042969e+00,-6.488877296447753906e+00,-7.025042533874511719e+00,-1.177302551269531250e+01,-2.268822097778320312e+01,-2.066997528076171875e+01,-1.612462806701660156e+01,-1.337674522399902344e+01,-1.370335674285888672e+01,-8.670141220092773438e+00,-9.867359161376953125e+00,-1.376905727386474609e+01,-1.772570228576660156e+01,-2.233073997497558594e+01,-2.746071243286132812e+01,-3.060243988037109375e+01,-2.463101005554199219e+01,-2.106257247924804688e+01,-1.499164390563964844e+01,-8.114331245422363281e+00,-8.607771873474121094e+00,-8.187429428100585938e+00,-9.212068557739257812e+00,-1.428783226013183594e+01,-1.596897697448730469e+01,-1.650676345825195312e+01,-2.040094757080078125e+01,-1.672233009338378906e+01,-1.163231945037841797e+01,-1.389012718200683594e+01,-9.958602905273437500e+00,-1.297846221923828125e+01,-1.350941276550292969e+01,-1.500817871093750000e+01,-1.386292171478271484e+01,-1.015314292907714844e+01,-1.134812068939208984e+01,-1.038243293762207031e+01,-1.296688461303710938e+01,-1.165466690063476562e+01,-8.552883148193359375e+00,-9.656654357910156250e+00,-5.993919372558593750e+00,-5.297376632690429688e+00,-8.407466888427734375e+00,-9.391833305358886719e+00,-1.176199150085449219e+01,-1.449647903442382812e+01,-9.999031066894531250e+00,-7.029437065124511719e+00,-1.002108001708984375e+01,-1.026539611816406250e+01,-1.042312431335449219e+01,-7.986676216125488281e+00,-1.011692047119140625e+01,-1.167586708068847656e+01,-1.047614479064941406e+01,-1.639486503601074219e+01,-1.765194702148437500e+01,-1.396712589263916016e+01,-1.149663352966308594e+01,-1.553465366363525391e+01,-1.410317993164062500e+01,-1.226464557647705078e+01,-6.010042667388916016e+00,-6.815208911895751953e+00,-8.866083145141601562e+00,-1.251193904876708984e+01,-1.440407943725585938e+01,-1.364962387084960938e+01,-1.006949615478515625e+01,-8.234844207763671875e+00,-9.268058776855468750e+00,-9.098495483398437500e+00,-1.030371665954589844e+01,-7.700187683105468750e+00,-6.133821010589599609e+00,-6.897399902343750000e+00,-6.587850093841552734e+00,-6.055643558502197266e+00,-2.274226665496826172e+00,-2.772418260574340820e+00,-5.164062976837158203e+00,-8.280950546264648438e+00,-9.540506362915039062e+00,-3.929124832153320312e+00,-8.589588165283203125e+00,-7.259572029113769531e+00,-1.219469738006591797e+01,-1.309731006622314453e+01,-1.043280410766601562e+01,-1.041368293762207031e+01,-1.184768962860107422e+01,-1.178860092163085938e+01,-9.215942382812500000e+00,-1.020048141479492188e+01,-7.360273838043212891e+00,-4.939084053039550781e+00,-4.299818992614746094e+00,-6.323497772216796875e+00,-9.160442352294921875e+00,-1.348729515075683594e+01,-1.440610885620117188e+01,-1.098661899566650391e+01,-8.049404144287109375e+00,-4.124186515808105469e+00,-3.284360170364379883e+00,-5.374809265136718750e+00,-7.959543704986572266e+00,-1.108909702301025391e+01,-1.386403656005859375e+01,-1.257132339477539062e+01,-1.057523727416992188e+01,-1.099991989135742188e+01,-1.258057594299316406e+01,-1.341448116302490234e+01,-1.448677062988281250e+01,-1.059086418151855469e+01,-9.841068267822265625e+00,-8.534835815429687500e+00,-1.138724517822265625e+01,-8.125753402709960938e+00,-6.330743789672851562e+00,-3.392586231231689453e+00,-2.428810119628906250e+00,-1.629780292510986328e+00,1.115783452987670898e-01,-4.017038345336914062e+00,-7.628185272216796875e+00,-7.973036766052246094e+00,-7.113717079162597656e+00,-4.833069324493408203e+00,-5.138498306274414062e+00,-6.273463249206542969e+00,-8.292847633361816406e+00,-1.099066543579101562e+01,-1.041508293151855469e+01,-9.510956764221191406e+00,-1.060654354095458984e+01,-1.058995056152343750e+01,-1.831531524658203125e+01,-1.735382461547851562e+01,-1.742402076721191406e+01,-1.295494651794433594e+01,-1.104930305480957031e+01,-1.438178253173828125e+01,-1.977276611328125000e+01,-1.586628532409667969e+01,-1.772705459594726562e+01,-1.330350303649902344e+01,-1.221425628662109375e+01,-1.262018108367919922e+01,-7.519343852996826172e+00,-7.126516342163085938e+00,-4.248121261596679688e+00,-6.985603809356689453e+00,-9.743176460266113281e+00,-3.947785854339599609e+00,-6.690513610839843750e+00,-1.278597450256347656e+01,-1.332070636749267578e+01,-5.843504905700683594e+00,-9.380912780761718750e+00,-1.135027313232421875e+01,-1.462778472900390625e+01,-1.629152679443359375e+01,-1.782057762145996094e+01,-1.738398170471191406e+01,-1.886331939697265625e+01,-2.162727928161621094e+01,-1.836622238159179688e+01,-1.409082412719726562e+01,-9.334068298339843750e+00,-5.358682632446289062e+00,-7.133867740631103516e+00,-1.032980632781982422e+01,-1.169458770751953125e+01,-1.204929542541503906e+01,-1.208157920837402344e+01,-1.286806297302246094e+01,-7.774196624755859375e+00,-9.712892532348632812e+00,-1.255236053466796875e+01,-1.009937953948974609e+01,-1.105463123321533203e+01,-1.040505123138427734e+01,-1.275454521179199219e+01,-1.293100929260253906e+01,-1.326671409606933594e+01,-1.117717361450195312e+01,-9.766637802124023438e+00,-6.308277606964111328e+00,-6.149950027465820312e+00,4.830433130264282227e-01,-5.219006538391113281e-02,-1.305612564086914062e+00,-3.291272163391113281e+00,-9.809421539306640625e+00,-1.106679153442382812e+01,-6.208153724670410156e+00,-5.880978584289550781e+00,-7.269925117492675781e+00,-5.374801635742187500e+00,-5.637103080749511719e+00,-6.050607681274414062e+00,-4.773893356323242188e+00,-1.220016360282897949e+00,-2.345687627792358398e+00,-5.661911964416503906e+00,-6.905984878540039062e+00,-8.358008384704589844e+00,-4.918818950653076172e+00,-1.982640385627746582e+00,-6.206284523010253906e+00,-6.832602977752685547e+00,-4.941920757293701172e+00,-2.746110916137695312e+00,-7.068573951721191406e+00,-1.095173168182373047e+01,-8.111311912536621094e+00,-3.946883678436279297e+00,-4.854135990142822266e+00,-6.055048942565917969e+00,-1.748686313629150391e+00,-1.336662650108337402e+00,-7.352888584136962891e-03,3.930820941925048828e+00,8.429479598999023438e-01,-4.316653251647949219e+00,-9.992798805236816406e+00,-5.923212528228759766e+00,1.757508516311645508e-01,-7.295358180999755859e-01,-2.193464756011962891e+00,-3.688869953155517578e+00,-4.020081520080566406e+00,-1.825682044029235840e+00,-1.890433311462402344e+00,-3.715363025665283203e+00,-6.333238124847412109e+00,-2.456110954284667969e+00,-8.131090164184570312e+00,-1.369629287719726562e+01,-1.086453056335449219e+01,-6.201510906219482422e+00,-8.376805305480957031e+00,-1.146395683288574219e+01,-1.591949939727783203e+01,-1.115212821960449219e+01,-1.205260467529296875e+01,-1.324896907806396484e+01,-1.066020202636718750e+01,-1.923729705810546875e+01,-2.375255203247070312e+01,-2.310573196411132812e+01,-2.325738906860351562e+01,-2.486690330505371094e+01,-3.256525039672851562e+01,-3.427582550048828125e+01,-2.833803939819335938e+01,-2.580146980285644531e+01,-2.567134284973144531e+01,-2.639746856689453125e+01,-2.075698471069335938e+01,-2.746963882446289062e+01,-3.259783935546875000e+01,-3.173028373718261719e+01,-3.198935890197753906e+01,-3.420023727416992188e+01,-2.791401481628417969e+01,-2.220662689208984375e+01,-2.498500442504882812e+01,-3.265818786621093750e+01,-2.960902404785156250e+01,-1.894746780395507812e+01,-1.754119491577148438e+01,-1.794807243347167969e+01,-2.373477745056152344e+01,-2.460955429077148438e+01,-2.776589393615722656e+01,-3.111908149719238281e+01,-2.632118988037109375e+01,-1.482951354980468750e+01,-7.805336952209472656e+00,-8.612637519836425781e+00,-1.151742935180664062e+01,-1.362908554077148438e+01,-1.501653861999511719e+01,-1.802690124511718750e+01,-1.792157745361328125e+01,-2.150201034545898438e+01,-1.668914031982421875e+01,-1.653303909301757812e+01,-1.931029319763183594e+01,-2.234712600708007812e+01,-2.042725181579589844e+01,-1.027048587799072266e+01,-9.097284317016601562e+00,-8.243175506591796875e+00,-5.410037994384765625e+00,-7.964419364929199219e+00,-1.424119853973388672e+01,-1.939759826660156250e+01,-2.180964660644531250e+01,-2.459659385681152344e+01,-2.259443092346191406e+01,-1.424650573730468750e+01,-1.776778793334960938e+01,-2.225247955322265625e+01,-2.099556922912597656e+01,-2.018079376220703125e+01,-1.647126770019531250e+01,-1.799046897888183594e+01,-1.421769618988037109e+01,-1.100353336334228516e+01,-1.048729133605957031e+01,-1.677034759521484375e+01,-1.824911308288574219e+01,-1.548967170715332031e+01,-1.535592365264892578e+01,-1.205146980285644531e+01,-9.857077598571777344e+00,-1.515837860107421875e+01,-1.102487182617187500e+01,-1.142373466491699219e+01,-1.081905651092529297e+01,-7.400281906127929688e+00,-9.336175918579101562e+00,-1.709044647216796875e+01,-1.952928161621093750e+01,-1.847011375427246094e+01,-1.793226242065429688e+01,-2.086633300781250000e+01,-1.934283828735351562e+01,-2.115524291992187500e+01,-2.037991142272949219e+01,-1.391878128051757812e+01,-1.259431648254394531e+01,-1.410075378417968750e+01,-1.183658599853515625e+01,-4.519508361816406250e+00,-4.610445022583007812e+00,-1.415292739868164062e+01,-1.159180641174316406e+01,-4.326380252838134766e+00,-4.219735145568847656e+00,-1.960918784141540527e+00,-4.014234542846679688e+00,-6.638029575347900391e+00,-3.332881927490234375e+00,-8.582192420959472656e+00,-1.199141502380371094e+01,-1.544460391998291016e+01,-9.056927680969238281e+00,-3.697065353393554688e+00,-5.372415542602539062e+00,-4.936215400695800781e+00,-3.494997978210449219e+00,-2.870304822921752930e+00,-7.056994915008544922e+00,-4.556641101837158203e+00,-6.788602828979492188e+00,-6.641470909118652344e+00,-3.404427528381347656e+00,-5.461894989013671875e+00,-8.004052162170410156e+00,-4.902336597442626953e+00,-3.718638896942138672e+00,-5.416116237640380859e+00,-6.467308998107910156e+00,-4.471839904785156250e+00,-3.862285137176513672e+00,-6.442163467407226562e+00,-1.266902351379394531e+01,-1.596004199981689453e+01,-1.639678192138671875e+01,-1.618094825744628906e+01,-1.419060325622558594e+01,-1.265415191650390625e+01,-1.383198165893554688e+01,-1.524898910522460938e+01,-1.118741226196289062e+01,-8.428449630737304688e+00,-9.427637100219726562e+00,-1.123445701599121094e+01,-1.562669563293457031e+01,-1.502533149719238281e+01,-1.557818031311035156e+01,-1.446414947509765625e+01,-1.416817283630371094e+01,-1.064412117004394531e+01,-1.197052001953125000e+01,-1.439547920227050781e+01,-1.395940876007080078e+01,-1.335070037841796875e+01,-1.531869888305664062e+01,-1.286512374877929688e+01,-6.709519386291503906e+00,-5.826167106628417969e+00,-7.239331245422363281e+00,-8.621467590332031250e+00,-1.321121120452880859e+01,-1.456069755554199219e+01,-1.065699386596679688e+01,-1.113866806030273438e+01,-1.593045234680175781e+01,-1.592757701873779297e+01,-1.406836605072021484e+01,-1.709807968139648438e+01,-1.781990051269531250e+01,-2.012029647827148438e+01,-1.939164924621582031e+01,-2.122725296020507812e+01,-1.606655883789062500e+01,-1.582431602478027344e+01,-1.533680725097656250e+01,-1.397649765014648438e+01,-1.508315563201904297e+01,-1.736908149719238281e+01,-1.618186759948730469e+01,-1.516191768646240234e+01,-1.119976997375488281e+01,-1.233309745788574219e+01,-1.199950790405273438e+01,-1.153883552551269531e+01,-6.229780197143554688e+00,-3.602414846420288086e+00,-2.897045135498046875e+00,-2.712881803512573242e+00,-3.850992679595947266e+00,-6.569259643554687500e+00,-1.029795074462890625e+01,-7.540189743041992188e+00,-8.719324111938476562e+00,-6.601645469665527344e+00,-6.451791763305664062e+00,-1.060796165466308594e+01,-1.050173377990722656e+01,-8.093561172485351562e+00,-6.230210304260253906e+00,-3.287313461303710938e+00,-1.069791412353515625e+01,-1.739456176757812500e+01,-2.207277870178222656e+01,-2.005844688415527344e+01,-2.022770881652832031e+01,-2.171689605712890625e+01,-1.960721015930175781e+01,-2.000877380371093750e+01,-1.818811035156250000e+01,-1.454884433746337891e+01,-2.815932989120483398e+00,-1.665112972259521484e+00,-8.009789466857910156e+00,-8.031356811523437500e+00,-3.607078552246093750e+00,-2.234322786331176758e+00,-2.191666841506958008e+00,-5.406370162963867188e+00,-1.065050601959228516e+01,-1.109304046630859375e+01,-1.402749538421630859e+01,-1.729757308959960938e+01,-1.321416664123535156e+01,-7.688388824462890625e+00,-7.752823352813720703e+00,-1.008034944534301758e+00,-6.621850013732910156e+00,-1.157658767700195312e+01,-1.284118461608886719e+01,-1.143237686157226562e+01,-9.713388442993164062e+00,-1.625490760803222656e+01,-1.536433601379394531e+01,-1.480847740173339844e+01,-1.349995708465576172e+01,-1.471007347106933594e+01,-1.809393310546875000e+01,-1.455844688415527344e+01,-1.611199188232421875e+01,-1.946266555786132812e+01,-1.662305068969726562e+01,-1.217864608764648438e+01,-4.885251998901367188e+00,-6.159205913543701172e+00,-1.173265266418457031e+01,-1.747731208801269531e+01,-9.645806312561035156e+00,-7.253308296203613281e+00,-1.517813777923583984e+01,-1.390311336517333984e+01,-1.231906223297119141e+01,-1.153065872192382812e+01,-7.419888019561767578e+00,-8.836997032165527344e+00,-6.937507629394531250e+00,-6.953943252563476562e+00,-6.099644660949707031e+00,-9.116668701171875000e+00,-7.373023033142089844e+00,-9.484114646911621094e+00,-8.951728820800781250e+00,-3.356175899505615234e+00,-4.042727470397949219e+00,-2.578753709793090820e+00,-4.684711933135986328e+00,-9.747831344604492188e+00,-9.608736991882324219e+00,-9.744311332702636719e+00,-8.603912353515625000e+00,-7.492633819580078125e+00,-6.481868743896484375e+00,-8.107672691345214844e+00,-5.865517139434814453e+00,-3.921489715576171875e+00,3.890986144542694092e-01,-4.527334570884704590e-01,-6.732024192810058594e+00,-1.058366012573242188e+01,-3.607978820800781250e+00,-7.483879089355468750e+00,-1.715487289428710938e+01,-1.275936698913574219e+01,-1.403039073944091797e+01,-1.873900985717773438e+01,-2.436397171020507812e+01,-2.124086952209472656e+01,-1.709402084350585938e+01,-2.806997299194335938e+01,-3.032325172424316406e+01,-3.208881759643554688e+01,-2.934555435180664062e+01,-2.971179962158203125e+01,-2.654774856567382812e+01,-2.332352066040039062e+01,-2.911633491516113281e+01,-2.180216217041015625e+01,-1.800567436218261719e+01,-1.445215034484863281e+01,-1.637776756286621094e+01,-1.122908973693847656e+01,-6.113855361938476562e+00,-5.870384216308593750e+00,-1.663709163665771484e+00,-3.353781700134277344e-01,-1.425214004516601562e+01,-1.434111690521240234e+01,-1.921986389160156250e+01,-2.635100746154785156e+01,-2.865460777282714844e+01,-2.176254844665527344e+01,-1.247906875610351562e+01,-1.078152275085449219e+01,-9.594970703125000000e+00,-9.015340805053710938e+00,-6.875969886779785156e+00,-4.565979957580566406e+00,-1.117339706420898438e+01,-1.192154884338378906e+01,-2.063924789428710938e+00,3.264802694320678711e-01,-4.520578384399414062e+00,-4.995487689971923828e+00,-1.066020202636718750e+01,-1.055045127868652344e+01,-1.060482597351074219e+01,-2.024846267700195312e+01,-1.882265853881835938e+01,-1.641447067260742188e+01,-2.014895629882812500e+01,-2.036408233642578125e+01,-1.897814178466796875e+01,-1.870838928222656250e+01,-1.928608894348144531e+01,-1.967318344116210938e+01,-1.567576694488525391e+01,-1.032483577728271484e+01,-8.580154418945312500e+00,-1.237260437011718750e+01,-1.329252338409423828e+01,-7.916265487670898438e+00,4.197037220001220703e-01,-3.187072753906250000e+00,-1.005656909942626953e+01,-1.257592391967773438e+01,-8.167957305908203125e+00,-1.120065689086914062e+01,-1.466396903991699219e+01,-2.072992324829101562e+01,-1.823892211914062500e+01,-1.701142120361328125e+01,-1.481099224090576172e+01,-1.758911132812500000e+01,-1.789141082763671875e+01,-1.616307830810546875e+01,-1.456687831878662109e+01,-8.098185539245605469e+00,-1.047004413604736328e+01,-1.024938201904296875e+01,-1.694716644287109375e+01,-1.750075340270996094e+01,-1.847522163391113281e+01,-2.051768112182617188e+01,-1.639354515075683594e+01,-1.364379215240478516e+01,-1.683763885498046875e+01,-1.640220642089843750e+01,-1.403595352172851562e+01,-1.167950820922851562e+01,-1.107492256164550781e+01,-1.066323089599609375e+01,-1.463712882995605469e+01,-1.112332248687744141e+01,-8.354166984558105469e+00,-1.024275302886962891e+01,-1.552518653869628906e+01,-1.834755134582519531e+01,-1.726409339904785156e+01,-1.224125671386718750e+01,-1.149101257324218750e+01,-1.230682754516601562e+01,-8.114432334899902344e+00,-2.675006151199340820e+00,-4.191434860229492188e+00,-1.107366943359375000e+01,-8.623339653015136719e+00,-5.136645793914794922e+00,-5.830475330352783203e+00,-1.230871582031250000e+01,-1.339483833312988281e+01,-1.194482517242431641e+01,-1.111696815490722656e+01,-1.164147949218750000e+01,-1.114853477478027344e+01,-5.692084789276123047e+00,-8.788516998291015625e+00,-1.175911712646484375e+01,-1.061268711090087891e+01,-9.809440612792968750e+00,-8.319038391113281250e+00,-8.325702667236328125e+00,-1.846112060546875000e+01,-2.141686248779296875e+01,-1.869835662841796875e+01,-1.235296726226806641e+01,-1.283083629608154297e+01,-1.630155754089355469e+01,-2.096063232421875000e+01,-2.339778327941894531e+01,-2.065117073059082031e+01,-2.030470466613769531e+01,-1.711209869384765625e+01,-1.709228324890136719e+01,-1.907817459106445312e+01,-1.846574020385742188e+01,-1.723215484619140625e+01,-1.335189437866210938e+01,-1.473647785186767578e+01,-1.518602561950683594e+01,-1.495008754730224609e+01,-1.507122325897216797e+01,-1.395665168762207031e+01,-8.822913169860839844e+00,-1.007467269897460938e+01,-1.183429527282714844e+01,-1.496785545349121094e+01,-1.665033340454101562e+01,-1.127523040771484375e+01,-7.761610984802246094e+00,-4.043078899383544922e+00,-6.728179931640625000e+00,-6.081254482269287109e+00,-6.134175300598144531e+00,-1.023339271545410156e+01,-1.193527221679687500e+01,-1.087485790252685547e+01,-5.927350997924804688e+00,-1.398643136024475098e+00,-5.555627822875976562e+00,-5.878750324249267578e+00,-8.084896087646484375e+00,-1.118596458435058594e+01,-1.275136375427246094e+01,-1.228595924377441406e+01,-1.379794502258300781e+01,-1.254037189483642578e+01,-1.570108699798583984e+01,-1.412960624694824219e+01,-8.320833206176757812e+00,-1.001020431518554688e+01,-8.545655250549316406e+00,-7.584595203399658203e+00,-8.648910522460937500e+00,-8.366775512695312500e+00,-9.029904365539550781e+00,-1.196946620941162109e+01,-1.424487686157226562e+01,-1.678161430358886719e+01,-1.490636444091796875e+01,-1.078278350830078125e+01,-7.909273147583007812e+00,-1.014731502532958984e+01,-1.081399726867675781e+01,-1.075409317016601562e+01,-1.445804977416992188e+01,-8.560856819152832031e+00,-7.286113262176513672e+00,-7.287210941314697266e+00,-1.527773475646972656e+01,-1.231240558624267578e+01,-5.481636524200439453e+00,-8.896129608154296875e+00,-1.198503494262695312e+01,-1.959895706176757812e+01,-2.543190574645996094e+01,-2.145506858825683594e+01,-1.800816917419433594e+01,-2.039513206481933594e+01,-2.157425308227539062e+01,-1.911557006835937500e+01,-1.850848007202148438e+01,-1.885186576843261719e+01,-8.224933624267578125e+00,-7.677643775939941406e+00,-8.540838241577148438e+00,-1.714809417724609375e+01,-2.946349906921386719e+01,-3.001188659667968750e+01,-2.795182800292968750e+01,-2.480582046508789062e+01,-2.528001213073730469e+01,-2.607799148559570312e+01,-2.403344535827636719e+01,-3.170535659790039062e+01,-3.752433776855468750e+01,-3.668095397949218750e+01,-3.531983947753906250e+01,-3.269972229003906250e+01,-3.301660919189453125e+01,-3.005318069458007812e+01,-2.387185668945312500e+01,-2.224713134765625000e+01,-2.521058273315429688e+01,-2.569457435607910156e+01,-2.018721771240234375e+01,-1.758575820922851562e+01,-2.154279327392578125e+01,-2.166612052917480469e+01,-1.647702026367187500e+01,-1.568053436279296875e+01,-1.682191848754882812e+01,-1.616043090820312500e+01,-1.993716049194335938e+01,-1.487905693054199219e+01,-1.333632755279541016e+01,-1.232615089416503906e+01,-1.660112762451171875e+01,-2.023828506469726562e+01,-2.020525741577148438e+01,-2.198944664001464844e+01,-1.854969406127929688e+01,-1.236600112915039062e+01,-1.422993469238281250e+01,-1.539903354644775391e+01,-1.244826889038085938e+01,-1.043196392059326172e+01,-2.094548416137695312e+01,-1.724088287353515625e+01,-1.250493240356445312e+01,-1.963103675842285156e+01,-1.740992355346679688e+01,-1.526936149597167969e+01,-1.873144912719726562e+01,-1.995275115966796875e+01,-1.727739906311035156e+01,-1.185971546173095703e+01,-1.071159934997558594e+01,-1.218471622467041016e+01,-1.151599693298339844e+01,-9.505618095397949219e+00,-1.311135292053222656e+01,-1.522516727447509766e+01,-1.288879394531250000e+01,-9.433982849121093750e+00,-8.418223381042480469e+00,-1.442437267303466797e+01,-1.079333496093750000e+01,-1.075880050659179688e+01,-1.374939155578613281e+01,-1.558640480041503906e+01,-1.607798767089843750e+01,-1.205339527130126953e+01,-8.408648490905761719e+00,-2.550384044647216797e+00,-2.155493497848510742e+00,-3.194546222686767578e+00,-3.805276393890380859e+00,-8.941297531127929688e+00,-1.250905323028564453e+01,-1.859069442749023438e+01,-1.550050735473632812e+01,-1.420269870758056641e+01,-1.540933322906494141e+01,-1.433968162536621094e+01,-1.219620227813720703e+01,-8.068572998046875000e+00,-9.964174270629882812e+00,-1.000547218322753906e+01,-1.131554222106933594e+01,-1.645063209533691406e+01,-1.817598342895507812e+01,-1.883032989501953125e+01,-2.289461898803710938e+01,-2.580768203735351562e+01,-2.301358413696289062e+01,-1.828322792053222656e+01,-1.513282871246337891e+01,-1.952975082397460938e+01,-2.265003585815429688e+01,-1.975592041015625000e+01,-1.336252498626708984e+01,-7.327207565307617188e+00,-1.162424087524414062e+01,-1.102284526824951172e+01,-1.026199340820312500e+01,-1.362617111206054688e+01,-1.400247955322265625e+01,-1.037312889099121094e+01,-1.117321872711181641e+01,-1.681172943115234375e+01,-2.059542465209960938e+01,-2.599970817565917969e+01,-2.529270172119140625e+01,-2.491004180908203125e+01,-1.590480709075927734e+01,-1.121774673461914062e+01,-9.620770454406738281e+00,-1.176800060272216797e+01,-1.958059310913085938e+01,-2.013060951232910156e+01,-1.537982749938964844e+01,-1.002411270141601562e+01,-6.350615501403808594e+00,-6.989959716796875000e+00,-3.243295907974243164e+00,-3.071289300918579102e+00,-3.317679882049560547e+00,-1.920972347259521484e+00,-3.666058063507080078e+00,-7.616505622863769531e+00,-5.971908569335937500e+00,-7.560488224029541016e+00,-1.002660655975341797e+01,-7.182929992675781250e+00,-4.337461471557617188e+00,-6.627935409545898438e+00,-5.673417091369628906e+00,-8.875205993652343750e+00,-1.084584999084472656e+01,-5.740149497985839844e+00,-5.715880393981933594e+00,-5.901855468750000000e+00,-7.511445999145507812e+00,-1.191421794891357422e+01,-1.569281768798828125e+01,-1.291250991821289062e+01,-1.216465187072753906e+01,-1.192018890380859375e+01,-1.512049674987792969e+01,-1.759473800659179688e+01,-1.918696022033691406e+01,-2.239816284179687500e+01,-1.734968948364257812e+01,-1.881620025634765625e+01,-1.980238533020019531e+01,-1.551680564880371094e+01,-1.171168708801269531e+01,-1.262686347961425781e+01,-1.295486259460449219e+01,-8.595966339111328125e+00,-7.977553367614746094e+00,-9.323329925537109375e+00,-7.272363662719726562e+00,-6.950510025024414062e+00,-1.160016822814941406e+01,-2.013654327392578125e+01,-3.087685012817382812e+01,-3.129504013061523438e+01,-2.541180610656738281e+01,-1.771989440917968750e+01,-1.097247314453125000e+01,-9.854629516601562500e+00,-7.816395759582519531e+00,-1.138572311401367188e+01,-1.166166210174560547e+01,-9.772401809692382812e+00,-6.964407444000244141e+00,-5.031205177307128906e+00,-2.977310657501220703e+00,-2.972688198089599609e+00,-2.470081806182861328e+00,-5.968767642974853516e+00,-6.472990989685058594e+00,-1.079586601257324219e+01,-1.590647888183593750e+01,-1.762864685058593750e+01,-1.386540603637695312e+01,-1.506223297119140625e+01,-1.283147144317626953e+01,-1.145974731445312500e+01,-1.892364311218261719e+01,-1.755218887329101562e+01,-1.726355743408203125e+01,-1.793259429931640625e+01,-1.404324340820312500e+01,-1.140747451782226562e+01,-1.592305755615234375e+01,-1.527708244323730469e+01,-1.539179229736328125e+01,-1.483618545532226562e+01,-1.166970443725585938e+01,-1.261784744262695312e+01,-1.513430023193359375e+01,-1.126036548614501953e+01,-8.057968139648437500e+00,-9.712141036987304688e+00,-6.800290107727050781e+00,-6.765832901000976562e+00,-9.529531478881835938e+00,-1.239506530761718750e+01,-8.187555313110351562e+00,-9.580850601196289062e+00,-1.178656768798828125e+01,-2.807711362838745117e+00,-7.716861724853515625e+00,-8.120480537414550781e+00,-8.452104568481445312e+00,-8.037355422973632812e+00,-1.317781448364257812e+01,-2.300914573669433594e+01,-2.125244522094726562e+01,-1.738470458984375000e+01,-1.153683280944824219e+01,-1.752755737304687500e+01,-2.048738479614257812e+01,-1.634572982788085938e+01,-1.730569076538085938e+01,-1.512494277954101562e+01,-1.171445655822753906e+01,-1.227212524414062500e+01,-1.403754425048828125e+01,-1.136551094055175781e+01,-1.176863861083984375e+01,-9.657336235046386719e+00,-1.243393659591674805e+00,-1.204414844512939453e+00,-6.149082183837890625e+00,-1.239702796936035156e+01,-2.103670310974121094e+01,-2.848352813720703125e+01,-2.901700592041015625e+01,-1.984925270080566406e+01,-1.334171009063720703e+01,-1.307372474670410156e+01,-1.601716804504394531e+01,-1.792278099060058594e+01,-2.013995933532714844e+01,-1.581838703155517578e+01,-1.365824031829833984e+01,-1.174267768859863281e+01,-1.912727165222167969e+01,-1.572011470794677734e+01,-1.502321434020996094e+01,-1.875467300415039062e+01,-2.470765686035156250e+01,-2.757665634155273438e+01,-2.254114151000976562e+01,-1.659470558166503906e+01,-2.027863311767578125e+01,-2.409942436218261719e+01,-2.353011703491210938e+01,-2.462140464782714844e+01,-2.540744018554687500e+01,-2.298326110839843750e+01,-2.284139442443847656e+01,-2.260071754455566406e+01,-2.265747070312500000e+01,-2.325128364562988281e+01,-2.405028915405273438e+01,-1.822655677795410156e+01,-1.142435550689697266e+01,-1.147270488739013672e+01,-1.468961906433105469e+01,-1.516738319396972656e+01,-1.118023872375488281e+01,-9.101992607116699219e+00,-1.370931243896484375e+01,-1.565485954284667969e+01,-1.826200675964355469e+01,-1.773104095458984375e+01,-1.789723968505859375e+01,-1.509554958343505859e+01,-1.459574890136718750e+01,-1.858073425292968750e+01,-1.845948410034179688e+01,-1.266841316223144531e+01,-1.484918594360351562e+01,-1.754765701293945312e+01,-1.584906196594238281e+01,-1.731981658935546875e+01,-1.818313217163085938e+01,-1.637644958496093750e+01,-1.579013252258300781e+01,-1.705705642700195312e+01,-1.920758819580078125e+01,-2.356300354003906250e+01,-2.829822540283203125e+01,-2.053909683227539062e+01,-1.826137924194335938e+01,-2.454476547241210938e+01,-2.590404701232910156e+01,-2.525314521789550781e+01,-1.866182327270507812e+01,-1.680668640136718750e+01,-2.036421966552734375e+01,-1.852505874633789062e+01,-1.260394287109375000e+01,-8.359079360961914062e+00,-1.267090797424316406e+01,-1.987793731689453125e+01,-2.179855346679687500e+01,-1.780973052978515625e+01,-1.259753799438476562e+01,-1.540223312377929688e+01,-1.487772941589355469e+01,-1.197568798065185547e+01,-1.202471637725830078e+01,-1.609581375122070312e+01,-1.583619594573974609e+01,-1.241877937316894531e+01,-9.833671569824218750e+00,-1.323716545104980469e+01,-9.616897583007812500e+00,-9.435525894165039062e+00,-1.349077987670898438e+01,-1.144223880767822266e+01,-7.895697593688964844e+00,-7.601921558380126953e+00,-1.351834678649902344e+01,-1.448135757446289062e+01,-1.079094696044921875e+01,-7.775295257568359375e+00,-8.996057510375976562e+00,-7.651067733764648438e+00,-3.286309242248535156e+00,-9.137866973876953125e+00,-9.460056304931640625e+00,-8.148142814636230469e+00,-5.942430019378662109e+00,-5.789350509643554688e+00,-8.870004653930664062e+00,-1.119783592224121094e+01,-1.100845336914062500e+01,-1.506319046020507812e+01,-1.019817543029785156e+01,-1.759944438934326172e+00,-5.886791706085205078e+00,-1.465043830871582031e+01,-1.123480987548828125e+01,-8.498672485351562500e+00,-6.493030548095703125e+00,-8.812603950500488281e+00,-9.687950134277343750e+00,-9.081336021423339844e+00,-1.183718490600585938e+01,-1.791805648803710938e+01,-1.804003143310546875e+01,-1.416898250579833984e+01,-1.261473274230957031e+01,-1.551067352294921875e+01,-1.707732391357421875e+01,-1.805707550048828125e+01,-1.228678512573242188e+01,-7.274780750274658203e+00,-1.054989719390869141e+01,-8.193517684936523438e+00,-9.200368881225585938e+00,-1.417970943450927734e+01,-1.149112319946289062e+01,-7.102159500122070312e+00,-1.150226020812988281e+01,-2.260900878906250000e+01,-1.799363708496093750e+01,-1.650429534912109375e+01,-1.787040328979492188e+01,-2.188528823852539062e+01,-2.337007331848144531e+01,-2.331011009216308594e+01,-1.520614051818847656e+01,-4.237503528594970703e+00,-4.885023117065429688e+00,-7.184934616088867188e+00,-9.317732810974121094e+00,-8.195252418518066406e+00,-1.206038475036621094e+01,-1.224561405181884766e+01,-8.684366226196289062e+00,-6.085257530212402344e+00,-9.947853088378906250e+00,-1.087565612792968750e+01,-1.664982223510742188e+01,-2.024594879150390625e+01,-1.951153564453125000e+01,-2.101510429382324219e+01,-1.614833641052246094e+01,-1.232177829742431641e+01,-8.306735992431640625e+00,-9.416491508483886719e+00,-1.119246864318847656e+01,-6.818143367767333984e+00,-4.049602508544921875e+00,-4.165256023406982422e+00,-4.852839946746826172e+00,-8.205015182495117188e+00,-1.086597442626953125e+01,-1.550423622131347656e+01,-1.034488105773925781e+01,-9.478111267089843750e+00,-8.882358551025390625e+00,-9.095445632934570312e+00,-8.325365066528320312e+00,-1.162270736694335938e+01,-1.558250808715820312e+01,-1.509942626953125000e+01,-1.517164993286132812e+01,-9.829716682434082031e+00,-7.095488071441650391e+00,-1.090172863006591797e+01,-1.418940353393554688e+01,-1.198761367797851562e+01,-1.061324882507324219e+01,-1.267609405517578125e+01,-1.275664520263671875e+01,-1.309167861938476562e+01,-1.396254062652587891e+01,-1.564550590515136719e+01,-1.646360015869140625e+01,-1.620967102050781250e+01,-1.335170555114746094e+01,-8.852640151977539062e+00,-1.211038970947265625e+01,-5.902873039245605469e+00,-7.612766265869140625e+00,-1.006063842773437500e+01,-5.186950206756591797e+00,-5.451476097106933594e+00,-5.890384197235107422e+00,-1.212682723999023438e+01,-1.562993144989013672e+01,-9.813368797302246094e+00,-8.641387939453125000e+00,-8.000542640686035156e+00,-1.015037155151367188e+01,-1.213564491271972656e+01,-1.624859237670898438e+01,-1.620752906799316406e+01,-1.791525459289550781e+01,-1.747690963745117188e+01,-1.619404602050781250e+01,-5.995796203613281250e+00,-6.623551368713378906e+00,-1.017506599426269531e+01,-1.221228027343750000e+01,-2.059226608276367188e+01,-2.345685577392578125e+01,-2.820938110351562500e+01,-3.074190330505371094e+01,-2.474255561828613281e+01,-2.146841621398925781e+01,-2.217456054687500000e+01,-2.269495391845703125e+01,-2.675773620605468750e+01,-2.633329010009765625e+01,-2.649891662597656250e+01,-3.081749725341796875e+01,-2.887036705017089844e+01,-2.550170516967773438e+01,-2.573490524291992188e+01,-2.769041252136230469e+01,-2.483928680419921875e+01,-2.471411132812500000e+01,-2.075808715820312500e+01,-1.503481864929199219e+01,-1.642687416076660156e+01,-1.465716648101806641e+01,-7.295271873474121094e+00,-7.623457908630371094e+00,-1.033161449432373047e+01,-8.139514923095703125e+00,-6.806920528411865234e+00,-7.040300846099853516e+00,-6.345633506774902344e+00,-8.411775588989257812e+00,-1.221862792968750000e+01,-1.781750488281250000e+01,-1.929985427856445312e+01,-1.712029075622558594e+01,-1.732843017578125000e+01,-2.198915863037109375e+01,-2.179790115356445312e+01,-2.174658966064453125e+01,-1.905067253112792969e+01,-1.185024833679199219e+01,-1.140395545959472656e+01,-1.253907203674316406e+01,-9.200413703918457031e+00,-5.888669967651367188e+00,-3.917404174804687500e+00,-3.880137920379638672e+00,-1.167530441284179688e+01,-1.381980133056640625e+01,-1.088010597229003906e+01,-1.075065422058105469e+01,-1.550111484527587891e+01,-1.793142890930175781e+01,-1.984083366394042969e+01,-2.012517166137695312e+01,-1.715287971496582031e+01,-1.673668861389160156e+01,-1.494149971008300781e+01,-1.478381919860839844e+01,-1.326499176025390625e+01,-9.664959907531738281e+00,-1.306693744659423828e+01,-1.402754402160644531e+01,-1.082630729675292969e+01,-9.726139068603515625e+00,-1.279771614074707031e+01,-1.461264991760253906e+01,-1.428564453125000000e+01,-1.066364479064941406e+01,-1.623187065124511719e+01,-1.761929702758789062e+01,-1.562401771545410156e+01,-1.713736534118652344e+01,-1.432838344573974609e+01,-1.323751354217529297e+01,-1.033027267456054688e+01,-1.205722713470458984e+01,-8.462115287780761719e+00,-1.061932849884033203e+01,-1.431974983215332031e+01,-2.230896949768066406e+01,-2.102387237548828125e+01,-1.381871795654296875e+01,-1.851585388183593750e+01,-2.296850776672363281e+01,-2.056407165527343750e+01,-2.030976486206054688e+01,-2.804418182373046875e+01,-3.486846923828125000e+01,-2.988700866699218750e+01,-2.463165855407714844e+01,-2.188007545471191406e+01,-1.575701141357421875e+01,-1.543068504333496094e+01,-1.442388820648193359e+01,-9.485278129577636719e+00,-8.485982894897460938e+00,-1.223846530914306641e+01,-1.272094440460205078e+01,-1.030722522735595703e+01,-1.043187046051025391e+01,-9.316565513610839844e+00,-7.134142398834228516e+00,-7.020501136779785156e+00,-7.996874332427978516e+00,-6.146313667297363281e+00,-3.841089248657226562e+00,-7.086333274841308594e+00,-1.138207435607910156e+01,-1.311437416076660156e+01,-9.112627983093261719e+00,-5.026157379150390625e+00,-4.203063011169433594e+00,-9.998265266418457031e+00,-1.411838436126708984e+01,-9.836440086364746094e+00,-1.401882457733154297e+01,-1.721273803710937500e+01,-1.434070968627929688e+01,-1.065364456176757812e+01,-1.619357109069824219e+01,-1.730608940124511719e+01,-1.813452529907226562e+01,-1.828177070617675781e+01,-1.532689666748046875e+01,-9.307961463928222656e+00,-7.721762657165527344e+00,-1.800173568725585938e+01,-1.452365493774414062e+01,-1.295955467224121094e+01,-1.723134422302246094e+01,-1.494051170349121094e+01,-1.336468696594238281e+01,-1.435447502136230469e+01,-1.389768028259277344e+01,-1.118084526062011719e+01,-7.061034202575683594e+00,-1.112751960754394531e+01,-1.836862945556640625e+01,-1.907816123962402344e+01,-1.295679378509521484e+01,-1.118744087219238281e+01,-1.447163581848144531e+01,-1.306524944305419922e+01,-1.437888145446777344e+01,-2.154093742370605469e+01,-2.302309608459472656e+01,-2.637524986267089844e+01,-2.355221557617187500e+01,-2.026596641540527344e+01,-2.194998168945312500e+01,-2.062825393676757812e+01,-1.957875823974609375e+01,-2.043141174316406250e+01,-1.825700759887695312e+01,-1.580373191833496094e+01,-1.337204933166503906e+01,-1.527136993408203125e+01,-1.153343582153320312e+01,-1.180180358886718750e+01,-1.566833686828613281e+01,-1.241188621520996094e+01,-1.030531978607177734e+01,-9.400205612182617188e+00,-1.083652687072753906e+01,-8.233637809753417969e+00,-6.146365165710449219e+00,-1.046697807312011719e+01,-9.025775909423828125e+00,-1.107285118103027344e+01,-5.533422946929931641e+00,-1.188201665878295898e+00,-4.603318691253662109e+00,-1.901192903518676758e+00,-9.100191593170166016e-01,-2.974159717559814453e-01,-5.194196701049804688e+00,-4.077945709228515625e+00,-3.330607652664184570e+00,-8.257004737854003906e+00,-4.973492622375488281e+00,-6.351025581359863281e+00,-6.827060699462890625e+00,-5.469449043273925781e+00,-3.919492244720458984e+00,-4.830227851867675781e+00,-9.098283767700195312e+00,-1.290095901489257812e+01,-1.131117439270019531e+01,-5.841262817382812500e+00,-1.118333244323730469e+01,-1.446823501586914062e+01,-1.362784385681152344e+01,-1.445357704162597656e+01,-2.083894348144531250e+01,-2.331762504577636719e+01,-2.702125930786132812e+01,-2.858394622802734375e+01,-2.524164009094238281e+01,-1.839650344848632812e+01,-1.913958358764648438e+01,-1.933948898315429688e+01,-1.966504096984863281e+01,-1.651358413696289062e+01,-2.004756546020507812e+01,-1.892741394042968750e+01,-1.184573554992675781e+01,-1.161036014556884766e+01,-1.597565841674804688e+01,-1.473718738555908203e+01,-1.666597557067871094e+01,-1.430150604248046875e+01,-7.309664726257324219e+00,-9.701267242431640625e+00,-1.613954925537109375e+01,-1.530624675750732422e+01,-2.059761810302734375e+01,-1.928442382812500000e+01,-1.421952629089355469e+01,-1.921314620971679688e+01,-2.198929977416992188e+01,-2.202011489868164062e+01,-2.360186004638671875e+01,-1.901773452758789062e+01,-1.717795944213867188e+01,-1.483349418640136719e+01,-1.417067146301269531e+01,-1.030132770538330078e+01,-6.548408031463623047e+00,-3.614963293075561523e+00,-5.127894401550292969e+00,-8.501428604125976562e+00,-1.370150756835937500e+01,-1.191300773620605469e+01,-9.654296875000000000e+00,-1.059008026123046875e+01,-9.448240280151367188e+00,-1.494190883636474609e+01,-1.738871192932128906e+01,-1.562065792083740234e+01,-1.341560363769531250e+01,-2.028149795532226562e+01,-1.894651794433593750e+01,-1.558795738220214844e+01,-1.324435234069824219e+01,-1.451662445068359375e+01,-1.717486000061035156e+01,-1.350412559509277344e+01,-1.602273559570312500e+01,-1.429882240295410156e+01,-1.353574562072753906e+01,-1.909969329833984375e+01,-2.211174583435058594e+01,-2.606596565246582031e+01,-2.126607322692871094e+01,-1.414909744262695312e+01,-1.291415023803710938e+01,-1.721974372863769531e+01,-1.855279350280761719e+01,-1.096096420288085938e+01,-1.161690425872802734e+01,-1.575691318511962891e+01,-1.737712860107421875e+01,-1.889905929565429688e+01,-1.738462829589843750e+01,-1.950006866455078125e+01,-1.749992370605468750e+01,-2.064225006103515625e+01,-2.404139328002929688e+01,-1.992453002929687500e+01,-1.718987655639648438e+01,-1.975019073486328125e+01,-1.483429050445556641e+01,-1.916434860229492188e+01,-1.849142265319824219e+01,-1.156901454925537109e+01,-1.109863853454589844e+01,-1.345109176635742188e+01,-1.871140670776367188e+01,-2.310681724548339844e+01,-2.089425659179687500e+01,-1.297749805450439453e+01,-1.366047382354736328e+01,-1.687296295166015625e+01,-1.605131340026855469e+01,-9.976802825927734375e+00,-6.356093406677246094e+00,-7.523053646087646484e+00,-1.016855812072753906e+01,-1.377972221374511719e+01,-1.081816101074218750e+01,-1.218118476867675781e+01,-1.579044151306152344e+01,-1.898537063598632812e+01,-2.146856880187988281e+01,-2.069271087646484375e+01,-2.181274032592773438e+01,-1.598840999603271484e+01,-1.390475463867187500e+01,-1.292999649047851562e+01,-1.155078506469726562e+01,-6.524313449859619141e+00,-1.037451171875000000e+01,-2.052462768554687500e+01,-1.826034164428710938e+01,-1.733932876586914062e+01,-1.821499633789062500e+01,-1.325634956359863281e+01,-9.895058631896972656e+00,-1.102131175994873047e+01,-1.308381843566894531e+01,-1.362549209594726562e+01,-1.306221008300781250e+01,-8.470485687255859375e+00,-1.172738075256347656e+01,-1.299498367309570312e+01,-7.927586078643798828e+00,-5.987837791442871094e+00,-9.754742622375488281e+00,-1.075533103942871094e+01,-7.679119110107421875e+00,-4.919777870178222656e+00,-1.780345320701599121e+00,-6.246746063232421875e+00,-1.026534271240234375e+01,-1.024672508239746094e+01,-5.035673618316650391e+00,-4.732408046722412109e+00,-8.937022209167480469e+00,-1.167699813842773438e+01,-9.790509223937988281e+00,-8.776001930236816406e+00,-1.022135257720947266e+01,-5.354083061218261719e+00,-1.060815715789794922e+01,-1.763066482543945312e+01,-1.806422042846679688e+01,-1.559376525878906250e+01,-1.668965530395507812e+01,-1.407516860961914062e+01,-1.921643447875976562e+01,-1.841632843017578125e+01,-1.599888801574707031e+01,-1.820141983032226562e+01,-2.276211166381835938e+01,-2.623397064208984375e+01,-2.899317359924316406e+01,-2.753904724121093750e+01,-2.199755096435546875e+01,-2.637051200866699219e+01,-2.375359725952148438e+01,-2.399091339111328125e+01,-2.595317459106445312e+01,-2.344887924194335938e+01,-2.283276748657226562e+01,-2.552626037597656250e+01,-2.326181411743164062e+01,-2.312803077697753906e+01,-2.158086013793945312e+01,-1.508948230743408203e+01,-1.223710441589355469e+01,-9.547402381896972656e+00,-5.296139717102050781e+00,-1.061970710754394531e+01,-1.765557098388671875e+01,-1.588141441345214844e+01,-8.767599105834960938e+00,-1.629368209838867188e+01,-2.419216728210449219e+01,-2.162372779846191406e+01,-1.599780178070068359e+01,-1.324835395812988281e+01,-1.217111682891845703e+01,-1.036003303527832031e+01,-9.835330963134765625e+00,-8.237331390380859375e+00,-4.782682895660400391e+00,-8.320549011230468750e+00,-2.413343906402587891e+00,-7.011445522308349609e+00,-1.204077339172363281e+01,-1.165024185180664062e+01,-1.237811279296875000e+01,-1.538429927825927734e+01,-1.889258575439453125e+01,-2.284879684448242188e+01,-2.156925582885742188e+01,-1.908025932312011719e+01,-1.351365184783935547e+01,-1.216083145141601562e+01,-1.301821422576904297e+01,-9.214724540710449219e+00,-1.242963218688964844e+01,-1.326115131378173828e+01,-1.192819976806640625e+01,-1.373633193969726562e+01,-1.536883163452148438e+01,-1.905796432495117188e+01,-1.780468750000000000e+01,-1.653938674926757812e+01,-1.837696456909179688e+01,-2.021508789062500000e+01,-2.581967544555664062e+01,-2.308283042907714844e+01,-2.331754302978515625e+01,-2.526618194580078125e+01,-2.715050506591796875e+01,-3.289506530761718750e+01,-2.957725524902343750e+01,-2.051206207275390625e+01,-1.381154060363769531e+01,-1.457377815246582031e+01,-1.683890151977539062e+01,-1.141966629028320312e+01,-8.373804092407226562e+00,-7.780320644378662109e+00,-1.856726408004760742e+00,-5.584752082824707031e+00,-1.513010025024414062e+01,-1.752732467651367188e+01,-1.944424819946289062e+01,-2.460384368896484375e+01,-2.429335403442382812e+01,-1.780980300903320312e+01,-1.895412826538085938e+01,-1.803923225402832031e+01,-2.028483200073242188e+01,-1.818246650695800781e+01,-2.099695205688476562e+01,-1.859095191955566406e+01,-1.751618957519531250e+01,-2.516617584228515625e+01,-3.150032043457031250e+01,-2.719237518310546875e+01,-2.451675415039062500e+01,-2.786112594604492188e+01,-2.658597946166992188e+01,-2.652525520324707031e+01,-2.783453941345214844e+01,-2.338695526123046875e+01,-2.088041114807128906e+01,-1.902460479736328125e+01,-1.936066436767578125e+01,-1.624078369140625000e+01,-1.334342670440673828e+01,-2.522652816772460938e+01,-3.179530143737792969e+01,-3.183977317810058594e+01,-3.028478813171386719e+01,-3.194313430786132812e+01,-2.987151145935058594e+01,-2.896830177307128906e+01,-2.318687057495117188e+01,-2.005720901489257812e+01,-1.869423294067382812e+01,-1.572815608978271484e+01,-1.128311443328857422e+01,-9.185913085937500000e+00,-1.251651287078857422e+01,-1.036567497253417969e+01,-1.022312736511230469e+01,-9.717969894409179688e+00,-6.605609416961669922e+00,-7.641575813293457031e+00,-6.453581809997558594e+00,-8.019800186157226562e+00,-8.781625747680664062e+00,-6.214201927185058594e+00,-6.569550037384033203e+00,-3.694633007049560547e+00,-7.216278076171875000e+00,-9.928125381469726562e+00,-4.793428897857666016e+00,-5.696878433227539062e+00,-8.219574928283691406e+00,-8.632633209228515625e+00,-6.408052444458007812e+00,-1.869174718856811523e+00,4.885941743850708008e-01,-2.292141199111938477e+00,-5.092285156250000000e+00,-5.445581912994384766e+00,-8.455076217651367188e+00,-1.404037189483642578e+01,-1.018390083312988281e+01,-6.560696601867675781e+00,-3.516761779785156250e+00,-8.875611305236816406e+00,-1.023476219177246094e+01,-1.066116428375244141e+01,-1.224625968933105469e+01,-8.935948371887207031e+00,-8.417896270751953125e+00,-7.418559074401855469e+00,-9.091913223266601562e+00,-6.880959987640380859e+00,-5.415475845336914062e+00,-7.021395206451416016e+00,-7.920059204101562500e+00,-1.023168659210205078e+01,-1.157097434997558594e+01,-1.181808280944824219e+01,-1.200623321533203125e+01,-1.392100620269775391e+01,-1.239509201049804688e+01,-9.466886520385742188e+00,-8.097658157348632812e+00,-1.116554641723632812e+01,-1.223838615417480469e+01,-1.425952243804931641e+01,-1.021292686462402344e+01,-1.237084960937500000e+01,-1.051301765441894531e+01,-1.018069839477539062e+01,-1.129562568664550781e+01,-1.177317810058593750e+01,-1.157188796997070312e+01,-1.681317138671875000e+01,-1.545044612884521484e+01,-1.253763961791992188e+01,-1.157567405700683594e+01,-1.156502342224121094e+01,-1.071575164794921875e+01,-8.138122558593750000e+00,-3.280650138854980469e+00,-7.934803962707519531e+00,-7.766618728637695312e+00,-6.298662662506103516e+00,-6.306455135345458984e+00,-7.604091644287109375e+00,-8.942116737365722656e+00,-2.963635921478271484e+00,-3.042038440704345703e+00,-6.741944313049316406e+00,-6.703447341918945312e+00,-7.451063156127929688e+00,-9.277126312255859375e+00,-8.113759994506835938e+00,-1.180997371673583984e+01,-8.765327453613281250e+00,-5.727516174316406250e+00,-1.643968582153320312e+00,-4.264811038970947266e+00,-1.067570590972900391e+01,-8.051731109619140625e+00,-7.833598136901855469e+00,-9.228259086608886719e+00,-6.310007095336914062e+00,-1.145954322814941406e+01,-1.656329727172851562e+01,-1.348718452453613281e+01,-1.132605361938476562e+01,-1.033869171142578125e+01,-8.704725265502929688e+00,-5.142536640167236328e+00,-3.968665599822998047e+00,-2.932910442352294922e+00,-5.420517921447753906e-02,-6.229591965675354004e-01,-4.452868938446044922e+00,-8.891143798828125000e+00,-8.032272338867187500e+00,-5.901598453521728516e+00,-3.909671068191528320e+00,-2.715515851974487305e+00,-3.922584533691406250e+00,-1.173835086822509766e+01,-6.987341403961181641e+00,-3.300450801849365234e+00,-4.791595458984375000e+00,-6.848361968994140625e+00,-6.934612274169921875e+00,-5.751276969909667969e+00,-4.027936458587646484e+00,-1.550708532333374023e+00,-1.268505191802978516e+01,-2.593197441101074219e+01,-3.038592338562011719e+01,-2.647872924804687500e+01,-1.954483413696289062e+01,-1.839463043212890625e+01,-2.349780273437500000e+01,-2.619081497192382812e+01,-2.456197166442871094e+01,-2.376056289672851562e+01,-2.408923721313476562e+01,-2.857680130004882812e+01,-3.006241607666015625e+01,-2.643694305419921875e+01,-2.012579727172851562e+01,-1.383993721008300781e+01,-3.925705671310424805e+00,-7.661871433258056641e+00,-9.535047531127929688e+00,-1.053984928131103516e+01,-8.704030990600585938e+00,-1.106715965270996094e+01,-1.218025779724121094e+01,-1.183603191375732422e+01,-8.606805801391601562e+00,-7.674956798553466797e+00,-3.716087341308593750e+00,-5.403439521789550781e+00,-1.059499740600585938e+01,-1.567689323425292969e+01,-1.506433677673339844e+01,-1.642429924011230469e+01,-1.576908493041992188e+01,-1.376699447631835938e+01,-1.065836048126220703e+01,-1.359944152832031250e+01,-1.174237442016601562e+01,-8.444185256958007812e+00,-4.494336128234863281e+00,-9.950876235961914062e+00,-9.083635330200195312e+00,-8.258939743041992188e+00,-1.385889434814453125e+01,-1.153251457214355469e+01,-1.755167007446289062e+01,-1.710400772094726562e+01,-1.602136039733886719e+01,-1.929954528808593750e+01,-2.228644752502441406e+01,-2.524116134643554688e+01,-2.412863922119140625e+01,-2.228093719482421875e+01,-1.917326736450195312e+01,-1.396101665496826172e+01,-9.191496849060058594e+00,-1.286783218383789062e+01,-1.181805801391601562e+01,-6.754628658294677734e+00,-1.235335731506347656e+01,-1.416353034973144531e+01,-1.817417144775390625e+01,-1.003548526763916016e+01,-9.650765419006347656e+00,-1.081151962280273438e+01,-1.447539329528808594e+01,-1.794940948486328125e+01,-1.322773265838623047e+01,-1.369372272491455078e+01,-1.571326351165771484e+01,-1.974040222167968750e+01,-2.217884826660156250e+01,-2.516597747802734375e+01,-2.927342224121093750e+01,-2.908595275878906250e+01,-2.475939559936523438e+01,-2.565238189697265625e+01,-2.630328750610351562e+01,-2.265744018554687500e+01,-1.402563571929931641e+01,-1.114209556579589844e+01,-1.228934478759765625e+01,-1.416650199890136719e+01,-1.602730369567871094e+01,-1.598648738861083984e+01,-1.652725791931152344e+01,-1.660833740234375000e+01,-1.205845832824707031e+01,-1.282793998718261719e+01,-1.247903060913085938e+01,-1.375705718994140625e+01,-1.116702270507812500e+01,-7.527785301208496094e+00,-9.316205978393554688e+00,-1.288930320739746094e+01,-9.816701889038085938e+00,-1.253131294250488281e+01,-9.759933471679687500e+00,-7.997946262359619141e+00,-8.906662940979003906e+00,-8.776188850402832031e+00,-1.103643226623535156e+01,-1.211894893646240234e+01,-6.712065696716308594e+00,-5.949762344360351562e+00,-3.467239618301391602e+00,3.748895406723022461e+00,5.119915962219238281e+00,7.118139743804931641e+00,6.130121946334838867e-01,-5.558849334716796875e+00,-9.195917129516601562e+00,-4.611045837402343750e+00,-3.522367477416992188e+00,-7.821386337280273438e+00,-9.326412200927734375e+00,-3.583681106567382812e+00,3.047485351562500000e-01,-2.145305275917053223e-03,-5.781500339508056641e+00,-7.818667411804199219e+00,-6.469599246978759766e+00,-6.390709400177001953e+00,-4.989322662353515625e+00,-3.359804451465606689e-01,-9.430087208747863770e-01,-6.424528121948242188e+00,-5.930648803710937500e+00,-2.924805879592895508e-01,4.683049678802490234e+00,1.116969943046569824e+00,-2.253065347671508789e+00,-9.923432350158691406e+00,-1.570934200286865234e+01,-1.269073104858398438e+01,-1.548607158660888672e+01,-1.227923965454101562e+01,-1.064539718627929688e+01,-1.532594680786132812e+01,-1.529180145263671875e+01,-1.867845344543457031e+01,-2.003549575805664062e+01,-1.768337440490722656e+01,-2.197800445556640625e+01,-1.987401580810546875e+01,-1.985254669189453125e+01,-1.653192520141601562e+01,-1.062459468841552734e+01,-1.004783248901367188e+01,-6.838901996612548828e+00,-1.472649192810058594e+01,-1.910799217224121094e+01,-1.669300270080566406e+01,-1.625648307800292969e+01,-9.521690368652343750e+00,-2.485614538192749023e+00,-5.666524887084960938e+00,-7.980408668518066406e+00,-1.468852329254150391e+01,-1.651091766357421875e+01,-1.389507293701171875e+01,-1.185725593566894531e+01,-8.466093063354492188e+00,-1.079385375976562500e+01,-1.114548492431640625e+01,-1.013581657409667969e+01,-9.004043579101562500e+00,-1.306230545043945312e+01,-1.690809059143066406e+01,-1.488322925567626953e+01,-8.102504730224609375e+00,-6.743973731994628906e+00,-7.591874599456787109e+00,-3.734717845916748047e+00,-3.235055446624755859e+00,-5.363228797912597656e+00,-1.881737709045410156e+01,-2.902176284790039062e+01,-2.805067062377929688e+01,-2.744336318969726562e+01,-2.179936408996582031e+01,-1.787895202636718750e+01,-1.137558364868164062e+01,-9.619775772094726562e+00,-1.016230583190917969e+01,-1.139209365844726562e+01,-8.138110160827636719e+00,-7.976355075836181641e+00,-4.217242240905761719e+00,-3.845491647720336914e+00,-1.170999813079833984e+01,-1.752161407470703125e+01,-1.622137451171875000e+01,-1.499082279205322266e+01,-1.546726799011230469e+01,-1.917518234252929688e+01,-2.110276031494140625e+01,-1.945882415771484375e+01,-2.488105964660644531e+01,-2.068870544433593750e+01,-1.781531524658203125e+01,-1.772713470458984375e+01,-1.137448501586914062e+01,-7.352253437042236328e+00,-1.016794109344482422e+01,-1.444202613830566406e+01,-9.863267898559570312e+00,-1.307216835021972656e+01,-1.765560531616210938e+01,-2.036354827880859375e+01,-1.626830673217773438e+01,-1.075377464294433594e+01,-7.702387809753417969e+00,-3.842289209365844727e+00,-4.968340396881103516e+00,-1.046711635589599609e+01,-1.241681480407714844e+01,-1.205879974365234375e+01,-1.104619979858398438e+01,-4.801847457885742188e+00,-3.918395280838012695e+00,-4.765668392181396484e+00,-1.755251407623291016e+00,-3.619361400604248047e+00,-3.599232673645019531e+00,-3.306155920028686523e+00,-7.926731586456298828e+00,-4.383611202239990234e+00,-1.701639175415039062e+00,-3.282112121582031250e+00,-9.828699111938476562e+00,-1.678040122985839844e+01,-1.375178527832031250e+01,-1.219910812377929688e+01,-1.530938053131103516e+01,-2.372156906127929688e+01,-2.533055114746093750e+01,-2.261156654357910156e+01,-2.191761779785156250e+01,-2.184388351440429688e+01,-2.496463012695312500e+01,-2.473724746704101562e+01,-2.264408493041992188e+01,-1.975662994384765625e+01,-1.441305732727050781e+01,-1.293455410003662109e+01,-1.475009536743164062e+01,-1.286724662780761719e+01,-1.417565631866455078e+01,-1.434526920318603516e+01,-8.825242996215820312e+00,-2.142358541488647461e+00,-6.300279617309570312e+00,-1.428229141235351562e+01,-1.767773818969726562e+01,-1.965668106079101562e+01,-1.747542190551757812e+01,-1.690028953552246094e+01,-1.872488403320312500e+01,-1.511418151855468750e+01,-1.312594985961914062e+01,-7.964182376861572266e+00,-1.126512527465820312e+01,-2.055639648437500000e+01,-1.710552978515625000e+01,-1.670574569702148438e+01,-1.730096054077148438e+01,-2.019885063171386719e+01,-1.993751907348632812e+01,-1.550597286224365234e+01,-1.505209350585937500e+01,-1.911336326599121094e+01,-1.864398002624511719e+01,-1.131401062011718750e+01,-1.103380775451660156e+01,-9.967872619628906250e+00,-7.668932914733886719e+00,-8.776566505432128906e+00,-7.068362236022949219e+00,-1.357736968994140625e+01,-1.833567810058593750e+01,-1.893170547485351562e+01,-1.436235237121582031e+01,-1.134469985961914062e+01,-8.252590179443359375e+00,-5.892202377319335938e+00,-3.005255222320556641e+00,-1.705299139022827148e+00,-2.805936336517333984e+00,-2.420386314392089844e+00,8.177652955055236816e-02,4.935236573219299316e-01,-4.354436874389648438e+00,-8.758071899414062500e+00,-5.748427391052246094e+00,-3.221066236495971680e+00,-1.406129837036132812e+01,-1.963227844238281250e+01,-2.609685516357421875e+01,-2.653041076660156250e+01,-2.312799263000488281e+01,-1.705891227722167969e+01,-1.445538139343261719e+01,-1.881783676147460938e+01,-1.637752723693847656e+01,-1.499214172363281250e+01,-1.451384639739990234e+01,-1.131837463378906250e+01,-8.825125694274902344e+00,-4.920607566833496094e+00,-5.860088348388671875e+00,-4.938405990600585938e+00,-5.873869895935058594e+00,-1.019126510620117188e+01,-1.014029884338378906e+01,-1.566473484039306641e+01,-1.983329010009765625e+01,-2.027493667602539062e+01,-1.518246459960937500e+01,-1.717747116088867188e+01,-1.434773635864257812e+01,-7.056659698486328125e+00,-7.642441749572753906e+00,-7.303266048431396484e+00,-3.861227750778198242e+00,-1.857570409774780273e+00,-1.963313102722167969e+00,-4.165094852447509766e+00,-7.071730613708496094e+00,-6.626053333282470703e+00,-2.479748964309692383e+00,-2.276395320892333984e+00,-4.471173286437988281e-01,4.518586158752441406e+00,4.396049499511718750e+00,1.037705540657043457e+00,-8.482484817504882812e+00,-4.701520919799804688e+00,-9.934197068214416504e-01,-3.344296455383300781e+00,-5.179556846618652344e+00,-2.101044178009033203e+00,-6.069566726684570312e+00,1.400964379310607910e+00,2.032065391540527344e-02,-8.265493392944335938e+00,-1.099325180053710938e+01,-1.004060649871826172e+01,-7.132933616638183594e+00,-1.022079277038574219e+01,-7.466261863708496094e+00,-1.359918880462646484e+01,-2.246592330932617188e+01,-2.082420349121093750e+01,-1.976435470581054688e+01,-1.752806091308593750e+01,-1.632738304138183594e+01,-1.145933246612548828e+01,-1.341477966308593750e+01,-1.740336608886718750e+01,-1.170021629333496094e+01,-1.188915443420410156e+01,-1.411606311798095703e+01,-1.153387451171875000e+01,-1.043080902099609375e+01,-8.522668838500976562e+00,-4.839299678802490234e+00,-9.893123626708984375e+00,-1.366101646423339844e+01,-9.634115219116210938e+00,-1.121970176696777344e+01,-9.906986236572265625e+00,-5.788578033447265625e+00,-6.301448822021484375e+00,-4.584077835083007812e+00,-3.483673572540283203e+00,-5.118316650390625000e+00,-8.725645065307617188e+00,-6.293551445007324219e+00,-7.414344787597656250e+00,-6.077308654785156250e+00,-7.470257282257080078e+00,-1.103130531311035156e+01,-4.670721530914306641e+00,-1.346206092834472656e+01,-1.880305480957031250e+01,-1.604930496215820312e+01,-1.240899753570556641e+01,-1.511100578308105469e+01,-1.947970199584960938e+01,-2.090461349487304688e+01,-2.252350807189941406e+01,-2.077670860290527344e+01,-1.568253517150878906e+01,-1.637995338439941406e+01,-2.578472137451171875e+01,-2.244557571411132812e+01,-2.351947975158691406e+01,-2.617995834350585938e+01,-3.038871765136718750e+01,-2.944627952575683594e+01,-1.766006660461425781e+01,-9.185744285583496094e+00,4.044343829154968262e-01,-2.497407436370849609e+00,-7.683617591857910156e+00,-1.022297286987304688e+01,-8.977684020996093750e+00,-9.148199081420898438e+00,-8.684719085693359375e+00,-1.196775054931640625e+01,-1.422365379333496094e+01,-1.694357681274414062e+01,-1.920195770263671875e+01,-1.464107513427734375e+01,-1.394954204559326172e+01,-1.233550643920898438e+01,-1.194308948516845703e+01,-8.541450500488281250e+00,-1.052652072906494141e+01,-8.462305068969726562e+00,-7.027091503143310547e+00,-4.922488212585449219e+00,-6.330110549926757812e+00,-1.983136296272277832e+00,-2.190133571624755859e+00,-5.079099178314208984e+00,-3.921687841415405273e+00,-2.859266281127929688e+00,-3.940333366394042969e+00,-6.529285311698913574e-01,7.444136738777160645e-01,-5.257079124450683594e+00,-4.885883331298828125e+00,-2.158751726150512695e+00,-1.832716226577758789e+00,-4.954552650451660156e+00,-8.898748397827148438e+00,-4.982067584991455078e+00,-2.956012725830078125e+00,-8.207897186279296875e+00,-1.545157718658447266e+01,-2.235262489318847656e+01,-2.187624740600585938e+01,-1.982657814025878906e+01,-2.321095275878906250e+01,-2.632375717163085938e+01,-2.027991867065429688e+01,-1.942561912536621094e+01,-1.861894607543945312e+01,-1.794345283508300781e+01,-1.375526905059814453e+01,-1.267682456970214844e+01,-1.298343753814697266e+01,-1.728595352172851562e+01,-1.988416671752929688e+01,-1.776108551025390625e+01,-1.360154342651367188e+01,-2.346834945678710938e+01,-3.442543792724609375e+01,-3.560121154785156250e+01,-2.722340011596679688e+01,-1.815368461608886719e+01,-1.652566337585449219e+01,-1.556997299194335938e+01,-1.939928436279296875e+01,-1.841476058959960938e+01,-1.881998062133789062e+01,-1.572827148437500000e+01,-1.300493240356445312e+01,-1.550333213806152344e+01,-1.968473434448242188e+01,-1.910190963745117188e+01,-1.561137866973876953e+01,-1.321646881103515625e+01,-9.634428977966308594e+00,-1.003468990325927734e+01,-1.497713851928710938e+01,-1.294120597839355469e+01,-1.300994968414306641e+01,-1.218703842163085938e+01,-1.269717502593994141e+01,-8.415323257446289062e+00,-4.753424644470214844e+00,-8.501435279846191406e+00,-1.314741897583007812e+01,-1.584913063049316406e+01,-1.168746185302734375e+01,-1.216647243499755859e+01,-1.988664817810058594e+01,-1.620019149780273438e+01,-1.278257846832275391e+01,-1.126719188690185547e+01,-6.206494331359863281e+00,-3.538794517517089844e+00,-2.810781002044677734e+00,-7.170072078704833984e+00,-1.944128990173339844e+01,-1.551685333251953125e+01,-1.387595939636230469e+01,-1.531372261047363281e+01,-1.658737182617187500e+01,-2.100096511840820312e+01,-2.615575218200683594e+01,-2.562573623657226562e+01,-2.559807395935058594e+01,-2.225117492675781250e+01,-1.807588577270507812e+01,-1.293478107452392578e+01,-1.212190437316894531e+01,-1.177212715148925781e+01,-1.217743396759033203e+01,-1.328610420227050781e+01,-1.167572402954101562e+01,-1.248236179351806641e+01,-1.228181648254394531e+01,-6.530492305755615234e+00,-5.480124473571777344e+00,-9.225271224975585938e+00,-9.178991317749023438e+00,-1.264397048950195312e+01,-1.372185134887695312e+01,-1.832749557495117188e+01,-1.900099182128906250e+01,-1.474251747131347656e+01,-1.217235755920410156e+01,-1.322598266601562500e+01,-1.740262222290039062e+01,-1.290350151062011719e+01,-7.085573673248291016e+00,-5.416747570037841797e+00,-4.467315673828125000e+00,-7.064979553222656250e+00,-6.921284675598144531e+00,-9.558964729309082031e+00,-1.232562446594238281e+01,-7.792268753051757812e+00,-5.713648796081542969e+00,-4.948772430419921875e+00,-8.240377426147460938e+00,-2.356645345687866211e+00,3.068953752517700195e-01,-3.393652439117431641e-01,-2.209923028945922852e+00,-3.129626750946044922e+00,-7.933447837829589844e+00,-3.670727252960205078e+00,-5.144935607910156250e+00,-1.144415950775146484e+01,-9.895245552062988281e+00,-6.268644809722900391e+00,-7.126133918762207031e+00,-1.096416473388671875e+01,-8.189207077026367188e+00,-5.598654747009277344e+00,-8.417008399963378906e+00,-7.560544967651367188e+00,-3.228011131286621094e+00,-4.510698795318603516e+00,-6.701984882354736328e+00,-9.103879928588867188e+00,-1.459200763702392578e+01,-1.084405231475830078e+01,-7.489174842834472656e+00,-4.630726814270019531e+00,-8.299695968627929688e+00,-4.861958026885986328e+00,-4.439887404441833496e-02,-4.801551342010498047e+00,-4.321640968322753906e+00,-5.070359230041503906e+00,-4.409178733825683594e+00,-3.553953170776367188e+00,-9.415119171142578125e+00,-1.106387519836425781e+01,-6.697955131530761719e+00,-5.842061996459960938e+00,-4.753207206726074219e+00,-6.226574897766113281e+00,-9.341591835021972656e+00,-8.238207817077636719e+00,-6.954700469970703125e+00,-2.693231582641601562e+00,-7.860216140747070312e+00,-1.456282234191894531e+01,-8.585111618041992188e+00,-1.137486743927001953e+01,-1.717348098754882812e+01,-1.235710906982421875e+01,-1.576376342773437500e+01,-2.467829895019531250e+01,-2.873587036132812500e+01,-2.391340255737304688e+01,-2.278583526611328125e+01,-2.360575103759765625e+01,-2.342021942138671875e+01,-2.808600234985351562e+01,-3.214405059814453125e+01,-2.976156616210937500e+01,-2.483838272094726562e+01,-2.638496398925781250e+01,-2.818574523925781250e+01,-2.796961212158203125e+01,-2.032520103454589844e+01,-1.315501880645751953e+01,-1.032733154296875000e+01,-1.369663047790527344e+01,-2.123901748657226562e+01,-1.795430564880371094e+01,-1.218851947784423828e+01,-1.350602626800537109e+01,-1.228130722045898438e+01,-1.313387680053710938e+01,-1.201808738708496094e+01,-1.454366016387939453e+01,-1.386000823974609375e+01,-1.936461257934570312e+01,-2.294411277770996094e+01,-1.674427795410156250e+01,-1.094514083862304688e+01,-1.237328147888183594e+01,-1.608056259155273438e+01,-1.873300552368164062e+01,-1.863144683837890625e+01,-1.892525482177734375e+01,-1.538082504272460938e+01,-9.879577636718750000e+00,-1.060181427001953125e+01,-1.398941040039062500e+01,-1.061969757080078125e+01,-1.285634803771972656e+01,-8.590513229370117188e+00,-8.567863464355468750e+00,-1.153528690338134766e+01,-1.039321327209472656e+01,-8.203920364379882812e+00,-1.307747268676757812e+01,-1.410368919372558594e+01,-9.854532241821289062e+00,-7.334949493408203125e+00,-1.121324920654296875e+01,-1.591389274597167969e+01,-1.611540794372558594e+01,-1.307174015045166016e+01,-1.182041549682617188e+01,-1.285913658142089844e+01,-1.739072418212890625e+01,-2.082835769653320312e+01,-1.939741134643554688e+01,-1.804680442810058594e+01,-1.942439270019531250e+01,-1.960650634765625000e+01,-1.472200584411621094e+01,-9.615457534790039062e+00,-2.707379579544067383e+00,-7.334666252136230469e+00,-8.604832649230957031e+00,-9.713186264038085938e+00,-1.538704872131347656e+01,-1.877224159240722656e+01,-1.534909057617187500e+01,-1.516591453552246094e+01,-1.809687042236328125e+01,-1.996041107177734375e+01,-1.625597000122070312e+01,-1.115119361877441406e+01,-1.178076267242431641e+01,-1.295352268218994141e+01,-1.413354873657226562e+01,-3.651011228561401367e+00,-2.304186820983886719e+00,-1.077183723449707031e+00,3.075553894042968750e+00,4.136550903320312500e+00,-1.561135798692703247e-01,4.568884968757629395e-01,-1.087389349937438965e+00,-4.520073890686035156e+00,-5.564967989921569824e-01,-2.730343103408813477e+00,-7.589938640594482422e+00,-7.967782974243164062e+00,-5.911171913146972656e+00,-6.992925643920898438e+00,-9.508749008178710938e+00,-9.355546951293945312e+00,-1.509128379821777344e+01,-2.147049140930175781e+01,-1.747778701782226562e+01,-1.524209499359130859e+01,-1.863272476196289062e+01,-2.499565124511718750e+01,-2.197506332397460938e+01,-1.603682708740234375e+01,-1.382628059387207031e+01,-2.040037727355957031e+01,-2.567068290710449219e+01,-2.220180130004882812e+01,-2.108816528320312500e+01,-2.469379806518554688e+01,-2.415537071228027344e+01,-2.201210021972656250e+01,-1.989255523681640625e+01,-2.126468467712402344e+01,-1.931832313537597656e+01,-1.600454521179199219e+01,-1.225157451629638672e+01,-1.362524509429931641e+01,-1.489792156219482422e+01,-1.085311889648437500e+01,-1.079447174072265625e+01,-1.346631813049316406e+01,-1.077672004699707031e+01,-8.010134696960449219e+00,-8.125298500061035156e+00,-9.413941383361816406e+00,-1.079120159149169922e+01,-1.316139411926269531e+01,-2.189868736267089844e+01,-1.753740692138671875e+01,-1.792459297180175781e+01,-1.749542427062988281e+01,-2.674275779724121094e+01,-2.976346206665039062e+01,-2.712545776367187500e+01,-2.298096466064453125e+01,-2.547995758056640625e+01,-2.844202041625976562e+01,-2.650132751464843750e+01,-2.194252777099609375e+01,-1.696651840209960938e+01,-2.060763168334960938e+01,-2.093264770507812500e+01,-1.239758396148681641e+01,-1.004172515869140625e+01,-1.136404705047607422e+01,-1.108745002746582031e+01,-7.750949382781982422e+00,-1.041987419128417969e+01,-1.179377555847167969e+01,-1.236295127868652344e+01,-7.397536754608154297e+00,-9.212621688842773438e+00,-1.295058822631835938e+01,-9.487765312194824219e+00,-7.303442955017089844e+00,-8.627470016479492188e+00,-1.203429222106933594e+01,-1.611257553100585938e+01,-1.534792137145996094e+01,-1.531517791748046875e+01,-1.608105087280273438e+01,-2.073448944091796875e+01,-2.768079376220703125e+01,-2.821671676635742188e+01,-2.310028076171875000e+01,-2.106296539306640625e+01,-2.000717163085937500e+01,-1.645977401733398438e+01,-1.320864486694335938e+01,-1.617704010009765625e+01,-8.264311790466308594e+00,-1.247379016876220703e+01,-1.827537345886230469e+01,-1.269228839874267578e+01,-1.234853553771972656e+01,-1.697201728820800781e+01,-1.975229454040527344e+01,-2.254185295104980469e+01,-2.337294387817382812e+01,-1.848474121093750000e+01,-1.484248542785644531e+01,-1.768638038635253906e+01,-1.348887634277343750e+01,-1.532748603820800781e+01,-1.628864669799804688e+01,-9.646458625793457031e+00,-4.856693267822265625e+00,-5.222728729248046875e+00,-7.403728485107421875e+00,-1.511009407043457031e+01,-1.715043449401855469e+01,-1.549087333679199219e+01,-1.315904426574707031e+01,-1.650620269775390625e+01,-2.136246871948242188e+01,-2.416464614868164062e+01,-1.932706260681152344e+01,-1.596644783020019531e+01,-1.049276447296142578e+01,-9.157616615295410156e+00,-1.492683029174804688e+01,-1.512025642395019531e+01,-1.343875503540039062e+01,-1.416794967651367188e+01,-1.686416244506835938e+01,-2.141500854492187500e+01,-2.058972549438476562e+01,-1.491077995300292969e+01,-1.545132827758789062e+01,-1.440894985198974609e+01,-1.595865249633789062e+01,-1.412039566040039062e+01,-1.155710411071777344e+01,-9.510986328125000000e+00,-6.745622634887695312e+00,-1.505565261840820312e+01,-1.739174461364746094e+01,-1.603319931030273438e+01,-1.353643703460693359e+01,-1.648444366455078125e+01,-1.746394920349121094e+01,-2.108124542236328125e+01,-1.919559860229492188e+01,-8.613986015319824219e+00,-7.477240562438964844e+00,-1.088850975036621094e+01,-9.003272056579589844e+00,-6.264342784881591797e+00,-7.574940204620361328e+00,-8.692716598510742188e+00,-7.309535980224609375e+00,-1.212191700935363770e+00,-4.685816287994384766e+00,-1.119882011413574219e+01,-9.750398635864257812e+00,-4.381169319152832031e+00,-3.719905853271484375e+00,-9.978438377380371094e+00,-1.108695602416992188e+01,-1.426544570922851562e+01,-2.507081985473632812e+01,-2.720294952392578125e+01,-2.493499374389648438e+01,-1.722948455810546875e+01,-1.543290901184082031e+01,-1.209589099884033203e+01,-7.334811687469482422e+00,-1.054049491882324219e+01,-6.857182502746582031e+00,-5.980225563049316406e+00,-9.833868026733398438e+00,-1.202109718322753906e+01,-9.153048515319824219e+00,-2.015762329101562500e+01,-2.029891204833984375e+01,-1.898265457153320312e+01,-2.010932922363281250e+01,-2.225000762939453125e+01,-2.075099372863769531e+01,-1.727525711059570312e+01,-1.199294471740722656e+01,-1.490788459777832031e+01,-2.124852371215820312e+01,-2.214111709594726562e+01,-1.530388641357421875e+01,-1.358879089355468750e+01,-1.241556739807128906e+01,-9.290449142456054688e+00,-9.265302658081054688e+00,-8.500495910644531250e+00,-9.975030899047851562e+00,-8.180410385131835938e+00,-2.389024734497070312e+01,-3.174990463256835938e+01,-2.719614601135253906e+01,-2.197369766235351562e+01,-2.245286941528320312e+01,-2.885824584960937500e+01,-2.944989776611328125e+01,-2.574764633178710938e+01,-2.356921195983886719e+01,-2.359497451782226562e+01,-1.675922584533691406e+01,-1.638523674011230469e+01,-1.581605339050292969e+01,-2.416207122802734375e+01,-2.602410125732421875e+01,-2.069454956054687500e+01,-2.160325431823730469e+01,-2.273672676086425781e+01,-1.869099426269531250e+01,-1.783040618896484375e+01,-2.155703353881835938e+01,-2.303927803039550781e+01,-2.429730606079101562e+01,-2.444495391845703125e+01,-1.667924308776855469e+01,-1.471833896636962891e+01,-2.314820671081542969e+01,-2.735613059997558594e+01,-2.744541168212890625e+01,-2.349753952026367188e+01,-1.392972564697265625e+01,-1.533536529541015625e+01,-1.544159126281738281e+01,-1.625429534912109375e+01,-1.801329040527343750e+01,-1.404903221130371094e+01,-8.403491020202636719e+00,-3.403033733367919922e+00,-3.807162046432495117e-01,-5.115537643432617188e+00,-1.123367691040039062e+01,-1.188468933105468750e+01,-1.028119087219238281e+01,-1.362803363800048828e+01,-1.967656326293945312e+01,-2.416536712646484375e+01,-2.329144287109375000e+01,-2.409147644042968750e+01,-2.486267471313476562e+01,-2.589282608032226562e+01,-2.411176872253417969e+01,-2.146129798889160156e+01,-1.654461860656738281e+01,-1.333250236511230469e+01,-1.881646347045898438e+01,-1.458396911621093750e+01,-7.284024715423583984e+00,-1.295031356811523438e+01,-1.598613166809082031e+01,-1.852559280395507812e+01,-1.599621295928955078e+01,-2.407634353637695312e+01,-2.527029037475585938e+01,-2.254033660888671875e+01,-2.580062484741210938e+01,-2.991283416748046875e+01,-3.523226547241210938e+01,-3.497746276855468750e+01,-3.474055099487304688e+01,-2.667550277709960938e+01,-1.949353408813476562e+01,-2.074627685546875000e+01,-2.068192672729492188e+01,-1.726842689514160156e+01,-9.941211700439453125e+00,-6.595971107482910156e+00,-1.971075415611267090e+00,-2.012098789215087891e+00,-4.513808250427246094e+00,-6.064743041992187500e+00,-6.343453407287597656e+00,-5.708354473114013672e+00,-5.537489414215087891e+00,-3.635886192321777344e+00,-4.087936878204345703e+00,5.873984098434448242e-01,7.706855535507202148e-01,-1.129904508590698242e+00,-5.622514724731445312e+00,-6.592585563659667969e+00,-3.666272640228271484e+00,-6.992870807647705078e+00,-1.138309669494628906e+01,-8.707689285278320312e+00,-5.388063430786132812e+00,-1.580122184753417969e+01,-2.015576553344726562e+01,-1.683170509338378906e+01,-2.004660797119140625e+01,-2.165457534790039062e+01,-1.944873428344726562e+01,-1.751031684875488281e+01,-1.904227447509765625e+01,-2.040163803100585938e+01,-2.027859497070312500e+01,-1.960636711120605469e+01,-1.898521041870117188e+01,-1.891500473022460938e+01,-1.267702579498291016e+01,-3.404441356658935547e+00,-7.397413253784179688e+00,-1.791799926757812500e+01,-1.697785377502441406e+01,-1.589786052703857422e+01,-2.028910446166992188e+01,-2.167673110961914062e+01,-2.033688354492187500e+01,-1.428375720977783203e+01,-1.057169532775878906e+01,-1.328538227081298828e+01,-1.826379394531250000e+01,-1.092100429534912109e+01,-1.494136238098144531e+01,-1.784945297241210938e+01,-1.868935012817382812e+01,-2.237095642089843750e+01,-2.316251945495605469e+01,-2.424903869628906250e+01,-1.871912002563476562e+01,-1.133995437622070312e+01,-1.041562461853027344e+01,-1.363337898254394531e+01,-1.353478908538818359e+01,-1.244679260253906250e+01,-1.553079128265380859e+01,-1.718020629882812500e+01,-1.776486206054687500e+01,-1.635714340209960938e+01,-1.344121837615966797e+01,-1.695898056030273438e+01,-2.829727172851562500e+01,-2.467744064331054688e+01,-1.975466918945312500e+01,-2.239019012451171875e+01,-2.407494354248046875e+01,-2.260756111145019531e+01,-2.141736984252929688e+01,-1.603530883789062500e+01,-1.028535175323486328e+01,-1.166120529174804688e+01,-1.113486480712890625e+01,-1.578396701812744141e+01,-2.178218650817871094e+01,-1.913446044921875000e+01,-1.535461997985839844e+01,-1.491205883026123047e+01,-1.813703536987304688e+01,-2.184398269653320312e+01,-2.184705924987792969e+01,-1.955648803710937500e+01,-2.043043518066406250e+01,-2.100540351867675781e+01,-1.611777114868164062e+01,-1.693898391723632812e+01,-2.235840797424316406e+01,-2.356526184082031250e+01,-1.757428359985351562e+01,-1.420214653015136719e+01,-1.251732826232910156e+01,-1.279922676086425781e+01,-1.226414871215820312e+01,-1.320780944824218750e+01,-1.860280799865722656e+01,-2.314281082153320312e+01,-2.325707626342773438e+01,-2.274605178833007812e+01,-2.163235664367675781e+01,-1.726808738708496094e+01,-1.484549331665039062e+01,-1.639625740051269531e+01,-1.536754798889160156e+01,-1.252645874023437500e+01,-8.552683830261230469e+00,-5.552694320678710938e+00,-9.497615814208984375e+00,-4.111695289611816406e+00,-4.569899559020996094e+00,-3.324559211730957031e+00,-1.266554594039916992e+00,-5.418248653411865234e+00,-1.298163986206054688e+01,-2.279009246826171875e+01,-2.510119438171386719e+01,-1.967017173767089844e+01,-1.802192687988281250e+01,-2.331601524353027344e+01,-1.862630462646484375e+01,-9.408845901489257812e+00,-9.620620727539062500e+00,-9.254419326782226562e+00,-1.206338882446289062e+01,-9.361284255981445312e+00,-1.069565200805664062e+01,-1.630197143554687500e+01,-1.987998771667480469e+01,-1.964622879028320312e+01,-1.524827575683593750e+01,-1.946924972534179688e+01,-1.504836273193359375e+01,-1.101083469390869141e+01,-1.255787849426269531e+01,-8.231805801391601562e+00,-6.459063529968261719e+00,-9.687421798706054688e+00,-9.934266805648803711e-01,-2.192966699600219727e+00,-5.439410209655761719e+00,-2.434951782226562500e+00,-4.709371566772460938e+00,-3.616817951202392578e+00,-4.202030658721923828e+00,-6.875968933105468750e+00,-9.581844329833984375e+00,-6.398179054260253906e+00,-6.304219245910644531e+00,-4.520110130310058594e+00,-6.789536476135253906e+00,-7.541225433349609375e+00,-4.904180526733398438e+00,-5.039202690124511719e+00,-4.080893516540527344e+00,-1.880104064941406250e+00,-7.946413040161132812e+00,-6.643921375274658203e+00,-4.557691097259521484e+00,-8.451556205749511719e+00,-1.324618530273437500e+01,-1.185409545898437500e+01,-1.143537902832031250e+01,-1.169419860839843750e+01,-4.735658168792724609e+00,-4.033909797668457031e+00,-5.860859394073486328e+00,-8.176636695861816406e+00,-6.478897571563720703e+00,2.734338045120239258e+00,3.512209415435791016e+00,4.591516494750976562e+00,-1.053934764862060547e+01,-1.656847381591796875e+01,-1.677152824401855469e+01,-1.431342697143554688e+01,-1.100213527679443359e+01,-1.089770698547363281e+01,-1.486280441284179688e+01,-1.787387847900390625e+01,-1.370866394042968750e+01,-1.600354385375976562e+01,-1.820717620849609375e+01,-1.828667831420898438e+01,-1.882161140441894531e+01,-1.551085472106933594e+01,-1.696198272705078125e+01,-1.990616607666015625e+01,-1.982604980468750000e+01,-1.933849716186523438e+01,-1.571632957458496094e+01,-9.600954055786132812e+00,-1.131895542144775391e+00,-4.447926521301269531e+00,-1.034630107879638672e+01,-1.091311454772949219e+01,-1.376496315002441406e+01,-9.366201400756835938e+00,-9.309109687805175781e+00,-7.995968818664550781e+00,-2.245513677597045898e+00,-4.826017379760742188e+00,-1.247130107879638672e+01,-4.963798522949218750e+00,-1.391994476318359375e+00,-6.942783355712890625e+00,-6.339824676513671875e+00,-1.015252590179443359e+01,-8.743654251098632812e+00,-6.135777473449707031e+00,-9.734982490539550781e+00,-1.314564514160156250e+01,-1.872516632080078125e+01,-2.362739944458007812e+01,-2.259794998168945312e+01,-1.839865875244140625e+01,-1.847678756713867188e+01,-1.917856597900390625e+01,-2.613780975341796875e+01,-2.830359458923339844e+01,-1.948167037963867188e+01,-1.774831771850585938e+01,-2.003447341918945312e+01,-1.509918022155761719e+01,-1.256450462341308594e+01,-1.670936965942382812e+01,-2.320609283447265625e+01,-2.180298995971679688e+01,-1.681176185607910156e+01,-8.154270172119140625e+00,-4.543395996093750000e+00,-8.613993644714355469e+00,-1.146583557128906250e+01,-1.004618930816650391e+01,-1.418535709381103516e+01,-1.470291519165039062e+01,-1.726803779602050781e+01,-1.436314868927001953e+01,-9.712411880493164062e+00,-1.315595626831054688e+01,-1.634850311279296875e+01,-1.007625102996826172e+01,-8.719499588012695312e+00,-8.764011383056640625e+00,-7.500663757324218750e+00,-2.320205688476562500e+00,-5.799448013305664062e+00,-1.491948509216308594e+01,-1.557370376586914062e+01,-1.678457260131835938e+01,-1.436931800842285156e+01,-9.976678848266601562e+00,-9.019416809082031250e+00,-6.082399368286132812e+00,-4.517994880676269531e+00,-3.044986724853515625e+00,-1.375659823417663574e+00,-5.413271903991699219e+00,-8.000830650329589844e+00,-3.550919532775878906e+00,-5.180974960327148438e+00,-4.586095809936523438e+00,-5.390446662902832031e+00,-5.672095298767089844e+00,-8.426465988159179688e+00,-1.285112762451171875e+01,-7.246671199798583984e+00,-3.731034755706787109e+00,-9.741838574409484863e-01,-4.246279716491699219e+00,-4.066759109497070312e+00,-3.475306034088134766e+00,-5.463443756103515625e+00,-4.327659606933593750e+00,-1.383511543273925781e+00,4.997780621051788330e-01,-3.593182325363159180e+00,-6.912331104278564453e+00,-2.783082962036132812e+00,-6.282371997833251953e+00,-1.064500808715820312e+01,-8.883493423461914062e+00,-7.338073730468750000e+00,-7.985270023345947266e+00,-8.923668861389160156e+00,-9.821292877197265625e+00,-1.146854972839355469e+01,-7.500230789184570312e+00,-6.058393478393554688e+00,-3.512929916381835938e+00,-3.178574085235595703e+00,-5.139725685119628906e+00,-5.862572669982910156e+00,-8.577511787414550781e+00,-6.390991687774658203e+00,-5.609690666198730469e+00,-6.665291786193847656e+00,-5.488799095153808594e+00,-8.998571395874023438e+00,-6.602414131164550781e+00,-1.766881561279296875e+01,-2.743602943420410156e+01,-2.475473213195800781e+01,-2.338040351867675781e+01,-2.369797897338867188e+01,-2.542527008056640625e+01,-3.094526290893554688e+01,-3.148182487487792969e+01,-2.878526687622070312e+01,-2.907530212402343750e+01,-2.873703002929687500e+01,-2.567847251892089844e+01,-2.480185508728027344e+01,-2.134144973754882812e+01,-1.622799873352050781e+01,-9.163648605346679688e+00,-7.031523704528808594e+00,-9.536869049072265625e+00,-1.914090347290039062e+01,-1.474388313293457031e+01,-1.101702690124511719e+01,-1.069183540344238281e+01,-1.238853836059570312e+01,-1.522223663330078125e+01,-1.848704147338867188e+01,-1.493699836730957031e+01,-1.200350284576416016e+01,-1.390728759765625000e+01,-5.941180706024169922e+00,2.277608871459960938e+00,3.277582883834838867e+00,-2.535554647445678711e+00,-1.154871225357055664e+00,5.760594010353088379e-01,-3.421626091003417969e+00,-1.707548618316650391e+00,-4.964901924133300781e+00,-2.440705299377441406e+00,-5.909271240234375000e+00,-1.160751152038574219e+01,-1.089646530151367188e+01,-1.005357170104980469e+01,-1.089364433288574219e+01,-1.194643974304199219e+01,-1.327187728881835938e+01,-1.547649669647216797e+01,-1.531367683410644531e+01,-1.101769828796386719e+01,-1.230901622772216797e+01,-2.055786895751953125e+01,-2.140181541442871094e+01,-1.989871406555175781e+01,-1.978648757934570312e+01,-2.098484420776367188e+01,-2.092682647705078125e+01,-1.613807487487792969e+01,-1.455634403228759766e+01,-1.551294898986816406e+01,-1.256954193115234375e+01,-1.429429435729980469e+01,-1.745863723754882812e+01,-1.506955814361572266e+01,-1.357307243347167969e+01,-9.491064071655273438e+00,-1.377608680725097656e+01,-1.811206436157226562e+01,-1.059377479553222656e+01,-8.040534973144531250e+00,-8.606956481933593750e+00,-1.445974063873291016e+01,-1.556430816650390625e+01,-1.310475730895996094e+01,-1.457976055145263672e+01,-1.570508766174316406e+01,-1.350858211517333984e+01,-1.347375679016113281e+01,-1.073609924316406250e+01,-7.203689098358154297e+00,-1.412516593933105469e+01,-1.532988739013671875e+01,-1.344330120086669922e+01,-1.191742038726806641e+01,-9.651247978210449219e+00,-9.233242034912109375e+00,-1.332341003417968750e+01,-1.734601211547851562e+01,-1.483369922637939453e+01,-1.725659561157226562e+01,-1.088636207580566406e+01,-1.194934177398681641e+01,-1.184753513336181641e+01,-1.387770557403564453e+01,-9.295444488525390625e+00,-1.097806358337402344e+01,-9.021083831787109375e+00,-6.411883354187011719e+00,-4.541849136352539062e+00,-5.796092987060546875e+00,-9.528496742248535156e+00,-1.535625076293945312e+01,-1.577418899536132812e+01,-1.480763721466064453e+01,-1.345501422882080078e+01,-1.516896057128906250e+01,-1.350522041320800781e+01,-1.041143989562988281e+01,-7.506928443908691406e+00
